7.791356504680618e-06,3.866159038946520e-09
8.610780621332552e-06,3.815174080619587e-09
9.516384324626089e-06,3.764676356099386e-09
1.051723120080771e-05,3.714667445369024e-09
1.162333806181051e-05,3.665149009868407e-09
1.284577519687474e-05,3.616122434030166e-09
1.419677716772344e-05,3.567588654626875e-09
1.568986525616830e-05,3.519548027416961e-09
1.733998278964274e-05,3.472000221803103e-09
1.916364469904539e-05,3.424943838326302e-09
2.117910280571951e-05,3.378376660384600e-09
2.340652849181556e-05,3.332295503454448e-09
2.586821458226360e-05,3.286696300178362e-09
2.858879845885812e-05,3.241575702780036e-09
3.159550863945590e-05,3.196929814922883e-09
3.491843729013453e-05,3.152756276386744e-09
3.859084139770492e-05,3.109053995436021e-09
4.264947561681323e-05,3.065822838272956e-09
4.713496012287843e-05,3.023062332050546e-09
5.209218715246060e-05,2.980770543969465e-09
5.757077029985334e-05,2.938944003990032e-09
6.362554106661115e-05,2.897579073097577e-09
7.031709763364645e-05,2.856673787627013e-09
7.771241134819200e-05,2.816226920170916e-09
8.588549699555374e-05,2.776235252024924e-09
9.491815356395940e-05,2.736695721863871e-09
1.049007829163263e-04,2.697605942851177e-09
1.159332945624905e-04,2.658962952542215e-09
1.281261055871622e-04,2.620763850916682e-09
1.416012457412214e-04,2.583005937372506e-09
1.564935787564811e-04,2.545685825381918e-09
1.729521521072439e-04,2.508800983300788e-09
1.911416887275217e-04,2.472348102147295e-09
2.112442356135248e-04,2.436324077573393e-09
2.334609858111876e-04,2.400725976236026e-09
2.580142920237960e-04,2.365550657374195e-09
2.851498919925769e-04,2.330794851039476e-09
3.151393679226079e-04,2.296455578727122e-09
3.482828645688079e-04,2.262529643792732e-09
3.849120931855259e-04,2.229013835428350e-09
4.253936514042669e-04,2.195905010934395e-09
4.701326922660057e-04,2.163199826763721e-09
5.195769791289974e-04,2.130894024028317e-09
5.742213670349657e-04,2.098983487141867e-09
6.346127553846864e-04,2.067463961767707e-09
7.013555614910102e-04,2.036331296072589e-09
7.751177697904812e-04,2.005581349270458e-09
8.566376172560946e-04,1.975210070948268e-09
9.467309819210534e-04,1.945213425980432e-09
1.046299548460350e-03,1.915587357673484e-09
1.156339832554060e-03,1.886327984020320e-09
1.277953154351212e-03,1.857289944579054e-09
1.405748469786333e-03,1.829945694299564e-09
1.533543785221454e-03,1.805394016360604e-09
1.661339100656575e-03,1.783171555454692e-09
1.789134416091696e-03,1.762814956274347e-09
1.916929731526817e-03,1.743923779221989e-09
2.000000000000000e-03,1.732355485166248e-09
2.044725046961939e-03,1.726348869316437e-09
2.172520362397060e-03,1.709983922350644e-09
2.300315677832181e-03,1.694692884397121e-09
2.428110993267302e-03,1.680337293837097e-09
2.555906308702423e-03,1.666791581261100e-09
2.683701624137544e-03,1.653981746105006e-09
2.811496939572665e-03,1.641846680018067e-09
2.939292255007787e-03,1.630325274649533e-09
3.067087570442908e-03,1.619356421648656e-09
3.194882885878029e-03,1.608883855842782e-09
3.322678201313150e-03,1.598870684966981e-09
3.450473516748271e-03,1.589284860032099e-09
3.578268832183392e-03,1.580094332048978e-09
3.706064147618514e-03,1.571267052028460e-09
3.833859463053635e-03,1.562773179080707e-09
3.961654778488756e-03,1.554591704682529e-09
4.089450093923877e-03,1.546703828394752e-09
4.217245409358998e-03,1.539090749778201e-09
4.345040724794119e-03,1.531733668393700e-09
4.472836040229241e-03,1.524614934352039e-09
4.600631355664362e-03,1.517721499993592e-09
4.728426671099482e-03,1.511041468223569e-09
4.856221986534604e-03,1.504562941947176e-09
4.984017301969726e-03,1.498274024069619e-09
5.111812617404846e-03,1.492163468929174e-09
5.239607932839968e-03,1.486222636577924e-09
5.367403248275089e-03,1.480443538491784e-09
5.495198563710209e-03,1.474818186146669e-09
5.622993879145331e-03,1.469338591018493e-09
5.750789194580453e-03,1.463997161914293e-09
5.878584510015573e-03,1.458787896970097e-09
6.006379825450694e-03,1.453705191655307e-09
6.134175140885816e-03,1.448743441439325e-09
6.261970456320937e-03,1.443897041791556e-09
6.389765771756058e-03,1.439160642427585e-09
6.517561087191179e-03,1.434529910036843e-09
6.645356402626300e-03,1.430000765549496e-09
6.773151718061422e-03,1.425569129895713e-09
6.900947033496543e-03,1.421230924005659e-09
7.028742348931663e-03,1.416982239126196e-09
7.156537664366785e-03,1.412819847770422e-09
7.284332979801906e-03,1.408740692767861e-09
7.412128295237027e-03,1.404741716948039e-09
7.539923610672148e-03,1.400819863140479e-09
7.667718926107269e-03,1.396972193334286e-09
7.795514241542391e-03,1.393196246161241e-09
7.923309556977513e-03,1.389489679414883e-09
8.051104872412632e-03,1.385850150888751e-09
8.178900187847754e-03,1.382275318376384e-09
8.306695503282877e-03,1.378762922768163e-09
8.434490818717996e-03,1.375311037340366e-09
8.562286134153118e-03,1.371917818465382e-09
8.690081449588239e-03,1.368581422515597e-09
8.817876765023359e-03,1.365300005863398e-09
8.945672080458482e-03,1.362071789664604e-09
9.073467395893601e-03,1.358895254210179e-09
9.201262711328723e-03,1.355768944575230e-09
9.329058026763846e-03,1.352691405834869e-09
9.456853342198965e-03,1.349661183064203e-09
9.584648657634087e-03,1.346676859661563e-09
9.712443973069206e-03,1.343737172316937e-09
9.840239288504329e-03,1.340840896042916e-09
9.968034603939451e-03,1.337986805852092e-09
1.009582991937457e-02,1.335173676757059e-09
1.022362523480969e-02,1.332400338610582e-09
1.035142055024482e-02,1.329665840626531e-09
1.047921586567993e-02,1.326969286859156e-09
1.060701118111506e-02,1.324309781362708e-09
1.073480649655018e-02,1.321686428191437e-09
1.086260181198530e-02,1.319098331399595e-09
1.099039712742042e-02,1.316544595041431e-09
1.111819244285554e-02,1.314024323171196e-09
1.124598775829066e-02,1.311536619843141e-09
1.137378307372578e-02,1.309080589111515e-09
1.150157838916090e-02,1.306655381496595e-09
1.162937370459603e-02,1.304260333369344e-09
1.175716902003114e-02,1.301894827560044e-09
1.188496433546627e-02,1.299558246898979e-09
1.201275965090139e-02,1.297249974216433e-09
1.214055496633651e-02,1.294969392342687e-09
1.226835028177163e-02,1.292715884108025e-09
1.239614559720675e-02,1.290488832342731e-09
1.252394091264187e-02,1.288287619877086e-09
1.265173622807700e-02,1.286111629541375e-09
1.277953154351211e-02,1.283960271294495e-09
1.290732685894724e-02,1.281833063619407e-09
1.303512217438236e-02,1.279729552132492e-09
1.316291748981748e-02,1.277649282450131e-09
1.329071280525260e-02,1.275591800188705e-09
1.341850812068772e-02,1.273556650964595e-09
1.354630343612284e-02,1.271543380394181e-09
1.367409875155796e-02,1.269551534093844e-09
1.380189406699308e-02,1.267580657679966e-09
1.392968938242821e-02,1.265630296768926e-09
1.405748469786333e-02,1.263700016017133e-09
1.418528001329845e-02,1.261789456242210e-09
1.431307532873357e-02,1.259898277302360e-09
1.444087064416869e-02,1.258026139055784e-09
1.456866595960381e-02,1.256172701360686e-09
1.469646127503893e-02,1.254337624075267e-09
1.482425659047405e-02,1.252520567057730e-09
1.495205190590917e-02,1.250721190166278e-09
1.507984722134430e-02,1.248939153259112e-09
1.520764253677942e-02,1.247174116194436e-09
1.533543785221454e-02,1.245425751829194e-09
1.546323316764966e-02,1.243693785012205e-09
1.559102848308478e-02,1.241977953589482e-09
1.571882379851990e-02,1.240277995407037e-09
1.584661911395502e-02,1.238593648310884e-09
1.597441442939014e-02,1.236924650147036e-09
1.610220974482527e-02,1.235270738761505e-09
1.623000506026039e-02,1.233631652000306e-09
1.635780037569551e-02,1.232007127709450e-09
1.648559569113063e-02,1.230396903734950e-09
1.661339100656575e-02,1.228800727368358e-09
1.674118632200087e-02,1.227218383687199e-09
1.686898163743599e-02,1.225649667216448e-09
1.699677695287111e-02,1.224094372481079e-09
1.712457226830624e-02,1.222552294006066e-09
1.725236758374135e-02,1.221023226316385e-09
1.738016289917648e-02,1.219506963937008e-09
1.750795821461160e-02,1.218003301392912e-09
1.763575353004672e-02,1.216512033209071e-09
1.776354884548184e-02,1.215032953910459e-09
1.789134416091696e-02,1.213565864854342e-09
1.801913947635208e-02,1.212110594727898e-09
1.814693479178720e-02,1.210666979050966e-09
1.827473010722232e-02,1.209234853343385e-09
1.840252542265745e-02,1.207814053124994e-09
1.853032073809257e-02,1.206404413915633e-09
1.865811605352769e-02,1.205005771235142e-09
1.878591136896281e-02,1.203617960603359e-09
1.891370668439793e-02,1.202240817540124e-09
1.904150199983305e-02,1.200874177565276e-09
1.916929731526817e-02,1.199517881408204e-09
1.929709263070329e-02,1.198171790635515e-09
1.942488794613842e-02,1.196835772022878e-09
1.955268326157353e-02,1.195509692345962e-09
1.968047857700866e-02,1.194193418380433e-09
1.980827389244378e-02,1.192886816901961e-09
1.993606920787890e-02,1.191589754686213e-09
2.006386452331402e-02,1.190302098508857e-09
2.019165983874914e-02,1.189023715145563e-09
2.031945515418426e-02,1.187754471371997e-09
2.044725046961939e-02,1.186494237952980e-09
2.057504578505450e-02,1.185242901611763e-09
2.070284110048963e-02,1.184000353061652e-09
2.083063641592475e-02,1.182766483015959e-09
2.095843173135987e-02,1.181541182187992e-09
2.108622704679499e-02,1.180324341291060e-09
2.121402236223011e-02,1.179115851038473e-09
2.134181767766523e-02,1.177915602143540e-09
2.146961299310035e-02,1.176723485319569e-09
2.159740830853547e-02,1.175539391279871e-09
2.172520362397060e-02,1.174363213729501e-09
2.185299893940572e-02,1.173194858340978e-09
2.198079425484084e-02,1.172034233778804e-09
2.210858957027596e-02,1.170881248707483e-09
2.223638488571108e-02,1.169735811791516e-09
2.236418020114620e-02,1.168597831695408e-09
2.249197551658132e-02,1.167467217083660e-09
2.261977083201644e-02,1.166343876620775e-09
2.274756614745157e-02,1.165227718971256e-09
2.287536146288669e-02,1.164118652799606e-09
2.300315677832181e-02,1.163016589284655e-09
2.313095209375693e-02,1.161921449662193e-09
2.325874740919205e-02,1.160833157682166e-09
2.338654272462717e-02,1.159751637094518e-09
2.351433804006229e-02,1.158676811649194e-09
2.364213335549741e-02,1.157608605096140e-09
2.376992867093253e-02,1.156546941185300e-09
2.389772398636766e-02,1.155491743666620e-09
2.402551930180278e-02,1.154442936290044e-09
2.415331461723790e-02,1.153400442805517e-09
2.428110993267302e-02,1.152364188845040e-09
2.440890524810814e-02,1.151334107568010e-09
2.453670056354326e-02,1.150310134015476e-09
2.466449587897838e-02,1.149292203228481e-09
2.479229119441350e-02,1.148280250248074e-09
2.492008650984863e-02,1.147274210115299e-09
2.504788182528375e-02,1.146274017871202e-09
2.517567714071887e-02,1.145279608556831e-09
2.530347245615399e-02,1.144290917213230e-09
2.543126777158911e-02,1.143307878881446e-09
2.555906308702423e-02,1.142330430214691e-09
2.568685840245935e-02,1.141358514315181e-09
2.581465371789447e-02,1.140392075897467e-09
2.594244903332960e-02,1.139431059676098e-09
2.607024434876471e-02,1.138475410365627e-09
2.619803966419984e-02,1.137525072680602e-09
2.632583497963496e-02,1.136579991335576e-09
2.645363029507008e-02,1.135640111045098e-09
2.658142561050520e-02,1.134705376523720e-09
2.670922092594032e-02,1.133775732485991e-09
2.683701624137544e-02,1.132851124887469e-09
2.696481155681056e-02,1.131931504647626e-09
2.709260687224568e-02,1.131016823926889e-09
2.722040218768081e-02,1.130107034885682e-09
2.734819750311593e-02,1.129202089684431e-09
2.747599281855105e-02,1.128301940483562e-09
2.760378813398617e-02,1.127406539443499e-09
2.773158344942129e-02,1.126515838724668e-09
2.785937876485641e-02,1.125629790487495e-09
2.798717408029153e-02,1.124748346892404e-09
2.811496939572665e-02,1.123871461218584e-09
2.824276471116178e-02,1.122999091219842e-09
2.837056002659689e-02,1.122131195768533e-09
2.849835534203202e-02,1.121267733737014e-09
2.862615065746714e-02,1.120408663997641e-09
2.875394597290226e-02,1.119553945422768e-09
2.888174128833738e-02,1.118703536884751e-09
2.900953660377250e-02,1.117857397255947e-09
2.913733191920762e-02,1.117015485408710e-09
2.926512723464274e-02,1.116177760215397e-09
2.939292255007787e-02,1.115344181360166e-09
2.952071786551299e-02,1.114514711774605e-09
2.964851318094811e-02,1.113689315202207e-09
2.977630849638323e-02,1.112867955386467e-09
2.990410381181835e-02,1.112050596070880e-09
3.003189912725347e-02,1.111237200998941e-09
3.015969444268859e-02,1.110427733914145e-09
3.028748975812371e-02,1.109622158559986e-09
3.041528507355883e-02,1.108820438679960e-09
3.054308038899396e-02,1.108022538017562e-09
3.067087570442908e-02,1.107228421084477e-09
3.079867101986420e-02,1.106438055465128e-09
3.092646633529932e-02,1.105651409512116e-09
3.105426165073444e-02,1.104868451578041e-09
3.118205696616956e-02,1.104089150015502e-09
3.130985228160468e-02,1.103313473177100e-09
3.143764759703981e-02,1.102541389415436e-09
3.156544291247493e-02,1.101772867083108e-09
3.169323822791005e-02,1.101007874532718e-09
3.182103354334517e-02,1.100246380116865e-09
3.194882885878029e-02,1.099488352830937e-09
3.207662417421541e-02,1.098733764241253e-09
3.220441948965053e-02,1.097982586556813e-09
3.233221480508566e-02,1.097234791986617e-09
3.246001012052077e-02,1.096490352739665e-09
3.258780543595589e-02,1.095749241024957e-09
3.271560075139102e-02,1.095011429051492e-09
3.284339606682614e-02,1.094276889028271e-09
3.297119138226126e-02,1.093545593164293e-09
3.309898669769638e-02,1.092817513668558e-09
3.322678201313150e-02,1.092092623249672e-09
3.335457732856662e-02,1.091370896614817e-09
3.348237264400174e-02,1.090652308970858e-09
3.361016795943687e-02,1.089936835524662e-09
3.373796327487198e-02,1.089224451483093e-09
3.386575859030710e-02,1.088515132053017e-09
3.399355390574223e-02,1.087808852441300e-09
3.412134922117735e-02,1.087105587854806e-09
3.424914453661247e-02,1.086405313500403e-09
3.437693985204759e-02,1.085708004584954e-09
3.450473516748271e-02,1.085013636777658e-09
3.463253048291783e-02,1.084322187597049e-09
3.476032579835295e-02,1.083633635023994e-09
3.488812111378808e-02,1.082947957039363e-09
3.501591642922319e-02,1.082265131624024e-09
3.514371174465832e-02,1.081585136758845e-09
3.527150706009344e-02,1.080907950424697e-09
3.539930237552856e-02,1.080233550602447e-09
3.552709769096368e-02,1.079561915272963e-09
3.565489300639881e-02,1.078893022417116e-09
3.578268832183392e-02,1.078226850420775e-09
3.591048363726904e-02,1.077563379289701e-09
3.603827895270417e-02,1.076902589434602e-09
3.616607426813929e-02,1.076244461266185e-09
3.629386958357441e-02,1.075588975195154e-09
3.642166489900953e-02,1.074936111632217e-09
3.654946021444465e-02,1.074285850988081e-09
3.667725552987977e-02,1.073638173673451e-09
3.680505084531489e-02,1.072993060099034e-09
3.693284616075002e-02,1.072350490675537e-09
3.706064147618514e-02,1.071710446111150e-09
3.718843679162025e-02,1.071072908304103e-09
3.731623210705538e-02,1.070437859450165e-09
3.744402742249050e-02,1.069805281745106e-09
3.757182273792562e-02,1.069175157384693e-09
3.769961805336074e-02,1.068547468564695e-09
3.782741336879586e-02,1.067922197480881e-09
3.795520868423098e-02,1.067299326329018e-09
3.808300399966610e-02,1.066678837304876e-09
3.821079931510123e-02,1.066060712604224e-09
3.833859463053635e-02,1.065444934782040e-09
3.846638994597146e-02,1.064831487830173e-09
3.859418526140659e-02,1.064220356099691e-09
3.872198057684171e-02,1.063611523941666e-09
3.884977589227683e-02,1.063004975707168e-09
3.897757120771195e-02,1.062400695747266e-09
3.910536652314707e-02,1.061798668413030e-09
3.923316183858219e-02,1.061198878055532e-09
3.936095715401731e-02,1.060601309025840e-09
3.948875246945244e-02,1.060005945675025e-09
3.961654778488756e-02,1.059412772523329e-09
3.974434310032268e-02,1.058821774767649e-09
3.987213841575780e-02,1.058232937774034e-09
3.999993373119292e-02,1.057646246908533e-09
4.012772904662804e-02,1.057061687537194e-09
4.025552436206317e-02,1.056479245026066e-09
4.038331967749829e-02,1.055898904741200e-09
4.051111499293340e-02,1.055320652048643e-09
4.063891030836853e-02,1.054744472314445e-09
4.076670562380365e-02,1.054170350904655e-09
4.089450093923877e-02,1.053598273483788e-09
4.102229625467389e-02,1.053028226910344e-09
4.115009157010902e-02,1.052460198341351e-09
4.127788688554413e-02,1.051894174933837e-09
4.140568220097925e-02,1.051330143844831e-09
4.153347751641438e-02,1.050768092231359e-09
4.166127283184950e-02,1.050208007250450e-09
4.178906814728462e-02,1.049649876059132e-09
4.191686346271974e-02,1.049093685814433e-09
4.204465877815486e-02,1.048539423673380e-09
4.217245409358998e-02,1.047987076942247e-09
4.230024940902510e-02,1.047436633524314e-09
4.242804472446023e-02,1.046888081472114e-09
4.255584003989534e-02,1.046341408838181e-09
4.268363535533046e-02,1.045796603675047e-09
4.281143067076559e-02,1.045253654035246e-09
4.293922598620071e-02,1.044712547971313e-09
4.306702130163583e-02,1.044173273535781e-09
4.319481661707095e-02,1.043635818781183e-09
4.332261193250607e-02,1.043100171760053e-09
4.345040724794119e-02,1.042566320733483e-09
4.357820256337631e-02,1.042034254796768e-09
4.370599787881144e-02,1.041503963253739e-09
4.383379319424656e-02,1.040975435408231e-09
4.396158850968167e-02,1.040448660564077e-09
4.408938382511680e-02,1.039923628025110e-09
4.421717914055192e-02,1.039400327095164e-09
4.434497445598704e-02,1.038878747078073e-09
4.447276977142216e-02,1.038358877277669e-09
4.460056508685728e-02,1.037840706997787e-09
4.472836040229240e-02,1.037324225662099e-09
4.485615571772752e-02,1.036809423173699e-09
4.498395103316265e-02,1.036296289555546e-09
4.511174634859777e-02,1.035784814830599e-09
4.523954166403289e-02,1.035274989021820e-09
4.536733697946801e-02,1.034766802152168e-09
4.549513229490313e-02,1.034260244244604e-09
4.562292761033825e-02,1.033755305322087e-09
4.575072292577338e-02,1.033251975407576e-09
4.587851824120850e-02,1.032750244524034e-09
4.600631355664361e-02,1.032250102851850e-09
4.613410887207874e-02,1.031751541201165e-09
4.626190418751386e-02,1.031254550539563e-09
4.638969950294898e-02,1.030759121834628e-09
4.651749481838410e-02,1.030265246053946e-09
4.664529013381922e-02,1.029772914165099e-09
4.677308544925434e-02,1.029282117135674e-09
4.690088076468946e-02,1.028792845933253e-09
4.702867608012459e-02,1.028305091525421e-09
4.715647139555971e-02,1.027818844879764e-09
4.728426671099482e-02,1.027334097098295e-09
4.741206202642995e-02,1.026850839820738e-09
4.753985734186507e-02,1.026369064821236e-09
4.766765265730019e-02,1.025888763873935e-09
4.779544797273531e-02,1.025409928752979e-09
4.792324328817044e-02,1.024932551232513e-09
4.805103860360555e-02,1.024456623086680e-09
4.817883391904067e-02,1.023982136089626e-09
4.830662923447580e-02,1.023509082015496e-09
4.843442454991092e-02,1.023037452638433e-09
4.856221986534604e-02,1.022567239796278e-09
4.869001518078116e-02,1.022098435581633e-09
4.881781049621628e-02,1.021631032150781e-09
4.894560581165140e-02,1.021165021660004e-09
4.907340112708652e-02,1.020700396265586e-09
4.920119644252165e-02,1.020237148123811e-09
4.932899175795677e-02,1.019775269390961e-09
4.945678707339188e-02,1.019314752223320e-09
4.958458238882701e-02,1.018855588777172e-09
4.971237770426213e-02,1.018397771208799e-09
4.984017301969725e-02,1.017941291919406e-09
4.996796833513237e-02,1.017486144289929e-09
5.000000000000000e-02,1.017372270329137e-09
5.009576365056749e-02,1.017032321897883e-09
5.022355896600261e-02,1.016579817898874e-09
5.035135428143774e-02,1.016128625230881e-09
5.047914959687286e-02,1.015678736830074e-09
5.060694491230798e-02,1.015230145632624e-09
5.073474022774310e-02,1.014782844574701e-09
5.086253554317822e-02,1.014336826592474e-09
5.099033085861334e-02,1.013892084622114e-09
5.111812617404846e-02,1.013448611675000e-09
5.124592148948359e-02,1.013006401063339e-09
5.137371680491870e-02,1.012565446174544e-09
5.150151212035382e-02,1.012125740396030e-09
5.162930743578895e-02,1.011687277115210e-09
5.175710275122407e-02,1.011250049719496e-09
5.188489806665919e-02,1.010814051596303e-09
5.201269338209431e-02,1.010379276133044e-09
5.214048869752943e-02,1.009945716717133e-09
5.226828401296455e-02,1.009513366735982e-09
5.239607932839967e-02,1.009082219692039e-09
5.252387464383480e-02,1.008652269547838e-09
5.265166995926992e-02,1.008223510380926e-09
5.277946527470503e-02,1.007795936268850e-09
5.290726059014016e-02,1.007369541289156e-09
5.303505590557528e-02,1.006944319519391e-09
5.316285122101040e-02,1.006520265037102e-09
5.329064653644552e-02,1.006097371919834e-09
5.341844185188065e-02,1.005675634245135e-09
5.354623716731576e-02,1.005255046090551e-09
5.367403248275088e-02,1.004835601562633e-09
5.380182779818601e-02,1.004417294883954e-09
5.392962311362113e-02,1.004000120306096e-09
5.405741842905625e-02,1.003584072080640e-09
5.418521374449137e-02,1.003169144459168e-09
5.431300905992649e-02,1.002755331693260e-09
5.444080437536161e-02,1.002342628034499e-09
5.456859969079673e-02,1.001931027734467e-09
5.469639500623186e-02,1.001520525044743e-09
5.482419032166697e-02,1.001111114216910e-09
5.495198563710210e-02,1.000702789602234e-09
5.507978095253722e-02,1.000295545950717e-09
5.520757626797234e-02,9.998893781120459e-10
5.533537158340746e-02,9.994842809359056e-10
5.546316689884258e-02,9.990802492719817e-10
5.559096221427770e-02,9.986772779699600e-10
5.571875752971282e-02,9.982753618795262e-10
5.584655284514795e-02,9.978744958503661e-10
5.597434816058307e-02,9.974746747321656e-10
5.610214347601819e-02,9.970758933746102e-10
5.622993879145331e-02,9.966781466777345e-10
5.635773410688843e-02,9.962814297429528e-10
5.648552942232355e-02,9.958857377220197e-10
5.661332473775867e-02,9.954910657666899e-10
5.674112005319380e-02,9.950974090287182e-10
5.686891536862891e-02,9.947047626598594e-10
5.699671068406403e-02,9.943131218118685e-10
5.712450599949916e-02,9.939224816364998e-10
5.725230131493428e-02,9.935328372855086e-10
5.738009663036940e-02,9.931441839106491e-10
5.750789194580452e-02,9.927565167182804e-10
5.763568726123964e-02,9.923698311331947e-10
5.776348257667476e-02,9.919841226347959e-10
5.789127789210988e-02,9.915993867024895e-10
5.801907320754501e-02,9.912156188156796e-10
5.814686852298013e-02,9.908328144537709e-10
5.827466383841524e-02,9.904509690961683e-10
5.840245915385037e-02,9.900700782222762e-10
5.853025446928549e-02,9.896901373114989e-10
5.865804978472061e-02,9.893111418432418e-10
5.878584510015573e-02,9.889330873335307e-10
5.891364041559085e-02,9.885559694448799e-10
5.904143573102597e-02,9.881797838764252e-10
5.916923104646109e-02,9.878045263273031e-10
5.929702636189622e-02,9.874301924966499e-10
5.942482167733134e-02,9.870567780836010e-10
5.955261699276646e-02,9.866842787872930e-10
5.968041230820158e-02,9.863126903068624e-10
5.980820762363670e-02,9.859420083414444e-10
5.993600293907182e-02,9.855722285901758e-10
6.006379825450694e-02,9.852033468295384e-10
6.019159356994207e-02,9.848353591453767e-10
6.031938888537718e-02,9.844682617008696e-10
6.044718420081231e-02,9.841020506591967e-10
6.057497951624743e-02,9.837367221835374e-10
6.070277483168255e-02,9.833722724370712e-10
6.083057014711767e-02,9.830086975829771e-10
6.095836546255279e-02,9.826459937844349e-10
6.108616077798791e-02,9.822841572046235e-10
6.121395609342303e-02,9.819231840067228e-10
6.134175140885816e-02,9.815630703525836e-10
6.146954672429328e-02,9.812038123987445e-10
6.159734203972840e-02,9.808454063004149e-10
6.172513735516352e-02,9.804878482128051e-10
6.185293267059864e-02,9.801311342911242e-10
6.198072798603376e-02,9.797752606905830e-10
6.210852330146888e-02,9.794202235663903e-10
6.223631861690401e-02,9.790660190737565e-10
6.236411393233912e-02,9.787126433678913e-10
6.249190924777424e-02,9.783600926040046e-10
6.261970456320937e-02,9.780083630176868e-10
6.274749987864449e-02,9.776574511660566e-10
6.287529519407961e-02,9.773073536866164e-10
6.300309050951473e-02,9.769580672168685e-10
6.313088582494986e-02,9.766095883943153e-10
6.325868114038498e-02,9.762619138564590e-10
6.338647645582010e-02,9.759150402408021e-10
6.351427177125522e-02,9.755689641848468e-10
6.364206708669033e-02,9.752236823260953e-10
6.376986240212545e-02,9.748791913020501e-10
6.389765771756058e-02,9.745354877574044e-10
6.402545303299570e-02,9.741925683656119e-10
6.415324834843082e-02,9.738504298073173e-10
6.428104366386594e-02,9.735090687631647e-10
6.440883897930107e-02,9.731684819137981e-10
6.453663429473619e-02,9.728286659398620e-10
6.466442961017131e-02,9.724896175220001e-10
6.479222492560642e-02,9.721513333408573e-10
6.492002024104154e-02,9.718138100770771e-10
6.504781555647667e-02,9.714770444113040e-10
6.517561087191179e-02,9.711410330633075e-10
6.530340618734691e-02,9.708057729093744e-10
6.543120150278203e-02,9.704712608649247e-10
6.555899681821716e-02,9.701374938453791e-10
6.568679213365228e-02,9.698044687661577e-10
6.581458744908740e-02,9.694721825426806e-10
6.594238276452252e-02,9.691406320903685e-10
6.607017807995763e-02,9.688098143246411e-10
6.619797339539275e-02,9.684797261609191e-10
6.632576871082788e-02,9.681503645146225e-10
6.645356402626300e-02,9.678217263456785e-10
6.658135934169812e-02,9.674938087920470e-10
6.670915465713324e-02,9.671666090361967e-10
6.683694997256837e-02,9.668401242605977e-10
6.696474528800349e-02,9.665143516477185e-10
6.709254060343861e-02,9.661892883800289e-10
6.722033591887373e-02,9.658649316399979e-10
6.734813123430886e-02,9.655412786100947e-10
6.747592654974396e-02,9.652183264727889e-10
6.760372186517909e-02,9.648960724105490e-10
6.773151718061421e-02,9.645745135912587e-10
6.785931249604933e-02,9.642536471244577e-10
6.798710781148445e-02,9.639334701051005e-10
6.811490312691958e-02,9.636139796281421e-10
6.824269844235470e-02,9.632951727885373e-10
6.837049375778982e-02,9.629770466812408e-10
6.849828907322494e-02,9.626595984012075e-10
6.862608438866007e-02,9.623428250433919e-10
6.875387970409517e-02,9.620267237027492e-10
6.888167501953030e-02,9.617112914742339e-10
6.900947033496542e-02,9.613965255596325e-10
6.913726565040054e-02,9.610824235881083e-10
6.926506096583566e-02,9.607689832956807e-10
6.939285628127079e-02,9.604562024183695e-10
6.952065159670591e-02,9.601440786921943e-10
6.964844691214103e-02,9.598326098531753e-10
6.977624222757615e-02,9.595217936373317e-10
6.990403754301128e-02,9.592116277806832e-10
7.003183285844640e-02,9.589021100192497e-10
7.015962817388151e-02,9.585932380890509e-10
7.028742348931663e-02,9.582850096507415e-10
7.041521880475175e-02,9.579774220635033e-10
7.054301412018688e-02,9.576704726111460e-10
7.067080943562200e-02,9.573641585774806e-10
7.079860475105712e-02,9.570584772463166e-10
7.092640006649224e-02,9.567534259014646e-10
7.105419538192737e-02,9.564490018267343e-10
7.118199069736249e-02,9.561452023059367e-10
7.130978601279761e-02,9.558420246228814e-10
7.152277820518949e-02,9.553381029688006e-10
7.173577039758135e-02,9.548358889797468e-10
7.194876258997322e-02,9.543353723702603e-10
7.216175478236508e-02,9.538365433127930e-10
7.237474697475696e-02,9.533393919797971e-10
7.258773916714882e-02,9.528439085437250e-10
7.280073135954070e-02,9.523500831770285e-10
7.301372355193256e-02,9.518579060521606e-10
7.322671574432443e-02,9.513673673415725e-10
7.343970793671629e-02,9.508784572177169e-10
7.365270012910817e-02,9.503911658530459e-10
7.386569232150003e-02,9.499054833989894e-10
7.407868451389191e-02,9.494213999228868e-10
7.429167670628377e-02,9.489389054710556e-10
7.450466889867564e-02,9.484579900898130e-10
7.471766109106751e-02,9.479786438254765e-10
7.493065328345938e-02,9.475008567243631e-10
7.514364547585124e-02,9.470246188327907e-10
7.535663766824312e-02,9.465499201970760e-10
7.556962986063498e-02,9.460767508635368e-10
7.578262205302685e-02,9.456051008784901e-10
7.599561424541872e-02,9.451349605591261e-10
7.620860643781059e-02,9.446663213060952e-10
7.642159863020245e-02,9.441991747909039e-10
7.663459082259433e-02,9.437335126850596e-10
7.684758301498619e-02,9.432693266600700e-10
7.706057520737807e-02,9.428066083874418e-10
7.727356739976993e-02,9.423453495386821e-10
7.748655959216180e-02,9.418855417852983e-10
7.769955178455366e-02,9.414271767987971e-10
7.791254397694554e-02,9.409702462506866e-10
7.812553616933740e-02,9.405147418265195e-10
7.833852836172928e-02,9.400606552680327e-10
7.855152055412114e-02,9.396079783310069e-10
7.876451274651301e-02,9.391567027712235e-10
7.897750493890487e-02,9.387068203444637e-10
7.919049713129675e-02,9.382583228065084e-10
7.940348932368861e-02,9.378112019131392e-10
7.961648151608049e-02,9.373654494201367e-10
7.982947370847235e-02,9.369210570832822e-10
8.004246590086422e-02,9.364780166583571e-10
8.025545809325609e-02,9.360363200863932e-10
8.046845028564796e-02,9.355959600494674e-10
8.068144247803982e-02,9.351569294149294e-10
8.089443467043170e-02,9.347192210501282e-10
8.110742686282357e-02,9.342828278224133e-10
8.132041905521543e-02,9.338477425991341e-10
8.153341124760730e-02,9.334139582476396e-10
8.174640343999917e-02,9.329814676352792e-10
8.195939563239105e-02,9.325502636294026e-10
8.217238782478291e-02,9.321203390973587e-10
8.238538001717477e-02,9.316916869488897e-10
8.259837220956665e-02,9.312643002633138e-10
8.281136440195852e-02,9.308381721623451e-10
8.302435659435038e-02,9.304132957676974e-10
8.323734878674224e-02,9.299896642010844e-10
8.345034097913412e-02,9.295672705842197e-10
8.366333317152599e-02,9.291461080388172e-10
8.387632536391786e-02,9.287261696865909e-10
8.408931755630973e-02,9.283074486492544e-10
8.430230974870159e-02,9.278899380485213e-10
8.451530194109347e-02,9.274736311161974e-10
8.472829413348533e-02,9.270585215244559e-10
8.494128632587720e-02,9.266446030555633e-10
8.515427851826907e-02,9.262318694917855e-10
8.536727071066094e-02,9.258203146153885e-10
8.558026290305280e-02,9.254099322086383e-10
8.579325509544468e-02,9.250007160538011e-10
8.600624728783654e-02,9.245926599331431e-10
8.621923948022842e-02,9.241857576289300e-10
8.643223167262028e-02,9.237800029234282e-10
8.664522386501215e-02,9.233753896732713e-10
8.685821605740401e-02,9.229719120325584e-10
8.707120824979589e-02,9.225695642297525e-10
8.728420044218775e-02,9.221683404933167e-10
8.749719263457963e-02,9.217682350517142e-10
8.771018482697149e-02,9.213692421334081e-10
8.792317701936336e-02,9.209713559668614e-10
8.813616921175522e-02,9.205745707805375e-10
8.834916140414710e-02,9.201788808028994e-10
8.856215359653896e-02,9.197842802624102e-10
8.877514578893084e-02,9.193907634417144e-10
8.898813798132270e-02,9.189983248401716e-10
8.920113017371457e-02,9.186069590113167e-10
8.941412236610644e-02,9.182166605086850e-10
8.962711455849831e-02,9.178274238858119e-10
8.984010675089017e-02,9.174392436962325e-10
9.005309894328205e-02,9.170521144934820e-10
9.026609113567391e-02,9.166660308310957e-10
9.047908332806578e-02,9.162809872626090e-10
9.069207552045766e-02,9.158969783415567e-10
9.090506771284952e-02,9.155139987178052e-10
9.111805990524138e-02,9.151320434265680e-10
9.133105209763326e-02,9.147511075994018e-10
9.154404429002513e-02,9.143711863678631e-10
9.175703648241700e-02,9.139922748635085e-10
9.197002867480886e-02,9.136143682178946e-10
9.218302086720073e-02,9.132374615625782e-10
9.239601305959261e-02,9.128615500291158e-10
9.260900525198447e-02,9.124866287490638e-10
9.282199744437633e-02,9.121126928539790e-10
9.303498963676821e-02,9.117397374877384e-10
9.324798182916008e-02,9.113677578435016e-10
9.346097402155194e-02,9.109967491267501e-10
9.367396621394380e-02,9.106267065429650e-10
9.388695840633568e-02,9.102576252976274e-10
9.409995059872756e-02,9.098895005962182e-10
9.431294279111942e-02,9.095223276442189e-10
9.452593498351128e-02,9.091561016471107e-10
9.473892717590315e-02,9.087908178103742e-10
9.495191936829503e-02,9.084264713394912e-10
9.516491156068689e-02,9.080630575500576e-10
9.537790375307875e-02,9.077005721981349e-10
9.559089594547063e-02,9.073390111499010e-10
9.580388813786250e-02,9.069783702715346e-10
9.601688033025436e-02,9.066186454292140e-10
9.622987252264624e-02,9.062598324891172e-10
9.644286471503810e-02,9.059019273174228e-10
9.665585690742998e-02,9.055449257803090e-10
9.686884909982184e-02,9.051888237439541e-10
9.708184129221371e-02,9.048336170745366e-10
9.729483348460558e-02,9.044793016402851e-10
9.750782567699745e-02,9.041258733176309e-10
9.772081786938931e-02,9.037733279850549e-10
9.793381006178119e-02,9.034216615210391e-10
9.814680225417305e-02,9.030708698040645e-10
9.835979444656492e-02,9.027209487126125e-10
9.857278663895679e-02,9.023718941251647e-10
9.878577883134866e-02,9.020237019202025e-10
9.899877102374052e-02,9.016763679762073e-10
9.921176321613240e-02,9.013298881716604e-10
9.942475540852426e-02,9.009842584318102e-10
9.963774760091614e-02,9.006394748689624e-10
9.985073979330800e-02,9.002955336421861e-10
1.000637319857000e-01,8.999524309105496e-10
1.002767241780920e-01,8.996101628331217e-10
1.004897163704840e-01,8.992687255689713e-10
1.007027085628750e-01,8.989281152771684e-10
1.009157007552670e-01,8.985883281167785e-10
1.011286929476590e-01,8.982493602468721e-10
1.013416851400510e-01,8.979112078265176e-10
1.015546773324430e-01,8.975738670757416e-10
1.017676695248350e-01,8.972373344584524e-10
1.019806617172270e-01,8.969016064995420e-10
1.021936539096190e-01,8.965666797239023e-10
1.024066461020100e-01,8.962325506564264e-10
1.026196382944020e-01,8.958992158220033e-10
1.028326304867940e-01,8.955666717455260e-10
1.030456226791860e-01,8.952349149518867e-10
1.032586148715780e-01,8.949039419659770e-10
1.034716070639700e-01,8.945737493126889e-10
1.036845992563620e-01,8.942443335461353e-10
1.038975914487540e-01,8.939156913373034e-10
1.041105836411450e-01,8.935878193863972e-10
1.043235758335370e-01,8.932607143936163e-10
1.045365680259290e-01,8.929343730591646e-10
1.047495602183210e-01,8.926087920832447e-10
1.049625524107130e-01,8.922839681660594e-10
1.051755446031050e-01,8.919598980078109e-10
1.053885367954970e-01,8.916365783087021e-10
1.056015289878880e-01,8.913140057689365e-10
1.058145211802800e-01,8.909921771188464e-10
1.060275133726720e-01,8.906710892092475e-10
1.062405055650640e-01,8.903507389210615e-10
1.064534977574560e-01,8.900311231352102e-10
1.066664899498480e-01,8.897122387326158e-10
1.068794821422400e-01,8.893940825941996e-10
1.070924743346320e-01,8.890766516008842e-10
1.073054665270230e-01,8.887599426335923e-10
1.075184587194150e-01,8.884439525732433e-10
1.077314509118070e-01,8.881286783007602e-10
1.079444431041990e-01,8.878141167291540e-10
1.081574352965910e-01,8.875002648998801e-10
1.083704274889830e-01,8.871871198865271e-10
1.085834196813750e-01,8.868746787626838e-10
1.087964118737660e-01,8.865629386019405e-10
1.090094040661580e-01,8.862518964778829e-10
1.092223962585500e-01,8.859415494641012e-10
1.094353884509420e-01,8.856318946341842e-10
1.096483806433340e-01,8.853229290617206e-10
1.098613728357260e-01,8.850146498202991e-10
1.100743650281180e-01,8.847070540130165e-10
1.102873572205100e-01,8.844001388610464e-10
1.105003494129010e-01,8.840939016150939e-10
1.107133416052930e-01,8.837883395258607e-10
1.109263337976850e-01,8.834834498440522e-10
1.111393259900770e-01,8.831792298203724e-10
1.113523181824690e-01,8.828756767055254e-10
1.115653103748610e-01,8.825727877502155e-10
1.117783025672530e-01,8.822705602051464e-10
1.119912947596450e-01,8.819689913210225e-10
1.122042869520360e-01,8.816680783767687e-10
1.124172791444280e-01,8.813678187641943e-10
1.126302713368200e-01,8.810682099033354e-10
1.128432635292120e-01,8.807692492142278e-10
1.130562557216040e-01,8.804709341169067e-10
1.132692479139960e-01,8.801732620314074e-10
1.134822401063880e-01,8.798762303777654e-10
1.136952322987790e-01,8.795798365760175e-10
1.139082244911710e-01,8.792840780461964e-10
1.141212166835630e-01,8.789889522083383e-10
1.143342088759550e-01,8.786944564995737e-10
1.145472010683470e-01,8.784005884253927e-10
1.147601932607390e-01,8.781073455083726e-10
1.149731854531310e-01,8.778147252710904e-10
1.151861776455230e-01,8.775227252361228e-10
1.153991698379140e-01,8.772313429260486e-10
1.156121620303060e-01,8.769405758634419e-10
1.158251542226980e-01,8.766504215708810e-10
1.160381464150900e-01,8.763608775709429e-10
1.162511386074820e-01,8.760719413862047e-10
1.164641307998740e-01,8.757836105702639e-10
1.166771229922660e-01,8.754958828007323e-10
1.168901151846570e-01,8.752087557862104e-10
1.171031073770490e-01,8.749222272352942e-10
1.173160995694410e-01,8.746362948565839e-10
1.175290917618330e-01,8.743509563586782e-10
1.177420839542250e-01,8.740662094501759e-10
1.179550761466170e-01,8.737820518396758e-10
1.181680683390090e-01,8.734984812357769e-10
1.183810605314010e-01,8.732154953470780e-10
1.185940527237920e-01,8.729330919026958e-10
1.188070449161840e-01,8.726512687138562e-10
1.190200371085760e-01,8.723700236123285e-10
1.192330293009680e-01,8.720893544298809e-10
1.194460214933600e-01,8.718092589982813e-10
1.196590136857520e-01,8.715297351492977e-10
1.198720058781440e-01,8.712507807146982e-10
1.200849980705360e-01,8.709723935262508e-10
1.202979902629270e-01,8.706945714157250e-10
1.205109824553190e-01,8.704173122148859e-10
1.207239746477110e-01,8.701406137737423e-10
1.209369668401030e-01,8.698644740152783e-10
1.211499590324950e-01,8.695888908807254e-10
1.213629512248870e-01,8.693138623113160e-10
1.215759434172790e-01,8.690393862482823e-10
1.217889356096700e-01,8.687654606328574e-10
1.220019278020620e-01,8.684920834062709e-10
1.222149199944540e-01,8.682192525097561e-10
1.224279121868460e-01,8.679469658845454e-10
1.226409043792380e-01,8.676752214718706e-10
1.228538965716300e-01,8.674040172251267e-10
1.230668887640220e-01,8.671333511463573e-10
1.232798809564140e-01,8.668632212497666e-10
1.234928731488050e-01,8.665936255495611e-10
1.237058653411970e-01,8.663245620599425e-10
1.239188575335890e-01,8.660560287951172e-10
1.241318497259810e-01,8.657880237692897e-10
1.243448419183730e-01,8.655205449966648e-10
1.245578341107650e-01,8.652535904914470e-10
1.247708263031570e-01,8.649871582678412e-10
1.249838184955480e-01,8.647212463744437e-10
1.251968106879400e-01,8.644558529973580e-10
1.254098028803320e-01,8.641909763570561e-10
1.256227950727240e-01,8.639266146740089e-10
1.258357872651160e-01,8.636627661686874e-10
1.260487794575080e-01,8.633994290615624e-10
1.262617716499000e-01,8.631366015731048e-10
1.264747638422920e-01,8.628742819237854e-10
1.266877560346830e-01,8.626124683340765e-10
1.269007482270750e-01,8.623511590244463e-10
1.271137404194670e-01,8.620903522049300e-10
1.273267326118590e-01,8.618300460438427e-10
1.275397248042510e-01,8.615702386990766e-10
1.277527169966430e-01,8.613109283285238e-10
1.279657091890350e-01,8.610521130900767e-10
1.281787013814270e-01,8.607937911416272e-10
1.283916935738180e-01,8.605359606410692e-10
1.286046857662100e-01,8.602786197462921e-10
1.288176779586020e-01,8.600217666151895e-10
1.290306701509940e-01,8.597653994056536e-10
1.292436623433860e-01,8.595095163084419e-10
1.294566545357780e-01,8.592541156458293e-10
1.296696467281700e-01,8.589991957729827e-10
1.298826389205610e-01,8.587447550450713e-10
1.300956311129530e-01,8.584907918172599e-10
1.303086233053450e-01,8.582373044447174e-10
1.305216154977370e-01,8.579842912826113e-10
1.307346076901290e-01,8.577317506861091e-10
1.309475998825210e-01,8.574796810103784e-10
1.311605920749130e-01,8.572280806105864e-10
1.313735842673050e-01,8.569769478494663e-10
1.315865764596960e-01,8.567262811200166e-10
1.317995686520880e-01,8.564760788227986e-10
1.320125608444800e-01,8.562263393583783e-10
1.322255530368720e-01,8.559770611273197e-10
1.324385452292640e-01,8.557282425301871e-10
1.326515374216560e-01,8.554798819675445e-10
1.328645296140480e-01,8.552319778399566e-10
1.330775218064400e-01,8.549845285479872e-10
1.332905139988310e-01,8.547375324922020e-10
1.335035061912230e-01,8.544909881068424e-10
1.337164983836150e-01,8.542448939608458e-10
1.339294905760070e-01,8.539992486568148e-10
1.341424827683990e-01,8.537540507973518e-10
1.343554749607910e-01,8.535092989850594e-10
1.345684671531830e-01,8.532649918225403e-10
1.347814593455740e-01,8.530211279123980e-10
1.349944515379660e-01,8.527777058572325e-10
1.352074437303580e-01,8.525347242596481e-10
1.354204359227500e-01,8.522921817222469e-10
1.356334281151420e-01,8.520500768207613e-10
1.358464203075340e-01,8.518084080234966e-10
1.360594124999260e-01,8.515671737719155e-10
1.362724046923180e-01,8.513263725074799e-10
1.364853968847090e-01,8.510860026716535e-10
1.366983890771010e-01,8.508460627058962e-10
1.369113812694930e-01,8.506065510516718e-10
1.371243734618850e-01,8.503674661504423e-10
1.373373656542770e-01,8.501288064436702e-10
1.375503578466690e-01,8.498905703728179e-10
1.377633500390610e-01,8.496527564140263e-10
1.379763422314520e-01,8.494153631822348e-10
1.381893344238440e-01,8.491783893270991e-10
1.384023266162360e-01,8.489418334982789e-10
1.386153188086280e-01,8.487056943454318e-10
1.388283110010200e-01,8.484699705182164e-10
1.390413031934120e-01,8.482346606662905e-10
1.392542953858040e-01,8.479997634393123e-10
1.394672875781960e-01,8.477652774869401e-10
1.396802797705870e-01,8.475312014588329e-10
1.398932719629790e-01,8.472975340208752e-10
1.401062641553710e-01,8.470642739038878e-10
1.403192563477630e-01,8.468314198549273e-10
1.405322485401550e-01,8.465989706210516e-10
1.407452407325470e-01,8.463669249493173e-10
1.409582329249390e-01,8.461352815867819e-10
1.411712251173300e-01,8.459040392805037e-10
1.413842173097220e-01,8.456731967775375e-10
1.415972095021140e-01,8.454427528249418e-10
1.418102016945060e-01,8.452127061697737e-10
1.420231938868980e-01,8.449830555530065e-10
1.422361860792900e-01,8.447537996912787e-10
1.424491782716820e-01,8.445249372951450e-10
1.426621704640740e-01,8.442964670751601e-10
1.428751626564650e-01,8.440683877418802e-10
1.430881548488570e-01,8.438406980058577e-10
1.433011470412490e-01,8.436133965776485e-10
1.435141392336410e-01,8.433864821678075e-10
1.437271314260330e-01,8.431599534868893e-10
1.439401236184250e-01,8.429338092454489e-10
1.441531158108170e-01,8.427080481781042e-10
1.443661080032090e-01,8.424826691156931e-10
1.445791001956000e-01,8.422576709131019e-10
1.447920923879920e-01,8.420330524252133e-10
1.450050845803840e-01,8.418088125069140e-10
1.452180767727760e-01,8.415849500130886e-10
1.454310689651680e-01,8.413614637986226e-10
1.456440611575600e-01,8.411383527184010e-10
1.458570533499520e-01,8.409156156273088e-10
1.460700455423430e-01,8.406932513802321e-10
1.462830377347350e-01,8.404712588263483e-10
1.464960299271270e-01,8.402496367920278e-10
1.467090221195190e-01,8.400283840979412e-10
1.469220143119110e-01,8.398074995647598e-10
1.471350065043030e-01,8.395869820131544e-10
1.473479986966950e-01,8.393668302637958e-10
1.475609908890870e-01,8.391470431373547e-10
1.477739830814780e-01,8.389276194545034e-10
1.479869752738700e-01,8.387085580359105e-10
1.481999674662620e-01,8.384898577022479e-10
1.484129596586540e-01,8.382715172973803e-10
1.486259518510460e-01,8.380535357579891e-10
1.488389440434380e-01,8.378359120439713e-10
1.490519362358300e-01,8.376186451152236e-10
1.492649284282220e-01,8.374017339316426e-10
1.494779206206130e-01,8.371851774531258e-10
1.496909128130050e-01,8.369689746395680e-10
1.499039050053970e-01,8.367531244508670e-10
1.501168971977890e-01,8.365376258469194e-10
1.503298893901810e-01,8.363224777876219e-10
1.505428815825730e-01,8.361076792278002e-10
1.507558737749650e-01,8.358932291019944e-10
1.509688659673560e-01,8.356791263396732e-10
1.511818581597480e-01,8.354653698703020e-10
1.513948503521400e-01,8.352519586233496e-10
1.516078425445320e-01,8.350388915282835e-10
1.518208347369240e-01,8.348261675145711e-10
1.520338269293160e-01,8.346137855116805e-10
1.522468191217080e-01,8.344017444490787e-10
1.524598113141000e-01,8.341900432562341e-10
1.526728035064910e-01,8.339786808817941e-10
1.528857956988830e-01,8.337676563511105e-10
1.530987878912750e-01,8.335569687087111e-10
1.533117800836670e-01,8.333466169991228e-10
1.535247722760590e-01,8.331366002668724e-10
1.537377644684510e-01,8.329269175564868e-10
1.539507566608430e-01,8.327175679124927e-10
1.541637488532340e-01,8.325085503794181e-10
1.543767410456260e-01,8.322998640017879e-10
1.545897332380180e-01,8.320915078241299e-10
1.548027254304100e-01,8.318834808827359e-10
1.550157176228020e-01,8.316757821809734e-10
1.552287098151940e-01,8.314684107139829e-10
1.554417020075860e-01,8.312613654769042e-10
1.556546941999780e-01,8.310546454648777e-10
1.558676863923690e-01,8.308482496730449e-10
1.560806785847610e-01,8.306421770965437e-10
1.562936707771530e-01,8.304364267305155e-10
1.565066629695450e-01,8.302309975701004e-10
1.567196551619370e-01,8.300258886104388e-10
1.569326473543290e-01,8.298210988712911e-10
1.571456395467210e-01,8.296166274709628e-10
1.573586317391130e-01,8.294124735524102e-10
1.575716239315040e-01,8.292086362585912e-10
1.577846161238960e-01,8.290051147324601e-10
1.579976083162880e-01,8.288019081169749e-10
1.582106005086800e-01,8.285990155550920e-10
1.584235927010720e-01,8.283964361897682e-10
1.586365848934640e-01,8.281941691639602e-10
1.588495770858560e-01,8.279922136206242e-10
1.590625692782470e-01,8.277905686952512e-10
1.592755614706390e-01,8.275892334934498e-10
1.594885536630310e-01,8.273882071133602e-10
1.597015458554230e-01,8.271874886531211e-10
1.599145380478150e-01,8.269870772108719e-10
1.601275302402070e-01,8.267869718847509e-10
1.603405224325990e-01,8.265871717728976e-10
1.605535146249910e-01,8.263876759734506e-10
1.607665068173820e-01,8.261884835845500e-10
1.609794990097740e-01,8.259895937043327e-10
1.611924912021660e-01,8.257910054416360e-10
1.614054833945580e-01,8.255927179480840e-10
1.616184755869500e-01,8.253947303859994e-10
1.618314677793420e-01,8.251970419177040e-10
1.620444599717340e-01,8.249996517055199e-10
1.622574521641260e-01,8.248025589117693e-10
1.624704443565170e-01,8.246057626987749e-10
1.626834365489090e-01,8.244092622288575e-10
1.628964287413010e-01,8.242130566643396e-10
1.631094209336930e-01,8.240171451675433e-10
1.633224131260850e-01,8.238215269139416e-10
1.635354053184770e-01,8.236262011315945e-10
1.637483975108690e-01,8.234311670617049e-10
1.639613897032600e-01,8.232364239454768e-10
1.641743818956520e-01,8.230419710241110e-10
1.643873740880440e-01,8.228478075388118e-10
1.646003662804360e-01,8.226539327307820e-10
1.648133584728280e-01,8.224603458412243e-10
1.650263506652200e-01,8.222670461113420e-10
1.652393428576120e-01,8.220740327823379e-10
1.654523350500040e-01,8.218813050780904e-10
1.656653272423950e-01,8.216888621532214e-10
1.658783194347870e-01,8.214967031450471e-10
1.660913116271790e-01,8.213048271908855e-10
1.663043038195710e-01,8.211132334280544e-10
1.665172960119630e-01,8.209219209938709e-10
1.667302882043550e-01,8.207308890256529e-10
1.669432803967470e-01,8.205401366607179e-10
1.671562725891380e-01,8.203496630363841e-10
1.673692647815300e-01,8.201594672899672e-10
1.675822569739220e-01,8.199695485925269e-10
1.677952491663140e-01,8.197799062501531e-10
1.680082413587060e-01,8.195905396027102e-10
1.682212335510980e-01,8.194014479900628e-10
1.684342257434900e-01,8.192126307520751e-10
1.686472179358820e-01,8.190240872286123e-10
1.688602101282730e-01,8.188358167595389e-10
1.690732023206650e-01,8.186478186847183e-10
1.692861945130570e-01,8.184600923440158e-10
1.694991867054490e-01,8.182726370772956e-10
1.697121788978410e-01,8.180854522141622e-10
1.699251710902330e-01,8.178985370431714e-10
1.701381632826250e-01,8.177118908426149e-10
1.703511554750170e-01,8.175255128907840e-10
1.705641476674080e-01,8.173394024659716e-10
1.707771398598000e-01,8.171535588464675e-10
1.709901320521920e-01,8.169679813105643e-10
1.712031242445840e-01,8.167826691365538e-10
1.714161164369760e-01,8.165976216027275e-10
1.716291086293680e-01,8.164128379873770e-10
1.718421008217600e-01,8.162283175661721e-10
1.720550930141510e-01,8.160440596042962e-10
1.722680852065430e-01,8.158600633643092e-10
1.724810773989350e-01,8.156763281087728e-10
1.726940695913270e-01,8.154928531002491e-10
1.729070617837190e-01,8.153096376012986e-10
1.731200539761110e-01,8.151266808744830e-10
1.733330461685030e-01,8.149439821823635e-10
1.735460383608950e-01,8.147615407875015e-10
1.737590305532860e-01,8.145793559524593e-10
1.739720227456780e-01,8.143974269427260e-10
1.741850149380700e-01,8.142157530355080e-10
1.743980071304620e-01,8.140343335109378e-10
1.746109993228540e-01,8.138531676491480e-10
1.748239915152460e-01,8.136722547302714e-10
1.750369837076380e-01,8.134915940344403e-10
1.752499759000290e-01,8.133111848417882e-10
1.754629680924210e-01,8.131310264324460e-10
1.756759602848130e-01,8.129511180865475e-10
1.758889524772050e-01,8.127714590842247e-10
1.761019446695970e-01,8.125920488317158e-10
1.763149368619890e-01,8.124128872400177e-10
1.765279290543810e-01,8.122339743464010e-10
1.767409212467730e-01,8.120553101881368e-10
1.769539134391640e-01,8.118768948024967e-10
1.771669056315560e-01,8.116987282267502e-10
1.773798978239480e-01,8.115208104981689e-10
1.775928900163400e-01,8.113431416540240e-10
1.778058822087320e-01,8.111657217315860e-10
1.780188744011240e-01,8.109885507681264e-10
1.782318665935160e-01,8.108116282124013e-10
1.784448587859070e-01,8.106349511582634e-10
1.786578509782990e-01,8.104585161106231e-10
1.788708431706910e-01,8.102823195743938e-10
1.790838353630830e-01,8.101063580544881e-10
1.792968275554750e-01,8.099306280558184e-10
1.795098197478670e-01,8.097551260832974e-10
1.797228119402590e-01,8.095798486418374e-10
1.799358041326510e-01,8.094047922363510e-10
1.801487963250420e-01,8.092299533717515e-10
1.803617885174340e-01,8.090553308785228e-10
1.805747807098260e-01,8.088809328899248e-10
1.807877729022180e-01,8.087067698650311e-10
1.810007650946100e-01,8.085328522629143e-10
1.812137572870020e-01,8.083591905426475e-10
1.814267494793940e-01,8.081857951633040e-10
1.816397416717860e-01,8.080126765839567e-10
1.818527338641770e-01,8.078398452636795e-10
1.820657260565690e-01,8.076673116615439e-10
1.822787182489610e-01,8.074950862366239e-10
1.824917104413530e-01,8.073231706795772e-10
1.827047026337450e-01,8.071515316164155e-10
1.829176948261370e-01,8.069801269092418e-10
1.831306870185290e-01,8.068089144201593e-10
1.833436792109200e-01,8.066378520112712e-10
1.835566714033120e-01,8.064668975446791e-10
1.837696635957040e-01,8.062960088824868e-10
1.839826557880960e-01,8.061251438867972e-10
1.841956479804880e-01,8.059542604197132e-10
1.844086401728800e-01,8.057833163433380e-10
1.846216323652720e-01,8.056123023517116e-10
1.848346245576640e-01,8.054413403923356e-10
1.850476167500550e-01,8.052705852075155e-10
1.852606089424470e-01,8.051001915395548e-10
1.854736011348390e-01,8.049303141307587e-10
1.856865933272310e-01,8.047611077234325e-10
1.858995855196230e-01,8.045927270598808e-10
1.861125777120150e-01,8.044253268824082e-10
1.863255699044070e-01,8.042590619333199e-10
1.865385620967990e-01,8.040940869549207e-10
1.867515542891900e-01,8.039304343323815e-10
1.869645464815820e-01,8.037676467609726e-10
1.871775386739740e-01,8.036051444481171e-10
1.873905308663660e-01,8.034423476012374e-10
1.876035230587580e-01,8.032786764277563e-10
1.878165152511500e-01,8.031135511350960e-10
1.880295074435420e-01,8.029463919306791e-10
1.882424996359330e-01,8.027766190219286e-10
1.884554918283250e-01,8.026036526162656e-10
1.886684840207170e-01,8.024269129211132e-10
1.888814762131090e-01,8.022462768284294e-10
1.890944684055010e-01,8.020634483795016e-10
1.893074605978930e-01,8.018805885057695e-10
1.895204527902850e-01,8.016998581386730e-10
1.897334449826770e-01,8.015234182096521e-10
1.899464371750680e-01,8.013534296501472e-10
1.901594293674600e-01,8.011920533915966e-10
1.903724215598520e-01,8.010414503654407e-10
1.905854137522440e-01,8.009037815031196e-10
1.907984059446360e-01,8.007812077360733e-10
1.910113981370280e-01,8.006741851661196e-10
1.912243903294200e-01,8.005763511475518e-10
1.914373825218110e-01,8.004796384905096e-10
1.916503747142030e-01,8.003759800051313e-10
1.918633669065950e-01,8.002573085015569e-10
1.920763590989870e-01,8.001155567899258e-10
1.922893512913790e-01,7.999426576803770e-10
1.925023434837710e-01,7.997305439830501e-10
1.927153356761630e-01,7.994711485080845e-10
1.929283278685550e-01,7.991564040656196e-10
1.931413200609460e-01,7.987817557037916e-10
1.933543122533380e-01,7.983566919091695e-10
1.935673044457300e-01,7.978942106500921e-10
1.937802966381220e-01,7.974073098948971e-10
1.939932888305140e-01,7.969089876119218e-10
1.942062810229060e-01,7.964122417695033e-10
1.944192732152980e-01,7.959300703359793e-10
1.946322654076900e-01,7.954754712796871e-10
1.948452576000810e-01,7.950614425689659e-10
1.950582497924730e-01,7.947009821721490e-10
1.952712419848650e-01,7.944035150136179e-10
1.954842341772570e-01,7.941641838619113e-10
1.956972263696490e-01,7.939745634498486e-10
1.959102185620410e-01,7.938262285102500e-10
1.961232107544330e-01,7.937107537759350e-10
1.963362029468240e-01,7.936197139797239e-10
1.965491951392160e-01,7.935446838544355e-10
1.967621873316080e-01,7.934772381328906e-10
1.969751795240000e-01,7.934089515479084e-10
1.971881717163920e-01,7.933313988323091e-10
1.974011639087840e-01,7.932379344061054e-10
1.976141561011760e-01,7.931290342745822e-10
1.978271482935680e-01,7.930069555487487e-10
1.980401404859590e-01,7.928739553396154e-10
1.982531326783510e-01,7.927322907581901e-10
1.984661248707430e-01,7.925842189154835e-10
1.986791170631350e-01,7.924319969225047e-10
1.988921092555270e-01,7.922778818902635e-10
1.991051014479190e-01,7.921241309297691e-10
1.993180936403110e-01,7.919730011520315e-10
1.995310858327020e-01,7.918262726187967e-10
1.997440780250940e-01,7.916838170238168e-10
1.999570702174860e-01,7.915450289261094e-10
2.001700624098780e-01,7.914093028846914e-10
2.003830546022700e-01,7.912760334585802e-10
2.005960467946620e-01,7.911446152067925e-10
2.008090389870540e-01,7.910144426883454e-10
2.010220311794460e-01,7.908849104622563e-10
2.012350233718370e-01,7.907554130875424e-10
2.014480155642290e-01,7.906253451232198e-10
2.016610077566210e-01,7.904942290269061e-10
2.018739999490130e-01,7.903620987384791e-10
2.020869921414050e-01,7.902291160403527e-10
2.022999843337970e-01,7.900954427149399e-10
2.025129765261890e-01,7.899612405446546e-10
2.027259687185810e-01,7.898266713119104e-10
2.029389609109720e-01,7.896918967991214e-10
2.031519531033640e-01,7.895570787887001e-10
2.033649452957560e-01,7.894223790630606e-10
2.035779374881480e-01,7.892879594046166e-10
2.037909296805400e-01,7.891539472878485e-10
2.040039218729320e-01,7.890203330279460e-10
2.042169140653240e-01,7.888870726683775e-10
2.044299062577150e-01,7.887541222526117e-10
2.046428984501070e-01,7.886214378241156e-10
2.048558906424990e-01,7.884889754263579e-10
2.050688828348910e-01,7.883566911028069e-10
2.052818750272830e-01,7.882245408969309e-10
2.054948672196750e-01,7.880924808521979e-10
2.057078594120670e-01,7.879604670120760e-10
2.059208516044590e-01,7.878284646278677e-10
2.061338437968500e-01,7.876964758032745e-10
2.063468359892420e-01,7.875645118603633e-10
2.065598281816340e-01,7.874325841212035e-10
2.067728203740260e-01,7.873007039078638e-10
2.069858125664180e-01,7.871688825424130e-10
2.071988047588100e-01,7.870371313469196e-10
2.074117969512020e-01,7.869054616434524e-10
2.076247891435940e-01,7.867738847540798e-10
2.078377813359850e-01,7.866424120008715e-10
2.080507735283770e-01,7.865110522181306e-10
2.082637657207690e-01,7.863798042864924e-10
2.084767579131610e-01,7.862486645975181e-10
2.086897501055530e-01,7.861176295427699e-10
2.089027422979450e-01,7.859866955138097e-10
2.091157344903370e-01,7.858558589021996e-10
2.093287266827280e-01,7.857251160995017e-10
2.095417188751200e-01,7.855944634972767e-10
2.097547110675120e-01,7.854638974870875e-10
2.099677032599040e-01,7.853334144604959e-10
2.101806954522960e-01,7.852030115006668e-10
2.103936876446880e-01,7.850726884570533e-10
2.106066798370800e-01,7.849424458706477e-10
2.108196720294720e-01,7.848122842824424e-10
2.110326642218630e-01,7.846822042334305e-10
2.112456564142550e-01,7.845522062646032e-10
2.114586486066470e-01,7.844222909169539e-10
2.116716407990390e-01,7.842924587314748e-10
2.118846329914310e-01,7.841627102491584e-10
2.120976251838230e-01,7.840330460109973e-10
2.123106173762150e-01,7.839034663716993e-10
2.125236095686060e-01,7.837739709410988e-10
2.127366017609980e-01,7.836445591428757e-10
2.129495939533900e-01,7.835152304007118e-10
2.131625861457820e-01,7.833859841382884e-10
2.133755783381740e-01,7.832568197792866e-10
2.135885705305660e-01,7.831277367473879e-10
2.138015627229580e-01,7.829987344662730e-10
2.140145549153500e-01,7.828698123596236e-10
2.142275471077410e-01,7.827409698511210e-10
2.144405393001330e-01,7.826122064132767e-10
2.146535314925250e-01,7.824835217137968e-10
2.148665236849170e-01,7.823549154691540e-10
2.150795158773090e-01,7.822263873958203e-10
2.152925080697010e-01,7.820979372102681e-10
2.155055002620930e-01,7.819695646289694e-10
2.157184924544850e-01,7.818412693683969e-10
2.159314846468760e-01,7.817130511450228e-10
2.161444768392680e-01,7.815849096753185e-10
2.163574690316600e-01,7.814568446757570e-10
2.165704612240520e-01,7.813288558555702e-10
2.167834534164440e-01,7.812009428950161e-10
2.169964456088360e-01,7.810731054671069e-10
2.172094378012280e-01,7.809453432448543e-10
2.174224299936190e-01,7.808176559012706e-10
2.176354221860110e-01,7.806900431093664e-10
2.178484143784030e-01,7.805625045421540e-10
2.180614065707950e-01,7.804350398726454e-10
2.182743987631870e-01,7.803076487738523e-10
2.184873909555790e-01,7.801803309187865e-10
2.187003831479710e-01,7.800530859801462e-10
2.189133753403630e-01,7.799259136293745e-10
2.191263675327540e-01,7.797988135376016e-10
2.193393597251460e-01,7.796717853759560e-10
2.195523519175380e-01,7.795448288155679e-10
2.197653441099300e-01,7.794179435275667e-10
2.199783363023220e-01,7.792911291830821e-10
2.201913284947140e-01,7.791643854532436e-10
2.204043206871060e-01,7.790377120091809e-10
2.206173128794970e-01,7.789111085220239e-10
2.208303050718890e-01,7.787845746817044e-10
2.210432972642810e-01,7.786581102533553e-10
2.212562894566730e-01,7.785317150209051e-10
2.214692816490650e-01,7.784053887682822e-10
2.216822738414570e-01,7.782791312794156e-10
2.218952660338490e-01,7.781529423382339e-10
2.221082582262410e-01,7.780268217286655e-10
2.223212504186320e-01,7.779007692346397e-10
2.225342426110240e-01,7.777747846400839e-10
2.227472348034160e-01,7.776488677289274e-10
2.229602269958080e-01,7.775230182518356e-10
2.231732191882000e-01,7.773972358264863e-10
2.233862113805920e-01,7.772715200373268e-10
2.235992035729840e-01,7.771458704688043e-10
2.238121957653760e-01,7.770202867053658e-10
2.240251879577670e-01,7.768947683314594e-10
2.242381801501590e-01,7.767693149315310e-10
2.244511723425510e-01,7.766439260900284e-10
2.246641645349430e-01,7.765186013913988e-10
2.248771567273350e-01,7.763933404200895e-10
2.250901489197270e-01,7.762681428064129e-10
2.253031411121190e-01,7.761430083642543e-10
2.255161333045100e-01,7.760179369534200e-10
2.257291254969020e-01,7.758929284337153e-10
2.259421176892940e-01,7.757679826649469e-10
2.261551098816860e-01,7.756430995069209e-10
2.263681020740780e-01,7.755182788194439e-10
2.265810942664700e-01,7.753935204623219e-10
2.267940864588620e-01,7.752688242953610e-10
2.270070786512540e-01,7.751441901783674e-10
2.272200708436450e-01,7.750196179420143e-10
2.274330630360370e-01,7.748951073004036e-10
2.276460552284290e-01,7.747706579384881e-10
2.278590474208210e-01,7.746462695412194e-10
2.280720396132130e-01,7.745219417935497e-10
2.282850318056050e-01,7.743976743804308e-10
2.284980239979970e-01,7.742734669868148e-10
2.287110161903880e-01,7.741493192976541e-10
2.289240083827800e-01,7.740252309978996e-10
2.291370005751720e-01,7.739012017725040e-10
2.293499927675640e-01,7.737772313178966e-10
2.295629849599560e-01,7.736533193764178e-10
2.297759771523480e-01,7.735294657018856e-10
2.299889693447400e-01,7.734056700481177e-10
2.302019615371320e-01,7.732819321689317e-10
2.304149537295230e-01,7.731582518181463e-10
2.306279459219150e-01,7.730346287495780e-10
2.308409381143070e-01,7.729110627170453e-10
2.310539303066990e-01,7.727875534743657e-10
2.312669224990910e-01,7.726641007753573e-10
2.314799146914830e-01,7.725407043797679e-10
2.316929068838750e-01,7.724173640710573e-10
2.319058990762670e-01,7.722940796386123e-10
2.321188912686580e-01,7.721708508718198e-10
2.323318834610500e-01,7.720476775600650e-10
2.325448756534420e-01,7.719245594927347e-10
2.327578678458340e-01,7.718014964592155e-10
2.329708600382260e-01,7.716784882488936e-10
2.331838522306180e-01,7.715555346511555e-10
2.333968444230100e-01,7.714326354553876e-10
2.336098366154010e-01,7.713097904461697e-10
2.338228288077930e-01,7.711869993888638e-10
2.340358210001850e-01,7.710642620440326e-10
2.342488131925770e-01,7.709415781722379e-10
2.344618053849690e-01,7.708189475340416e-10
2.346747975773610e-01,7.706963698900061e-10
2.348877897697530e-01,7.705738450006931e-10
2.351007819621450e-01,7.704513726266646e-10
2.353137741545360e-01,7.703289525284833e-10
2.355267663469280e-01,7.702065844667101e-10
2.357397585393200e-01,7.700842682103835e-10
2.359527507317120e-01,7.699620035624621e-10
2.361657429241040e-01,7.698397903343885e-10
2.363787351164960e-01,7.697176283376050e-10
2.365917273088880e-01,7.695955173835545e-10
2.368047195012800e-01,7.694734572836794e-10
2.370177116936710e-01,7.693514478494231e-10
2.372307038860630e-01,7.692294888922267e-10
2.374436960784550e-01,7.691075802235338e-10
2.376566882708470e-01,7.689857216547864e-10
2.378696804632390e-01,7.688639129855140e-10
2.380826726556310e-01,7.687421539675834e-10
2.382956648480230e-01,7.686204443409445e-10
2.385086570404140e-01,7.684987838455467e-10
2.387216492328060e-01,7.683771722213390e-10
2.389346414251980e-01,7.682556092082712e-10
2.391476336175900e-01,7.681340945462928e-10
2.393606258099820e-01,7.680126279753536e-10
2.395736180023740e-01,7.678912092354027e-10
2.397866101947660e-01,7.677698380663900e-10
2.399996023871580e-01,7.676485142314214e-10
2.402125945795490e-01,7.675272375862160e-10
2.404255867719410e-01,7.674060080096410e-10
2.406385789643330e-01,7.672848253805654e-10
2.408515711567250e-01,7.671636895778572e-10
2.410645633491170e-01,7.670426004803855e-10
2.412775555415090e-01,7.669215579670179e-10
2.414905477339010e-01,7.668005619166234e-10
2.417035399262920e-01,7.666796122080703e-10
2.419165321186840e-01,7.665587087202264e-10
2.421295243110760e-01,7.664378513078408e-10
2.423425165034680e-01,7.663170397292288e-10
2.425555086958600e-01,7.661962737186076e-10
2.427685008882520e-01,7.660755530101949e-10
2.429814930806440e-01,7.659548773382075e-10
2.431944852730360e-01,7.658342464368633e-10
2.434074774654270e-01,7.657136600403802e-10
2.436204696578190e-01,7.655931178829742e-10
2.438334618502110e-01,7.654726196988633e-10
2.440464540426030e-01,7.653521652222652e-10
2.442594462349950e-01,7.652317542143700e-10
2.444724384273870e-01,7.651113865443298e-10
2.446854306197790e-01,7.649910621083051e-10
2.448984228121710e-01,7.648707808024558e-10
2.451114150045620e-01,7.647505425229424e-10
2.453244071969540e-01,7.646303471659242e-10
2.455373993893460e-01,7.645101946275618e-10
2.457503915817380e-01,7.643900848040152e-10
2.459633837741300e-01,7.642700175914445e-10
2.461763759665220e-01,7.641499928860098e-10
2.463893681589140e-01,7.640300105659968e-10
2.466023603513050e-01,7.639100704381677e-10
2.468153525436970e-01,7.637901722913968e-10
2.470283447360890e-01,7.636703159145600e-10
2.472413369284810e-01,7.635505010965324e-10
2.474543291208730e-01,7.634307276261892e-10
2.476673213132650e-01,7.633109952924059e-10
2.478803135056570e-01,7.631913038840572e-10
2.480933056980490e-01,7.630716531900189e-10
2.483062978904400e-01,7.629520429991664e-10
2.485192900828320e-01,7.628324731116919e-10
2.487322822752240e-01,7.627129433730627e-10
2.489452744676160e-01,7.625934536400644e-10
2.491582666600080e-01,7.624740037694819e-10
2.493712588524000e-01,7.623545936181009e-10
2.495842510447920e-01,7.622352230427063e-10
2.497972432371830e-01,7.621158919000846e-10
2.500102354295750e-01,7.619966000470195e-10
2.502232276219670e-01,7.618773473402974e-10
2.504362198143590e-01,7.617581336367034e-10
2.506492120067510e-01,7.616389587891012e-10
2.508622041991430e-01,7.615198226346731e-10
2.510751963915350e-01,7.614007250066817e-10
2.512881885839270e-01,7.612816657383899e-10
2.515011807763180e-01,7.611626446630607e-10
2.517141729687100e-01,7.610436616139558e-10
2.519271651611020e-01,7.609247164243386e-10
2.521401573534940e-01,7.608058089274719e-10
2.523531495458860e-01,7.606869389566183e-10
2.525661417382780e-01,7.605681063450405e-10
2.527791339306700e-01,7.604493109340485e-10
2.529921261230620e-01,7.603305525971234e-10
2.532051183154530e-01,7.602118312157846e-10
2.534181105078450e-01,7.600931466715496e-10
2.536311027002370e-01,7.599744988459380e-10
2.538440948926290e-01,7.598558876204683e-10
2.540570870850210e-01,7.597373128766596e-10
2.542700792774130e-01,7.596187744960306e-10
2.544830714698050e-01,7.595002723601003e-10
2.546960636621960e-01,7.593818063503879e-10
2.549090558545880e-01,7.592633763380703e-10
2.551220480469800e-01,7.591449821529419e-10
2.553350402393720e-01,7.590266236144450e-10
2.555480324317640e-01,7.589083005420224e-10
2.557610246241560e-01,7.587900127551163e-10
2.559740168165480e-01,7.586717600731693e-10
2.561870090089400e-01,7.585535423156236e-10
2.564000012013310e-01,7.584353593019223e-10
2.566129933937230e-01,7.583172108515068e-10
2.568259855861150e-01,7.581990967838200e-10
2.570389777785070e-01,7.580810169329004e-10
2.572519699708990e-01,7.579629711911836e-10
2.574649621632910e-01,7.578449594657064e-10
2.576779543556830e-01,7.577269816635061e-10
2.578909465480740e-01,7.576090376916208e-10
2.581039387404660e-01,7.574911274570863e-10
2.583169309328580e-01,7.573732508669409e-10
2.585299231252500e-01,7.572554078282211e-10
2.587429153176420e-01,7.571375982479649e-10
2.589559075100340e-01,7.570198220332091e-10
2.591688997024260e-01,7.569020790806412e-10
2.593818918948180e-01,7.567843692455534e-10
2.595948840872090e-01,7.566666923728908e-10
2.598078762796010e-01,7.565490483075967e-10
2.600208684719930e-01,7.564314368946162e-10
2.602338606643850e-01,7.563138579788940e-10
2.604468528567770e-01,7.561963114053743e-10
2.606598450491690e-01,7.560787970190019e-10
2.608728372415610e-01,7.559613146647212e-10
2.610858294339530e-01,7.558438641874765e-10
2.612988216263440e-01,7.557264454405862e-10
2.615118138187360e-01,7.556090583108438e-10
2.617248060111280e-01,7.554917026934114e-10
2.619377982035200e-01,7.553743784834496e-10
2.621507903959120e-01,7.552570855761195e-10
2.623637825883040e-01,7.551398238665824e-10
2.625767747806960e-01,7.550225932499992e-10
2.627897669730870e-01,7.549053936215314e-10
2.630027591654790e-01,7.547882248763391e-10
2.632157513578710e-01,7.546710869095838e-10
2.634287435502630e-01,7.545539796145810e-10
2.636417357426550e-01,7.544369028772594e-10
2.638547279350470e-01,7.543198565816995e-10
2.640677201274390e-01,7.542028406119820e-10
2.642807123198310e-01,7.540858548521873e-10
2.644937045122220e-01,7.539688991863967e-10
2.647066967046140e-01,7.538519734986895e-10
2.649196888970060e-01,7.537350776731470e-10
2.651326810893980e-01,7.536182115938497e-10
2.653456732817900e-01,7.535013751448782e-10
2.655586654741820e-01,7.533845682117120e-10
2.657716576665740e-01,7.532677906854299e-10
2.659846498589660e-01,7.531510424585101e-10
2.661976420513570e-01,7.530343234234320e-10
2.664106342437490e-01,7.529176334726729e-10
2.666236264361410e-01,7.528009724987119e-10
2.668366186285330e-01,7.526843403940279e-10
2.670496108209250e-01,7.525677370510993e-10
2.672626030133170e-01,7.524511623624047e-10
2.674755952057090e-01,7.523346162204225e-10
2.676885873981000e-01,7.522180985189666e-10
2.679015795904920e-01,7.521016091571880e-10
2.681145717828840e-01,7.519851480355739e-10
2.683275639752760e-01,7.518687150546112e-10
2.685405561676680e-01,7.517523101147863e-10
2.687535483600600e-01,7.516359331165862e-10
2.689665405524520e-01,7.515195839604978e-10
2.691795327448440e-01,7.514032625470077e-10
2.693925249372350e-01,7.512869687766031e-10
2.696055171296270e-01,7.511707025497701e-10
2.698185093220190e-01,7.510544637659269e-10
2.700315015144110e-01,7.509382523202189e-10
2.702444937068030e-01,7.508220681067231e-10
2.704574858991950e-01,7.507059110195162e-10
2.706704780915870e-01,7.505897809526752e-10
2.708834702839780e-01,7.504736778002780e-10
2.710964624763700e-01,7.503576014564000e-10
2.713094546687620e-01,7.502415518151190e-10
2.715224468611540e-01,7.501255287705117e-10
2.717354390535460e-01,7.500095322166553e-10
2.719484312459380e-01,7.498935620557953e-10
2.721614234383300e-01,7.497776182228329e-10
2.723744156307220e-01,7.496617006608288e-10
2.725874078231130e-01,7.495458093128447e-10
2.728004000155050e-01,7.494299441219403e-10
2.730133922078970e-01,7.493141050311766e-10
2.732263844002890e-01,7.491982919836148e-10
2.734393765926810e-01,7.490825049223156e-10
2.736523687850730e-01,7.489667437903400e-10
2.738653609774650e-01,7.488510085307487e-10
2.740783531698570e-01,7.487352990541044e-10
2.742913453622480e-01,7.486196151409077e-10
2.745043375546400e-01,7.485039565391233e-10
2.747173297470320e-01,7.483883229967178e-10
2.749303219394240e-01,7.482727142616571e-10
2.751433141318160e-01,7.481571300819073e-10
2.753563063242080e-01,7.480415702054344e-10
2.755692985166000e-01,7.479260343802043e-10
2.757822907089910e-01,7.478105223541835e-10
2.759952829013830e-01,7.476950338753371e-10
2.762082750937750e-01,7.475795688422449e-10
2.764212672861670e-01,7.474641277560834e-10
2.766342594785590e-01,7.473487112687155e-10
2.768472516709510e-01,7.472333200320039e-10
2.770602438633430e-01,7.471179546978111e-10
2.772732360557350e-01,7.470026159179997e-10
2.774862282481260e-01,7.468873043444332e-10
2.776992204405180e-01,7.467720206289729e-10
2.779122126329100e-01,7.466567654234819e-10
2.781252048253020e-01,7.465415393798230e-10
2.783381970176940e-01,7.464263425442743e-10
2.785511892100860e-01,7.463111725409391e-10
