7.791356504680618e-06,1.373190835664874e-10
8.610780621332552e-06,1.372519973527943e-10
9.516384324626089e-06,1.371844039455200e-10
1.051723120080771e-05,1.371162991429375e-10
1.162333806181051e-05,1.370476773176584e-10
1.284577519687474e-05,1.369785336080536e-10
1.419677716772344e-05,1.369088631085758e-10
1.568986525616830e-05,1.368386607834831e-10
1.733998278964274e-05,1.367679216368249e-10
1.916364469904539e-05,1.366966406986584e-10
2.117910280571951e-05,1.366248129723499e-10
2.340652849181556e-05,1.365524334807187e-10
2.586821458226360e-05,1.364794974472775e-10
2.858879845885812e-05,1.364060034090105e-10
3.159550863945590e-05,1.363319527677746e-10
3.491843729013453e-05,1.362573469761220e-10
3.859084139770492e-05,1.361821874815767e-10
4.264947561681323e-05,1.361064757298580e-10
4.713496012287843e-05,1.360302131612489e-10
5.209218715246060e-05,1.359534012067962e-10
5.757077029985334e-05,1.358760412906792e-10
6.362554106661115e-05,1.357981348277312e-10
7.031709763364645e-05,1.357196832204178e-10
7.771241134819200e-05,1.356406878601354e-10
8.588549699555374e-05,1.355611501258110e-10
9.491815356395940e-05,1.354810713829307e-10
1.049007829163263e-04,1.354004529809025e-10
1.159332945624905e-04,1.353192962559003e-10
1.281261055871622e-04,1.352376025286413e-10
1.416012457412214e-04,1.351553731015133e-10
1.564935787564811e-04,1.350726092621573e-10
1.729521521072439e-04,1.349893122812527e-10
1.911416887275217e-04,1.349054834103437e-10
2.112442356135248e-04,1.348211238842416e-10
2.334609858111876e-04,1.347362349199496e-10
2.580142920237960e-04,1.346508177151024e-10
2.851498919925769e-04,1.345648734480075e-10
3.151393679226079e-04,1.344784032786053e-10
3.482828645688079e-04,1.343914083474510e-10
3.849120931855259e-04,1.343038897724474e-10
4.253936514042669e-04,1.342158486526029e-10
4.701326922660057e-04,1.341272860651959e-10
5.195769791289974e-04,1.340382030628991e-10
5.742213670349657e-04,1.339486006758513e-10
6.346127553846864e-04,1.338584799087451e-10
7.013555614910102e-04,1.337678417380648e-10
7.751177697904812e-04,1.336766871101429e-10
8.566376172560946e-04,1.335850169392513e-10
9.467309819210534e-04,1.334928321032083e-10
1.046299548460350e-03,1.334001334358936e-10
1.156339832554060e-03,1.333069217265536e-10
1.277953154351212e-03,1.332128573026707e-10
1.405748469786333e-03,1.331227210866577e-10
1.533543785221454e-03,1.330403404378244e-10
1.661339100656575e-03,1.329645260567430e-10
1.789134416091696e-03,1.328940886439861e-10
1.916929731526817e-03,1.328279930014857e-10
2.000000000000000e-03,1.327871494906539e-10
2.044725046961939e-03,1.327658195011373e-10
2.172520362397060e-03,1.327072583250757e-10
2.300315677832181e-03,1.326519339866685e-10
2.428110993267302e-03,1.325994656846073e-10
2.555906308702423e-03,1.325495064819496e-10
2.683701624137544e-03,1.325018448992378e-10
2.811496939572665e-03,1.324563033213908e-10
2.939292255007787e-03,1.324127041333276e-10
3.067087570442908e-03,1.323708697199672e-10
3.194882885878029e-03,1.323306360154234e-10
3.322678201313150e-03,1.322918931511367e-10
3.450473516748271e-03,1.322545448080161e-10
3.578268832183392e-03,1.322184946669701e-10
3.706064147618514e-03,1.321836464089076e-10
3.833859463053635e-03,1.321499100442428e-10
3.961654778488756e-03,1.321172209013246e-10
4.089450093923877e-03,1.320855206379633e-10
4.217245409358998e-03,1.320547509119694e-10
4.345040724794119e-03,1.320248533811534e-10
4.472836040229241e-03,1.319957731136999e-10
4.600631355664362e-03,1.319674688193789e-10
4.728426671099482e-03,1.319399026183786e-10
4.856221986534604e-03,1.319130366308872e-10
4.984017301969726e-03,1.318868329770929e-10
5.111812617404846e-03,1.318612557549140e-10
5.239607932839968e-03,1.318362769731335e-10
5.367403248275089e-03,1.318118706182360e-10
5.495198563710209e-03,1.317880106767065e-10
5.622993879145331e-03,1.317646711350298e-10
5.750789194580453e-03,1.317418272112441e-10
5.878584510015573e-03,1.317194590496141e-10
6.006379825450694e-03,1.316975480259648e-10
6.134175140885816e-03,1.316760755161213e-10
6.261970456320937e-03,1.316550228959086e-10
6.389765771756058e-03,1.316343723462305e-10
6.517561087191179e-03,1.316141092682711e-10
6.645356402626300e-03,1.315942198682762e-10
6.773151718061422e-03,1.315746903524914e-10
6.900947033496543e-03,1.315555069271625e-10
7.028742348931663e-03,1.315366563473184e-10
7.156537664366785e-03,1.315181275631195e-10
7.284332979801906e-03,1.314999100735085e-10
7.412128295237027e-03,1.314819933774284e-10
7.539923610672148e-03,1.314643669738218e-10
7.667718926107269e-03,1.314470207490939e-10
7.795514241542391e-03,1.314299461395127e-10
7.923309556977513e-03,1.314131349688156e-10
8.051104872412632e-03,1.313965790607401e-10
8.178900187847754e-03,1.313802702390237e-10
8.306695503282877e-03,1.313642006059910e-10
8.434490818717996e-03,1.313483633783102e-10
8.562286134153118e-03,1.313327520512348e-10
8.690081449588239e-03,1.313173601200176e-10
8.817876765023359e-03,1.313021810799119e-10
8.945672080458482e-03,1.312872086419221e-10
9.073467395893601e-03,1.312724373800627e-10
9.201262711328723e-03,1.312578620841021e-10
9.329058026763846e-03,1.312434775438082e-10
9.456853342198965e-03,1.312292785489495e-10
9.584648657634087e-03,1.312152600194760e-10
9.712443973069206e-03,1.312014173960611e-10
9.840239288504329e-03,1.311877462495581e-10
9.968034603939451e-03,1.311742421508202e-10
1.009582991937457e-02,1.311609006707005e-10
1.022362523480969e-02,1.311477175690057e-10
1.035142055024482e-02,1.311346893613571e-10
1.047921586567993e-02,1.311218127523300e-10
1.060701118111506e-02,1.311090844464999e-10
1.073480649655018e-02,1.310965011484420e-10
1.086260181198530e-02,1.310840595627317e-10
1.099039712742042e-02,1.310717563939446e-10
1.111819244285554e-02,1.310595883466558e-10
1.124598775829066e-02,1.310475521254408e-10
1.137378307372578e-02,1.310356444348749e-10
1.150157838916090e-02,1.310238621417574e-10
1.162937370459603e-02,1.310122027617355e-10
1.175716902003114e-02,1.310006639726570e-10
1.188496433546627e-02,1.309892434523698e-10
1.201275965090139e-02,1.309779388787215e-10
1.214055496633651e-02,1.309667479295600e-10
1.226835028177163e-02,1.309556682827329e-10
1.239614559720675e-02,1.309446976160881e-10
1.252394091264187e-02,1.309338336074733e-10
1.265173622807700e-02,1.309230739347362e-10
1.277953154351211e-02,1.309124163726553e-10
1.290732685894724e-02,1.309018590837655e-10
1.303512217438236e-02,1.308914003275498e-10
1.316291748981748e-02,1.308810383634910e-10
1.329071280525260e-02,1.308707714510718e-10
1.341850812068772e-02,1.308605978497753e-10
1.354630343612284e-02,1.308505158190842e-10
1.367409875155796e-02,1.308405236184813e-10
1.380189406699308e-02,1.308306195074495e-10
1.392968938242821e-02,1.308208017454716e-10
1.405748469786333e-02,1.308110686615833e-10
1.418528001329845e-02,1.308014188630350e-10
1.431307532873357e-02,1.307918510266323e-10
1.444087064416869e-02,1.307823638291803e-10
1.456866595960381e-02,1.307729559474846e-10
1.469646127503893e-02,1.307636260583503e-10
1.482425659047405e-02,1.307543728385829e-10
1.495205190590917e-02,1.307451949649878e-10
1.507984722134430e-02,1.307360911143702e-10
1.520764253677942e-02,1.307270599635356e-10
1.533543785221454e-02,1.307181002361742e-10
1.546323316764966e-02,1.307092108435049e-10
1.559102848308478e-02,1.307003907436259e-10
1.571882379851990e-02,1.306916388946355e-10
1.584661911395502e-02,1.306829542546318e-10
1.597441442939014e-02,1.306743357817131e-10
1.610220974482527e-02,1.306657824339775e-10
1.623000506026039e-02,1.306572931695235e-10
1.635780037569551e-02,1.306488669464491e-10
1.648559569113063e-02,1.306405027228525e-10
1.661339100656575e-02,1.306321994975412e-10
1.674118632200087e-02,1.306239564321753e-10
1.686898163743599e-02,1.306157727291323e-10
1.699677695287111e-02,1.306076475907898e-10
1.712457226830624e-02,1.305995802195254e-10
1.725236758374135e-02,1.305915698177166e-10
1.738016289917648e-02,1.305836155877410e-10
1.750795821461160e-02,1.305757167319761e-10
1.763575353004672e-02,1.305678724527994e-10
1.776354884548184e-02,1.305600819525885e-10
1.789134416091696e-02,1.305523444398522e-10
1.801913947635208e-02,1.305446591476250e-10
1.814693479178720e-02,1.305370253150729e-10
1.827473010722232e-02,1.305294421813620e-10
1.840252542265745e-02,1.305219089856583e-10
1.853032073809257e-02,1.305144249671278e-10
1.865811605352769e-02,1.305069893649366e-10
1.878591136896281e-02,1.304996014182508e-10
1.891370668439793e-02,1.304922603662364e-10
1.904150199983305e-02,1.304849654480594e-10
1.916929731526817e-02,1.304777159975816e-10
1.929709263070329e-02,1.304705117274299e-10
1.942488794613842e-02,1.304633524449182e-10
1.955268326157353e-02,1.304562379573602e-10
1.968047857700866e-02,1.304491680720697e-10
1.980827389244378e-02,1.304421425963605e-10
1.993606920787890e-02,1.304351613375462e-10
2.006386452331402e-02,1.304282241029408e-10
2.019165983874914e-02,1.304213306998580e-10
2.031945515418426e-02,1.304144809356116e-10
2.044725046961939e-02,1.304076743535879e-10
2.057504578505450e-02,1.304009094413433e-10
2.070284110048963e-02,1.303941844224469e-10
2.083063641592475e-02,1.303874975204676e-10
2.095843173135987e-02,1.303808469589745e-10
2.108622704679499e-02,1.303742309615364e-10
2.121402236223011e-02,1.303676477517224e-10
2.134181767766523e-02,1.303610955531013e-10
2.146961299310035e-02,1.303545725892423e-10
2.159740830853547e-02,1.303480770837142e-10
2.172520362397060e-02,1.303416083145576e-10
2.185299893940572e-02,1.303351697778667e-10
2.198079425484084e-02,1.303287660242910e-10
2.210858957027596e-02,1.303224016044799e-10
2.223638488571108e-02,1.303160810690829e-10
2.236418020114620e-02,1.303098089687495e-10
2.249197551658132e-02,1.303035898541292e-10
2.261977083201644e-02,1.302974282758713e-10
2.274756614745157e-02,1.302913287846255e-10
2.287536146288669e-02,1.302852959310413e-10
2.300315677832181e-02,1.302793321209977e-10
2.313095209375693e-02,1.302734311815877e-10
2.325874740919205e-02,1.302675847952813e-10
2.338654272462717e-02,1.302617846445482e-10
2.351433804006229e-02,1.302560224118586e-10
2.364213335549741e-02,1.302502897796822e-10
2.376992867093253e-02,1.302445784304890e-10
2.389772398636766e-02,1.302388800467489e-10
2.402551930180278e-02,1.302331863109319e-10
2.415331461723790e-02,1.302274889055078e-10
2.428110993267302e-02,1.302217817243256e-10
2.440890524810814e-02,1.302160675057913e-10
2.453670056354326e-02,1.302103511992106e-10
2.466449587897838e-02,1.302046377538892e-10
2.479229119441350e-02,1.301989321191327e-10
2.492008650984863e-02,1.301932392442468e-10
2.504788182528375e-02,1.301875640785372e-10
2.517567714071887e-02,1.301819115713096e-10
2.530347245615399e-02,1.301762866718697e-10
2.543126777158911e-02,1.301706943295231e-10
2.555906308702423e-02,1.301651383950127e-10
2.568685840245935e-02,1.301596183245996e-10
2.581465371789447e-02,1.301541324758674e-10
2.594244903332960e-02,1.301486792063996e-10
2.607024434876471e-02,1.301432568737795e-10
2.619803966419984e-02,1.301378638355905e-10
2.632583497963496e-02,1.301324984494162e-10
2.645363029507008e-02,1.301271590728401e-10
2.658142561050520e-02,1.301218440634454e-10
2.670922092594032e-02,1.301165517788158e-10
2.683701624137544e-02,1.301112808779217e-10
2.696481155681056e-02,1.301060312252561e-10
2.709260687224568e-02,1.301008029866859e-10
2.722040218768081e-02,1.300955963280781e-10
2.734819750311593e-02,1.300904114152997e-10
2.747599281855105e-02,1.300852484142175e-10
2.760378813398617e-02,1.300801074906985e-10
2.773158344942129e-02,1.300749888106097e-10
2.785937876485641e-02,1.300698925398180e-10
2.798717408029153e-02,1.300648188441904e-10
2.811496939572665e-02,1.300597678146334e-10
2.824276471116178e-02,1.300547392422413e-10
2.837056002659689e-02,1.300497328431622e-10
2.849835534203202e-02,1.300447483335442e-10
2.862615065746714e-02,1.300397854295355e-10
2.875394597290226e-02,1.300348438472843e-10
2.888174128833738e-02,1.300299233029387e-10
2.900953660377250e-02,1.300250235126469e-10
2.913733191920762e-02,1.300201441925571e-10
2.926512723464274e-02,1.300152850588174e-10
2.939292255007787e-02,1.300104458525283e-10
2.952071786551299e-02,1.300056264146053e-10
2.964851318094811e-02,1.300008266109197e-10
2.977630849638323e-02,1.299960463073428e-10
2.990410381181835e-02,1.299912853697455e-10
3.003189912725347e-02,1.299865436639992e-10
3.015969444268859e-02,1.299818210559750e-10
3.028748975812371e-02,1.299771174115440e-10
3.041528507355883e-02,1.299724325965775e-10
3.054308038899396e-02,1.299677664769466e-10
3.067087570442908e-02,1.299631189159618e-10
3.079867101986420e-02,1.299584897666911e-10
3.092646633529932e-02,1.299538788796419e-10
3.105426165073444e-02,1.299492861053216e-10
3.118205696616956e-02,1.299447112942376e-10
3.130985228160468e-02,1.299401542968972e-10
3.143764759703981e-02,1.299356149638077e-10
3.156544291247493e-02,1.299310931454767e-10
3.169323822791005e-02,1.299265886924114e-10
3.182103354334517e-02,1.299221014551193e-10
3.194882885878029e-02,1.299176312883003e-10
3.207662417421541e-02,1.299131780634234e-10
3.220441948965053e-02,1.299087416561497e-10
3.233221480508566e-02,1.299043219421399e-10
3.246001012052077e-02,1.298999187970551e-10
3.258780543595589e-02,1.298955320965563e-10
3.271560075139102e-02,1.298911617163042e-10
3.284339606682614e-02,1.298868075319600e-10
3.297119138226126e-02,1.298824694191844e-10
3.309898669769638e-02,1.298781472536385e-10
3.322678201313150e-02,1.298738409128423e-10
3.335457732856662e-02,1.298695502817523e-10
3.348237264400174e-02,1.298652752471847e-10
3.361016795943687e-02,1.298610156959554e-10
3.373796327487198e-02,1.298567715148805e-10
3.386575859030710e-02,1.298525425907760e-10
3.399355390574223e-02,1.298483288104579e-10
3.412134922117735e-02,1.298441300607422e-10
3.424914453661247e-02,1.298399462284449e-10
3.437693985204759e-02,1.298357772003821e-10
3.450473516748271e-02,1.298316228654211e-10
3.463253048291783e-02,1.298274831206346e-10
3.476032579835295e-02,1.298233578651467e-10
3.488812111378808e-02,1.298192469980814e-10
3.501591642922319e-02,1.298151504185628e-10
3.514371174465832e-02,1.298110680257150e-10
3.527150706009344e-02,1.298069997186619e-10
3.539930237552856e-02,1.298029453965278e-10
3.552709769096368e-02,1.297989049584365e-10
3.565489300639881e-02,1.297948783035122e-10
3.578268832183392e-02,1.297908653325319e-10
3.591048363726904e-02,1.297868659528835e-10
3.603827895270417e-02,1.297828800736079e-10
3.616607426813929e-02,1.297789076037457e-10
3.629386958357441e-02,1.297749484523376e-10
3.642166489900953e-02,1.297710025284243e-10
3.654946021444465e-02,1.297670697410466e-10
3.667725552987977e-02,1.297631499992451e-10
3.680505084531489e-02,1.297592432120606e-10
3.693284616075002e-02,1.297553492885338e-10
3.706064147618514e-02,1.297514681391860e-10
3.718843679162025e-02,1.297475996804617e-10
3.731623210705538e-02,1.297437438302863e-10
3.744402742249050e-02,1.297399005065850e-10
3.757182273792562e-02,1.297360696272833e-10
3.769961805336074e-02,1.297322511103065e-10
3.782741336879586e-02,1.297284448735799e-10
3.795520868423098e-02,1.297246508350289e-10
3.808300399966610e-02,1.297208689125788e-10
3.821079931510123e-02,1.297170990241550e-10
3.833859463053635e-02,1.297133410889756e-10
3.846638994597146e-02,1.297095950314294e-10
3.859418526140659e-02,1.297058607771982e-10
3.872198057684171e-02,1.297021382519636e-10
3.884977589227683e-02,1.296984273814074e-10
3.897757120771195e-02,1.296947280912111e-10
3.910536652314707e-02,1.296910403070566e-10
3.923316183858219e-02,1.296873639546254e-10
3.936095715401731e-02,1.296836989595992e-10
3.948875246945244e-02,1.296800452476598e-10
3.961654778488756e-02,1.296764027456249e-10
3.974434310032268e-02,1.296727713848564e-10
3.987213841575780e-02,1.296691510978524e-10
3.999993373119292e-02,1.296655418171107e-10
4.012772904662804e-02,1.296619434751292e-10
4.025552436206317e-02,1.296583560044060e-10
4.038331967749829e-02,1.296547793374390e-10
4.051111499293340e-02,1.296512134067261e-10
4.063891030836853e-02,1.296476581447651e-10
4.076670562380365e-02,1.296441134840542e-10
4.089450093923877e-02,1.296405793580844e-10
4.102229625467389e-02,1.296370557043207e-10
4.115009157010902e-02,1.296335424612213e-10
4.127788688554413e-02,1.296300395672445e-10
4.140568220097925e-02,1.296265469608486e-10
4.153347751641438e-02,1.296230645804921e-10
4.166127283184950e-02,1.296195923646330e-10
4.178906814728462e-02,1.296161302517298e-10
4.191686346271974e-02,1.296126781802408e-10
4.204465877815486e-02,1.296092360886243e-10
4.217245409358998e-02,1.296058039162129e-10
4.230024940902510e-02,1.296023816058363e-10
4.242804472446023e-02,1.295989691011987e-10
4.255584003989534e-02,1.295955663460041e-10
4.268363535533046e-02,1.295921732839566e-10
4.281143067076559e-02,1.295887898587604e-10
4.293922598620071e-02,1.295854160141195e-10
4.306702130163583e-02,1.295820516937380e-10
4.319481661707095e-02,1.295786968413201e-10
4.332261193250607e-02,1.295753514005697e-10
4.345040724794119e-02,1.295720153159694e-10
4.357820256337631e-02,1.295686885351148e-10
4.370599787881144e-02,1.295653710063798e-10
4.383379319424656e-02,1.295620626781381e-10
4.396158850968167e-02,1.295587634987638e-10
4.408938382511680e-02,1.295554734166307e-10
4.421717914055192e-02,1.295521923801127e-10
4.434497445598704e-02,1.295489203375836e-10
4.447276977142216e-02,1.295456572374174e-10
4.460056508685728e-02,1.295424030279879e-10
4.472836040229240e-02,1.295391576583681e-10
4.485615571772752e-02,1.295359210804276e-10
4.498395103316265e-02,1.295326932467354e-10
4.511174634859777e-02,1.295294741098603e-10
4.523954166403289e-02,1.295262636223712e-10
4.536733697946801e-02,1.295230617368370e-10
4.549513229490313e-02,1.295198684058266e-10
4.562292761033825e-02,1.295166835819089e-10
4.575072292577338e-02,1.295135072176527e-10
4.587851824120850e-02,1.295103392656271e-10
4.600631355664361e-02,1.295071796790310e-10
4.613410887207874e-02,1.295040284135852e-10
4.626190418751386e-02,1.295008854256402e-10
4.638969950294898e-02,1.294977506715469e-10
4.651749481838410e-02,1.294946241076562e-10
4.664529013381922e-02,1.294915056903188e-10
4.677308544925434e-02,1.294883953758856e-10
4.690088076468946e-02,1.294852931207073e-10
4.702867608012459e-02,1.294821988811348e-10
4.715647139555971e-02,1.294791126135188e-10
4.728426671099482e-02,1.294760342747693e-10
4.741206202642995e-02,1.294729638240333e-10
4.753985734186507e-02,1.294699012210165e-10
4.766765265730019e-02,1.294668464254250e-10
4.779544797273531e-02,1.294637993969648e-10
4.792324328817044e-02,1.294607600953417e-10
4.805103860360555e-02,1.294577284802618e-10
4.817883391904067e-02,1.294547045114309e-10
4.830662923447580e-02,1.294516881485551e-10
4.843442454991092e-02,1.294486793513404e-10
4.856221986534604e-02,1.294456780800067e-10
4.869001518078116e-02,1.294426842968304e-10
4.881781049621628e-02,1.294396979646019e-10
4.894560581165140e-02,1.294367190461114e-10
4.907340112708652e-02,1.294337475041492e-10
4.920119644252165e-02,1.294307833015057e-10
4.932899175795677e-02,1.294278264009712e-10
4.945678707339188e-02,1.294248767653360e-10
4.958458238882701e-02,1.294219343573905e-10
4.971237770426213e-02,1.294189991399249e-10
4.984017301969725e-02,1.294160710760862e-10
4.996796833513237e-02,1.294131501304476e-10
5.000000000000000e-02,1.294124191122589e-10
5.009576365056749e-02,1.294102362679828e-10
5.022355896600261e-02,1.294073294540446e-10
5.035135428143774e-02,1.294044296541817e-10
5.047914959687286e-02,1.294015368339443e-10
5.060694491230798e-02,1.293986509588829e-10
5.073474022774310e-02,1.293957719945476e-10
5.086253554317822e-02,1.293928999064888e-10
5.099033085861334e-02,1.293900346602567e-10
5.111812617404846e-02,1.293871762217859e-10
5.124592148948359e-02,1.293843245585472e-10
5.137371680491870e-02,1.293814796383960e-10
5.150151212035382e-02,1.293786414291871e-10
5.162930743578895e-02,1.293758098987759e-10
5.175710275122407e-02,1.293729850150175e-10
5.188489806665919e-02,1.293701667457669e-10
5.201269338209431e-02,1.293673550588794e-10
5.214048869752943e-02,1.293645499222101e-10
5.226828401296455e-02,1.293617513036140e-10
5.239607932839967e-02,1.293589591713269e-10
5.252387464383480e-02,1.293561734951064e-10
5.265166995926992e-02,1.293533942450903e-10
5.277946527470503e-02,1.293506213914168e-10
5.290726059014016e-02,1.293478549042239e-10
5.303505590557528e-02,1.293450947536496e-10
5.316285122101040e-02,1.293423409098318e-10
5.329064653644552e-02,1.293395933429086e-10
5.341844185188065e-02,1.293368520230180e-10
5.354623716731576e-02,1.293341169202981e-10
5.367403248275088e-02,1.293313880052271e-10
5.380182779818601e-02,1.293286652496447e-10
5.392962311362113e-02,1.293259486257309e-10
5.405741842905625e-02,1.293232381056658e-10
5.418521374449137e-02,1.293205336616293e-10
5.431300905992649e-02,1.293178352658014e-10
5.444080437536161e-02,1.293151428903622e-10
5.456859969079673e-02,1.293124565074917e-10
5.469639500623186e-02,1.293097760893699e-10
5.482419032166697e-02,1.293071016081768e-10
5.495198563710210e-02,1.293044330364029e-10
5.507978095253722e-02,1.293017703477802e-10
5.520757626797234e-02,1.292991135163515e-10
5.533537158340746e-02,1.292964625161593e-10
5.546316689884258e-02,1.292938173212461e-10
5.559096221427770e-02,1.292911779056545e-10
5.571875752971282e-02,1.292885442434272e-10
5.584655284514795e-02,1.292859163086067e-10
5.597434816058307e-02,1.292832940752356e-10
5.610214347601819e-02,1.292806775173565e-10
5.622993879145331e-02,1.292780666092918e-10
5.635773410688843e-02,1.292754613264833e-10
5.648552942232355e-02,1.292728616446527e-10
5.661332473775867e-02,1.292702675395215e-10
5.674112005319380e-02,1.292676789868115e-10
5.686891536862891e-02,1.292650959622441e-10
5.699671068406403e-02,1.292625184415410e-10
5.712450599949916e-02,1.292599464004238e-10
5.725230131493428e-02,1.292573798146142e-10
5.738009663036940e-02,1.292548186598338e-10
5.750789194580452e-02,1.292522629120591e-10
5.763568726123964e-02,1.292497125482862e-10
5.776348257667476e-02,1.292471675457664e-10
5.789127789210988e-02,1.292446278817509e-10
5.801907320754501e-02,1.292420935334907e-10
5.814686852298013e-02,1.292395644782370e-10
5.827466383841524e-02,1.292370406932411e-10
5.840245915385037e-02,1.292345221557541e-10
5.853025446928549e-02,1.292320088430271e-10
5.865804978472061e-02,1.292295007323112e-10
5.878584510015573e-02,1.292269978010928e-10
5.891364041559085e-02,1.292245000277981e-10
5.904143573102597e-02,1.292220073910884e-10
5.916923104646109e-02,1.292195198696250e-10
5.929702636189622e-02,1.292170374420695e-10
5.942482167733134e-02,1.292145600870830e-10
5.955261699276646e-02,1.292120877833270e-10
5.968041230820158e-02,1.292096205094628e-10
5.980820762363670e-02,1.292071582441517e-10
5.993600293907182e-02,1.292047009660551e-10
6.006379825450694e-02,1.292022486540527e-10
6.019159356994207e-02,1.291998012878977e-10
6.031938888537718e-02,1.291973588475617e-10
6.044718420081231e-02,1.291949213130162e-10
6.057497951624743e-02,1.291924886642328e-10
6.070277483168255e-02,1.291900608811830e-10
6.083057014711767e-02,1.291876379438383e-10
6.095836546255279e-02,1.291852198321704e-10
6.108616077798791e-02,1.291828065261507e-10
6.121395609342303e-02,1.291803980057507e-10
6.134175140885816e-02,1.291779942511439e-10
6.146954672429328e-02,1.291755952433097e-10
6.159734203972840e-02,1.291732009634299e-10
6.172513735516352e-02,1.291708113926858e-10
6.185293267059864e-02,1.291684265122590e-10
6.198072798603376e-02,1.291660463033308e-10
6.210852330146888e-02,1.291636707470829e-10
6.223631861690401e-02,1.291612998246966e-10
6.236411393233912e-02,1.291589335173536e-10
6.249190924777424e-02,1.291565718062351e-10
6.261970456320937e-02,1.291542146727074e-10
6.274749987864449e-02,1.291518620988743e-10
6.287529519407961e-02,1.291495140670247e-10
6.300309050951473e-02,1.291471705594471e-10
6.313088582494986e-02,1.291448315584301e-10
6.325868114038498e-02,1.291424970462625e-10
6.338647645582010e-02,1.291401670052327e-10
6.351427177125522e-02,1.291378414176296e-10
6.364206708669033e-02,1.291355202657417e-10
6.376986240212545e-02,1.291332035318576e-10
6.389765771756058e-02,1.291308911984342e-10
6.402545303299570e-02,1.291285832486018e-10
6.415324834843082e-02,1.291262796656587e-10
6.428104366386594e-02,1.291239804329033e-10
6.440883897930107e-02,1.291216855336341e-10
6.453663429473619e-02,1.291193949511494e-10
6.466442961017131e-02,1.291171086687477e-10
6.479222492560642e-02,1.291148266697274e-10
6.492002024104154e-02,1.291125489373868e-10
6.504781555647667e-02,1.291102754550245e-10
6.517561087191179e-02,1.291080062060939e-10
6.530340618734691e-02,1.291057411746691e-10
6.543120150278203e-02,1.291034803449795e-10
6.555899681821716e-02,1.291012237012542e-10
6.568679213365228e-02,1.290989712277225e-10
6.581458744908740e-02,1.290967229086138e-10
6.594238276452252e-02,1.290944787281573e-10
6.607017807995763e-02,1.290922386705822e-10
6.619797339539275e-02,1.290900027201178e-10
6.632576871082788e-02,1.290877708609933e-10
6.645356402626300e-02,1.290855430775829e-10
6.658135934169812e-02,1.290833193548399e-10
6.670915465713324e-02,1.290810996778623e-10
6.683694997256837e-02,1.290788840317483e-10
6.696474528800349e-02,1.290766724015961e-10
6.709254060343861e-02,1.290744647725036e-10
6.722033591887373e-02,1.290722611295691e-10
6.734813123430886e-02,1.290700614578907e-10
6.747592654974396e-02,1.290678657425665e-10
6.760372186517909e-02,1.290656739686946e-10
6.773151718061421e-02,1.290634861215086e-10
6.785931249604933e-02,1.290613021867838e-10
6.798710781148445e-02,1.290591221504308e-10
6.811490312691958e-02,1.290569459983604e-10
6.824269844235470e-02,1.290547737164832e-10
6.837049375778982e-02,1.290526052907100e-10
6.849828907322494e-02,1.290504407069514e-10
6.862608438866007e-02,1.290482799511181e-10
6.875387970409517e-02,1.290461230091210e-10
6.888167501953030e-02,1.290439698668706e-10
6.900947033496542e-02,1.290418205104069e-10
6.913726565040054e-02,1.290396749262869e-10
6.926506096583566e-02,1.290375331011968e-10
6.939285628127079e-02,1.290353950218229e-10
6.952065159670591e-02,1.290332606748515e-10
6.964844691214103e-02,1.290311300469689e-10
6.977624222757615e-02,1.290290031248612e-10
6.990403754301128e-02,1.290268798952148e-10
7.003183285844640e-02,1.290247603447159e-10
7.015962817388151e-02,1.290226444600508e-10
7.028742348931663e-02,1.290205322280130e-10
7.041521880475175e-02,1.290184236358248e-10
7.054301412018688e-02,1.290163186708157e-10
7.067080943562200e-02,1.290142173203152e-10
7.079860475105712e-02,1.290121195716530e-10
7.092640006649224e-02,1.290100254121586e-10
7.105419538192737e-02,1.290079348291615e-10
7.118199069736249e-02,1.290058478099912e-10
7.130978601279761e-02,1.290037643419774e-10
7.152277820518949e-02,1.290002997523328e-10
7.173577039758135e-02,1.289968449338555e-10
7.194876258997322e-02,1.289933998313821e-10
7.216175478236508e-02,1.289899643904484e-10
7.237474697475696e-02,1.289865385565902e-10
7.258773916714882e-02,1.289831222753433e-10
7.280073135954070e-02,1.289797154922434e-10
7.301372355193256e-02,1.289763181528263e-10
7.322671574432443e-02,1.289729302026279e-10
7.343970793671629e-02,1.289695515871838e-10
7.365270012910817e-02,1.289661822520299e-10
7.386569232150003e-02,1.289628221434659e-10
7.407868451389191e-02,1.289594712108466e-10
7.429167670628377e-02,1.289561294042909e-10
7.450466889867564e-02,1.289527966739176e-10
7.471766109106751e-02,1.289494729698453e-10
7.493065328345938e-02,1.289461582421931e-10
7.514364547585124e-02,1.289428524410797e-10
7.535663766824312e-02,1.289395555166237e-10
7.556962986063498e-02,1.289362674189441e-10
7.578262205302685e-02,1.289329880981597e-10
7.599561424541872e-02,1.289297175050530e-10
7.620860643781059e-02,1.289264555930613e-10
7.642159863020245e-02,1.289232023162860e-10
7.663459082259433e-02,1.289199576288279e-10
7.684758301498619e-02,1.289167214847884e-10
7.706057520737807e-02,1.289134938382685e-10
7.727356739976993e-02,1.289102746433694e-10
7.748655959216180e-02,1.289070638541922e-10
7.769955178455366e-02,1.289038614248380e-10
7.791254397694554e-02,1.289006673094080e-10
7.812553616933740e-02,1.288974814625972e-10
7.833852836172928e-02,1.288943038414766e-10
7.855152055412114e-02,1.288911344037110e-10
7.876451274651301e-02,1.288879731069652e-10
7.897750493890487e-02,1.288848199089041e-10
7.919049713129675e-02,1.288816747671923e-10
7.940348932368861e-02,1.288785376394948e-10
7.961648151608049e-02,1.288754084834764e-10
7.982947370847235e-02,1.288722872568019e-10
8.004246590086422e-02,1.288691739171361e-10
8.025545809325609e-02,1.288660684226693e-10
8.046845028564796e-02,1.288629707336940e-10
8.068144247803982e-02,1.288598808110283e-10
8.089443467043170e-02,1.288567986154902e-10
8.110742686282357e-02,1.288537241078978e-10
8.132041905521543e-02,1.288506572490691e-10
8.153341124760730e-02,1.288475979998221e-10
8.174640343999917e-02,1.288445463209749e-10
8.195939563239105e-02,1.288415021733456e-10
8.217238782478291e-02,1.288384655177523e-10
8.238538001717477e-02,1.288354363154974e-10
8.259837220956665e-02,1.288324145298219e-10
8.281136440195852e-02,1.288294001244513e-10
8.302435659435038e-02,1.288263930631109e-10
8.323734878674224e-02,1.288233933095263e-10
8.345034097913412e-02,1.288204008274228e-10
8.366333317152599e-02,1.288174155805260e-10
8.387632536391786e-02,1.288144375325612e-10
8.408931755630973e-02,1.288114666472540e-10
8.430230974870159e-02,1.288085028883297e-10
8.451530194109347e-02,1.288055462199527e-10
8.472829413348533e-02,1.288025966080421e-10
8.494128632587720e-02,1.287996540189560e-10
8.515427851826907e-02,1.287967184190525e-10
8.536727071066094e-02,1.287937897746896e-10
8.558026290305280e-02,1.287908680522254e-10
8.579325509544468e-02,1.287879532180180e-10
8.600624728783654e-02,1.287850452384253e-10
8.621923948022842e-02,1.287821440798053e-10
8.643223167262028e-02,1.287792497085164e-10
8.664522386501215e-02,1.287763620913047e-10
8.685821605740401e-02,1.287734811964705e-10
8.707120824979589e-02,1.287706069927025e-10
8.728420044218775e-02,1.287677394486891e-10
8.749719263457963e-02,1.287648785331191e-10
8.771018482697149e-02,1.287620242146809e-10
8.792317701936336e-02,1.287591764620631e-10
8.813616921175522e-02,1.287563352439544e-10
8.834916140414710e-02,1.287535005290433e-10
8.856215359653896e-02,1.287506722860183e-10
8.877514578893084e-02,1.287478504839239e-10
8.898813798132270e-02,1.287450350932270e-10
8.920113017371457e-02,1.287422260847503e-10
8.941412236610644e-02,1.287394234293167e-10
8.962711455849831e-02,1.287366270977487e-10
8.984010675089017e-02,1.287338370608691e-10
9.005309894328205e-02,1.287310532895007e-10
9.026609113567391e-02,1.287282757544661e-10
9.047908332806578e-02,1.287255044265881e-10
9.069207552045766e-02,1.287227392766893e-10
9.090506771284952e-02,1.287199802759234e-10
9.111805990524138e-02,1.287172273967671e-10
9.133105209763326e-02,1.287144806120280e-10
9.154404429002513e-02,1.287117398945136e-10
9.175703648241700e-02,1.287090052170318e-10
9.197002867480886e-02,1.287062765523900e-10
9.218302086720073e-02,1.287035538733958e-10
9.239601305959261e-02,1.287008371528570e-10
9.260900525198447e-02,1.286981263635811e-10
9.282199744437633e-02,1.286954214783757e-10
9.303498963676821e-02,1.286927224703442e-10
9.324798182916008e-02,1.286900293137732e-10
9.346097402155194e-02,1.286873419832449e-10
9.367396621394380e-02,1.286846604533417e-10
9.388695840633568e-02,1.286819846986459e-10
9.409995059872756e-02,1.286793146937398e-10
9.431294279111942e-02,1.286766504132058e-10
9.452593498351128e-02,1.286739918316260e-10
9.473892717590315e-02,1.286713389235829e-10
9.495191936829503e-02,1.286686916636587e-10
9.516491156068689e-02,1.286660500267033e-10
9.537790375307875e-02,1.286634139886363e-10
9.559089594547063e-02,1.286607835256449e-10
9.580388813786250e-02,1.286581586139162e-10
9.601688033025436e-02,1.286555392296373e-10
9.622987252264624e-02,1.286529253489955e-10
9.644286471503810e-02,1.286503169481779e-10
9.665585690742998e-02,1.286477140033716e-10
9.686884909982184e-02,1.286451164907637e-10
9.708184129221371e-02,1.286425243865415e-10
9.729483348460558e-02,1.286399376671430e-10
9.750782567699745e-02,1.286373563100105e-10
9.772081786938931e-02,1.286347802928370e-10
9.793381006178119e-02,1.286322095933158e-10
9.814680225417305e-02,1.286296441891400e-10
9.835979444656492e-02,1.286270840580027e-10
9.857278663895679e-02,1.286245291775972e-10
9.878577883134866e-02,1.286219795256165e-10
9.899877102374052e-02,1.286194350797538e-10
9.921176321613240e-02,1.286168958177022e-10
9.942475540852426e-02,1.286143617173859e-10
9.963774760091614e-02,1.286118327576523e-10
9.985073979330800e-02,1.286093089175799e-10
1.000637319857000e-01,1.286067901762472e-10
1.002767241780920e-01,1.286042765127325e-10
1.004897163704840e-01,1.286017679061143e-10
1.007027085628750e-01,1.285992643354709e-10
1.009157007552670e-01,1.285967657798809e-10
1.011286929476590e-01,1.285942722184227e-10
1.013416851400510e-01,1.285917836301746e-10
1.015546773324430e-01,1.285892999944216e-10
1.017676695248350e-01,1.285868212912744e-10
1.019806617172270e-01,1.285843475010503e-10
1.021936539096190e-01,1.285818786040666e-10
1.024066461020100e-01,1.285794145806405e-10
1.026196382944020e-01,1.285769554110893e-10
1.028326304867940e-01,1.285745010757303e-10
1.030456226791860e-01,1.285720515548807e-10
1.032586148715780e-01,1.285696068288580e-10
1.034716070639700e-01,1.285671668779793e-10
1.036845992563620e-01,1.285647316827544e-10
1.038975914487540e-01,1.285623012244626e-10
1.041105836411450e-01,1.285598754845761e-10
1.043235758335370e-01,1.285574544445664e-10
1.045365680259290e-01,1.285550380859056e-10
1.047495602183210e-01,1.285526263900656e-10
1.049625524107130e-01,1.285502193385181e-10
1.051755446031050e-01,1.285478169127352e-10
1.053885367954970e-01,1.285454190941886e-10
1.056015289878880e-01,1.285430258643502e-10
1.058145211802800e-01,1.285406372048735e-10
1.060275133726720e-01,1.285382530981382e-10
1.062405055650640e-01,1.285358735267054e-10
1.064534977574560e-01,1.285334984731361e-10
1.066664899498480e-01,1.285311279199915e-10
1.068794821422400e-01,1.285287618498327e-10
1.070924743346320e-01,1.285264002452208e-10
1.073054665270230e-01,1.285240430887169e-10
1.075184587194150e-01,1.285216903628821e-10
1.077314509118070e-01,1.285193420502775e-10
1.079444431041990e-01,1.285169981336283e-10
1.081574352965910e-01,1.285146585963165e-10
1.083704274889830e-01,1.285123234218886e-10
1.085834196813750e-01,1.285099925938909e-10
1.087964118737660e-01,1.285076660958698e-10
1.090094040661580e-01,1.285053439113716e-10
1.092223962585500e-01,1.285030260239427e-10
1.094353884509420e-01,1.285007124171295e-10
1.096483806433340e-01,1.284984030744784e-10
1.098613728357260e-01,1.284960979795356e-10
1.100743650281180e-01,1.284937971159975e-10
1.102873572205100e-01,1.284915004681595e-10
1.105003494129010e-01,1.284892080204674e-10
1.107133416052930e-01,1.284869197573664e-10
1.109263337976850e-01,1.284846356633023e-10
1.111393259900770e-01,1.284823557227204e-10
1.113523181824690e-01,1.284800799200664e-10
1.115653103748610e-01,1.284778082397858e-10
1.117783025672530e-01,1.284755406663240e-10
1.119912947596450e-01,1.284732771841267e-10
1.122042869520360e-01,1.284710177777824e-10
1.124172791444280e-01,1.284687624324517e-10
1.126302713368200e-01,1.284665111334385e-10
1.128432635292120e-01,1.284642638660466e-10
1.130562557216040e-01,1.284620206155797e-10
1.132692479139960e-01,1.284597813673416e-10
1.134822401063880e-01,1.284575461066361e-10
1.136952322987790e-01,1.284553148187669e-10
1.139082244911710e-01,1.284530874890379e-10
1.141212166835630e-01,1.284508641027527e-10
1.143342088759550e-01,1.284486446453481e-10
1.145472010683470e-01,1.284464291027922e-10
1.147601932607390e-01,1.284442174611859e-10
1.149731854531310e-01,1.284420097066303e-10
1.151861776455230e-01,1.284398058252264e-10
1.153991698379140e-01,1.284376058030750e-10
1.156121620303060e-01,1.284354096262772e-10
1.158251542226980e-01,1.284332172809339e-10
1.160381464150900e-01,1.284310287531462e-10
1.162511386074820e-01,1.284288440290149e-10
1.164641307998740e-01,1.284266630947610e-10
1.166771229922660e-01,1.284244859370844e-10
1.168901151846570e-01,1.284223125428052e-10
1.171031073770490e-01,1.284201428987430e-10
1.173160995694410e-01,1.284179769917178e-10
1.175290917618330e-01,1.284158148085493e-10
1.177420839542250e-01,1.284136563360575e-10
1.179550761466170e-01,1.284115015610620e-10
1.181680683390090e-01,1.284093504703829e-10
1.183810605314010e-01,1.284072030508399e-10
1.185940527237920e-01,1.284050592893657e-10
1.188070449161840e-01,1.284029191733446e-10
1.190200371085760e-01,1.284007826902742e-10
1.192330293009680e-01,1.283986498276518e-10
1.194460214933600e-01,1.283965205729747e-10
1.196590136857520e-01,1.283943949137403e-10
1.198720058781440e-01,1.283922728374460e-10
1.200849980705360e-01,1.283901543315892e-10
1.202979902629270e-01,1.283880393836673e-10
1.205109824553190e-01,1.283859279811776e-10
1.207239746477110e-01,1.283838201117235e-10
1.209369668401030e-01,1.283817157633324e-10
1.211499590324950e-01,1.283796149241378e-10
1.213629512248870e-01,1.283775175822730e-10
1.215759434172790e-01,1.283754237258714e-10
1.217889356096700e-01,1.283733333430666e-10
1.220019278020620e-01,1.283712464219920e-10
1.222149199944540e-01,1.283691629507808e-10
1.224279121868460e-01,1.283670829175667e-10
1.226409043792380e-01,1.283650063104830e-10
1.228538965716300e-01,1.283629331177620e-10
1.230668887640220e-01,1.283608633280313e-10
1.232798809564140e-01,1.283587969300174e-10
1.234928731488050e-01,1.283567339124468e-10
1.237058653411970e-01,1.283546742640457e-10
1.239188575335890e-01,1.283526179735409e-10
1.241318497259810e-01,1.283505650296586e-10
1.243448419183730e-01,1.283485154211254e-10
1.245578341107650e-01,1.283464691366677e-10
1.247708263031570e-01,1.283444261650120e-10
1.249838184955480e-01,1.283423864949771e-10
1.251968106879400e-01,1.283403501157510e-10
1.254098028803320e-01,1.283383170166139e-10
1.256227950727240e-01,1.283362871868464e-10
1.258357872651160e-01,1.283342606157286e-10
1.260487794575080e-01,1.283322372925409e-10
1.262617716499000e-01,1.283302172065636e-10
1.264747638422920e-01,1.283282003470771e-10
1.266877560346830e-01,1.283261867033616e-10
1.269007482270750e-01,1.283241762646974e-10
1.271137404194670e-01,1.283221690204515e-10
1.273267326118590e-01,1.283201649603364e-10
1.275397248042510e-01,1.283181640741513e-10
1.277527169966430e-01,1.283161663516951e-10
1.279657091890350e-01,1.283141717827670e-10
1.281787013814270e-01,1.283121803571661e-10
1.283916935738180e-01,1.283101920646914e-10
1.286046857662100e-01,1.283082068951420e-10
1.288176779586020e-01,1.283062248383169e-10
1.290306701509940e-01,1.283042458840153e-10
1.292436623433860e-01,1.283022700221168e-10
1.294566545357780e-01,1.283002972428239e-10
1.296696467281700e-01,1.282983275364197e-10
1.298826389205610e-01,1.282963608931874e-10
1.300956311129530e-01,1.282943973034102e-10
1.303086233053450e-01,1.282924367573713e-10
1.305216154977370e-01,1.282904792453537e-10
1.307346076901290e-01,1.282885247576407e-10
1.309475998825210e-01,1.282865732845154e-10
1.311605920749130e-01,1.282846248162610e-10
1.313735842673050e-01,1.282826793432365e-10
1.315865764596960e-01,1.282807368561046e-10
1.317995686520880e-01,1.282787973456038e-10
1.320125608444800e-01,1.282768608024726e-10
1.322255530368720e-01,1.282749272174497e-10
1.324385452292640e-01,1.282729965812735e-10
1.326515374216560e-01,1.282710688846825e-10
1.328645296140480e-01,1.282691441184155e-10
1.330775218064400e-01,1.282672222732107e-10
1.332905139988310e-01,1.282653033398069e-10
1.335035061912230e-01,1.282633873090136e-10
1.337164983836150e-01,1.282614741719249e-10
1.339294905760070e-01,1.282595639197057e-10
1.341424827683990e-01,1.282576565435211e-10
1.343554749607910e-01,1.282557520345361e-10
1.345684671531830e-01,1.282538503839158e-10
1.347814593455740e-01,1.282519515828252e-10
1.349944515379660e-01,1.282500556224293e-10
1.352074437303580e-01,1.282481624938932e-10
1.354204359227500e-01,1.282462721883820e-10
1.356334281151420e-01,1.282443846971274e-10
1.358464203075340e-01,1.282425000116288e-10
1.360594124999260e-01,1.282406181234520e-10
1.362724046923180e-01,1.282387390241631e-10
1.364853968847090e-01,1.282368627053281e-10
1.366983890771010e-01,1.282349891585129e-10
1.369113812694930e-01,1.282331183752835e-10
1.371243734618850e-01,1.282312503472059e-10
1.373373656542770e-01,1.282293850658460e-10
1.375503578466690e-01,1.282275225227700e-10
1.377633500390610e-01,1.282256627096064e-10
1.379763422314520e-01,1.282238056182352e-10
1.381893344238440e-01,1.282219512405992e-10
1.384023266162360e-01,1.282200995686411e-10
1.386153188086280e-01,1.282182505943036e-10
1.388283110010200e-01,1.282164043095295e-10
1.390413031934120e-01,1.282145607062615e-10
1.392542953858040e-01,1.282127197764424e-10
1.394672875781960e-01,1.282108815120148e-10
1.396802797705870e-01,1.282090459049217e-10
1.398932719629790e-01,1.282072129471646e-10
1.401062641553710e-01,1.282053826309817e-10
1.403192563477630e-01,1.282035549486701e-10
1.405322485401550e-01,1.282017298925267e-10
1.407452407325470e-01,1.281999074548488e-10
1.409582329249390e-01,1.281980876279335e-10
1.411712251173300e-01,1.281962704040776e-10
1.413842173097220e-01,1.281944557755785e-10
1.415972095021140e-01,1.281926437347332e-10
1.418102016945060e-01,1.281908342738387e-10
1.420231938868980e-01,1.281890273852479e-10
1.422361860792900e-01,1.281872230615365e-10
1.424491782716820e-01,1.281854212953358e-10
1.426621704640740e-01,1.281836220792774e-10
1.428751626564650e-01,1.281818254059925e-10
1.430881548488570e-01,1.281800312681127e-10
1.433011470412490e-01,1.281782396582693e-10
1.435141392336410e-01,1.281764505690937e-10
1.437271314260330e-01,1.281746639932174e-10
1.439401236184250e-01,1.281728799232717e-10
1.441531158108170e-01,1.281710983519406e-10
1.443661080032090e-01,1.281693192721177e-10
1.445791001956000e-01,1.281675426767491e-10
1.447920923879920e-01,1.281657685587809e-10
1.450050845803840e-01,1.281639969111592e-10
1.452180767727760e-01,1.281622277268301e-10
1.454310689651680e-01,1.281604609987396e-10
1.456440611575600e-01,1.281586967198340e-10
1.458570533499520e-01,1.281569348830592e-10
1.460700455423430e-01,1.281551754813614e-10
1.462830377347350e-01,1.281534185077361e-10
1.464960299271270e-01,1.281516639553773e-10
1.467090221195190e-01,1.281499118175279e-10
1.469220143119110e-01,1.281481620874312e-10
1.471350065043030e-01,1.281464147583305e-10
1.473479986966950e-01,1.281446698234688e-10
1.475609908890870e-01,1.281429272760894e-10
1.477739830814780e-01,1.281411871094356e-10
1.479869752738700e-01,1.281394493167504e-10
1.481999674662620e-01,1.281377138912770e-10
1.484129596586540e-01,1.281359808263055e-10
1.486259518510460e-01,1.281342501153129e-10
1.488389440434380e-01,1.281325217518234e-10
1.490519362358300e-01,1.281307957293608e-10
1.492649284282220e-01,1.281290720414492e-10
1.494779206206130e-01,1.281273506816124e-10
1.496909128130050e-01,1.281256316433746e-10
1.499039050053970e-01,1.281239149202596e-10
1.501168971977890e-01,1.281222005057915e-10
1.503298893901810e-01,1.281204883934942e-10
1.505428815825730e-01,1.281187785769359e-10
1.507558737749650e-01,1.281170710498612e-10
1.509688659673560e-01,1.281153658060593e-10
1.511818581597480e-01,1.281136628393189e-10
1.513948503521400e-01,1.281119621434290e-10
1.516078425445320e-01,1.281102637121785e-10
1.518208347369240e-01,1.281085675393564e-10
1.520338269293160e-01,1.281068736187516e-10
1.522468191217080e-01,1.281051819441529e-10
1.524598113141000e-01,1.281034925093494e-10
1.526728035064910e-01,1.281018053081718e-10
1.528857956988830e-01,1.281001203346182e-10
1.530987878912750e-01,1.280984375827286e-10
1.533117800836670e-01,1.280967570465428e-10
1.535247722760590e-01,1.280950787201009e-10
1.537377644684510e-01,1.280934025974428e-10
1.539507566608430e-01,1.280917286726084e-10
1.541637488532340e-01,1.280900569396378e-10
1.543767410456260e-01,1.280883873925707e-10
1.545897332380180e-01,1.280867200254471e-10
1.548027254304100e-01,1.280850548323467e-10
1.550157176228020e-01,1.280833918075074e-10
1.552287098151940e-01,1.280817309452066e-10
1.554417020075860e-01,1.280800722397220e-10
1.556546941999780e-01,1.280784156853310e-10
1.558676863923690e-01,1.280767612763112e-10
1.560806785847610e-01,1.280751090069401e-10
1.562936707771530e-01,1.280734588714952e-10
1.565066629695450e-01,1.280718108642540e-10
1.567196551619370e-01,1.280701649794942e-10
1.569326473543290e-01,1.280685212115305e-10
1.571456395467210e-01,1.280668795548277e-10
1.573586317391130e-01,1.280652400038881e-10
1.575716239315040e-01,1.280636025532138e-10
1.577846161238960e-01,1.280619671973070e-10
1.579976083162880e-01,1.280603339306698e-10
1.582106005086800e-01,1.280587027478044e-10
1.584235927010720e-01,1.280570736432131e-10
1.586365848934640e-01,1.280554466113981e-10
1.588495770858560e-01,1.280538216468614e-10
1.590625692782470e-01,1.280521987441409e-10
1.592755614706390e-01,1.280505778979167e-10
1.594885536630310e-01,1.280489591029046e-10
1.597015458554230e-01,1.280473423538206e-10
1.599145380478150e-01,1.280457276453801e-10
1.601275302402070e-01,1.280441149722992e-10
1.603405224325990e-01,1.280425043292936e-10
1.605535146249910e-01,1.280408957110790e-10
1.607665068173820e-01,1.280392891123713e-10
1.609794990097740e-01,1.280376845278862e-10
1.611924912021660e-01,1.280360819523732e-10
1.614054833945580e-01,1.280344813807166e-10
1.616184755869500e-01,1.280328828078343e-10
1.618314677793420e-01,1.280312862286443e-10
1.620444599717340e-01,1.280296916380645e-10
1.622574521641260e-01,1.280280990310129e-10
1.624704443565170e-01,1.280265084024074e-10
1.626834365489090e-01,1.280249197471659e-10
1.628964287413010e-01,1.280233330602065e-10
1.631094209336930e-01,1.280217483364471e-10
1.633224131260850e-01,1.280201655708377e-10
1.635354053184770e-01,1.280185847584564e-10
1.637483975108690e-01,1.280170058944136e-10
1.639613897032600e-01,1.280154289738194e-10
1.641743818956520e-01,1.280138539917841e-10
1.643873740880440e-01,1.280122809434179e-10
1.646003662804360e-01,1.280107098238311e-10
1.648133584728280e-01,1.280091406281338e-10
1.650263506652200e-01,1.280075733514364e-10
1.652393428576120e-01,1.280060079888491e-10
1.654523350500040e-01,1.280044445355124e-10
1.656653272423950e-01,1.280028829866885e-10
1.658783194347870e-01,1.280013233376697e-10
1.660913116271790e-01,1.279997655837486e-10
1.663043038195710e-01,1.279982097202173e-10
1.665172960119630e-01,1.279966557423686e-10
1.667302882043550e-01,1.279951036454946e-10
1.669432803967470e-01,1.279935534248878e-10
1.671562725891380e-01,1.279920050758407e-10
1.673692647815300e-01,1.279904585936457e-10
1.675822569739220e-01,1.279889139736240e-10
1.677952491663140e-01,1.279873712112132e-10
1.680082413587060e-01,1.279858303018792e-10
1.682212335510980e-01,1.279842912410886e-10
1.684342257434900e-01,1.279827540243076e-10
1.686472179358820e-01,1.279812186470025e-10
1.688602101282730e-01,1.279796851046395e-10
1.690732023206650e-01,1.279781533926849e-10
1.692861945130570e-01,1.279766235066050e-10
1.694991867054490e-01,1.279750954418662e-10
1.697121788978410e-01,1.279735691939621e-10
1.699251710902330e-01,1.279720447584963e-10
1.701381632826250e-01,1.279705221310999e-10
1.703511554750170e-01,1.279690013074037e-10
1.705641476674080e-01,1.279674822830390e-10
1.707771398598000e-01,1.279659650536367e-10
1.709901320521920e-01,1.279644496148277e-10
1.712031242445840e-01,1.279629359622432e-10
1.714161164369760e-01,1.279614240915142e-10
1.716291086293680e-01,1.279599139982716e-10
1.718421008217600e-01,1.279584056781727e-10
1.720550930141510e-01,1.279568991269796e-10
1.722680852065430e-01,1.279553943404807e-10
1.724810773989350e-01,1.279538913144643e-10
1.726940695913270e-01,1.279523900447187e-10
1.729070617837190e-01,1.279508905270322e-10
1.731200539761110e-01,1.279493927571932e-10
1.733330461685030e-01,1.279478967309900e-10
1.735460383608950e-01,1.279464024442109e-10
1.737590305532860e-01,1.279449098926443e-10
1.739720227456780e-01,1.279434190721034e-10
1.741850149380700e-01,1.279419299785011e-10
1.743980071304620e-01,1.279404426077753e-10
1.746109993228540e-01,1.279389569558638e-10
1.748239915152460e-01,1.279374730187044e-10
1.750369837076380e-01,1.279359907922350e-10
1.752499759000290e-01,1.279345102723935e-10
1.754629680924210e-01,1.279330314551176e-10
1.756759602848130e-01,1.279315543363453e-10
1.758889524772050e-01,1.279300789120142e-10
1.761019446695970e-01,1.279286051780862e-10
1.763149368619890e-01,1.279271331306176e-10
1.765279290543810e-01,1.279256627656889e-10
1.767409212467730e-01,1.279241940793806e-10
1.769539134391640e-01,1.279227270677730e-10
1.771669056315560e-01,1.279212617269465e-10
1.773798978239480e-01,1.279197980529815e-10
1.775928900163400e-01,1.279183360419584e-10
1.778058822087320e-01,1.279168756899575e-10
1.780188744011240e-01,1.279154169930593e-10
1.782318665935160e-01,1.279139599473669e-10
1.784448587859070e-01,1.279125045490741e-10
1.786578509782990e-01,1.279110507943976e-10
1.788708431706910e-01,1.279095986795540e-10
1.790838353630830e-01,1.279081482007599e-10
1.792968275554750e-01,1.279066993542319e-10
1.795098197478670e-01,1.279052521361867e-10
1.797228119402590e-01,1.279038065428409e-10
1.799358041326510e-01,1.279023625704110e-10
1.801487963250420e-01,1.279009202151138e-10
1.803617885174340e-01,1.278994794731874e-10
1.805747807098260e-01,1.278980403409561e-10
1.807877729022180e-01,1.278966028147661e-10
1.810007650946100e-01,1.278951668909631e-10
1.812137572870020e-01,1.278937325658932e-10
1.814267494793940e-01,1.278922998359024e-10
1.816397416717860e-01,1.278908686973366e-10
1.818527338641770e-01,1.278894391465419e-10
1.820657260565690e-01,1.278880111798640e-10
1.822787182489610e-01,1.278865847936491e-10
1.824917104413530e-01,1.278851599842638e-10
1.827047026337450e-01,1.278837367481571e-10
1.829176948261370e-01,1.278823150817991e-10
1.831306870185290e-01,1.278808949816593e-10
1.833436792109200e-01,1.278794764442078e-10
1.835566714033120e-01,1.278780594659143e-10
1.837696635957040e-01,1.278766440432486e-10
1.839826557880960e-01,1.278752301726805e-10
1.841956479804880e-01,1.278738178506800e-10
1.844086401728800e-01,1.278724070737167e-10
1.846216323652720e-01,1.278709978382803e-10
1.848346245576640e-01,1.278695901409394e-10
1.850476167500550e-01,1.278681839782822e-10
1.852606089424470e-01,1.278667793468971e-10
1.854736011348390e-01,1.278653762433725e-10
1.856865933272310e-01,1.278639746642966e-10
1.858995855196230e-01,1.278625746062578e-10
1.861125777120150e-01,1.278611760658444e-10
1.863255699044070e-01,1.278597790396447e-10
1.865385620967990e-01,1.278583835242470e-10
1.867515542891900e-01,1.278569895162585e-10
1.869645464815820e-01,1.278555970123615e-10
1.871775386739740e-01,1.278542060092572e-10
1.873905308663660e-01,1.278528165036467e-10
1.876035230587580e-01,1.278514284922312e-10
1.878165152511500e-01,1.278500419717118e-10
1.880295074435420e-01,1.278486569387898e-10
1.882424996359330e-01,1.278472733901663e-10
1.884554918283250e-01,1.278458913225424e-10
1.886684840207170e-01,1.278445107326193e-10
1.888814762131090e-01,1.278431316171163e-10
1.890944684055010e-01,1.278417539728246e-10
1.893074605978930e-01,1.278403777965537e-10
1.895204527902850e-01,1.278390030851129e-10
1.897334449826770e-01,1.278376298353117e-10
1.899464371750680e-01,1.278362580439594e-10
1.901594293674600e-01,1.278348877078654e-10
1.903724215598520e-01,1.278335188238391e-10
1.905854137522440e-01,1.278321513886899e-10
1.907984059446360e-01,1.278307853992273e-10
1.910113981370280e-01,1.278294208522777e-10
1.912243903294200e-01,1.278280577447367e-10
1.914373825218110e-01,1.278266960735169e-10
1.916503747142030e-01,1.278253358355310e-10
1.918633669065950e-01,1.278239770276917e-10
1.920763590989870e-01,1.278226196469116e-10
1.922893512913790e-01,1.278212636901034e-10
1.925023434837710e-01,1.278199091541798e-10
1.927153356761630e-01,1.278185560360534e-10
1.929283278685550e-01,1.278172043326368e-10
1.931413200609460e-01,1.278158540408594e-10
1.933543122533380e-01,1.278145051577161e-10
1.935673044457300e-01,1.278131576802187e-10
1.937802966381220e-01,1.278118116053786e-10
1.939932888305140e-01,1.278104669302075e-10
1.942062810229060e-01,1.278091236517170e-10
1.944192732152980e-01,1.278077817669186e-10
1.946322654076900e-01,1.278064412728241e-10
1.948452576000810e-01,1.278051021664450e-10
1.950582497924730e-01,1.278037644447929e-10
1.952712419848650e-01,1.278024281048952e-10
1.954842341772570e-01,1.278010931438425e-10
1.956972263696490e-01,1.277997595587413e-10
1.959102185620410e-01,1.277984273466980e-10
1.961232107544330e-01,1.277970965048190e-10
1.963362029468240e-01,1.277957670302108e-10
1.965491951392160e-01,1.277944389199797e-10
1.967621873316080e-01,1.277931121712322e-10
1.969751795240000e-01,1.277917867810747e-10
1.971881717163920e-01,1.277904627466137e-10
1.974011639087840e-01,1.277891400649707e-10
1.976141561011760e-01,1.277878187333276e-10
1.978271482935680e-01,1.277864987488815e-10
1.980401404859590e-01,1.277851801088296e-10
1.982531326783510e-01,1.277838628103689e-10
1.984661248707430e-01,1.277825468506965e-10
1.986791170631350e-01,1.277812322270095e-10
1.988921092555270e-01,1.277799189365051e-10
1.991051014479190e-01,1.277786069763803e-10
1.993180936403110e-01,1.277772963438321e-10
1.995310858327020e-01,1.277759870360723e-10
1.997440780250940e-01,1.277746790503704e-10
1.999570702174860e-01,1.277733723840107e-10
2.001700624098780e-01,1.277720670342771e-10
2.003830546022700e-01,1.277707629984540e-10
2.005960467946620e-01,1.277694602738254e-10
2.008090389870540e-01,1.277681588576755e-10
2.010220311794460e-01,1.277668587472885e-10
2.012350233718370e-01,1.277655599399484e-10
2.014480155642290e-01,1.277642624329395e-10
2.016610077566210e-01,1.277629662235597e-10
2.018739999490130e-01,1.277616713091628e-10
2.020869921414050e-01,1.277603776871160e-10
2.022999843337970e-01,1.277590853547871e-10
2.025129765261890e-01,1.277577943095433e-10
2.027259687185810e-01,1.277565045487521e-10
2.029389609109720e-01,1.277552160697812e-10
2.031519531033640e-01,1.277539288699979e-10
2.033649452957560e-01,1.277526429467697e-10
2.035779374881480e-01,1.277513582974641e-10
2.037909296805400e-01,1.277500749194619e-10
2.040039218729320e-01,1.277487928101975e-10
2.042169140653240e-01,1.277475119671185e-10
2.044299062577150e-01,1.277462323876725e-10
2.046428984501070e-01,1.277449540693071e-10
2.048558906424990e-01,1.277436770094701e-10
2.050688828348910e-01,1.277424012056090e-10
2.052818750272830e-01,1.277411266551716e-10
2.054948672196750e-01,1.277398533556054e-10
2.057078594120670e-01,1.277385813043581e-10
2.059208516044590e-01,1.277373104988901e-10
2.061338437968500e-01,1.277360409367129e-10
2.063468359892420e-01,1.277347726153507e-10
2.065598281816340e-01,1.277335055323277e-10
2.067728203740260e-01,1.277322396851681e-10
2.069858125664180e-01,1.277309750713962e-10
2.071988047588100e-01,1.277297116885361e-10
2.074117969512020e-01,1.277284495341121e-10
2.076247891435940e-01,1.277271886056484e-10
2.078377813359850e-01,1.277259289006693e-10
2.080507735283770e-01,1.277246704167112e-10
2.082637657207690e-01,1.277234131513601e-10
2.084767579131610e-01,1.277221571022140e-10
2.086897501055530e-01,1.277209022668712e-10
2.089027422979450e-01,1.277196486429297e-10
2.091157344903370e-01,1.277183962279879e-10
2.093287266827280e-01,1.277171450196437e-10
2.095417188751200e-01,1.277158950154955e-10
2.097547110675120e-01,1.277146462131413e-10
2.099677032599040e-01,1.277133986101793e-10
2.101806954522960e-01,1.277121522042195e-10
2.103936876446880e-01,1.277109069929188e-10
2.106066798370800e-01,1.277096629739460e-10
2.108196720294720e-01,1.277084201449697e-10
2.110326642218630e-01,1.277071785036587e-10
2.112456564142550e-01,1.277059380476817e-10
2.114586486066470e-01,1.277046987747074e-10
2.116716407990390e-01,1.277034606824046e-10
2.118846329914310e-01,1.277022237684419e-10
2.120976251838230e-01,1.277009880304882e-10
2.123106173762150e-01,1.276997534662235e-10
2.125236095686060e-01,1.276985200733736e-10
2.127366017609980e-01,1.276972878496756e-10
2.129495939533900e-01,1.276960567928668e-10
2.131625861457820e-01,1.276948269006843e-10
2.133755783381740e-01,1.276935981708652e-10
2.135885705305660e-01,1.276923706011469e-10
2.138015627229580e-01,1.276911441892663e-10
2.140145549153500e-01,1.276899189329607e-10
2.142275471077410e-01,1.276886948299672e-10
2.144405393001330e-01,1.276874718780338e-10
2.146535314925250e-01,1.276862500749516e-10
2.148665236849170e-01,1.276850294185221e-10
2.150795158773090e-01,1.276838099065472e-10
2.152925080697010e-01,1.276825915368285e-10
2.155055002620930e-01,1.276813743071680e-10
2.157184924544850e-01,1.276801582153672e-10
2.159314846468760e-01,1.276789432592279e-10
2.161444768392680e-01,1.276777294365519e-10
2.163574690316600e-01,1.276765167451409e-10
2.165704612240520e-01,1.276753051828077e-10
2.167834534164440e-01,1.276740947474086e-10
2.169964456088360e-01,1.276728854368113e-10
2.172094378012280e-01,1.276716772488832e-10
2.174224299936190e-01,1.276704701814917e-10
2.176354221860110e-01,1.276692642325043e-10
2.178484143784030e-01,1.276680593997886e-10
2.180614065707950e-01,1.276668556812120e-10
2.182743987631870e-01,1.276656530746420e-10
2.184873909555790e-01,1.276644515779460e-10
2.187003831479710e-01,1.276632511889998e-10
2.189133753403630e-01,1.276620519057125e-10
2.191263675327540e-01,1.276608537260011e-10
2.193393597251460e-01,1.276596566477830e-10
2.195523519175380e-01,1.276584606689754e-10
2.197653441099300e-01,1.276572657874955e-10
2.199783363023220e-01,1.276560720012606e-10
2.201913284947140e-01,1.276548793081879e-10
2.204043206871060e-01,1.276536877061947e-10
2.206173128794970e-01,1.276524971931981e-10
2.208303050718890e-01,1.276513077671319e-10
2.210432972642810e-01,1.276501194259954e-10
2.212562894566730e-01,1.276489321678046e-10
2.214692816490650e-01,1.276477459905751e-10
2.216822738414570e-01,1.276465608923230e-10
2.218952660338490e-01,1.276453768710639e-10
2.221082582262410e-01,1.276441939248137e-10
2.223212504186320e-01,1.276430120515884e-10
2.225342426110240e-01,1.276418312494036e-10
2.227472348034160e-01,1.276406515162753e-10
2.229602269958080e-01,1.276394728502034e-10
2.231732191882000e-01,1.276382952491251e-10
2.233862113805920e-01,1.276371187109617e-10
2.235992035729840e-01,1.276359432336343e-10
2.238121957653760e-01,1.276347688150645e-10
2.240251879577670e-01,1.276335954531733e-10
2.242381801501590e-01,1.276324231458822e-10
2.244511723425510e-01,1.276312518911123e-10
2.246641645349430e-01,1.276300816867851e-10
2.248771567273350e-01,1.276289125308218e-10
2.250901489197270e-01,1.276277444212463e-10
2.253031411121190e-01,1.276265773564936e-10
2.255161333045100e-01,1.276254113351011e-10
2.257291254969020e-01,1.276242463556065e-10
2.259421176892940e-01,1.276230824165475e-10
2.261551098816860e-01,1.276219195164616e-10
2.263681020740780e-01,1.276207576538864e-10
2.265810942664700e-01,1.276195968273596e-10
2.267940864588620e-01,1.276184370354187e-10
2.270070786512540e-01,1.276172782766015e-10
2.272200708436450e-01,1.276161205491043e-10
2.274330630360370e-01,1.276149638497589e-10
2.276460552284290e-01,1.276138081750559e-10
2.278590474208210e-01,1.276126535214856e-10
2.280720396132130e-01,1.276114998855384e-10
2.282850318056050e-01,1.276103472637049e-10
2.284980239979970e-01,1.276091956524755e-10
2.287110161903880e-01,1.276080450483405e-10
2.289240083827800e-01,1.276068954477905e-10
2.291370005751720e-01,1.276057468473159e-10
2.293499927675640e-01,1.276045992447213e-10
2.295629849599560e-01,1.276034526430681e-10
2.297759771523480e-01,1.276023070467316e-10
2.299889693447400e-01,1.276011624600873e-10
2.302019615371320e-01,1.276000188875107e-10
2.304149537295230e-01,1.275988763333772e-10
2.306279459219150e-01,1.275977348020623e-10
2.308409381143070e-01,1.275965942979414e-10
2.310539303066990e-01,1.275954548253899e-10
2.312669224990910e-01,1.275943163887834e-10
2.314799146914830e-01,1.275931789876304e-10
2.316929068838750e-01,1.275920426019782e-10
2.319058990762670e-01,1.275909072070104e-10
2.321188912686580e-01,1.275897727779103e-10
2.323318834610500e-01,1.275886392898617e-10
2.325448756534420e-01,1.275875067180479e-10
2.327578678458340e-01,1.275863750376525e-10
2.329708600382260e-01,1.275852442238591e-10
2.331838522306180e-01,1.275841142518511e-10
2.333968444230100e-01,1.275829850968121e-10
2.336098366154010e-01,1.275818567521315e-10
2.338228288077930e-01,1.275807292839766e-10
2.340358210001850e-01,1.275796027766982e-10
2.342488131925770e-01,1.275784773146466e-10
2.344618053849690e-01,1.275773529821726e-10
2.346747975773610e-01,1.275762298636265e-10
2.348877897697530e-01,1.275751080433591e-10
2.351007819621450e-01,1.275739876057208e-10
2.353137741545360e-01,1.275728686350622e-10
2.355267663469280e-01,1.275717512157339e-10
2.357397585393200e-01,1.275706353642502e-10
2.359527507317120e-01,1.275695208256516e-10
2.361657429241040e-01,1.275684072770781e-10
2.363787351164960e-01,1.275672943956699e-10
2.365917273088880e-01,1.275661818585669e-10
2.368047195012800e-01,1.275650693429091e-10
2.370177116936710e-01,1.275639565258365e-10
2.372307038860630e-01,1.275628430844893e-10
2.374436960784550e-01,1.275617286960072e-10
2.376566882708470e-01,1.275606130375304e-10
2.378696804632390e-01,1.275594960394848e-10
2.380826726556310e-01,1.275583786456071e-10
2.382956648480230e-01,1.275572620530038e-10
2.385086570404140e-01,1.275561474587813e-10
2.387216492328060e-01,1.275550360600459e-10
2.389346414251980e-01,1.275539290539040e-10
2.391476336175900e-01,1.275528276374621e-10
2.393606258099820e-01,1.275517330078265e-10
2.395736180023740e-01,1.275506463621036e-10
2.397866101947660e-01,1.275495688973998e-10
2.399996023871580e-01,1.275485008652864e-10
2.402125945795490e-01,1.275474387357373e-10
2.404255867719410e-01,1.275463780334628e-10
2.406385789643330e-01,1.275453142831731e-10
2.408515711567250e-01,1.275442430095787e-10
2.410645633491170e-01,1.275431597373897e-10
2.412775555415090e-01,1.275420599913164e-10
2.414905477339010e-01,1.275409392960693e-10
2.417035399262920e-01,1.275397931763585e-10
2.419165321186840e-01,1.275386171568943e-10
2.421295243110760e-01,1.275374102921167e-10
2.423425165034680e-01,1.275361857489979e-10
2.425555086958600e-01,1.275349602210474e-10
2.427685008882520e-01,1.275337504017750e-10
2.429814930806440e-01,1.275325729846901e-10
2.431944852730360e-01,1.275314446633026e-10
2.434074774654270e-01,1.275303821311218e-10
2.436204696578190e-01,1.275294020816576e-10
2.438334618502110e-01,1.275285212084194e-10
2.440464540426030e-01,1.275277562049170e-10
2.442594462349950e-01,1.275271106056136e-10
2.444724384273870e-01,1.275265352747048e-10
2.446854306197790e-01,1.275259679002928e-10
2.448984228121710e-01,1.275253461704798e-10
2.451114150045620e-01,1.275246077733680e-10
2.453244071969540e-01,1.275236903970595e-10
2.455373993893460e-01,1.275225317296567e-10
2.457503915817380e-01,1.275210694592617e-10
2.459633837741300e-01,1.275192412739768e-10
2.461763759665220e-01,1.275169848619041e-10
2.463893681589140e-01,1.275142870373909e-10
2.466023603513050e-01,1.275113311862951e-10
2.468153525436970e-01,1.275083498539904e-10
2.470283447360890e-01,1.275055755858507e-10
2.472413369284810e-01,1.275032409272498e-10
2.474543291208730e-01,1.275015784235615e-10
2.476673213132650e-01,1.275008206201596e-10
2.478803135056570e-01,1.275012000624180e-10
2.480933056980490e-01,1.275029492957104e-10
2.483062978904400e-01,1.275063008654106e-10
2.485192900828320e-01,1.275113039183853e-10
2.487322822752240e-01,1.275172739856747e-10
2.489452744676160e-01,1.275233431889128e-10
2.491582666600080e-01,1.275286436497335e-10
2.493712588524000e-01,1.275323074897708e-10
2.495842510447920e-01,1.275334668306588e-10
2.497972432371830e-01,1.275312537940314e-10
2.500102354295750e-01,1.275248005015226e-10
2.502232276219670e-01,1.275132390747664e-10
2.504362198143590e-01,1.274957016353967e-10
2.506492120067510e-01,1.274720049690766e-10
2.508622041991430e-01,1.274447037533716e-10
2.510751963915350e-01,1.274170369478232e-10
2.512881885839270e-01,1.273922435119727e-10
2.515011807763180e-01,1.273735624053617e-10
2.517141729687100e-01,1.273642325875312e-10
2.519271651611020e-01,1.273674930180229e-10
2.521401573534940e-01,1.273865826563780e-10
2.523531495458860e-01,1.274247404621379e-10
2.525661417382780e-01,1.274852053948441e-10
2.527791339306700e-01,1.275698245988011e-10
2.529921261230620e-01,1.276748812293114e-10
2.532051183154530e-01,1.277952682619321e-10
2.534181105078450e-01,1.279258786722217e-10
2.536311027002370e-01,1.280616054357375e-10
2.538440948926290e-01,1.281973415280369e-10
2.540570870850210e-01,1.283279799246775e-10
2.542700792774130e-01,1.284484136012170e-10
2.544830714698050e-01,1.285535355332128e-10
2.546960636621960e-01,1.286382386962222e-10
2.549090558545880e-01,1.286988059853858e-10
2.551220480469800e-01,1.287370828204476e-10
2.553350402393720e-01,1.287563059642366e-10
2.555480324317640e-01,1.287597121795821e-10
2.557610246241560e-01,1.287505382293130e-10
2.559740168165480e-01,1.287320208762584e-10
2.561870090089400e-01,1.287073968832475e-10
2.564000012013310e-01,1.286799030131094e-10
2.566129933937230e-01,1.286527760286730e-10
2.568259855861150e-01,1.286292526927674e-10
2.570389777785070e-01,1.286118858984629e-10
2.572519699708990e-01,1.286004925043803e-10
2.574649621632910e-01,1.285942052216470e-10
2.576779543556830e-01,1.285921567613905e-10
2.578909465480740e-01,1.285934798347380e-10
2.581039387404660e-01,1.285973071528167e-10
2.583169309328580e-01,1.286027714267542e-10
2.585299231252500e-01,1.286090053676777e-10
2.587429153176420e-01,1.286151416867145e-10
2.589559075100340e-01,1.286203130949920e-10
2.591688997024260e-01,1.286238356023207e-10
2.593818918948180e-01,1.286257583356914e-10
2.595948840872090e-01,1.286263136820039e-10
2.598078762796010e-01,1.286257340281582e-10
2.600208684719930e-01,1.286242517610539e-10
2.602338606643850e-01,1.286220992675910e-10
2.604468528567770e-01,1.286195089346692e-10
2.606598450491690e-01,1.286167131491885e-10
2.608728372415610e-01,1.286139442980485e-10
2.610858294339530e-01,1.286114347681491e-10
2.612988216263440e-01,1.286093678173081e-10
2.615118138187360e-01,1.286077302684688e-10
2.617248060111280e-01,1.286064598562115e-10
2.619377982035200e-01,1.286054943151162e-10
2.621507903959120e-01,1.286047713797632e-10
2.623637825883040e-01,1.286042287847324e-10
2.625767747806960e-01,1.286038042646040e-10
2.627897669730870e-01,1.286034355539583e-10
2.630027591654790e-01,1.286030603873752e-10
2.632157513578710e-01,1.286026164994349e-10
2.634287435502630e-01,1.286020547739258e-10
2.636417357426550e-01,1.286013787275161e-10
2.638547279350470e-01,1.286006050441127e-10
2.640677201274390e-01,1.285997504076222e-10
2.642807123198310e-01,1.285988315019513e-10
2.644937045122220e-01,1.285978650110066e-10
2.647066967046140e-01,1.285968676186948e-10
2.649196888970060e-01,1.285958560089227e-10
2.651326810893980e-01,1.285948468655968e-10
2.653456732817900e-01,1.285938568726238e-10
2.655586654741820e-01,1.285928991893238e-10
2.657716576665740e-01,1.285919728713639e-10
2.659846498589660e-01,1.285910734471706e-10
2.661976420513570e-01,1.285901964451705e-10
2.664106342437490e-01,1.285893373937903e-10
2.666236264361410e-01,1.285884918214565e-10
2.668366186285330e-01,1.285876552565958e-10
2.670496108209250e-01,1.285868232276348e-10
2.672626030133170e-01,1.285859912630001e-10
2.674755952057090e-01,1.285851548911183e-10
2.676885873981000e-01,1.285843105851398e-10
2.679015795904920e-01,1.285834585973656e-10
2.681145717828840e-01,1.285826001249477e-10
2.683275639752760e-01,1.285817363650385e-10
2.685405561676680e-01,1.285808685147903e-10
2.687535483600600e-01,1.285799977713553e-10
2.689665405524520e-01,1.285791253318857e-10
2.691795327448440e-01,1.285782523935338e-10
2.693925249372350e-01,1.285773801534518e-10
2.696055171296270e-01,1.285765098087921e-10
2.698185093220190e-01,1.285756423034289e-10
2.700315015144110e-01,1.285747775683693e-10
2.702444937068030e-01,1.285739152814646e-10
2.704574858991950e-01,1.285730551205659e-10
2.706704780915870e-01,1.285721967635247e-10
2.708834702839780e-01,1.285713398881922e-10
2.710964624763700e-01,1.285704841724198e-10
2.713094546687620e-01,1.285696292940586e-10
2.715224468611540e-01,1.285687749309600e-10
2.717354390535460e-01,1.285679207609753e-10
2.719484312459380e-01,1.285670665300928e-10
2.721614234383300e-01,1.285662122566987e-10
2.723744156307220e-01,1.285653580272418e-10
2.725874078231130e-01,1.285645039281703e-10
2.728004000155050e-01,1.285636500459329e-10
2.730133922078970e-01,1.285627964669779e-10
2.732263844002890e-01,1.285619432777538e-10
2.734393765926810e-01,1.285610905647091e-10
2.736523687850730e-01,1.285602384142924e-10
2.738653609774650e-01,1.285593869129520e-10
2.740783531698570e-01,1.285585361279810e-10
2.742913453622480e-01,1.285576860500090e-10
2.745043375546400e-01,1.285568366504888e-10
2.747173297470320e-01,1.285559879008735e-10
2.749303219394240e-01,1.285551397726160e-10
2.751433141318160e-01,1.285542922371694e-10
2.753563063242080e-01,1.285534452659865e-10
2.755692985166000e-01,1.285525988305205e-10
2.757822907089910e-01,1.285517529022242e-10
2.759952829013830e-01,1.285509074525507e-10
2.762082750937750e-01,1.285500624615360e-10
2.764212672861670e-01,1.285492179435567e-10
2.766342594785590e-01,1.285483739215765e-10
2.768472516709510e-01,1.285475304185595e-10
2.770602438633430e-01,1.285466874574692e-10
2.772732360557350e-01,1.285458450612695e-10
2.774862282481260e-01,1.285450032529243e-10
2.776992204405180e-01,1.285441620553972e-10
2.779122126329100e-01,1.285433214916523e-10
2.781252048253020e-01,1.285424815846531e-10
2.783381970176940e-01,1.285416423422066e-10
2.785511892100860e-01,1.285408037114962e-10
