7.791356504680618e-06,1.951188601085750e-09
8.610780621332552e-06,1.935710241211285e-09
9.516384324626089e-06,1.920427741744583e-09
1.051723120080771e-05,1.905356571854250e-09
1.162333806181051e-05,1.890492136279833e-09
1.284577519687474e-05,1.875825633116131e-09
1.419677716772344e-05,1.861348459985335e-09
1.568986525616830e-05,1.847052219450085e-09
1.733998278964274e-05,1.832928725473819e-09
1.916364469904539e-05,1.818970011853354e-09
2.117910280571951e-05,1.805168343267367e-09
2.340652849181556e-05,1.791516230206863e-09
2.586821458226360e-05,1.778006448575326e-09
2.858879845885812e-05,1.764632065619912e-09
3.159550863945590e-05,1.751386472846001e-09
3.491843729013453e-05,1.738263427441183e-09
3.859084139770492e-05,1.725257101881731e-09
4.264947561681323e-05,1.712362139918075e-09
4.713496012287843e-05,1.699573715154972e-09
5.209218715246060e-05,1.686887581381281e-09
5.757077029985334e-05,1.674300099350819e-09
6.362554106661115e-05,1.661808215639940e-09
7.031709763364645e-05,1.649409364180498e-09
7.771241134819200e-05,1.637101264813695e-09
8.588549699555374e-05,1.624881616625988e-09
9.491815356395940e-05,1.612747737644677e-09
1.049007829163263e-04,1.600696282864705e-09
1.159332945624905e-04,1.588723238468510e-09
1.281261055871622e-04,1.576824343907303e-09
1.416012457412214e-04,1.564995827534074e-09
1.564935787564811e-04,1.553234914617656e-09
1.729521521072439e-04,1.541539440263320e-09
1.911416887275217e-04,1.529906719136855e-09
2.112442356135248e-04,1.518333154379618e-09
2.334609858111876e-04,1.506815500108914e-09
2.580142920237960e-04,1.495351564649618e-09
2.851498919925769e-04,1.483938664420618e-09
3.151393679226079e-04,1.472573673580563e-09
3.482828645688079e-04,1.461254409176262e-09
3.849120931855259e-04,1.449978130902142e-09
4.253936514042669e-04,1.438742474420788e-09
4.701326922660057e-04,1.427544986786552e-09
5.195769791289974e-04,1.416383426002144e-09
5.742213670349657e-04,1.405255457452093e-09
6.346127553846864e-04,1.394158926229252e-09
7.013555614910102e-04,1.383091706346891e-09
7.751177697904812e-04,1.372051715719535e-09
8.566376172560946e-04,1.361036932989914e-09
9.467309819210534e-04,1.350045388614275e-09
1.046299548460350e-03,1.339075153523538e-09
1.156339832554060e-03,1.328124331449954e-09
1.277953154351212e-03,1.317145738074987e-09
1.405748469786333e-03,1.306696295253019e-09
1.533543785221454e-03,1.297210274966272e-09
1.661339100656575e-03,1.288534452843366e-09
1.789134416091696e-03,1.280515604512921e-09
1.916929731526817e-03,1.273020822446703e-09
2.000000000000000e-03,1.268404331645566e-09
2.044725046961939e-03,1.265998350214600e-09
2.172520362397060e-03,1.259410581825012e-09
2.300315677832181e-03,1.253210768558662e-09
2.428110993267302e-03,1.247351421761062e-09
2.555906308702423e-03,1.241789368538590e-09
2.683701624137544e-03,1.236498699043823e-09
2.811496939572665e-03,1.231457819191570e-09
2.939292255007787e-03,1.226645134896638e-09
3.067087570442908e-03,1.222039052073834e-09
3.194882885878029e-03,1.217619652340156e-09
3.322678201313150e-03,1.213373720188944e-09
3.450473516748271e-03,1.209289715849521e-09
3.578268832183392e-03,1.205356099551211e-09
3.706064147618514e-03,1.201561331523338e-09
3.833859463053635e-03,1.197894645410780e-09
3.961654778488756e-03,1.194348368509918e-09
4.089450093923877e-03,1.190915601527324e-09
4.217245409358998e-03,1.187589445169574e-09
4.345040724794119e-03,1.184363000143240e-09
4.472836040229241e-03,1.181229777389151e-09
4.600631355664362e-03,1.178184928795751e-09
4.728426671099482e-03,1.175224016491040e-09
4.856221986534604e-03,1.172342602603017e-09
4.984017301969726e-03,1.169536249259680e-09
5.111812617404846e-03,1.166800754640479e-09
5.239607932839968e-03,1.164132861123964e-09
5.367403248275089e-03,1.161529547136789e-09
5.495198563710209e-03,1.158987791105609e-09
5.622993879145331e-03,1.156504571457077e-09
5.750789194580453e-03,1.154077012460968e-09
5.878584510015573e-03,1.151702821761194e-09
6.006379825450694e-03,1.149379852845616e-09
6.134175140885816e-03,1.147105959202095e-09
6.261970456320937e-03,1.144878994318491e-09
6.389765771756058e-03,1.142696906194512e-09
6.517561087191179e-03,1.140558020873202e-09
6.645356402626300e-03,1.138460758907427e-09
6.773151718061422e-03,1.136403540850053e-09
6.900947033496543e-03,1.134384787253947e-09
7.028742348931663e-03,1.132402982498408e-09
7.156537664366785e-03,1.130456866268272e-09
7.284332979801906e-03,1.128545242074709e-09
7.412128295237027e-03,1.126666913428887e-09
7.539923610672148e-03,1.124820683841976e-09
7.667718926107269e-03,1.123005401651718e-09
7.795514241542391e-03,1.121220094503789e-09
7.923309556977513e-03,1.119463834871256e-09
8.051104872412632e-03,1.117735695227186e-09
8.178900187847754e-03,1.116034748044647e-09
8.306695503282877e-03,1.114360097965796e-09
8.434490818717996e-03,1.112710978308572e-09
8.562286134153118e-03,1.111086654559723e-09
8.690081449588239e-03,1.109486392205994e-09
8.817876765023359e-03,1.107909456734130e-09
8.945672080458482e-03,1.106355138437429e-09
9.073467395893601e-03,1.104822826835937e-09
9.201262711328723e-03,1.103311936256525e-09
9.329058026763846e-03,1.101821881026066e-09
9.456853342198965e-03,1.100352075471431e-09
9.584648657634087e-03,1.098901948795393e-09
9.712443973069206e-03,1.097470989703855e-09
9.840239288504329e-03,1.096058701778381e-09
9.968034603939451e-03,1.094664588600537e-09
1.009582991937457e-02,1.093288153751889e-09
1.022362523480969e-02,1.091928922330162e-09
1.035142055024482e-02,1.090586505497893e-09
1.047921586567993e-02,1.089260535933858e-09
1.060701118111506e-02,1.087950646316835e-09
1.073480649655018e-02,1.086656469325601e-09
1.086260181198530e-02,1.085377637638935e-09
1.099039712742042e-02,1.084113783935613e-09
1.111819244285554e-02,1.082864540894414e-09
1.124598775829066e-02,1.081629541194114e-09
1.137378307372578e-02,1.080408417513492e-09
1.150157838916090e-02,1.079200820968759e-09
1.162937370459603e-02,1.078006476420538e-09
1.175716902003114e-02,1.076825127164227e-09
1.188496433546627e-02,1.075656516495225e-09
1.201275965090139e-02,1.074500387708927e-09
1.214055496633651e-02,1.073356484100731e-09
1.226835028177163e-02,1.072224548966035e-09
1.239614559720675e-02,1.071104325600237e-09
1.252394091264187e-02,1.069995557298733e-09
1.265173622807700e-02,1.068897987356920e-09
1.277953154351211e-02,1.067811369976658e-09
1.290732685894724e-02,1.066735502989506e-09
1.303512217438236e-02,1.065670195135421e-09
1.316291748981748e-02,1.064615255154355e-09
1.329071280525260e-02,1.063570491786264e-09
1.341850812068772e-02,1.062535713771101e-09
1.354630343612284e-02,1.061510729848820e-09
1.367409875155796e-02,1.060495348759376e-09
1.380189406699308e-02,1.059489379242723e-09
1.392968938242821e-02,1.058492630038813e-09
1.405748469786333e-02,1.057504917635555e-09
1.418528001329845e-02,1.056526089513106e-09
1.431307532873357e-02,1.055556000899804e-09
1.444087064416869e-02,1.054594507023985e-09
1.456866595960381e-02,1.053641463113984e-09
1.469646127503893e-02,1.052696724398137e-09
1.482425659047405e-02,1.051760146104781e-09
1.495205190590917e-02,1.050831583462252e-09
1.507984722134430e-02,1.049910891698886e-09
1.520764253677942e-02,1.048997926043018e-09
1.533543785221454e-02,1.048092547068581e-09
1.546323316764966e-02,1.047194636730606e-09
1.559102848308478e-02,1.046304082329089e-09
1.571882379851990e-02,1.045420771164020e-09
1.584661911395502e-02,1.044544590535392e-09
1.597441442939014e-02,1.043675427743198e-09
1.610220974482527e-02,1.042813170087430e-09
1.623000506026039e-02,1.041957704868081e-09
1.635780037569551e-02,1.041108919385142e-09
1.648559569113063e-02,1.040266700938607e-09
1.661339100656575e-02,1.039430940736245e-09
1.674118632200087e-02,1.038601545618522e-09
1.686898163743599e-02,1.037778426334470e-09
1.699677695287111e-02,1.036961493633122e-09
1.712457226830624e-02,1.036150658263511e-09
1.725236758374135e-02,1.035345830974670e-09
1.738016289917648e-02,1.034546922515633e-09
1.750795821461160e-02,1.033753843635432e-09
1.763575353004672e-02,1.032966505083100e-09
1.776354884548184e-02,1.032184817607671e-09
1.789134416091696e-02,1.031408694838157e-09
1.801913947635208e-02,1.030638061923808e-09
1.814693479178720e-02,1.029872846894006e-09
1.827473010722232e-02,1.029112977778138e-09
1.840252542265745e-02,1.028358382605587e-09
1.853032073809257e-02,1.027608989405737e-09
1.865811605352769e-02,1.026864726207974e-09
1.878591136896281e-02,1.026125521041683e-09
1.891370668439793e-02,1.025391301936246e-09
1.904150199983305e-02,1.024661996921049e-09
1.916929731526817e-02,1.023937536215965e-09
1.929709263070329e-02,1.023217858802407e-09
1.942488794613842e-02,1.022502905852070e-09
1.955268326157353e-02,1.021792618536649e-09
1.968047857700866e-02,1.021086938027841e-09
1.980827389244378e-02,1.020385805497341e-09
1.993606920787890e-02,1.019689162116845e-09
2.006386452331402e-02,1.018996949058047e-09
2.019165983874914e-02,1.018309107492644e-09
2.031945515418426e-02,1.017625578592332e-09
2.044725046961939e-02,1.016946305211518e-09
2.057504578505450e-02,1.016271236936229e-09
2.070284110048963e-02,1.015600325035588e-09
2.083063641592475e-02,1.014933520778716e-09
2.095843173135987e-02,1.014270775434737e-09
2.108622704679499e-02,1.013612040272772e-09
2.121402236223011e-02,1.012957266561944e-09
2.134181767766523e-02,1.012306405571374e-09
2.146961299310035e-02,1.011659408570186e-09
2.159740830853547e-02,1.011016226827502e-09
2.172520362397060e-02,1.010376812934095e-09
2.185299893940572e-02,1.009741124767555e-09
2.198079425484084e-02,1.009109121527230e-09
2.210858957027596e-02,1.008480762412466e-09
2.223638488571108e-02,1.007856006622609e-09
2.236418020114620e-02,1.007234813357007e-09
2.249197551658132e-02,1.006617141815006e-09
2.261977083201644e-02,1.006002951195952e-09
2.274756614745157e-02,1.005392200699192e-09
2.287536146288669e-02,1.004784849524074e-09
2.300315677832181e-02,1.004180857918148e-09
2.313095209375693e-02,1.003580190321641e-09
2.325874740919205e-02,1.002982812222913e-09
2.338654272462717e-02,1.002388689110323e-09
2.351433804006229e-02,1.001797786472231e-09
2.364213335549741e-02,1.001210069796997e-09
2.376992867093253e-02,1.000625504572980e-09
2.389772398636766e-02,1.000044056288539e-09
2.402551930180278e-02,9.994656904320343e-10
2.415331461723790e-02,9.988903724918256e-10
2.428110993267302e-02,9.983180688002488e-10
2.440890524810814e-02,9.977487490651782e-10
2.453670056354326e-02,9.971823838382826e-10
2.466449587897838e-02,9.966189436712299e-10
2.479229119441350e-02,9.960583991156886e-10
2.492008650984863e-02,9.955007207233267e-10
2.504788182528375e-02,9.949458790458126e-10
2.517567714071887e-02,9.943938446348146e-10
2.530347245615399e-02,9.938445880420008e-10
2.543126777158911e-02,9.932980798190394e-10
2.555906308702423e-02,9.927542912042540e-10
2.568685840245935e-02,9.922131961827327e-10
2.581465371789447e-02,9.916747694262906e-10
2.594244903332960e-02,9.911389856067429e-10
2.607024434876471e-02,9.906058193959050e-10
2.619803966419984e-02,9.900752454655918e-10
2.632583497963496e-02,9.895472384876186e-10
2.645363029507008e-02,9.890217731338008e-10
2.658142561050520e-02,9.884988240759535e-10
2.670922092594032e-02,9.879783659858917e-10
2.683701624137544e-02,9.874603740990418e-10
2.696481155681056e-02,9.869448259052253e-10
2.709260687224568e-02,9.864316994578501e-10
2.722040218768081e-02,9.859209728103244e-10
2.734819750311593e-02,9.854126240160563e-10
2.747599281855105e-02,9.849066311284536e-10
2.760378813398617e-02,9.844029722009246e-10
2.773158344942129e-02,9.839016252868770e-10
2.785937876485641e-02,9.834025684397192e-10
2.798717408029153e-02,9.829057797128592e-10
2.811496939572665e-02,9.824112376283715e-10
2.824276471116178e-02,9.819189225828198e-10
2.837056002659689e-02,9.814288154413434e-10
2.849835534203202e-02,9.809408970690830e-10
2.862615065746714e-02,9.804551483311783e-10
2.875394597290226e-02,9.799715500927695e-10
2.888174128833738e-02,9.794900832189968e-10
2.900953660377250e-02,9.790107285750001e-10
2.913733191920762e-02,9.785334670259198e-10
2.926512723464274e-02,9.780582794368954e-10
2.939292255007787e-02,9.775851470635614e-10
2.952071786551299e-02,9.771140527236301e-10
2.964851318094811e-02,9.766449796253582e-10
2.977630849638323e-02,9.761779109770025e-10
2.990410381181835e-02,9.757128299868198e-10
3.003189912725347e-02,9.752497198630674e-10
3.015969444268859e-02,9.747885638140019e-10
3.028748975812371e-02,9.743293450478803e-10
3.041528507355883e-02,9.738720467729593e-10
3.054308038899396e-02,9.734166521974960e-10
3.067087570442908e-02,9.729631448604817e-10
3.079867101986420e-02,9.725115096238339e-10
3.092646633529932e-02,9.720617316801989e-10
3.105426165073444e-02,9.716137962222222e-10
3.118205696616956e-02,9.711676884425503e-10
3.130985228160468e-02,9.707233935338290e-10
3.143764759703981e-02,9.702808966887044e-10
3.156544291247493e-02,9.698401830998223e-10
3.169323822791005e-02,9.694012379598290e-10
3.182103354334517e-02,9.689640464613703e-10
3.194882885878029e-02,9.685285940761476e-10
3.207662417421541e-02,9.680948673919892e-10
3.220441948965053e-02,9.676628532757327e-10
3.233221480508566e-02,9.672325385942156e-10
3.246001012052077e-02,9.668039102142750e-10
3.258780543595589e-02,9.663769550027484e-10
3.271560075139102e-02,9.659516598264733e-10
3.284339606682614e-02,9.655280115522868e-10
3.297119138226126e-02,9.651059970470266e-10
3.309898669769638e-02,9.646856031775301e-10
3.322678201313150e-02,9.642668170506790e-10
3.335457732856662e-02,9.638496267336087e-10
3.348237264400174e-02,9.634340205335358e-10
3.361016795943687e-02,9.630199867576772e-10
3.373796327487198e-02,9.626075137132503e-10
3.386575859030710e-02,9.621965897074717e-10
3.399355390574223e-02,9.617872030475584e-10
3.412134922117735e-02,9.613793420407272e-10
3.424914453661247e-02,9.609729949941951e-10
3.437693985204759e-02,9.605681502151792e-10
3.450473516748271e-02,9.601647962155356e-10
3.463253048291783e-02,9.597629223256801e-10
3.476032579835295e-02,9.593625180806702e-10
3.488812111378808e-02,9.589635730155626e-10
3.501591642922319e-02,9.585660766654137e-10
3.514371174465832e-02,9.581700185652812e-10
3.527150706009344e-02,9.577753882502211e-10
3.539930237552856e-02,9.573821752552910e-10
3.552709769096368e-02,9.569903691155477e-10
3.565489300639881e-02,9.565999593660478e-10
3.578268832183392e-02,9.562109357202994e-10
3.591048363726904e-02,9.558232886055657e-10
3.603827895270417e-02,9.554370086275356e-10
3.616607426813929e-02,9.550520863918987e-10
3.629386958357441e-02,9.546685125043434e-10
3.642166489900953e-02,9.542862775705592e-10
3.654946021444465e-02,9.539053721962350e-10
3.667725552987977e-02,9.535257869870597e-10
3.680505084531489e-02,9.531475125487230e-10
3.693284616075002e-02,9.527705394869134e-10
3.706064147618514e-02,9.523948585608035e-10
3.718843679162025e-02,9.520204611435542e-10
3.731623210705538e-02,9.516473387618374e-10
3.744402742249050e-02,9.512754829423255e-10
3.757182273792562e-02,9.509048852116896e-10
3.769961805336074e-02,9.505355370966023e-10
3.782741336879586e-02,9.501674301237352e-10
3.795520868423098e-02,9.498005558197604e-10
3.808300399966610e-02,9.494349057113498e-10
3.821079931510123e-02,9.490704713251755e-10
3.833859463053635e-02,9.487072443232587e-10
3.846638994597146e-02,9.483452169090295e-10
3.859418526140659e-02,9.479843814212708e-10
3.872198057684171e-02,9.476247301987664e-10
3.884977589227683e-02,9.472662555802998e-10
3.897757120771195e-02,9.469089499046545e-10
3.910536652314707e-02,9.465528055106142e-10
3.923316183858219e-02,9.461978147369621e-10
3.936095715401731e-02,9.458439699224818e-10
3.948875246945244e-02,9.454912634059572e-10
3.961654778488756e-02,9.451396876435950e-10
3.974434310032268e-02,9.447892355612702e-10
3.987213841575780e-02,9.444399002022674e-10
3.999993373119292e-02,9.440916746098715e-10
4.012772904662804e-02,9.437445518273672e-10
4.025552436206317e-02,9.433985248980393e-10
4.038331967749829e-02,9.430535868651725e-10
4.051111499293340e-02,9.427097307720517e-10
4.063891030836853e-02,9.423669496619615e-10
4.076670562380365e-02,9.420252365781867e-10
4.089450093923877e-02,9.416845846684830e-10
4.102229625467389e-02,9.413449874985329e-10
4.115009157010902e-02,9.410064387385108e-10
4.127788688554413e-02,9.406689320585916e-10
4.140568220097925e-02,9.403324611289497e-10
4.153347751641438e-02,9.399970196197600e-10
4.166127283184950e-02,9.396626012011968e-10
4.178906814728462e-02,9.393291995434354e-10
4.191686346271974e-02,9.389968083166500e-10
4.204465877815486e-02,9.386654211910153e-10
4.217245409358998e-02,9.383350319281116e-10
4.230024940902510e-02,9.380056346551489e-10
4.242804472446023e-02,9.376772235907489e-10
4.255584003989534e-02,9.373497929535327e-10
4.268363535533046e-02,9.370233369621214e-10
4.281143067076559e-02,9.366978498351363e-10
4.293922598620071e-02,9.363733257911984e-10
4.306702130163583e-02,9.360497590489291e-10
4.319481661707095e-02,9.357271438269492e-10
4.332261193250607e-02,9.354054743438801e-10
4.345040724794119e-02,9.350847448997902e-10
4.357820256337631e-02,9.347649501205197e-10
4.370599787881144e-02,9.344460847133497e-10
4.383379319424656e-02,9.341281433855602e-10
4.396158850968167e-02,9.338111208444318e-10
4.408938382511680e-02,9.334950117972449e-10
4.421717914055192e-02,9.331798109512801e-10
4.434497445598704e-02,9.328655130138176e-10
4.447276977142216e-02,9.325521126921382e-10
4.460056508685728e-02,9.322396046935218e-10
4.472836040229240e-02,9.319279837978232e-10
4.485615571772752e-02,9.316172450752277e-10
4.498395103316265e-02,9.313073836685110e-10
4.511174634859777e-02,9.309983947204491e-10
4.523954166403289e-02,9.306902733738181e-10
4.536733697946801e-02,9.303830147713939e-10
4.549513229490313e-02,9.300766140559524e-10
4.562292761033825e-02,9.297710663702695e-10
4.575072292577338e-02,9.294663668571213e-10
4.587851824120850e-02,9.291625106592839e-10
4.600631355664361e-02,9.288594929844411e-10
4.613410887207874e-02,9.285573092999209e-10
4.626190418751386e-02,9.282559551379649e-10
4.638969950294898e-02,9.279554260308142e-10
4.651749481838410e-02,9.276557175107102e-10
4.664529013381922e-02,9.273568251098946e-10
4.677308544925434e-02,9.270587443606084e-10
4.690088076468946e-02,9.267614707950932e-10
4.702867608012459e-02,9.264649999455903e-10
4.715647139555971e-02,9.261693273443411e-10
4.728426671099482e-02,9.258744485813382e-10
4.741206202642995e-02,9.255803594775700e-10
4.753985734186507e-02,9.252870559117727e-10
4.766765265730019e-02,9.249945337626819e-10
4.779544797273531e-02,9.247027889090338e-10
4.792324328817044e-02,9.244118172295642e-10
4.805103860360555e-02,9.241216146030089e-10
4.817883391904067e-02,9.238321769081041e-10
4.830662923447580e-02,9.235435000235857e-10
4.843442454991092e-02,9.232555798281892e-10
4.856221986534604e-02,9.229684122541061e-10
4.869001518078116e-02,9.226819934473241e-10
4.881781049621628e-02,9.223963196072750e-10
4.894560581165140e-02,9.221113869333905e-10
4.907340112708652e-02,9.218271916251022e-10
4.920119644252165e-02,9.215437298818418e-10
4.932899175795677e-02,9.212609979030412e-10
4.945678707339188e-02,9.209789918881317e-10
4.958458238882701e-02,9.206977080365451e-10
4.971237770426213e-02,9.204171425477133e-10
4.984017301969725e-02,9.201372916584009e-10
4.996796833513237e-02,9.198581517547132e-10
5.000000000000000e-02,9.197882968590450e-10
5.009576365056749e-02,9.195797192646167e-10
5.022355896600261e-02,9.193019906555378e-10
5.035135428143774e-02,9.190249624152571e-10
5.047914959687286e-02,9.187486310317242e-10
5.060694491230798e-02,9.184729929928891e-10
5.073474022774310e-02,9.181980447867015e-10
5.086253554317822e-02,9.179237829011110e-10
5.099033085861334e-02,9.176502038240675e-10
5.111812617404846e-02,9.173773040834546e-10
5.124592148948359e-02,9.171050803668873e-10
5.137371680491870e-02,9.168335294019131e-10
5.150151212035382e-02,9.165626479160791e-10
5.162930743578895e-02,9.162924326369329e-10
5.175710275122407e-02,9.160228802920217e-10
5.188489806665919e-02,9.157539876088927e-10
5.201269338209431e-02,9.154857513150933e-10
5.214048869752943e-02,9.152181681381709e-10
5.226828401296455e-02,9.149512348056727e-10
5.239607932839967e-02,9.146849480842931e-10
5.252387464383480e-02,9.144193048972987e-10
5.265166995926992e-02,9.141543022070964e-10
5.277946527470503e-02,9.138899369760923e-10
5.290726059014016e-02,9.136262061666927e-10
5.303505590557528e-02,9.133631067413044e-10
5.316285122101040e-02,9.131006356623338e-10
5.329064653644552e-02,9.128387898921873e-10
5.341844185188065e-02,9.125775663932712e-10
5.354623716731576e-02,9.123169621279919e-10
5.367403248275088e-02,9.120569740935206e-10
5.380182779818601e-02,9.117975994260951e-10
5.392962311362113e-02,9.115388352967224e-10
5.405741842905625e-02,9.112806788764098e-10
5.418521374449137e-02,9.110231273361640e-10
5.431300905992649e-02,9.107661778469925e-10
5.444080437536161e-02,9.105098275799018e-10
5.456859969079673e-02,9.102540737058995e-10
5.469639500623186e-02,9.099989133959922e-10
5.482419032166697e-02,9.097443438211874e-10
5.495198563710210e-02,9.094903621843446e-10
5.507978095253722e-02,9.092369658157339e-10
5.520757626797234e-02,9.089841520774776e-10
5.533537158340746e-02,9.087319183316983e-10
5.546316689884258e-02,9.084802619405178e-10
5.559096221427770e-02,9.082291802660586e-10
5.571875752971282e-02,9.079786706704432e-10
5.584655284514795e-02,9.077287305157937e-10
5.597434816058307e-02,9.074793571642324e-10
5.610214347601819e-02,9.072305479778818e-10
5.622993879145331e-02,9.069823003478493e-10
5.635773410688843e-02,9.067346117811752e-10
5.648552942232355e-02,9.064874798138800e-10
5.661332473775867e-02,9.062409019819841e-10
5.674112005319380e-02,9.059948758215086e-10
5.686891536862891e-02,9.057493988684738e-10
5.699671068406403e-02,9.055044686589004e-10
5.712450599949916e-02,9.052600827288092e-10
5.725230131493428e-02,9.050162386142206e-10
5.738009663036940e-02,9.047729338511553e-10
5.750789194580452e-02,9.045301660021421e-10
5.763568726123964e-02,9.042879327357500e-10
5.776348257667476e-02,9.040462317470600e-10
5.789127789210988e-02,9.038050607311534e-10
5.801907320754501e-02,9.035644173831114e-10
5.814686852298013e-02,9.033242993980153e-10
5.827466383841524e-02,9.030847044709464e-10
5.840245915385037e-02,9.028456302969856e-10
5.853025446928549e-02,9.026070745712143e-10
5.865804978472061e-02,9.023690349887138e-10
5.878584510015573e-02,9.021315092688325e-10
5.891364041559085e-02,9.018944952279892e-10
5.904143573102597e-02,9.016579907068699e-10
5.916923104646109e-02,9.014219935461611e-10
5.929702636189622e-02,9.011865015865488e-10
5.942482167733134e-02,9.009515126687196e-10
5.955261699276646e-02,9.007170246333593e-10
5.968041230820158e-02,9.004830353211545e-10
5.980820762363670e-02,9.002495425727913e-10
5.993600293907182e-02,9.000165442289559e-10
6.006379825450694e-02,8.997840381526014e-10
6.019159356994207e-02,8.995520222957416e-10
6.031938888537718e-02,8.993204946326539e-10
6.044718420081231e-02,8.990894531376160e-10
6.057497951624743e-02,8.988588957849055e-10
6.070277483168255e-02,8.986288205487994e-10
6.083057014711767e-02,8.983992254035757e-10
6.095836546255279e-02,8.981701083235119e-10
6.108616077798791e-02,8.979414672828852e-10
6.121395609342303e-02,8.977133002559733e-10
6.134175140885816e-02,8.974856052375158e-10
6.146954672429328e-02,8.972583803041089e-10
6.159734203972840e-02,8.970316235528143e-10
6.172513735516352e-02,8.968053330806935e-10
6.185293267059864e-02,8.965795069848088e-10
6.198072798603376e-02,8.963541433622219e-10
6.210852330146888e-02,8.961292403099945e-10
6.223631861690401e-02,8.959047959251886e-10
6.236411393233912e-02,8.956808083048662e-10
6.249190924777424e-02,8.954572755460888e-10
6.261970456320937e-02,8.952341957647595e-10
6.274749987864449e-02,8.950115671521459e-10
6.287529519407961e-02,8.947893879183577e-10
6.300309050951473e-02,8.945676562735043e-10
6.313088582494986e-02,8.943463704276953e-10
6.325868114038498e-02,8.941255285910399e-10
6.338647645582010e-02,8.939051289736477e-10
6.351427177125522e-02,8.936851697856283e-10
6.364206708669033e-02,8.934656492370913e-10
6.376986240212545e-02,8.932465655381459e-10
6.389765771756058e-02,8.930279169162825e-10
6.402545303299570e-02,8.928097016685105e-10
6.415324834843082e-02,8.925919181092187e-10
6.428104366386594e-02,8.923745645527951e-10
6.440883897930107e-02,8.921576393136283e-10
6.453663429473619e-02,8.919411407061065e-10
6.466442961017131e-02,8.917250670446183e-10
6.479222492560642e-02,8.915094166435521e-10
6.492002024104154e-02,8.912941878172963e-10
6.504781555647667e-02,8.910793788802390e-10
6.517561087191179e-02,8.908649881628057e-10
6.530340618734691e-02,8.906510140595755e-10
6.543120150278203e-02,8.904374549811677e-10
6.555899681821716e-02,8.902243093382018e-10
6.568679213365228e-02,8.900115755412970e-10
6.581458744908740e-02,8.897992520010727e-10
6.594238276452252e-02,8.895873371281483e-10
6.607017807995763e-02,8.893758293331431e-10
6.619797339539275e-02,8.891647270266765e-10
6.632576871082788e-02,8.889540286193677e-10
6.645356402626300e-02,8.887437325367232e-10
6.658135934169812e-02,8.885338372637987e-10
6.670915465713324e-02,8.883243413005379e-10
6.683694997256837e-02,8.881152431468843e-10
6.696474528800349e-02,8.879065413027817e-10
6.709254060343861e-02,8.876982342681737e-10
6.722033591887373e-02,8.874903205430041e-10
6.734813123430886e-02,8.872827986272164e-10
6.747592654974396e-02,8.870756670207543e-10
6.760372186517909e-02,8.868689242235614e-10
6.773151718061421e-02,8.866625687492149e-10
6.785931249604933e-02,8.864565991658236e-10
6.798710781148445e-02,8.862510140551287e-10
6.811490312691958e-02,8.860458119988714e-10
6.824269844235470e-02,8.858409915787928e-10
6.837049375778982e-02,8.856365513766339e-10
6.849828907322494e-02,8.854324899741360e-10
6.862608438866007e-02,8.852288059530402e-10
6.875387970409517e-02,8.850254978950877e-10
6.888167501953030e-02,8.848225643820196e-10
6.900947033496542e-02,8.846200040088005e-10
6.913726565040054e-02,8.844178154232953e-10
6.926506096583566e-02,8.842159972865955e-10
6.939285628127079e-02,8.840145482597927e-10
6.952065159670591e-02,8.838134670039781e-10
6.964844691214103e-02,8.836127521802433e-10
6.977624222757615e-02,8.834124024496798e-10
6.990403754301128e-02,8.832124164733790e-10
7.003183285844640e-02,8.830127929124323e-10
7.015962817388151e-02,8.828135304279312e-10
7.028742348931663e-02,8.826146276912455e-10
7.041521880475175e-02,8.824160834148594e-10
7.054301412018688e-02,8.822178963215360e-10
7.067080943562200e-02,8.820200651340390e-10
7.079860475105712e-02,8.818225885751315e-10
7.092640006649224e-02,8.816254653675768e-10
7.105419538192737e-02,8.814286942341382e-10
7.118199069736249e-02,8.812322738975791e-10
7.130978601279761e-02,8.810362030806629e-10
7.152277820518949e-02,8.807101916270821e-10
7.173577039758135e-02,8.803851416792437e-10
7.194876258997322e-02,8.800610477183125e-10
7.216175478236508e-02,8.797379043043160e-10
7.237474697475696e-02,8.794157059972806e-10
7.258773916714882e-02,8.790944473572339e-10
7.280073135954070e-02,8.787741229442028e-10
7.301372355193256e-02,8.784547273182143e-10
7.322671574432443e-02,8.781362550392953e-10
7.343970793671629e-02,8.778187006674730e-10
7.365270012910817e-02,8.775020587627744e-10
7.386569232150003e-02,8.771863239426401e-10
7.407868451389191e-02,8.768714910541644e-10
7.429167670628377e-02,8.765575550018548e-10
7.450466889867564e-02,8.762445106902191e-10
7.471766109106751e-02,8.759323530237648e-10
7.493065328345938e-02,8.756210769069997e-10
7.514364547585124e-02,8.753106772444314e-10
7.535663766824312e-02,8.750011489405675e-10
7.556962986063498e-02,8.746924868999155e-10
7.578262205302685e-02,8.743846860269831e-10
7.599561424541872e-02,8.740777413687629e-10
7.620860643781059e-02,8.737716485421696e-10
7.642159863020245e-02,8.734664033065948e-10
7.663459082259433e-02,8.731620014214299e-10
7.684758301498619e-02,8.728584386460663e-10
7.706057520737807e-02,8.725557107398955e-10
7.727356739976993e-02,8.722538134623091e-10
7.748655959216180e-02,8.719527425726984e-10
7.769955178455366e-02,8.716524938304548e-10
7.791254397694554e-02,8.713530629949699e-10
7.812553616933740e-02,8.710544456028447e-10
7.833852836172928e-02,8.707566362995680e-10
7.855152055412114e-02,8.704596295078633e-10
7.876451274651301e-02,8.701634196504539e-10
7.897750493890487e-02,8.698680011500633e-10
7.919049713129675e-02,8.695733684294151e-10
7.940348932368861e-02,8.692795159112323e-10
7.961648151608049e-02,8.689864380182386e-10
7.982947370847235e-02,8.686941291731574e-10
8.004246590086422e-02,8.684025837987120e-10
8.025545809325609e-02,8.681117974282546e-10
8.046845028564796e-02,8.678217700379091e-10
8.068144247803982e-02,8.675325027145560e-10
8.089443467043170e-02,8.672439965450763e-10
8.110742686282357e-02,8.669562526163506e-10
8.132041905521543e-02,8.666692720152599e-10
8.153341124760730e-02,8.663830558286848e-10
8.174640343999917e-02,8.660976051435059e-10
8.195939563239105e-02,8.658129210466042e-10
8.217238782478291e-02,8.655290046248606e-10
8.238538001717477e-02,8.652458530703079e-10
8.259837220956665e-02,8.649634479951119e-10
8.281136440195852e-02,8.646817671163518e-10
8.302435659435038e-02,8.644007881511065e-10
8.323734878674224e-02,8.641204888164555e-10
8.345034097913412e-02,8.638408468294781e-10
8.366333317152599e-02,8.635618399072533e-10
8.387632536391786e-02,8.632834457668603e-10
8.408931755630973e-02,8.630056421253784e-10
8.430230974870159e-02,8.627284066998869e-10
8.451530194109347e-02,8.624517251162589e-10
8.472829413348533e-02,8.621756146356552e-10
8.494128632587720e-02,8.619001004280868e-10
8.515427851826907e-02,8.616252076635647e-10
8.536727071066094e-02,8.613509615120996e-10
8.558026290305280e-02,8.610773871437024e-10
8.579325509544468e-02,8.608045097283841e-10
8.600624728783654e-02,8.605323544361553e-10
8.621923948022842e-02,8.602609464370270e-10
8.643223167262028e-02,8.599903109010103e-10
8.664522386501215e-02,8.597204653584172e-10
8.685821605740401e-02,8.594513967814852e-10
8.707120824979589e-02,8.591830845031132e-10
8.728420044218775e-02,8.589155078562001e-10
8.749719263457963e-02,8.586486461736448e-10
8.771018482697149e-02,8.583824787883458e-10
8.792317701936336e-02,8.581169850332023e-10
8.813616921175522e-02,8.578521442411130e-10
8.834916140414710e-02,8.575879357449767e-10
8.856215359653896e-02,8.573243388776924e-10
8.877514578893084e-02,8.570613367169422e-10
8.898813798132270e-02,8.567989273187839e-10
8.920113017371457e-02,8.565371124836793e-10
8.941412236610644e-02,8.562758940120903e-10
8.962711455849831e-02,8.560152737044786e-10
8.984010675089017e-02,8.557552533613059e-10
9.005309894328205e-02,8.554958347830341e-10
9.026609113567391e-02,8.552370197701251e-10
9.047908332806578e-02,8.549788101230404e-10
9.069207552045766e-02,8.547212076422421e-10
9.090506771284952e-02,8.544642131673624e-10
9.111805990524138e-02,8.542078236944720e-10
9.133105209763326e-02,8.539520352586919e-10
9.154404429002513e-02,8.536968438951422e-10
9.175703648241700e-02,8.534422456389431e-10
9.197002867480886e-02,8.531882365252150e-10
9.218302086720073e-02,8.529348125890784e-10
9.239601305959261e-02,8.526819698656535e-10
9.260900525198447e-02,8.524297043900606e-10
9.282199744437633e-02,8.521780121974203e-10
9.303498963676821e-02,8.519268896190006e-10
9.324798182916008e-02,8.516763341707048e-10
9.346097402155194e-02,8.514263436646053e-10
9.367396621394380e-02,8.511769159127743e-10
9.388695840633568e-02,8.509280487272845e-10
9.409995059872756e-02,8.506797399202082e-10
9.431294279111942e-02,8.504319873036176e-10
9.452593498351128e-02,8.501847886895855e-10
9.473892717590315e-02,8.499381418901840e-10
9.495191936829503e-02,8.496920447174857e-10
9.516491156068689e-02,8.494464949395265e-10
9.537790375307875e-02,8.492014901481961e-10
9.559089594547063e-02,8.489570278913470e-10
9.580388813786250e-02,8.487131057168316e-10
9.601688033025436e-02,8.484697211725022e-10
9.622987252264624e-02,8.482268718062117e-10
9.644286471503810e-02,8.479845551658123e-10
9.665585690742998e-02,8.477427687991565e-10
9.686884909982184e-02,8.475015102540968e-10
9.708184129221371e-02,8.472607770784856e-10
9.729483348460558e-02,8.470205668642854e-10
9.750782567699745e-02,8.467808773798940e-10
9.772081786938931e-02,8.465417064378176e-10
9.793381006178119e-02,8.463030518505628e-10
9.814680225417305e-02,8.460649114306358e-10
9.835979444656492e-02,8.458272829905426e-10
9.857278663895679e-02,8.455901643427897e-10
9.878577883134866e-02,8.453535532998833e-10
9.899877102374052e-02,8.451174476743297e-10
9.921176321613240e-02,8.448818452786350e-10
9.942475540852426e-02,8.446467439431047e-10
9.963774760091614e-02,8.444121415692373e-10
9.985073979330800e-02,8.441780360763288e-10
1.000637319857000e-01,8.439444253836750e-10
1.002767241780920e-01,8.437113074105721e-10
1.004897163704840e-01,8.434786800763160e-10
1.007027085628750e-01,8.432465413002038e-10
1.009157007552670e-01,8.430148890015294e-10
1.011286929476590e-01,8.427837210995899e-10
1.013416851400510e-01,8.425530355136812e-10
1.015546773324430e-01,8.423228301855207e-10
1.017676695248350e-01,8.420931031465310e-10
1.019806617172270e-01,8.418638524505657e-10
1.021936539096190e-01,8.416350761514778e-10
1.024066461020100e-01,8.414067723031217e-10
1.026196382944020e-01,8.411789389593490e-10
1.028326304867940e-01,8.409515741740139e-10
1.030456226791860e-01,8.407246760009698e-10
1.032586148715780e-01,8.404982424940699e-10
1.034716070639700e-01,8.402722717071679e-10
1.036845992563620e-01,8.400467617131305e-10
1.038975914487540e-01,8.398217106608717e-10
1.041105836411450e-01,8.395971167183161e-10
1.043235758335370e-01,8.393729780533853e-10
1.045365680259290e-01,8.391492928340042e-10
1.047495602183210e-01,8.389260592280964e-10
1.049625524107130e-01,8.387032754035854e-10
1.051755446031050e-01,8.384809395283950e-10
1.053885367954970e-01,8.382590497704489e-10
1.056015289878880e-01,8.380376042976719e-10
1.058145211802800e-01,8.378166012959602e-10
1.060275133726720e-01,8.375960390230832e-10
1.062405055650640e-01,8.373759157547697e-10
1.064534977574560e-01,8.371562297667478e-10
1.066664899498480e-01,8.369369793347460e-10
1.068794821422400e-01,8.367181627344931e-10
1.070924743346320e-01,8.364997782417173e-10
1.073054665270230e-01,8.362818241321482e-10
1.075184587194150e-01,8.360642986815121e-10
1.077314509118070e-01,8.358472001655388e-10
1.079444431041990e-01,8.356305268764133e-10
1.081574352965910e-01,8.354142771721944e-10
1.083704274889830e-01,8.351984494274204e-10
1.085834196813750e-01,8.349830420166293e-10
1.087964118737660e-01,8.347680533143604e-10
1.090094040661580e-01,8.345534816951501e-10
1.092223962585500e-01,8.343393255335374e-10
1.094353884509420e-01,8.341255832040608e-10
1.096483806433340e-01,8.339122530812583e-10
1.098613728357260e-01,8.336993335396682e-10
1.100743650281180e-01,8.334868229690915e-10
1.102873572205100e-01,8.332747198204024e-10
1.105003494129010e-01,8.330630225597512e-10
1.107133416052930e-01,8.328517296532844e-10
1.109263337976850e-01,8.326408395671522e-10
1.111393259900770e-01,8.324303507675030e-10
1.113523181824690e-01,8.322202617204863e-10
1.115653103748610e-01,8.320105708922503e-10
1.117783025672530e-01,8.318012767489444e-10
1.119912947596450e-01,8.315923777567171e-10
1.122042869520360e-01,8.313838723958498e-10
1.124172791444280e-01,8.311757592031507e-10
1.126302713368200e-01,8.309680367295646e-10
1.128432635292120e-01,8.307607035260352e-10
1.130562557216040e-01,8.305537581435061e-10
1.132692479139960e-01,8.303471991329211e-10
1.134822401063880e-01,8.301410250452238e-10
1.136952322987790e-01,8.299352344313592e-10
1.139082244911710e-01,8.297298258422688e-10
1.141212166835630e-01,8.295247978288973e-10
1.143342088759550e-01,8.293201489553041e-10
1.145472010683470e-01,8.291158778379986e-10
1.147601932607390e-01,8.289119831065993e-10
1.149731854531310e-01,8.287084633907251e-10
1.151861776455230e-01,8.285053173199946e-10
1.153991698379140e-01,8.283025435240275e-10
1.156121620303060e-01,8.281001406324407e-10
1.158251542226980e-01,8.278981072748538e-10
1.160381464150900e-01,8.276964420808856e-10
1.162511386074820e-01,8.274951436801549e-10
1.164641307998740e-01,8.272942107144671e-10
1.166771229922660e-01,8.270936418743488e-10
1.168901151846570e-01,8.268934358625014e-10
1.171031073770490e-01,8.266935913816225e-10
1.173160995694410e-01,8.264941071344139e-10
1.175290917618330e-01,8.262949818235754e-10
1.177420839542250e-01,8.260962141518072e-10
1.179550761466170e-01,8.258978028218095e-10
1.181680683390090e-01,8.256997465362824e-10
1.183810605314010e-01,8.255020439979260e-10
1.185940527237920e-01,8.253046939207649e-10
1.188070449161840e-01,8.251076950641402e-10
1.190200371085760e-01,8.249110461987311e-10
1.192330293009680e-01,8.247147460952169e-10
1.194460214933600e-01,8.245187935242759e-10
1.196590136857520e-01,8.243231872565872e-10
1.198720058781440e-01,8.241279260628294e-10
1.200849980705360e-01,8.239330087136813e-10
1.202979902629270e-01,8.237384339798227e-10
1.205109824553190e-01,8.235442006319302e-10
1.207239746477110e-01,8.233503074512355e-10
1.209369668401030e-01,8.231567532611853e-10
1.211499590324950e-01,8.229635368957838e-10
1.213629512248870e-01,8.227706571890348e-10
1.215759434172790e-01,8.225781129749423e-10
1.217889356096700e-01,8.223859030875110e-10
1.220019278020620e-01,8.221940263607431e-10
1.222149199944540e-01,8.220024816286433e-10
1.224279121868460e-01,8.218112677252157e-10
1.226409043792380e-01,8.216203834844640e-10
1.228538965716300e-01,8.214298277502319e-10
1.230668887640220e-01,8.212395994057195e-10
1.232798809564140e-01,8.210496973439646e-10
1.234928731488050e-01,8.208601204580069e-10
1.237058653411970e-01,8.206708676408828e-10
1.239188575335890e-01,8.204819377856317e-10
1.241318497259810e-01,8.202933297852917e-10
1.243448419183730e-01,8.201050425329013e-10
1.245578341107650e-01,8.199170749214988e-10
1.247708263031570e-01,8.197294258441227e-10
1.249838184955480e-01,8.195420942030039e-10
1.251968106879400e-01,8.193550789371252e-10
1.254098028803320e-01,8.191683789946570e-10
1.256227950727240e-01,8.189819933237688e-10
1.258357872651160e-01,8.187959208726303e-10
1.260487794575080e-01,8.186101605894108e-10
1.262617716499000e-01,8.184247114222800e-10
1.264747638422920e-01,8.182395723194074e-10
1.266877560346830e-01,8.180547422289634e-10
1.269007482270750e-01,8.178702200991158e-10
1.271137404194670e-01,8.176860048866302e-10
1.273267326118590e-01,8.175020955826280e-10
1.275397248042510e-01,8.173184911868145e-10
1.277527169966430e-01,8.171351906988943e-10
1.279657091890350e-01,8.169521931185729e-10
1.281787013814270e-01,8.167694974455550e-10
1.283916935738180e-01,8.165871026795466e-10
1.286046857662100e-01,8.164050078202512e-10
1.288176779586020e-01,8.162232118673744e-10
1.290306701509940e-01,8.160417138206213e-10
1.292436623433860e-01,8.158605126877304e-10
1.294566545357780e-01,8.156796075085877e-10
1.296696467281700e-01,8.154989973311191e-10
1.298826389205610e-01,8.153186812032519e-10
1.300956311129530e-01,8.151386581729103e-10
1.303086233053450e-01,8.149589272880212e-10
1.305216154977370e-01,8.147794875965110e-10
1.307346076901290e-01,8.146003381463055e-10
1.309475998825210e-01,8.144214779853311e-10
1.311605920749130e-01,8.142429061615137e-10
1.313735842673050e-01,8.140646217303063e-10
1.315865764596960e-01,8.138866237772729e-10
1.317995686520880e-01,8.137089113955033e-10
1.320125608444800e-01,8.135314836780902e-10
1.322255530368720e-01,8.133543397181251e-10
1.324385452292640e-01,8.131774786086993e-10
1.326515374216560e-01,8.130008994429048e-10
1.328645296140480e-01,8.128246013138330e-10
1.330775218064400e-01,8.126485833145757e-10
1.332905139988310e-01,8.124728445382251e-10
1.335035061912230e-01,8.122973840849385e-10
1.337164983836150e-01,8.121222010831383e-10
1.339294905760070e-01,8.119472946683108e-10
1.341424827683990e-01,8.117726639759424e-10
1.343554749607910e-01,8.115983081415188e-10
1.345684671531830e-01,8.114242263005265e-10
1.347814593455740e-01,8.112504175884524e-10
1.349944515379660e-01,8.110768811407811e-10
1.352074437303580e-01,8.109036160929994e-10
1.354204359227500e-01,8.107306215805937e-10
1.356334281151420e-01,8.105578967456612e-10
1.358464203075340e-01,8.103854407567301e-10
1.360594124999260e-01,8.102132527889333e-10
1.362724046923180e-01,8.100413320174032e-10
1.364853968847090e-01,8.098696776172737e-10
1.366983890771010e-01,8.096982887636756e-10
1.369113812694930e-01,8.095271646317425e-10
1.371243734618850e-01,8.093563043966072e-10
1.373373656542770e-01,8.091857072334022e-10
1.375503578466690e-01,8.090153723172605e-10
1.377633500390610e-01,8.088452988296116e-10
1.379763422314520e-01,8.086754859770897e-10
1.381893344238440e-01,8.085059329726310e-10
1.384023266162360e-01,8.083366390291742e-10
1.386153188086280e-01,8.081676033596570e-10
1.388283110010200e-01,8.079988251770173e-10
1.390413031934120e-01,8.078303036941928e-10
1.392542953858040e-01,8.076620381241213e-10
1.394672875781960e-01,8.074940276797408e-10
1.396802797705870e-01,8.073262715739898e-10
1.398932719629790e-01,8.071587690253840e-10
1.401062641553710e-01,8.069915192747649e-10
1.403192563477630e-01,8.068245215685567e-10
1.405322485401550e-01,8.066577751531827e-10
1.407452407325470e-01,8.064912792750668e-10
1.409582329249390e-01,8.063250331806322e-10
1.411712251173300e-01,8.061590361163039e-10
1.413842173097220e-01,8.059932873285035e-10
1.415972095021140e-01,8.058277860636558e-10
1.418102016945060e-01,8.056625315681843e-10
1.420231938868980e-01,8.054975230950522e-10
1.422361860792900e-01,8.053327599233809e-10
1.424491782716820e-01,8.051682413388306e-10
1.426621704640740e-01,8.050039666270620e-10
1.428751626564650e-01,8.048399350737363e-10
1.430881548488570e-01,8.046761459645124e-10
1.433011470412490e-01,8.045125985850517e-10
1.435141392336410e-01,8.043492922210146e-10
1.437271314260330e-01,8.041862261580616e-10
1.439401236184250e-01,8.040233996818532e-10
1.441531158108170e-01,8.038608120794132e-10
1.443661080032090e-01,8.036984626432163e-10
1.445791001956000e-01,8.035363506671007e-10
1.447920923879920e-01,8.033744754449019e-10
1.450050845803840e-01,8.032128362704578e-10
1.452180767727760e-01,8.030514324376057e-10
1.454310689651680e-01,8.028902632401828e-10
1.456440611575600e-01,8.027293279720264e-10
1.458570533499520e-01,8.025686259269736e-10
1.460700455423430e-01,8.024081563988622e-10
1.462830377347350e-01,8.022479187007406e-10
1.464960299271270e-01,8.020879122224609e-10
1.467090221195190e-01,8.019281363730617e-10
1.469220143119110e-01,8.017685905615823e-10
1.471350065043030e-01,8.016092741970614e-10
1.473479986966950e-01,8.014501866885384e-10
1.475609908890870e-01,8.012913274450521e-10
1.477739830814780e-01,8.011326958756423e-10
1.479869752738700e-01,8.009742913893467e-10
1.481999674662620e-01,8.008161133952048e-10
1.484129596586540e-01,8.006581612535201e-10
1.486259518510460e-01,8.005004341295647e-10
1.488389440434380e-01,8.003429311398304e-10
1.490519362358300e-01,8.001856514008084e-10
1.492649284282220e-01,8.000285940289907e-10
1.494779206206130e-01,7.998717581408697e-10
1.496909128130050e-01,7.997151428529356e-10
1.499039050053970e-01,7.995587472816806e-10
1.501168971977890e-01,7.994025705435967e-10
1.503298893901810e-01,7.992466117551753e-10
1.505428815825730e-01,7.990908702364586e-10
1.507558737749650e-01,7.989353461218114e-10
1.509688659673560e-01,7.987800397492104e-10
1.511818581597480e-01,7.986249514566301e-10
1.513948503521400e-01,7.984700815820474e-10
1.516078425445320e-01,7.983154304634383e-10
1.518208347369240e-01,7.981609984387787e-10
1.520338269293160e-01,7.980067858460446e-10
1.522468191217080e-01,7.978527930232121e-10
1.524598113141000e-01,7.976990203082572e-10
1.526728035064910e-01,7.975454672996847e-10
1.528857956988830e-01,7.973921306385802e-10
1.530987878912750e-01,7.972390062267950e-10
1.533117800836670e-01,7.970860899661805e-10
1.535247722760590e-01,7.969333777585867e-10
1.537377644684510e-01,7.967808655058650e-10
1.539507566608430e-01,7.966285491098659e-10
1.541637488532340e-01,7.964764244724410e-10
1.543767410456260e-01,7.963244874954394e-10
1.545897332380180e-01,7.961727340807131e-10
1.548027254304100e-01,7.960211629098894e-10
1.550157176228020e-01,7.958697837785009e-10
1.552287098151940e-01,7.957186092592554e-10
1.554417020075860e-01,7.955676519248605e-10
1.556546941999780e-01,7.954169243480243e-10
1.558676863923690e-01,7.952664391014552e-10
1.560806785847610e-01,7.951162087578595e-10
1.562936707771530e-01,7.949662458899459e-10
1.565066629695450e-01,7.948165630704220e-10
1.567196551619370e-01,7.946671728719958e-10
1.569326473543290e-01,7.945180775224236e-10
1.571456395467210e-01,7.943692378435143e-10
1.573586317391130e-01,7.942206042990506e-10
1.575716239315040e-01,7.940721273528157e-10
1.577846161238960e-01,7.939237574685909e-10
1.579976083162880e-01,7.937754451101595e-10
1.582106005086800e-01,7.936271407413038e-10
1.584235927010720e-01,7.934787948258068e-10
1.586365848934640e-01,7.933303578274509e-10
1.588495770858560e-01,7.931817802100187e-10
1.590625692782470e-01,7.930330510750349e-10
1.592755614706390e-01,7.928843141248754e-10
1.594885536630310e-01,7.927357517246079e-10
1.597015458554230e-01,7.925875462392995e-10
1.599145380478150e-01,7.924398800340175e-10
1.601275302402070e-01,7.922929354738287e-10
1.603405224325990e-01,7.921468949238002e-10
1.605535146249910e-01,7.920019407489993e-10
1.607665068173820e-01,7.918582553144936e-10
1.609794990097740e-01,7.917160209853488e-10
1.611924912021660e-01,7.915752759002563e-10
1.614054833945580e-01,7.914354812843554e-10
1.616184755869500e-01,7.912959541323858e-10
1.618314677793420e-01,7.911560114390872e-10
1.620444599717340e-01,7.910149701991991e-10
1.622574521641260e-01,7.908721474074614e-10
1.624704443565170e-01,7.907268600586142e-10
1.626834365489090e-01,7.905784251473963e-10
1.628964287413010e-01,7.904261596685476e-10
1.631094209336930e-01,7.902693806168078e-10
1.633224131260850e-01,7.901079434289121e-10
1.635354053184770e-01,7.899438566746284e-10
1.637483975108690e-01,7.897796670482923e-10
1.639613897032600e-01,7.896179212442405e-10
1.641743818956520e-01,7.894611659568071e-10
1.643873740880440e-01,7.893119478803289e-10
1.646003662804360e-01,7.891728137091419e-10
1.648133584728280e-01,7.890463101375814e-10
1.650263506652200e-01,7.889349838599837e-10
1.652393428576120e-01,7.888413815706844e-10
1.654523350500040e-01,7.887660399670079e-10
1.656653272423950e-01,7.887014606101114e-10
1.658783194347870e-01,7.886381374893464e-10
1.660913116271790e-01,7.885665645940657e-10
1.663043038195710e-01,7.884772359136212e-10
1.665172960119630e-01,7.883606454373657e-10
1.667302882043550e-01,7.882072871546510e-10
1.669432803967470e-01,7.880076550548297e-10
1.671562725891380e-01,7.877522431272552e-10
1.673692647815300e-01,7.874315453612775e-10
1.675822569739220e-01,7.870435491695275e-10
1.677952491663140e-01,7.866162305299730e-10
1.680082413587060e-01,7.861850662818178e-10
1.682212335510980e-01,7.857855332642662e-10
1.684342257434900e-01,7.854531083165221e-10
1.686472179358820e-01,7.852232682777895e-10
1.688602101282730e-01,7.851314899872725e-10
1.690732023206650e-01,7.852132502841742e-10
1.692861945130570e-01,7.855040260076992e-10
1.694991867054490e-01,7.860392939970519e-10
1.697121788978410e-01,7.868392847062405e-10
1.699251710902330e-01,7.878632316276333e-10
1.701381632826250e-01,7.890551161574373e-10
1.703511554750170e-01,7.903589196918611e-10
1.705641476674080e-01,7.917186236271055e-10
1.707771398598000e-01,7.930782093593919e-10
1.709901320521920e-01,7.943816582849213e-10
1.712031242445840e-01,7.955729517999021e-10
1.714161164369760e-01,7.965960713005414e-10
1.716291086293680e-01,7.973949981830478e-10
1.718421008217600e-01,7.979289768357081e-10
1.720550930141510e-01,7.982182961950250e-10
1.722680852065430e-01,7.982985044797584e-10
1.724810773989350e-01,7.982051499086639e-10
1.726940695913270e-01,7.979737807004991e-10
1.729070617837190e-01,7.976399450740215e-10
1.731200539761110e-01,7.972391912479886e-10
1.733330461685030e-01,7.968070674411578e-10
1.735460383608950e-01,7.963791218722868e-10
1.737590305532860e-01,7.959909027601344e-10
1.739720227456780e-01,7.956704428871581e-10
1.741850149380700e-01,7.954157262247344e-10
1.743980071304620e-01,7.952172277736004e-10
1.746109993228540e-01,7.950654225344936e-10
1.748239915152460e-01,7.949507855081513e-10
1.750369837076380e-01,7.948637916953107e-10
1.752499759000290e-01,7.947949160967092e-10
1.754629680924210e-01,7.947346337130837e-10
1.756759602848130e-01,7.946734195451716e-10
1.758889524772050e-01,7.946017485937105e-10
1.761019446695970e-01,7.945121073385912e-10
1.763149368619890e-01,7.944050335637366e-10
1.765279290543810e-01,7.942830792268323e-10
1.767409212467730e-01,7.941487962855640e-10
1.769539134391640e-01,7.940047366976182e-10
1.771669056315560e-01,7.938534524206794e-10
1.773798978239480e-01,7.936974954124340e-10
1.775928900163400e-01,7.935394176305676e-10
1.778058822087320e-01,7.933817710327664e-10
1.780188744011240e-01,7.932271075767157e-10
1.782318665935160e-01,7.930774400546941e-10
1.784448587859070e-01,7.929326238196030e-10
1.786578509782990e-01,7.927919746699902e-10
1.788708431706910e-01,7.926548084044056e-10
1.790838353630830e-01,7.925204408213985e-10
1.792968275554750e-01,7.923881877195181e-10
1.795098197478670e-01,7.922573648973137e-10
1.797228119402590e-01,7.921272881533344e-10
1.799358041326510e-01,7.919972732861296e-10
1.801487963250420e-01,7.918666360942490e-10
1.803617885174340e-01,7.917348368922247e-10
1.805747807098260e-01,7.916019140884484e-10
1.807877729022180e-01,7.914680506222569e-10
1.810007650946100e-01,7.913334294329871e-10
1.812137572870020e-01,7.911982334599756e-10
1.814267494793940e-01,7.910626456425590e-10
1.816397416717860e-01,7.909268489200744e-10
1.818527338641770e-01,7.907910262318590e-10
1.820657260565690e-01,7.906553605172482e-10
1.822787182489610e-01,7.905200347155795e-10
1.824917104413530e-01,7.903851930336735e-10
1.827047026337450e-01,7.902508247881040e-10
1.829176948261370e-01,7.901168805828351e-10
1.831306870185290e-01,7.899833110218304e-10
1.833436792109200e-01,7.898500667090548e-10
1.835566714033120e-01,7.897170982484707e-10
1.837696635957040e-01,7.895843562440430e-10
1.839826557880960e-01,7.894517912997355e-10
1.841956479804880e-01,7.893193540195120e-10
1.844086401728800e-01,7.891869950073367e-10
1.846216323652720e-01,7.890546752507740e-10
1.848346245576640e-01,7.889223972482958e-10
1.850476167500550e-01,7.887901738702320e-10
1.852606089424470e-01,7.886580179869095e-10
1.854736011348390e-01,7.885259424686575e-10
1.856865933272310e-01,7.883939601858048e-10
1.858995855196230e-01,7.882620840086800e-10
1.861125777120150e-01,7.881303268076115e-10
1.863255699044070e-01,7.879987014529281e-10
1.865385620967990e-01,7.878672208149582e-10
1.867515542891900e-01,7.877358949870121e-10
1.869645464815820e-01,7.876047229483887e-10
1.871775386739740e-01,7.874737008984036e-10
1.873905308663660e-01,7.873428250363709e-10
1.876035230587580e-01,7.872120915616053e-10
1.878165152511500e-01,7.870814966734217e-10
1.880295074435420e-01,7.869510365711344e-10
1.882424996359330e-01,7.868207074540584e-10
1.884554918283250e-01,7.866905055215073e-10
1.886684840207170e-01,7.865604269727961e-10
1.888814762131090e-01,7.864304687536278e-10
1.890944684055010e-01,7.863006307959304e-10
1.893074605978930e-01,7.861709137783565e-10
1.895204527902850e-01,7.860413183795583e-10
1.897334449826770e-01,7.859118452781885e-10
1.899464371750680e-01,7.857824951529000e-10
1.901594293674600e-01,7.856532686823439e-10
1.903724215598520e-01,7.855241665451737e-10
1.905854137522440e-01,7.853951894200415e-10
1.907984059446360e-01,7.852663379855999e-10
1.910113981370280e-01,7.851376127223739e-10
1.912243903294200e-01,7.850090133184465e-10
1.914373825218110e-01,7.848805392638068e-10
1.916503747142030e-01,7.847521900484424e-10
1.918633669065950e-01,7.846239651623426e-10
1.920763590989870e-01,7.844958640954959e-10
1.922893512913790e-01,7.843678863378914e-10
1.925023434837710e-01,7.842400313795174e-10
1.927153356761630e-01,7.841122987103627e-10
1.929283278685550e-01,7.839846878204160e-10
1.931413200609460e-01,7.838571982546144e-10
1.933543122533380e-01,7.837298297775977e-10
1.935673044457300e-01,7.836025822089122e-10
1.937802966381220e-01,7.834754553681034e-10
1.939932888305140e-01,7.833484490747170e-10
1.942062810229060e-01,7.832215631482990e-10
1.944192732152980e-01,7.830947974083947e-10
1.946322654076900e-01,7.829681516745499e-10
1.948452576000810e-01,7.828416257663106e-10
1.950582497924730e-01,7.827152195032218e-10
1.952712419848650e-01,7.825889326918639e-10
1.954842341772570e-01,7.824627650869910e-10
1.956972263696490e-01,7.823367164304099e-10
1.959102185620410e-01,7.822107864639279e-10
1.961232107544330e-01,7.820849749293513e-10
1.963362029468240e-01,7.819592815684879e-10
1.965491951392160e-01,7.818337061231431e-10
1.967621873316080e-01,7.817082483351244e-10
1.969751795240000e-01,7.815829079462388e-10
1.971881717163920e-01,7.814576846982930e-10
1.974011639087840e-01,7.813325783382474e-10
1.976141561011760e-01,7.812075886336865e-10
1.978271482935680e-01,7.810827153573517e-10
1.980401404859590e-01,7.809579582819859e-10
1.982531326783510e-01,7.808333171803295e-10
1.984661248707430e-01,7.807087918251249e-10
1.986791170631350e-01,7.805843819891144e-10
1.988921092555270e-01,7.804600874450397e-10
1.991051014479190e-01,7.803359079656426e-10
1.993180936403110e-01,7.802118433236650e-10
1.995310858327020e-01,7.800878932920798e-10
1.997440780250940e-01,7.799640576447786e-10
1.999570702174860e-01,7.798403361558850e-10
2.001700624098780e-01,7.797167285995224e-10
2.003830546022700e-01,7.795932347498137e-10
2.005960467946620e-01,7.794698543808822e-10
2.008090389870540e-01,7.793465872668509e-10
2.010220311794460e-01,7.792234331818432e-10
2.012350233718370e-01,7.791003918999826e-10
2.014480155642290e-01,7.789774631953911e-10
2.016610077566210e-01,7.788546468436735e-10
2.018739999490130e-01,7.787319426263562e-10
2.020869921414050e-01,7.786093503264464e-10
2.022999843337970e-01,7.784868697269505e-10
2.025129765261890e-01,7.783645006108756e-10
2.027259687185810e-01,7.782422427612287e-10
2.029389609109720e-01,7.781200959610171e-10
2.031519531033640e-01,7.779980599932465e-10
2.033649452957560e-01,7.778761346409245e-10
2.035779374881480e-01,7.777543196870577e-10
2.037909296805400e-01,7.776326149157354e-10
2.040039218729320e-01,7.775110201153737e-10
2.042169140653240e-01,7.773895350754696e-10
2.044299062577150e-01,7.772681595855208e-10
2.046428984501070e-01,7.771468934350234e-10
2.048558906424990e-01,7.770257364134747e-10
2.050688828348910e-01,7.769046883103724e-10
2.052818750272830e-01,7.767837489152133e-10
2.054948672196750e-01,7.766629180174944e-10
2.057078594120670e-01,7.765421954067131e-10
2.059208516044590e-01,7.764215808734909e-10
2.061338437968500e-01,7.763010742129511e-10
2.063468359892420e-01,7.761806752213411e-10
2.065598281816340e-01,7.760603836949098e-10
2.067728203740260e-01,7.759401994299057e-10
2.069858125664180e-01,7.758201222225774e-10
2.071988047588100e-01,7.757001518691733e-10
2.074117969512020e-01,7.755802881659419e-10
2.076247891435940e-01,7.754605309091317e-10
2.078377813359850e-01,7.753408798949917e-10
2.080507735283770e-01,7.752213349208240e-10
2.082637657207690e-01,7.751018957881528e-10
2.084767579131610e-01,7.749825622995569e-10
2.086897501055530e-01,7.748633342576150e-10
2.089027422979450e-01,7.747442114649061e-10
2.091157344903370e-01,7.746251937240091e-10
2.093287266827280e-01,7.745062808375031e-10
2.095417188751200e-01,7.743874726079663e-10
2.097547110675120e-01,7.742687688379776e-10
2.099677032599040e-01,7.741501693301163e-10
2.101806954522960e-01,7.740316738879813e-10
2.103936876446880e-01,7.739132823192540e-10
2.106066798370800e-01,7.737949944326356e-10
2.108196720294720e-01,7.736768100368280e-10
2.110326642218630e-01,7.735587289405330e-10
2.112456564142550e-01,7.734407509524509e-10
2.114586486066470e-01,7.733228758812841e-10
2.116716407990390e-01,7.732051035357337e-10
2.118846329914310e-01,7.730874337245014e-10
2.120976251838230e-01,7.729698662562886e-10
2.123106173762150e-01,7.728524009407703e-10
2.125236095686060e-01,7.727350375915147e-10
2.127366017609980e-01,7.726177760230611e-10
2.129495939533900e-01,7.725006160499502e-10
2.131625861457820e-01,7.723835574867225e-10
2.133755783381740e-01,7.722666001479182e-10
2.135885705305660e-01,7.721497438480779e-10
2.138015627229580e-01,7.720329884017417e-10
2.140145549153500e-01,7.719163336234501e-10
2.142275471077410e-01,7.717997793277442e-10
2.144405393001330e-01,7.716833253301008e-10
2.146535314925250e-01,7.715669714497488e-10
2.148665236849170e-01,7.714507175068526e-10
2.150795158773090e-01,7.713345633215768e-10
2.152925080697010e-01,7.712185087140861e-10
2.155055002620930e-01,7.711025535045454e-10
2.157184924544850e-01,7.709866975131192e-10
2.159314846468760e-01,7.708709405599725e-10
2.161444768392680e-01,7.707552824652690e-10
2.163574690316600e-01,7.706397230491740e-10
2.165704612240520e-01,7.705242621327511e-10
2.167834534164440e-01,7.704088995406611e-10
2.169964456088360e-01,7.702936350984651e-10
2.172094378012280e-01,7.701784686317239e-10
2.174224299936190e-01,7.700633999659986e-10
2.176354221860110e-01,7.699484289268489e-10
2.178484143784030e-01,7.698335553398364e-10
2.180614065707950e-01,7.697187790305218e-10
2.182743987631870e-01,7.696040998244658e-10
2.184873909555790e-01,7.694895175472294e-10
2.187003831479710e-01,7.693750320252363e-10
2.189133753403630e-01,7.692606430883637e-10
2.191263675327540e-01,7.691463505673520e-10
2.193393597251460e-01,7.690321542929410e-10
2.195523519175380e-01,7.689180540958713e-10
2.197653441099300e-01,7.688040498068832e-10
2.199783363023220e-01,7.686901412567172e-10
2.201913284947140e-01,7.685763282761134e-10
2.204043206871060e-01,7.684626106958122e-10
2.206173128794970e-01,7.683489883465545e-10
2.208303050718890e-01,7.682354610599090e-10
2.210432972642810e-01,7.681220286707621e-10
2.212562894566730e-01,7.680086910148296e-10
2.214692816490650e-01,7.678954479278263e-10
2.216822738414570e-01,7.677822992454679e-10
2.218952660338490e-01,7.676692448034695e-10
2.221082582262410e-01,7.675562844375462e-10
2.223212504186320e-01,7.674434179834142e-10
2.225342426110240e-01,7.673306452767875e-10
2.227472348034160e-01,7.672179661533819e-10
2.229602269958080e-01,7.671053804497106e-10
2.231732191882000e-01,7.669928880054769e-10
2.233862113805920e-01,7.668804886611807e-10
2.235992035729840e-01,7.667681822573223e-10
2.238121957653760e-01,7.666559686344021e-10
2.240251879577670e-01,7.665438476329207e-10
2.242381801501590e-01,7.664318190933772e-10
2.244511723425510e-01,7.663198828562726e-10
2.246641645349430e-01,7.662080387621069e-10
2.248771567273350e-01,7.660962866513803e-10
2.250901489197270e-01,7.659846263653593e-10
2.253031411121190e-01,7.658730577483763e-10
2.255161333045100e-01,7.657615806455313e-10
2.257291254969020e-01,7.656501949019231e-10
2.259421176892940e-01,7.655389003626518e-10
2.261551098816860e-01,7.654276968728168e-10
2.263681020740780e-01,7.653165842775178e-10
2.265810942664700e-01,7.652055624218545e-10
2.267940864588620e-01,7.650946311509264e-10
2.270070786512540e-01,7.649837903098330e-10
2.272200708436450e-01,7.648730397444164e-10
2.274330630360370e-01,7.647623793034848e-10
2.276460552284290e-01,7.646518088365905e-10
2.278590474208210e-01,7.645413281932850e-10
2.280720396132130e-01,7.644309372231202e-10
2.282850318056050e-01,7.643206357756476e-10
2.284980239979970e-01,7.642104237004191e-10
2.287110161903880e-01,7.641003008469868e-10
2.289240083827800e-01,7.639902670649010e-10
2.291370005751720e-01,7.638803222037143e-10
2.293499927675640e-01,7.637704661136772e-10
2.295629849599560e-01,7.636606986478367e-10
2.297759771523480e-01,7.635510196599385e-10
2.299889693447400e-01,7.634414290037282e-10
2.302019615371320e-01,7.633319265329519e-10
2.304149537295230e-01,7.632225121013559e-10
2.306279459219150e-01,7.631131855626848e-10
2.308409381143070e-01,7.630039467706853e-10
2.310539303066990e-01,7.628947955791028e-10
2.312669224990910e-01,7.627857318416833e-10
2.314799146914830e-01,7.626767554128662e-10
2.316929068838750e-01,7.625678661498633e-10
2.319058990762670e-01,7.624590639105798e-10
2.321188912686580e-01,7.623503485529209e-10
2.323318834610500e-01,7.622417199347909e-10
2.325448756534420e-01,7.621331779140953e-10
2.327578678458340e-01,7.620247223487389e-10
2.329708600382260e-01,7.619163530966267e-10
2.331838522306180e-01,7.618080700156640e-10
2.333968444230100e-01,7.616998729637555e-10
2.336098366154010e-01,7.615917617994409e-10
2.338228288077930e-01,7.614837363837939e-10
2.340358210001850e-01,7.613757965785227e-10
2.342488131925770e-01,7.612679422453354e-10
2.344618053849690e-01,7.611601732459396e-10
2.346747975773610e-01,7.610524894420433e-10
2.348877897697530e-01,7.609448906953544e-10
2.351007819621450e-01,7.608373768675809e-10
2.353137741545360e-01,7.607299478204309e-10
2.355267663469280e-01,7.606226034156116e-10
2.357397585393200e-01,7.605153435155450e-10
2.359527507317120e-01,7.604081679855098e-10
2.361657429241040e-01,7.603010766914989e-10
2.363787351164960e-01,7.601940694995056e-10
2.365917273088880e-01,7.600871462755227e-10
2.368047195012800e-01,7.599803068855437e-10
2.370177116936710e-01,7.598735511955619e-10
2.372307038860630e-01,7.597668790715696e-10
2.374436960784550e-01,7.596602903795601e-10
2.376566882708470e-01,7.595537849855265e-10
2.378696804632390e-01,7.594473627557782e-10
2.380826726556310e-01,7.593410235578886e-10
2.382956648480230e-01,7.592347672597470e-10
2.385086570404140e-01,7.591285937292438e-10
2.387216492328060e-01,7.590225028342674e-10
2.389346414251980e-01,7.589164944427079e-10
2.391476336175900e-01,7.588105684224549e-10
2.393606258099820e-01,7.587047246413982e-10
2.395736180023740e-01,7.585989629674271e-10
2.397866101947660e-01,7.584932832684312e-10
2.399996023871580e-01,7.583876854139643e-10
2.402125945795490e-01,7.582821692802360e-10
2.404255867719410e-01,7.581767347451179e-10
2.406385789643330e-01,7.580713816864834e-10
2.408515711567250e-01,7.579661099822052e-10
2.410645633491170e-01,7.578609195101559e-10
2.412775555415090e-01,7.577558101482083e-10
2.414905477339010e-01,7.576507817742351e-10
2.417035399262920e-01,7.575458342661095e-10
2.419165321186840e-01,7.574409675017033e-10
2.421295243110760e-01,7.573361813554435e-10
2.423425165034680e-01,7.572314756879785e-10
2.425555086958600e-01,7.571268503565136e-10
2.427685008882520e-01,7.570223052182538e-10
2.429814930806440e-01,7.569178401304047e-10
2.431944852730360e-01,7.568134549501713e-10
2.434074774654270e-01,7.567091495347597e-10
2.436204696578190e-01,7.566049237413738e-10
2.438334618502110e-01,7.565007774272198e-10
2.440464540426030e-01,7.563967104495026e-10
2.442594462349950e-01,7.562927226809296e-10
2.444724384273870e-01,7.561888140562560e-10
2.446854306197790e-01,7.560849845257596e-10
2.448984228121710e-01,7.559812340397174e-10
2.451114150045620e-01,7.558775625484076e-10
2.453244071969540e-01,7.557739700021064e-10
2.455373993893460e-01,7.556704563510919e-10
2.457503915817380e-01,7.555670215456413e-10
2.459633837741300e-01,7.554636655360323e-10
2.461763759665220e-01,7.553603882725420e-10
2.463893681589140e-01,7.552571896501345e-10
2.466023603513050e-01,7.551540693424434e-10
2.468153525436970e-01,7.550510269677505e-10
2.470283447360890e-01,7.549480621443388e-10
2.472413369284810e-01,7.548451744904904e-10
2.474543291208730e-01,7.547423636244882e-10
2.476673213132650e-01,7.546396291646144e-10
2.478803135056570e-01,7.545369707291513e-10
2.480933056980490e-01,7.544343879363816e-10
2.483062978904400e-01,7.543318804045881e-10
2.485192900828320e-01,7.542294479610190e-10
2.487322822752240e-01,7.541270912688151e-10
2.489452744676160e-01,7.540248112000956e-10
2.491582666600080e-01,7.539226086269799e-10
2.493712588524000e-01,7.538204844215874e-10
2.495842510447920e-01,7.537184394560376e-10
2.497972432371830e-01,7.536164746024501e-10
2.500102354295750e-01,7.535145907329433e-10
2.502232276219670e-01,7.534127887196372e-10
2.504362198143590e-01,7.533110694346510e-10
2.506492120067510e-01,7.532094329723747e-10
2.508622041991430e-01,7.531078763171479e-10
2.510751963915350e-01,7.530063956760148e-10
2.512881885839270e-01,7.529049872560202e-10
2.515011807763180e-01,7.528036472642085e-10
2.517141729687100e-01,7.527023719076230e-10
2.519271651611020e-01,7.526011573933087e-10
2.521401573534940e-01,7.524999999283097e-10
2.523531495458860e-01,7.523988957196704e-10
2.525661417382780e-01,7.522978409744350e-10
2.527791339306700e-01,7.521968348052239e-10
2.529921261230620e-01,7.520958879401311e-10
2.532051183154530e-01,7.519950140094125e-10
2.534181105078450e-01,7.518942266433230e-10
2.536311027002370e-01,7.517935394721187e-10
2.538440948926290e-01,7.516929661260552e-10
2.540570870850210e-01,7.515925202353882e-10
2.542700792774130e-01,7.514922154303736e-10
2.544830714698050e-01,7.513920653412667e-10
2.546960636621960e-01,7.512920835983238e-10
2.549090558545880e-01,7.511922730018297e-10
2.551220480469800e-01,7.510925930100125e-10
2.553350402393720e-01,7.509929922400384e-10
2.555480324317640e-01,7.508934193090735e-10
2.557610246241560e-01,7.507938228342838e-10
2.559740168165480e-01,7.506941514328356e-10
2.561870090089400e-01,7.505943537218950e-10
2.564000012013310e-01,7.504943783186285e-10
2.566129933937230e-01,7.503941738402011e-10
2.568259855861150e-01,7.502936889037796e-10
2.570389777785070e-01,7.501929125598252e-10
2.572519699708990e-01,7.500919956248165e-10
2.574649621632910e-01,7.499911293649481e-10
2.576779543556830e-01,7.498905050464148e-10
2.578909465480740e-01,7.497903139354116e-10
2.581039387404660e-01,7.496907472981324e-10
2.583169309328580e-01,7.495919964007719e-10
2.585299231252500e-01,7.494942525095252e-10
2.587429153176420e-01,7.493977068905867e-10
2.589559075100340e-01,7.493025508101511e-10
2.591688997024260e-01,7.492088245905510e-10
2.593818918948180e-01,7.491159648425347e-10
2.595948840872090e-01,7.490232572649188e-10
2.598078762796010e-01,7.489299875565189e-10
2.600208684719930e-01,7.488354414161514e-10
2.602338606643850e-01,7.487389045426328e-10
2.604468528567770e-01,7.486396626347793e-10
2.606598450491690e-01,7.485370013914070e-10
2.608728372415610e-01,7.484302065113322e-10
2.610858294339530e-01,7.483185636933714e-10
2.612988216263440e-01,7.482019221140284e-10
2.615118138187360e-01,7.480823839263255e-10
2.617248060111280e-01,7.479626142939571e-10
2.619377982035200e-01,7.478452783806168e-10
2.621507903959120e-01,7.477330413499979e-10
2.623637825883040e-01,7.476285683657940e-10
2.625767747806960e-01,7.475345245916991e-10
2.627897669730870e-01,7.474535751914066e-10
2.630027591654790e-01,7.473883853286097e-10
2.632157513578710e-01,7.473416201670021e-10
2.634287435502630e-01,7.473138441881554e-10
2.636417357426550e-01,7.472972133862559e-10
2.638547279350470e-01,7.472817801929334e-10
2.640677201274390e-01,7.472575970398169e-10
2.642807123198310e-01,7.472147163585361e-10
2.644937045122220e-01,7.471431905807209e-10
2.647066967046140e-01,7.470330721380001e-10
2.649196888970060e-01,7.468744134620032e-10
2.651326810893980e-01,7.466572669843600e-10
2.653456732817900e-01,7.463716851366996e-10
2.655586654741820e-01,7.460155627568166e-10
2.657716576665740e-01,7.456181761146123e-10
2.659846498589660e-01,7.452166497909865e-10
2.661976420513570e-01,7.448481083668410e-10
2.664106342437490e-01,7.445496764230724e-10
2.666236264361410e-01,7.443584785405829e-10
2.668366186285330e-01,7.443116393002723e-10
2.670496108209250e-01,7.444462832830408e-10
2.672626030133170e-01,7.447995350697888e-10
2.674755952057090e-01,7.454085192414165e-10
2.676885873981000e-01,7.462810830397598e-10
2.679015795904920e-01,7.473079564420396e-10
2.681145717828840e-01,7.483505881320754e-10
2.683275639752760e-01,7.492704267936890e-10
2.685405561676680e-01,7.499289211107036e-10
2.687535483600600e-01,7.501875197669421e-10
2.689665405524520e-01,7.499076714462268e-10
2.691795327448440e-01,7.489508248323806e-10
2.693925249372350e-01,7.471784286092370e-10
2.696055171296270e-01,7.444519314606020e-10
2.698185093220190e-01,7.407420803453409e-10
2.700315015144110e-01,7.364567098530777e-10
2.702444937068030e-01,7.321129001201453e-10
2.704574858991950e-01,7.282277312828741e-10
2.706704780915870e-01,7.253182834775972e-10
2.708834702839780e-01,7.239016368406484e-10
2.710964624763700e-01,7.244948715083444e-10
2.713094546687620e-01,7.276150676170280e-10
2.715224468611540e-01,7.337793053030309e-10
2.717354390535460e-01,7.435046647026846e-10
2.719484312459380e-01,7.569002139093210e-10
2.721614234383300e-01,7.724438703383372e-10
2.723744156307220e-01,7.882059879857580e-10
2.725874078231130e-01,8.022569208475544e-10
2.728004000155050e-01,8.126670229198903e-10
2.730133922078970e-01,8.175066481987276e-10
2.732263844002890e-01,8.148461506800929e-10
2.734393765926810e-01,8.027558843600146e-10
2.736523687850730e-01,7.793062032345260e-10
2.738653609774650e-01,7.425674612996484e-10
2.740783531698570e-01,6.914374410993953e-10
2.742913453622480e-01,6.281254589992813e-10
2.745043375546400e-01,5.556691699765253e-10
2.747173297470320e-01,4.771062290092696e-10
2.749303219394240e-01,3.954742910753729e-10
2.751433141318160e-01,3.138110111527061e-10
2.753563063242080e-01,2.351540442191024e-10
2.755692985166000e-01,1.625410452524328e-10
2.757822907089910e-01,9.900966923082309e-11
2.759952829013830e-01,4.759757113154862e-11
2.762082750937750e-01,1.052143477027249e-11
2.764212672861670e-01,-1.328673165518876e-11
2.766342594785590e-01,-2.571628664100479e-11
2.768472516709510e-01,-2.865658868333922e-11
2.770602438633430e-01,-2.399699627835543e-11
2.772732360557350e-01,-1.362686792221610e-11
2.774862282481260e-01,5.644378888420671e-13
2.776992204405180e-01,1.668756265879583e-11
2.779122126329100e-01,3.285314789142717e-11
2.781252048253020e-01,4.717183509057047e-11
2.783381970176940e-01,5.813145534684163e-11
2.785511892100860e-01,6.572849555946372e-11
