7.791356504680618e-06,1.393621820405727e-13
8.610780621332552e-06,1.393620997769082e-13
9.516384324626089e-06,1.393620172786093e-13
1.051723120080771e-05,1.393619345388713e-13
1.162333806181051e-05,1.393618515509263e-13
1.284577519687474e-05,1.393617683087318e-13
1.419677716772344e-05,1.393616848068205e-13
1.568986525616830e-05,1.393616010372058e-13
1.733998278964274e-05,1.393615169942187e-13
1.916364469904539e-05,1.393614326722363e-13
2.117910280571951e-05,1.393613480636814e-13
2.340652849181556e-05,1.393612631624928e-13
2.586821458226360e-05,1.393611779628290e-13
2.858879845885812e-05,1.393610924582234e-13
3.159550863945590e-05,1.393610066415131e-13
3.491843729013453e-05,1.393609205068967e-13
3.859084139770492e-05,1.393608340487256e-13
4.264947561681323e-05,1.393607472592196e-13
4.713496012287843e-05,1.393606601325815e-13
5.209218715246060e-05,1.393605726631232e-13
5.757077029985334e-05,1.393604848435425e-13
6.362554106661115e-05,1.393603966675595e-13
7.031709763364645e-05,1.393603081291977e-13
7.771241134819200e-05,1.393602192225247e-13
8.588549699555374e-05,1.393601299399572e-13
9.491815356395940e-05,1.393600402757464e-13
1.049007829163263e-04,1.393599502243462e-13
1.159332945624905e-04,1.393598597779673e-13
1.281261055871622e-04,1.393597689308544e-13
1.416012457412214e-04,1.393596776772697e-13
1.564935787564811e-04,1.393595860101830e-13
1.729521521072439e-04,1.393594939230721e-13
1.911416887275217e-04,1.393594014100520e-13
2.112442356135248e-04,1.393593084655905e-13
2.334609858111876e-04,1.393592150818189e-13
2.580142920237960e-04,1.393591212532312e-13
2.851498919925769e-04,1.393590269743513e-13
3.151393679226079e-04,1.393589322376695e-13
3.482828645688079e-04,1.393588370374801e-13
3.849120931855259e-04,1.393587413683262e-13
4.253936514042669e-04,1.393586452236052e-13
4.701326922660057e-04,1.393585485970972e-13
5.195769791289974e-04,1.393584514832907e-13
5.742213670349657e-04,1.393583538773310e-13
6.346127553846864e-04,1.393582557720504e-13
7.013555614910102e-04,1.393581571628456e-13
7.751177697904812e-04,1.393580580453399e-13
8.566376172560946e-04,1.393579584134474e-13
9.467309819210534e-04,1.393578582630180e-13
1.046299548460350e-03,1.393577575903182e-13
1.156339832554060e-03,1.393576563912633e-13
1.277953154351212e-03,1.393575542896748e-13
1.405748469786333e-03,1.393574564721327e-13
1.533543785221454e-03,1.393573670875951e-13
1.661339100656575e-03,1.393572848391239e-13
1.789134416091696e-03,1.393572084297815e-13
1.916929731526817e-03,1.393571367310263e-13
2.000000000000000e-03,1.393570924251105e-13
2.044725046961939e-03,1.393570692869859e-13
2.172520362397060e-03,1.393570057615720e-13
2.300315677832181e-03,1.393569457466199e-13
2.428110993267302e-03,1.393568888281318e-13
2.555906308702423e-03,1.393568346290123e-13
2.683701624137544e-03,1.393567829197743e-13
2.811496939572665e-03,1.393567335078331e-13
2.939292255007787e-03,1.393566862006040e-13
3.067087570442908e-03,1.393566408055023e-13
3.194882885878029e-03,1.393565971446423e-13
3.322678201313150e-03,1.393565550989350e-13
3.450473516748271e-03,1.393565145639911e-13
3.578268832183392e-03,1.393564754354209e-13
3.706064147618514e-03,1.393564376088350e-13
3.833859463053635e-03,1.393564009867121e-13
3.961654778488756e-03,1.393563654990036e-13
4.089450093923877e-03,1.393563310825292e-13
4.217245409358998e-03,1.393562976741086e-13
4.345040724794119e-03,1.393562652105613e-13
4.472836040229241e-03,1.393562336324050e-13
4.600631355664362e-03,1.393562028949483e-13
4.728426671099482e-03,1.393561729571979e-13
4.856221986534604e-03,1.393561437781605e-13
4.984017301969726e-03,1.393561153168427e-13
5.111812617404846e-03,1.393560875343910e-13
5.239607932839968e-03,1.393560604005121e-13
5.367403248275089e-03,1.393560338870523e-13
5.495198563710209e-03,1.393560079658581e-13
5.622993879145331e-03,1.393559826087759e-13
5.750789194580453e-03,1.393559577889829e-13
5.878584510015573e-03,1.393559334849793e-13
6.006379825450694e-03,1.393559096765960e-13
6.134175140885816e-03,1.393558863436640e-13
6.261970456320937e-03,1.393558634660140e-13
6.389765771756058e-03,1.393558410243502e-13
6.517561087191179e-03,1.393558190028692e-13
6.645356402626300e-03,1.393557973866404e-13
6.773151718061422e-03,1.393557761607335e-13
6.900947033496543e-03,1.393557553102182e-13
7.028742348931663e-03,1.393557348207586e-13
7.156537664366785e-03,1.393557146803969e-13
7.284332979801906e-03,1.393556948777696e-13
7.412128295237027e-03,1.393556754015137e-13
7.539923610672148e-03,1.393556562402657e-13
7.667718926107269e-03,1.393556373830760e-13
7.795514241542391e-03,1.393556188206489e-13
7.923309556977513e-03,1.393556005441028e-13
8.051104872412632e-03,1.393555825445557e-13
8.178900187847754e-03,1.393555648131258e-13
8.306695503282877e-03,1.393555473412372e-13
8.434490818717996e-03,1.393555301215387e-13
8.562286134153118e-03,1.393555131469851e-13
8.690081449588239e-03,1.393554964105313e-13
8.817876765023359e-03,1.393554799051321e-13
8.945672080458482e-03,1.393554636239741e-13
9.073467395893601e-03,1.393554475611709e-13
9.201262711328723e-03,1.393554317110679e-13
9.329058026763846e-03,1.393554160680104e-13
9.456853342198965e-03,1.393554006263439e-13
9.584648657634087e-03,1.393553853805557e-13
9.712443973069206e-03,1.393553703257011e-13
9.840239288504329e-03,1.393553554569773e-13
9.968034603939451e-03,1.393553407695815e-13
1.009582991937457e-02,1.393553262587109e-13
1.022362523480969e-02,1.393553119197666e-13
1.035142055024482e-02,1.393552977489650e-13
1.047921586567993e-02,1.393552837427265e-13
1.060701118111506e-02,1.393552698974714e-13
1.073480649655018e-02,1.393552562096200e-13
1.086260181198530e-02,1.393552426755927e-13
1.099039712742042e-02,1.393552292918097e-13
1.111819244285554e-02,1.393552160546914e-13
1.124598775829066e-02,1.393552029606581e-13
1.137378307372578e-02,1.393551900061302e-13
1.150157838916090e-02,1.393551771877047e-13
1.162937370459603e-02,1.393551645026865e-13
1.175716902003114e-02,1.393551519485570e-13
1.188496433546627e-02,1.393551395227977e-13
1.201275965090139e-02,1.393551272228901e-13
1.214055496633651e-02,1.393551150463158e-13
1.226835028177163e-02,1.393551029905562e-13
1.239614559720675e-02,1.393550910530929e-13
1.252394091264187e-02,1.393550792314073e-13
1.265173622807700e-02,1.393550675229810e-13
1.277953154351211e-02,1.393550559254008e-13
1.290732685894724e-02,1.393550444366749e-13
1.303512217438236e-02,1.393550330549169e-13
1.316291748981748e-02,1.393550217782402e-13
1.329071280525260e-02,1.393550106047584e-13
1.341850812068772e-02,1.393549995325851e-13
1.354630343612284e-02,1.393549885598337e-13
1.367409875155796e-02,1.393549776846179e-13
1.380189406699308e-02,1.393549669050510e-13
1.392968938242821e-02,1.393549562192468e-13
1.405748469786333e-02,1.393549456253938e-13
1.418528001329845e-02,1.393549351219816e-13
1.431307532873357e-02,1.393549247075745e-13
1.444087064416869e-02,1.393549143807373e-13
1.456866595960381e-02,1.393549041400346e-13
1.469646127503893e-02,1.393548939840307e-13
1.482425659047405e-02,1.393548839112905e-13
1.495205190590917e-02,1.393548739203783e-13
1.507984722134430e-02,1.393548640098589e-13
1.520764253677942e-02,1.393548541782967e-13
1.533543785221454e-02,1.393548444243081e-13
1.546323316764966e-02,1.393548347467157e-13
1.559102848308478e-02,1.393548251443940e-13
1.571882379851990e-02,1.393548156162174e-13
1.584661911395502e-02,1.393548061610605e-13
1.597441442939014e-02,1.393547967777975e-13
1.610220974482527e-02,1.393547874653030e-13
1.623000506026039e-02,1.393547782224514e-13
1.635780037569551e-02,1.393547690481171e-13
1.648559569113063e-02,1.393547599411745e-13
1.661339100656575e-02,1.393547509005370e-13
1.674118632200087e-02,1.393547419252735e-13
1.686898163743599e-02,1.393547330144916e-13
1.699677695287111e-02,1.393547241672994e-13
1.712457226830624e-02,1.393547153828045e-13
1.725236758374135e-02,1.393547066601147e-13
1.738016289917648e-02,1.393546979983379e-13
1.750795821461160e-02,1.393546893965817e-13
1.763575353004672e-02,1.393546808539541e-13
1.776354884548184e-02,1.393546723695629e-13
1.789134416091696e-02,1.393546639425437e-13
1.801913947635208e-02,1.393546555721449e-13
1.814693479178720e-02,1.393546472576424e-13
1.827473010722232e-02,1.393546389983125e-13
1.840252542265745e-02,1.393546307934313e-13
1.853032073809257e-02,1.393546226422750e-13
1.865811605352769e-02,1.393546145441197e-13
1.878591136896281e-02,1.393546064982416e-13
1.891370668439793e-02,1.393545985039168e-13
1.904150199983305e-02,1.393545905604215e-13
1.916929731526817e-02,1.393545826670535e-13
1.929709263070329e-02,1.393545748231983e-13
1.942488794613842e-02,1.393545670282628e-13
1.955268326157353e-02,1.393545592816541e-13
1.968047857700866e-02,1.393545515827793e-13
1.980827389244378e-02,1.393545439310455e-13
1.993606920787890e-02,1.393545363258596e-13
2.006386452331402e-02,1.393545287666287e-13
2.019165983874914e-02,1.393545212527600e-13
2.031945515418426e-02,1.393545137836605e-13
2.044725046961939e-02,1.393545063587536e-13
2.057504578505450e-02,1.393544989775291e-13
2.070284110048963e-02,1.393544916394931e-13
2.083063641592475e-02,1.393544843441516e-13
2.095843173135987e-02,1.393544770910107e-13
2.108622704679499e-02,1.393544698795766e-13
2.121402236223011e-02,1.393544627093553e-13
2.134181767766523e-02,1.393544555798529e-13
2.146961299310035e-02,1.393544484905756e-13
2.159740830853547e-02,1.393544414410294e-13
2.172520362397060e-02,1.393544344307337e-13
2.185299893940572e-02,1.393544274592602e-13
2.198079425484084e-02,1.393544205261939e-13
2.210858957027596e-02,1.393544136311198e-13
2.223638488571108e-02,1.393544067736230e-13
2.236418020114620e-02,1.393543999532883e-13
2.249197551658132e-02,1.393543931697009e-13
2.261977083201644e-02,1.393543864224456e-13
2.274756614745157e-02,1.393543797111075e-13
2.287536146288669e-02,1.393543730352715e-13
2.300315677832181e-02,1.393543663945334e-13
2.313095209375693e-02,1.393543597885313e-13
2.325874740919205e-02,1.393543532169141e-13
2.338654272462717e-02,1.393543466793307e-13
2.351433804006229e-02,1.393543401754300e-13
2.364213335549741e-02,1.393543337048608e-13
2.376992867093253e-02,1.393543272672720e-13
2.389772398636766e-02,1.393543208623126e-13
2.402551930180278e-02,1.393543144896314e-13
2.415331461723790e-02,1.393543081488773e-13
2.428110993267302e-02,1.393543018397075e-13
2.440890524810814e-02,1.393542955618127e-13
2.453670056354326e-02,1.393542893148923e-13
2.466449587897838e-02,1.393542830986451e-13
2.479229119441350e-02,1.393542769127706e-13
2.492008650984863e-02,1.393542707569676e-13
2.504788182528375e-02,1.393542646309353e-13
2.517567714071887e-02,1.393542585343730e-13
2.530347245615399e-02,1.393542524669797e-13
2.543126777158911e-02,1.393542464284546e-13
2.555906308702423e-02,1.393542404185037e-13
2.568685840245935e-02,1.393542344368607e-13
2.581465371789447e-02,1.393542284832661e-13
2.594244903332960e-02,1.393542225574605e-13
2.607024434876471e-02,1.393542166591845e-13
2.619803966419984e-02,1.393542107881786e-13
2.632583497963496e-02,1.393542049441834e-13
2.645363029507008e-02,1.393541991269394e-13
2.658142561050520e-02,1.393541933361873e-13
2.670922092594032e-02,1.393541875716675e-13
2.683701624137544e-02,1.393541818331262e-13
2.696481155681056e-02,1.393541761203321e-13
2.709260687224568e-02,1.393541704330592e-13
2.722040218768081e-02,1.393541647710817e-13
2.734819750311593e-02,1.393541591341736e-13
2.747599281855105e-02,1.393541535221092e-13
2.760378813398617e-02,1.393541479346626e-13
2.773158344942129e-02,1.393541423716079e-13
2.785937876485641e-02,1.393541368327193e-13
2.798717408029153e-02,1.393541313177708e-13
2.811496939572665e-02,1.393541258265418e-13
2.824276471116178e-02,1.393541203588314e-13
2.837056002659689e-02,1.393541149144440e-13
2.849835534203202e-02,1.393541094931840e-13
2.862615065746714e-02,1.393541040948556e-13
2.875394597290226e-02,1.393540987192632e-13
2.888174128833738e-02,1.393540933662112e-13
2.900953660377250e-02,1.393540880355039e-13
2.913733191920762e-02,1.393540827269455e-13
2.926512723464274e-02,1.393540774403405e-13
2.939292255007787e-02,1.393540721754966e-13
2.952071786551299e-02,1.393540669322353e-13
2.964851318094811e-02,1.393540617103815e-13
2.977630849638323e-02,1.393540565097602e-13
2.990410381181835e-02,1.393540513301962e-13
3.003189912725347e-02,1.393540461715144e-13
3.015969444268859e-02,1.393540410335399e-13
3.028748975812371e-02,1.393540359160974e-13
3.041528507355883e-02,1.393540308190120e-13
3.054308038899396e-02,1.393540257421085e-13
3.067087570442908e-02,1.393540206852157e-13
3.079867101986420e-02,1.393540156481772e-13
3.092646633529932e-02,1.393540106308404e-13
3.105426165073444e-02,1.393540056330528e-13
3.118205696616956e-02,1.393540006546618e-13
3.130985228160468e-02,1.393539956955148e-13
3.143764759703981e-02,1.393539907554594e-13
3.156544291247493e-02,1.393539858343429e-13
3.169323822791005e-02,1.393539809320127e-13
3.182103354334517e-02,1.393539760483164e-13
3.194882885878029e-02,1.393539711831040e-13
3.207662417421541e-02,1.393539663362366e-13
3.220441948965053e-02,1.393539615075779e-13
3.233221480508566e-02,1.393539566969917e-13
3.246001012052077e-02,1.393539519043416e-13
3.258780543595589e-02,1.393539471294915e-13
3.271560075139102e-02,1.393539423723050e-13
3.284339606682614e-02,1.393539376326459e-13
3.297119138226126e-02,1.393539329103779e-13
3.309898669769638e-02,1.393539282053648e-13
3.322678201313150e-02,1.393539235174728e-13
3.335457732856662e-02,1.393539188465781e-13
3.348237264400174e-02,1.393539141925594e-13
3.361016795943687e-02,1.393539095552955e-13
3.373796327487198e-02,1.393539049346651e-13
3.386575859030710e-02,1.393539003305468e-13
3.399355390574223e-02,1.393538957428195e-13
3.412134922117735e-02,1.393538911713619e-13
3.424914453661247e-02,1.393538866160526e-13
3.437693985204759e-02,1.393538820767704e-13
3.450473516748271e-02,1.393538775533961e-13
3.463253048291783e-02,1.393538730458185e-13
3.476032579835295e-02,1.393538685539286e-13
3.488812111378808e-02,1.393538640776172e-13
3.501591642922319e-02,1.393538596167754e-13
3.514371174465832e-02,1.393538551712940e-13
3.527150706009344e-02,1.393538507410640e-13
3.539930237552856e-02,1.393538463259763e-13
3.552709769096368e-02,1.393538419259218e-13
3.565489300639881e-02,1.393538375407915e-13
3.578268832183392e-02,1.393538331704781e-13
3.591048363726904e-02,1.393538288148819e-13
3.603827895270417e-02,1.393538244739048e-13
3.616607426813929e-02,1.393538201474490e-13
3.629386958357441e-02,1.393538158354164e-13
3.642166489900953e-02,1.393538115377092e-13
3.654946021444465e-02,1.393538072542294e-13
3.667725552987977e-02,1.393538029848790e-13
3.680505084531489e-02,1.393537987295602e-13
3.693284616075002e-02,1.393537944881749e-13
3.706064147618514e-02,1.393537902606268e-13
3.718843679162025e-02,1.393537860468258e-13
3.731623210705538e-02,1.393537818466835e-13
3.744402742249050e-02,1.393537776601115e-13
3.757182273792562e-02,1.393537734870213e-13
3.769961805336074e-02,1.393537693273245e-13
3.782741336879586e-02,1.393537651809325e-13
3.795520868423098e-02,1.393537610477571e-13
3.808300399966610e-02,1.393537569277097e-13
3.821079931510123e-02,1.393537528207018e-13
3.833859463053635e-02,1.393537487266464e-13
3.846638994597146e-02,1.393537446454616e-13
3.859418526140659e-02,1.393537405770671e-13
3.872198057684171e-02,1.393537365213823e-13
3.884977589227683e-02,1.393537324783268e-13
3.897757120771195e-02,1.393537284478202e-13
3.910536652314707e-02,1.393537244297820e-13
3.923316183858219e-02,1.393537204241317e-13
3.936095715401731e-02,1.393537164307889e-13
3.948875246945244e-02,1.393537124496731e-13
3.961654778488756e-02,1.393537084807053e-13
3.974434310032268e-02,1.393537045238117e-13
3.987213841575780e-02,1.393537005789200e-13
3.999993373119292e-02,1.393536966459580e-13
4.012772904662804e-02,1.393536927248532e-13
4.025552436206317e-02,1.393536888155335e-13
4.038331967749829e-02,1.393536849179264e-13
4.051111499293340e-02,1.393536810319597e-13
4.063891030836853e-02,1.393536771575610e-13
4.076670562380365e-02,1.393536732946581e-13
4.089450093923877e-02,1.393536694431794e-13
4.102229625467389e-02,1.393536656030573e-13
4.115009157010902e-02,1.393536617742247e-13
4.127788688554413e-02,1.393536579566149e-13
4.140568220097925e-02,1.393536541501608e-13
4.153347751641438e-02,1.393536503547955e-13
4.166127283184950e-02,1.393536465704522e-13
4.178906814728462e-02,1.393536427970639e-13
4.191686346271974e-02,1.393536390345638e-13
4.204465877815486e-02,1.393536352828848e-13
4.217245409358998e-02,1.393536315419611e-13
4.230024940902510e-02,1.393536278117306e-13
4.242804472446023e-02,1.393536240921324e-13
4.255584003989534e-02,1.393536203831052e-13
4.268363535533046e-02,1.393536166845881e-13
4.281143067076559e-02,1.393536129965200e-13
4.293922598620071e-02,1.393536093188398e-13
4.306702130163583e-02,1.393536056514865e-13
4.319481661707095e-02,1.393536019943991e-13
4.332261193250607e-02,1.393535983475164e-13
4.345040724794119e-02,1.393535947107783e-13
4.357820256337631e-02,1.393535910841283e-13
4.370599787881144e-02,1.393535874675108e-13
4.383379319424656e-02,1.393535838608701e-13
4.396158850968167e-02,1.393535802641507e-13
4.408938382511680e-02,1.393535766772970e-13
4.421717914055192e-02,1.393535731002532e-13
4.434497445598704e-02,1.393535695329639e-13
4.447276977142216e-02,1.393535659753733e-13
4.460056508685728e-02,1.393535624274260e-13
4.472836040229240e-02,1.393535588890668e-13
4.485615571772752e-02,1.393535553602441e-13
4.498395103316265e-02,1.393535518409065e-13
4.511174634859777e-02,1.393535483310027e-13
4.523954166403289e-02,1.393535448304816e-13
4.536733697946801e-02,1.393535413392918e-13
4.549513229490313e-02,1.393535378573823e-13
4.562292761033825e-02,1.393535343847017e-13
4.575072292577338e-02,1.393535309211989e-13
4.587851824120850e-02,1.393535274668225e-13
4.600631355664361e-02,1.393535240215221e-13
4.613410887207874e-02,1.393535205852498e-13
4.626190418751386e-02,1.393535171579584e-13
4.638969950294898e-02,1.393535137396009e-13
4.651749481838410e-02,1.393535103301301e-13
4.664529013381922e-02,1.393535069294988e-13
4.677308544925434e-02,1.393535035376599e-13
4.690088076468946e-02,1.393535001545662e-13
4.702867608012459e-02,1.393534967801706e-13
4.715647139555971e-02,1.393534934144260e-13
4.728426671099482e-02,1.393534900572858e-13
4.741206202642995e-02,1.393534867087060e-13
4.753985734186507e-02,1.393534833686430e-13
4.766765265730019e-02,1.393534800370535e-13
4.779544797273531e-02,1.393534767138939e-13
4.792324328817044e-02,1.393534733991208e-13
4.805103860360555e-02,1.393534700926907e-13
4.817883391904067e-02,1.393534667945602e-13
4.830662923447580e-02,1.393534635046857e-13
4.843442454991092e-02,1.393534602230239e-13
4.856221986534604e-02,1.393534569495317e-13
4.869001518078116e-02,1.393534536841681e-13
4.881781049621628e-02,1.393534504268922e-13
4.894560581165140e-02,1.393534471776635e-13
4.907340112708652e-02,1.393534439364412e-13
4.920119644252165e-02,1.393534407031848e-13
4.932899175795677e-02,1.393534374778535e-13
4.945678707339188e-02,1.393534342604066e-13
4.958458238882701e-02,1.393534310508035e-13
4.971237770426213e-02,1.393534278490035e-13
4.984017301969725e-02,1.393534246549668e-13
4.996796833513237e-02,1.393534214686572e-13
5.000000000000000e-02,1.393534206712213e-13
5.009576365056749e-02,1.393534182900389e-13
5.022355896600261e-02,1.393534151190751e-13
5.035135428143774e-02,1.393534119557280e-13
5.047914959687286e-02,1.393534087999599e-13
5.060694491230798e-02,1.393534056517330e-13
5.073474022774310e-02,1.393534025110096e-13
5.086253554317822e-02,1.393533993777519e-13
5.099033085861334e-02,1.393533962519223e-13
5.111812617404846e-02,1.393533931334835e-13
5.124592148948359e-02,1.393533900224004e-13
5.137371680491870e-02,1.393533869186385e-13
5.150151212035382e-02,1.393533838221631e-13
5.162930743578895e-02,1.393533807329396e-13
5.175710275122407e-02,1.393533776509336e-13
5.188489806665919e-02,1.393533745761104e-13
5.201269338209431e-02,1.393533715084354e-13
5.214048869752943e-02,1.393533684478741e-13
5.226828401296455e-02,1.393533653943920e-13
5.239607932839967e-02,1.393533623479546e-13
5.252387464383480e-02,1.393533593085293e-13
5.265166995926992e-02,1.393533562760835e-13
5.277946527470503e-02,1.393533532505847e-13
5.290726059014016e-02,1.393533502320005e-13
5.303505590557528e-02,1.393533472202984e-13
5.316285122101040e-02,1.393533442154459e-13
5.329064653644552e-02,1.393533412174105e-13
5.341844185188065e-02,1.393533382261597e-13
5.354623716731576e-02,1.393533352416610e-13
5.367403248275088e-02,1.393533322638823e-13
5.380182779818601e-02,1.393533292927934e-13
5.392962311362113e-02,1.393533263283642e-13
5.405741842905625e-02,1.393533233705647e-13
5.418521374449137e-02,1.393533204193652e-13
5.431300905992649e-02,1.393533174747355e-13
5.444080437536161e-02,1.393533145366457e-13
5.456859969079673e-02,1.393533116050660e-13
5.469639500623186e-02,1.393533086799663e-13
5.482419032166697e-02,1.393533057613167e-13
5.495198563710210e-02,1.393533028490876e-13
5.507978095253722e-02,1.393532999432503e-13
5.520757626797234e-02,1.393532970437767e-13
5.533537158340746e-02,1.393532941506385e-13
5.546316689884258e-02,1.393532912638074e-13
5.559096221427770e-02,1.393532883832552e-13
5.571875752971282e-02,1.393532855089536e-13
5.584655284514795e-02,1.393532826408743e-13
5.597434816058307e-02,1.393532797789892e-13
5.610214347601819e-02,1.393532769232699e-13
5.622993879145331e-02,1.393532740736886e-13
5.635773410688843e-02,1.393532712302188e-13
5.648552942232355e-02,1.393532683928346e-13
5.661332473775867e-02,1.393532655615098e-13
5.674112005319380e-02,1.393532627362186e-13
5.686891536862891e-02,1.393532599169349e-13
5.699671068406403e-02,1.393532571036325e-13
5.712450599949916e-02,1.393532542962856e-13
5.725230131493428e-02,1.393532514948680e-13
5.738009663036940e-02,1.393532486993538e-13
5.750789194580452e-02,1.393532459097172e-13
5.763568726123964e-02,1.393532431259332e-13
5.776348257667476e-02,1.393532403479772e-13
5.789127789210988e-02,1.393532375758246e-13
5.801907320754501e-02,1.393532348094506e-13
5.814686852298013e-02,1.393532320488306e-13
5.827466383841524e-02,1.393532292939399e-13
5.840245915385037e-02,1.393532265447540e-13
5.853025446928549e-02,1.393532238012480e-13
5.865804978472061e-02,1.393532210633974e-13
5.878584510015573e-02,1.393532183311776e-13
5.891364041559085e-02,1.393532156045650e-13
5.904143573102597e-02,1.393532128835361e-13
5.916923104646109e-02,1.393532101680673e-13
5.929702636189622e-02,1.393532074581351e-13
5.942482167733134e-02,1.393532047537160e-13
5.955261699276646e-02,1.393532020547865e-13
5.968041230820158e-02,1.393531993613230e-13
5.980820762363670e-02,1.393531966733021e-13
5.993600293907182e-02,1.393531939907002e-13
6.006379825450694e-02,1.393531913134941e-13
6.019159356994207e-02,1.393531886416620e-13
6.031938888537718e-02,1.393531859751823e-13
6.044718420081231e-02,1.393531833140333e-13
6.057497951624743e-02,1.393531806581935e-13
6.070277483168255e-02,1.393531780076415e-13
6.083057014711767e-02,1.393531753623554e-13
6.095836546255279e-02,1.393531727223139e-13
6.108616077798791e-02,1.393531700874953e-13
6.121395609342303e-02,1.393531674578780e-13
6.134175140885816e-02,1.393531648334408e-13
6.146954672429328e-02,1.393531622141631e-13
6.159734203972840e-02,1.393531596000248e-13
6.172513735516352e-02,1.393531569910057e-13
6.185293267059864e-02,1.393531543870857e-13
6.198072798603376e-02,1.393531517882446e-13
6.210852330146888e-02,1.393531491944621e-13
6.223631861690401e-02,1.393531466057180e-13
6.236411393233912e-02,1.393531440219923e-13
6.249190924777424e-02,1.393531414432647e-13
6.261970456320937e-02,1.393531388695151e-13
6.274749987864449e-02,1.393531363007239e-13
6.287529519407961e-02,1.393531337368716e-13
6.300309050951473e-02,1.393531311779386e-13
6.313088582494986e-02,1.393531286239055e-13
6.325868114038498e-02,1.393531260747526e-13
6.338647645582010e-02,1.393531235304605e-13
6.351427177125522e-02,1.393531209910096e-13
6.364206708669033e-02,1.393531184563804e-13
6.376986240212545e-02,1.393531159265534e-13
6.389765771756058e-02,1.393531134015094e-13
6.402545303299570e-02,1.393531108812301e-13
6.415324834843082e-02,1.393531083656980e-13
6.428104366386594e-02,1.393531058548950e-13
6.440883897930107e-02,1.393531033488035e-13
6.453663429473619e-02,1.393531008474056e-13
6.466442961017131e-02,1.393530983506836e-13
6.479222492560642e-02,1.393530958586196e-13
6.492002024104154e-02,1.393530933711958e-13
6.504781555647667e-02,1.393530908883944e-13
6.517561087191179e-02,1.393530884101978e-13
6.530340618734691e-02,1.393530859365886e-13
6.543120150278203e-02,1.393530834675495e-13
6.555899681821716e-02,1.393530810030635e-13
6.568679213365228e-02,1.393530785431133e-13
6.581458744908740e-02,1.393530760876818e-13
6.594238276452252e-02,1.393530736367517e-13
6.607017807995763e-02,1.393530711903058e-13
6.619797339539275e-02,1.393530687483269e-13
6.632576871082788e-02,1.393530663107979e-13
6.645356402626300e-02,1.393530638777017e-13
6.658135934169812e-02,1.393530614490220e-13
6.670915465713324e-02,1.393530590247428e-13
6.683694997256837e-02,1.393530566048478e-13
6.696474528800349e-02,1.393530541893211e-13
6.709254060343861e-02,1.393530517781464e-13
6.722033591887373e-02,1.393530493713077e-13
6.734813123430886e-02,1.393530469687889e-13
6.747592654974396e-02,1.393530445705739e-13
6.760372186517909e-02,1.393530421766465e-13
6.773151718061421e-02,1.393530397869908e-13
6.785931249604933e-02,1.393530374015913e-13
6.798710781148445e-02,1.393530350204326e-13
6.811490312691958e-02,1.393530326434995e-13
6.824269844235470e-02,1.393530302707765e-13
6.837049375778982e-02,1.393530279022484e-13
6.849828907322494e-02,1.393530255378998e-13
6.862608438866007e-02,1.393530231777154e-13
6.875387970409517e-02,1.393530208216798e-13
6.888167501953030e-02,1.393530184697776e-13
6.900947033496542e-02,1.393530161219938e-13
6.913726565040054e-02,1.393530137783137e-13
6.926506096583566e-02,1.393530114387230e-13
6.939285628127079e-02,1.393530091032073e-13
6.952065159670591e-02,1.393530067717523e-13
6.964844691214103e-02,1.393530044443435e-13
6.977624222757615e-02,1.393530021209665e-13
6.990403754301128e-02,1.393529998016071e-13
7.003183285844640e-02,1.393529974862507e-13
7.015962817388151e-02,1.393529951748831e-13
7.028742348931663e-02,1.393529928674900e-13
7.041521880475175e-02,1.393529905640575e-13
7.054301412018688e-02,1.393529882645717e-13
7.067080943562200e-02,1.393529859690189e-13
7.079860475105712e-02,1.393529836773854e-13
7.092640006649224e-02,1.393529813896574e-13
7.105419538192737e-02,1.393529791058210e-13
7.118199069736249e-02,1.393529768258625e-13
7.130978601279761e-02,1.393529745497681e-13
7.152277820518949e-02,1.393529707648269e-13
7.173577039758135e-02,1.393529669905180e-13
7.194876258997322e-02,1.393529632267816e-13
7.216175478236508e-02,1.393529594735586e-13
7.237474697475696e-02,1.393529557307899e-13
7.258773916714882e-02,1.393529519984165e-13
7.280073135954070e-02,1.393529482763791e-13
7.301372355193256e-02,1.393529445646189e-13
7.322671574432443e-02,1.393529408630766e-13
7.343970793671629e-02,1.393529371716932e-13
7.365270012910817e-02,1.393529334904097e-13
7.386569232150003e-02,1.393529298191678e-13
7.407868451389191e-02,1.393529261579125e-13
7.429167670628377e-02,1.393529225065898e-13
7.450466889867564e-02,1.393529188651456e-13
7.471766109106751e-02,1.393529152335257e-13
7.493065328345938e-02,1.393529116116762e-13
7.514364547585124e-02,1.393529079995429e-13
7.535663766824312e-02,1.393529043970717e-13
7.556962986063498e-02,1.393529008042086e-13
7.578262205302685e-02,1.393528972208994e-13
7.599561424541872e-02,1.393528936470908e-13
7.620860643781059e-02,1.393528900827322e-13
7.642159863020245e-02,1.393528865277735e-13
7.663459082259433e-02,1.393528829821650e-13
7.684758301498619e-02,1.393528794458567e-13
7.706057520737807e-02,1.393528759187987e-13
7.727356739976993e-02,1.393528724009411e-13
7.748655959216180e-02,1.393528688922339e-13
7.769955178455366e-02,1.393528653926273e-13
7.791254397694554e-02,1.393528619020713e-13
7.812553616933740e-02,1.393528584205168e-13
7.833852836172928e-02,1.393528549479175e-13
7.855152055412114e-02,1.393528514842279e-13
7.876451274651301e-02,1.393528480294024e-13
7.897750493890487e-02,1.393528445833956e-13
7.919049713129675e-02,1.393528411461619e-13
7.940348932368861e-02,1.393528377176558e-13
7.961648151608049e-02,1.393528342978318e-13
7.982947370847235e-02,1.393528308866443e-13
8.004246590086422e-02,1.393528274840478e-13
8.025545809325609e-02,1.393528240899974e-13
8.046845028564796e-02,1.393528207044496e-13
8.068144247803982e-02,1.393528173273616e-13
8.089443467043170e-02,1.393528139586906e-13
8.110742686282357e-02,1.393528105983938e-13
8.132041905521543e-02,1.393528072464282e-13
8.153341124760730e-02,1.393528039027511e-13
8.174640343999917e-02,1.393528005673196e-13
8.195939563239105e-02,1.393527972400909e-13
8.217238782478291e-02,1.393527939210221e-13
8.238538001717477e-02,1.393527906100709e-13
8.259837220956665e-02,1.393527873071971e-13
8.281136440195852e-02,1.393527840123609e-13
8.302435659435038e-02,1.393527807255228e-13
8.323734878674224e-02,1.393527774466428e-13
8.345034097913412e-02,1.393527741756814e-13
8.366333317152599e-02,1.393527709125988e-13
8.387632536391786e-02,1.393527676573553e-13
8.408931755630973e-02,1.393527644099113e-13
8.430230974870159e-02,1.393527611702270e-13
8.451530194109347e-02,1.393527579382632e-13
8.472829413348533e-02,1.393527547139831e-13
8.494128632587720e-02,1.393527514973504e-13
8.515427851826907e-02,1.393527482883287e-13
8.536727071066094e-02,1.393527450868816e-13
8.558026290305280e-02,1.393527418929730e-13
8.579325509544468e-02,1.393527387065664e-13
8.600624728783654e-02,1.393527355276255e-13
8.621923948022842e-02,1.393527323561140e-13
8.643223167262028e-02,1.393527291919956e-13
8.664522386501215e-02,1.393527260352343e-13
8.685821605740401e-02,1.393527228857957e-13
8.707120824979589e-02,1.393527197436456e-13
8.728420044218775e-02,1.393527166087499e-13
8.749719263457963e-02,1.393527134810747e-13
8.771018482697149e-02,1.393527103605858e-13
8.792317701936336e-02,1.393527072472491e-13
8.813616921175522e-02,1.393527041410305e-13
8.834916140414710e-02,1.393527010418959e-13
8.856215359653896e-02,1.393526979498112e-13
8.877514578893084e-02,1.393526948647428e-13
8.898813798132270e-02,1.393526917866588e-13
8.920113017371457e-02,1.393526887155276e-13
8.941412236610644e-02,1.393526856513177e-13
8.962711455849831e-02,1.393526825939976e-13
8.984010675089017e-02,1.393526795435359e-13
9.005309894328205e-02,1.393526764999009e-13
9.026609113567391e-02,1.393526734630612e-13
9.047908332806578e-02,1.393526704329853e-13
9.069207552045766e-02,1.393526674096417e-13
9.090506771284952e-02,1.393526643929991e-13
9.111805990524138e-02,1.393526613830276e-13
9.133105209763326e-02,1.393526583796974e-13
9.154404429002513e-02,1.393526553829788e-13
9.175703648241700e-02,1.393526523928421e-13
9.197002867480886e-02,1.393526494092575e-13
9.218302086720073e-02,1.393526464321954e-13
9.239601305959261e-02,1.393526434616260e-13
9.260900525198447e-02,1.393526404975196e-13
9.282199744437633e-02,1.393526375398464e-13
9.303498963676821e-02,1.393526345885772e-13
9.324798182916008e-02,1.393526316436839e-13
9.346097402155194e-02,1.393526287051391e-13
9.367396621394380e-02,1.393526257729152e-13
9.388695840633568e-02,1.393526228469846e-13
9.409995059872756e-02,1.393526199273197e-13
9.431294279111942e-02,1.393526170138930e-13
9.452593498351128e-02,1.393526141066770e-13
9.473892717590315e-02,1.393526112056441e-13
9.495191936829503e-02,1.393526083107666e-13
9.516491156068689e-02,1.393526054220175e-13
9.537790375307875e-02,1.393526025393705e-13
9.559089594547063e-02,1.393525996627998e-13
9.580388813786250e-02,1.393525967922797e-13
9.601688033025436e-02,1.393525939277844e-13
9.622987252264624e-02,1.393525910692880e-13
9.644286471503810e-02,1.393525882167649e-13
9.665585690742998e-02,1.393525853701890e-13
9.686884909982184e-02,1.393525825295347e-13
9.708184129221371e-02,1.393525796947762e-13
9.729483348460558e-02,1.393525768658878e-13
9.750782567699745e-02,1.393525740428450e-13
9.772081786938931e-02,1.393525712256233e-13
9.793381006178119e-02,1.393525684141984e-13
9.814680225417305e-02,1.393525656085457e-13
9.835979444656492e-02,1.393525628086410e-13
9.857278663895679e-02,1.393525600144598e-13
9.878577883134866e-02,1.393525572259777e-13
9.899877102374052e-02,1.393525544431702e-13
9.921176321613240e-02,1.393525516660130e-13
9.942475540852426e-02,1.393525488944820e-13
9.963774760091614e-02,1.393525461285543e-13
9.985073979330800e-02,1.393525433682073e-13
1.000637319857000e-01,1.393525406134185e-13
1.002767241780920e-01,1.393525378641652e-13
1.004897163704840e-01,1.393525351204250e-13
1.007027085628750e-01,1.393525323821752e-13
1.009157007552670e-01,1.393525296493934e-13
1.011286929476590e-01,1.393525269220568e-13
1.013416851400510e-01,1.393525242001431e-13
1.015546773324430e-01,1.393525214836296e-13
1.017676695248350e-01,1.393525187724946e-13
1.019806617172270e-01,1.393525160667163e-13
1.021936539096190e-01,1.393525133662730e-13
1.024066461020100e-01,1.393525106711431e-13
1.026196382944020e-01,1.393525079813046e-13
1.028326304867940e-01,1.393525052967360e-13
1.030456226791860e-01,1.393525026174155e-13
1.032586148715780e-01,1.393524999433213e-13
1.034716070639700e-01,1.393524972744318e-13
1.036845992563620e-01,1.393524946107256e-13
1.038975914487540e-01,1.393524919521833e-13
1.041105836411450e-01,1.393524892987856e-13
1.043235758335370e-01,1.393524866505136e-13
1.045365680259290e-01,1.393524840073481e-13
1.047495602183210e-01,1.393524813692701e-13
1.049625524107130e-01,1.393524787362605e-13
1.051755446031050e-01,1.393524761083001e-13
1.053885367954970e-01,1.393524734853698e-13
1.056015289878880e-01,1.393524708674507e-13
1.058145211802800e-01,1.393524682545229e-13
1.060275133726720e-01,1.393524656465642e-13
1.062405055650640e-01,1.393524630435516e-13
1.064534977574560e-01,1.393524604454622e-13
1.066664899498480e-01,1.393524578522732e-13
1.068794821422400e-01,1.393524552639615e-13
1.070924743346320e-01,1.393524526805043e-13
1.073054665270230e-01,1.393524501018787e-13
1.075184587194150e-01,1.393524475280616e-13
1.077314509118070e-01,1.393524449590303e-13
1.079444431041990e-01,1.393524423947651e-13
1.081574352965910e-01,1.393524398352595e-13
1.083704274889830e-01,1.393524372805105e-13
1.085834196813750e-01,1.393524347305150e-13
1.087964118737660e-01,1.393524321852699e-13
1.090094040661580e-01,1.393524296447720e-13
1.092223962585500e-01,1.393524271090183e-13
1.094353884509420e-01,1.393524245780057e-13
1.096483806433340e-01,1.393524220517310e-13
1.098613728357260e-01,1.393524195301913e-13
1.100743650281180e-01,1.393524170133717e-13
1.102873572205100e-01,1.393524145012116e-13
1.105003494129010e-01,1.393524119936388e-13
1.107133416052930e-01,1.393524094905808e-13
1.109263337976850e-01,1.393524069919654e-13
1.111393259900770e-01,1.393524044977204e-13
1.113523181824690e-01,1.393524020077733e-13
1.115653103748610e-01,1.393523995220520e-13
1.117783025672530e-01,1.393523970404841e-13
1.119912947596450e-01,1.393523945629973e-13
1.122042869520360e-01,1.393523920895634e-13
1.124172791444280e-01,1.393523896203295e-13
1.126302713368200e-01,1.393523871554871e-13
1.128432635292120e-01,1.393523846952275e-13
1.130562557216040e-01,1.393523822397419e-13
1.132692479139960e-01,1.393523797892218e-13
1.134822401063880e-01,1.393523773438583e-13
1.136952322987790e-01,1.393523749038429e-13
1.139082244911710e-01,1.393523724693668e-13
1.141212166835630e-01,1.393523700406213e-13
1.143342088759550e-01,1.393523676176345e-13
1.145472010683470e-01,1.393523651997815e-13
1.147601932607390e-01,1.393523627862743e-13
1.149731854531310e-01,1.393523603763249e-13
1.151861776455230e-01,1.393523579691453e-13
1.153991698379140e-01,1.393523555639474e-13
1.156121620303060e-01,1.393523531599431e-13
1.158251542226980e-01,1.393523507563446e-13
1.160381464150900e-01,1.393523483523637e-13
1.162511386074820e-01,1.393523459472123e-13
1.164641307998740e-01,1.393523435407122e-13
1.166771229922660e-01,1.393523411351217e-13
1.168901151846570e-01,1.393523387333083e-13
1.171031073770490e-01,1.393523363381395e-13
1.173160995694410e-01,1.393523339524827e-13
1.175290917618330e-01,1.393523315792054e-13
1.177420839542250e-01,1.393523292211748e-13
1.179550761466170e-01,1.393523268812587e-13
1.181680683390090e-01,1.393523245623243e-13
1.183810605314010e-01,1.393523222672391e-13
1.185940527237920e-01,1.393523199976403e-13
1.188070449161840e-01,1.393523177502418e-13
1.190200371085760e-01,1.393523155205258e-13
1.192330293009680e-01,1.393523133039745e-13
1.194460214933600e-01,1.393523110960703e-13
1.196590136857520e-01,1.393523088922952e-13
1.198720058781440e-01,1.393523066881316e-13
1.200849980705360e-01,1.393523044790618e-13
1.202979902629270e-01,1.393523022605679e-13
1.205109824553190e-01,1.393523000281323e-13
1.207239746477110e-01,1.393522977784592e-13
1.209369668401030e-01,1.393522955131426e-13
1.211499590324950e-01,1.393522932349992e-13
1.213629512248870e-01,1.393522909468457e-13
1.215759434172790e-01,1.393522886514987e-13
1.217889356096700e-01,1.393522863517750e-13
1.220019278020620e-01,1.393522840504910e-13
1.222149199944540e-01,1.393522817504636e-13
1.224279121868460e-01,1.393522794545095e-13
1.226409043792380e-01,1.393522771654451e-13
1.228538965716300e-01,1.393522748854894e-13
1.230668887640220e-01,1.393522726144697e-13
1.232798809564140e-01,1.393522703516152e-13
1.234928731488050e-01,1.393522680961556e-13
1.237058653411970e-01,1.393522658473202e-13
1.239188575335890e-01,1.393522636043385e-13
1.241318497259810e-01,1.393522613664399e-13
1.243448419183730e-01,1.393522591328539e-13
1.245578341107650e-01,1.393522569028099e-13
1.247708263031570e-01,1.393522546755373e-13
1.249838184955480e-01,1.393522524504261e-13
1.251968106879400e-01,1.393522502275076e-13
1.254098028803320e-01,1.393522480069736e-13
1.256227950727240e-01,1.393522457890155e-13
1.258357872651160e-01,1.393522435738253e-13
1.260487794575080e-01,1.393522413615945e-13
1.262617716499000e-01,1.393522391525148e-13
1.264747638422920e-01,1.393522369467779e-13
1.266877560346830e-01,1.393522347445756e-13
1.269007482270750e-01,1.393522325460994e-13
1.271137404194670e-01,1.393522303514982e-13
1.273267326118590e-01,1.393522281607490e-13
1.275397248042510e-01,1.393522259737860e-13
1.277527169966430e-01,1.393522237905436e-13
1.279657091890350e-01,1.393522216109560e-13
1.281787013814270e-01,1.393522194349573e-13
1.283916935738180e-01,1.393522172624818e-13
1.286046857662100e-01,1.393522150934638e-13
1.288176779586020e-01,1.393522129278375e-13
1.290306701509940e-01,1.393522107655371e-13
1.292436623433860e-01,1.393522086065085e-13
1.294566545357780e-01,1.393522064507442e-13
1.296696467281700e-01,1.393522042982484e-13
1.298826389205610e-01,1.393522021490252e-13
1.300956311129530e-01,1.393522000030788e-13
1.303086233053450e-01,1.393521978604134e-13
1.305216154977370e-01,1.393521957210332e-13
1.307346076901290e-01,1.393521935849423e-13
1.309475998825210e-01,1.393521914521448e-13
1.311605920749130e-01,1.393521893226450e-13
1.313735842673050e-01,1.393521871964440e-13
1.315865764596960e-01,1.393521850735307e-13
1.317995686520880e-01,1.393521829538912e-13
1.320125608444800e-01,1.393521808375114e-13
1.322255530368720e-01,1.393521787243771e-13
1.324385452292640e-01,1.393521766144745e-13
1.326515374216560e-01,1.393521745077894e-13
1.328645296140480e-01,1.393521724043078e-13
1.330775218064400e-01,1.393521703040156e-13
1.332905139988310e-01,1.393521682068989e-13
1.335035061912230e-01,1.393521661129444e-13
1.337164983836150e-01,1.393521640221426e-13
1.339294905760070e-01,1.393521619344848e-13
1.341424827683990e-01,1.393521598499624e-13
1.343554749607910e-01,1.393521577685668e-13
1.345684671531830e-01,1.393521556902892e-13
1.347814593455740e-01,1.393521536151210e-13
1.349944515379660e-01,1.393521515430536e-13
1.352074437303580e-01,1.393521494740783e-13
1.354204359227500e-01,1.393521474081863e-13
1.356334281151420e-01,1.393521453453691e-13
1.358464203075340e-01,1.393521432856173e-13
1.360594124999260e-01,1.393521412289218e-13
1.362724046923180e-01,1.393521391752732e-13
1.364853968847090e-01,1.393521371246622e-13
1.366983890771010e-01,1.393521350770796e-13
1.369113812694930e-01,1.393521330325161e-13
1.371243734618850e-01,1.393521309909625e-13
1.373373656542770e-01,1.393521289524093e-13
1.375503578466690e-01,1.393521269168475e-13
1.377633500390610e-01,1.393521248842676e-13
1.379763422314520e-01,1.393521228546608e-13
1.381893344238440e-01,1.393521208280179e-13
1.384023266162360e-01,1.393521188043301e-13
1.386153188086280e-01,1.393521167835883e-13
1.388283110010200e-01,1.393521147657835e-13
1.390413031934120e-01,1.393521127509068e-13
1.392542953858040e-01,1.393521107389491e-13
1.394672875781960e-01,1.393521087299015e-13
1.396802797705870e-01,1.393521067237551e-13
1.398932719629790e-01,1.393521047205009e-13
1.401062641553710e-01,1.393521027201307e-13
1.403192563477630e-01,1.393521007226365e-13
1.405322485401550e-01,1.393520987280101e-13
1.407452407325470e-01,1.393520967362435e-13
1.409582329249390e-01,1.393520947473287e-13
1.411712251173300e-01,1.393520927612575e-13
1.413842173097220e-01,1.393520907780218e-13
1.415972095021140e-01,1.393520887976136e-13
1.418102016945060e-01,1.393520868200248e-13
1.420231938868980e-01,1.393520848452474e-13
1.422361860792900e-01,1.393520828732729e-13
1.424491782716820e-01,1.393520809040931e-13
1.426621704640740e-01,1.393520789376996e-13
1.428751626564650e-01,1.393520769740842e-13
1.430881548488570e-01,1.393520750132386e-13
1.433011470412490e-01,1.393520730551543e-13
1.435141392336410e-01,1.393520710998231e-13
1.437271314260330e-01,1.393520691472367e-13
1.439401236184250e-01,1.393520671973867e-13
1.441531158108170e-01,1.393520652502650e-13
1.443661080032090e-01,1.393520633058639e-13
1.445791001956000e-01,1.393520613641760e-13
1.447920923879920e-01,1.393520594251936e-13
1.450050845803840e-01,1.393520574889093e-13
1.452180767727760e-01,1.393520555553155e-13
1.454310689651680e-01,1.393520536244049e-13
1.456440611575600e-01,1.393520516961697e-13
1.458570533499520e-01,1.393520497706027e-13
1.460700455423430e-01,1.393520478476961e-13
1.462830377347350e-01,1.393520459274426e-13
1.464960299271270e-01,1.393520440098348e-13
1.467090221195190e-01,1.393520420948652e-13
1.469220143119110e-01,1.393520401825264e-13
1.471350065043030e-01,1.393520382728111e-13
1.473479986966950e-01,1.393520363657118e-13
1.475609908890870e-01,1.393520344612213e-13
1.477739830814780e-01,1.393520325593321e-13
1.479869752738700e-01,1.393520306600367e-13
1.481999674662620e-01,1.393520287633279e-13
1.484129596586540e-01,1.393520268691982e-13
1.486259518510460e-01,1.393520249776404e-13
1.488389440434380e-01,1.393520230886474e-13
1.490519362358300e-01,1.393520212022119e-13
1.492649284282220e-01,1.393520193183267e-13
1.494779206206130e-01,1.393520174369847e-13
1.496909128130050e-01,1.393520155581786e-13
1.499039050053970e-01,1.393520136819012e-13
1.501168971977890e-01,1.393520118081453e-13
1.503298893901810e-01,1.393520099369038e-13
1.505428815825730e-01,1.393520080681696e-13
1.507558737749650e-01,1.393520062019359e-13
1.509688659673560e-01,1.393520043381962e-13
1.511818581597480e-01,1.393520024769439e-13
1.513948503521400e-01,1.393520006181725e-13
1.516078425445320e-01,1.393519987618753e-13
1.518208347369240e-01,1.393519969080459e-13
1.520338269293160e-01,1.393519950566777e-13
1.522468191217080e-01,1.393519932077640e-13
1.524598113141000e-01,1.393519913612984e-13
1.526728035064910e-01,1.393519895172742e-13
1.528857956988830e-01,1.393519876756847e-13
1.530987878912750e-01,1.393519858365233e-13
1.533117800836670e-01,1.393519839997833e-13
1.535247722760590e-01,1.393519821654580e-13
1.537377644684510e-01,1.393519803335406e-13
1.539507566608430e-01,1.393519785040244e-13
1.541637488532340e-01,1.393519766769029e-13
1.543767410456260e-01,1.393519748521692e-13
1.545897332380180e-01,1.393519730298167e-13
1.548027254304100e-01,1.393519712098388e-13
1.550157176228020e-01,1.393519693922292e-13
1.552287098151940e-01,1.393519675769819e-13
1.554417020075860e-01,1.393519657640907e-13
1.556546941999780e-01,1.393519639535494e-13
1.558676863923690e-01,1.393519621453520e-13
1.560806785847610e-01,1.393519603394923e-13
1.562936707771530e-01,1.393519585359642e-13
1.565066629695450e-01,1.393519567347616e-13
1.567196551619370e-01,1.393519549358783e-13
1.569326473543290e-01,1.393519531393083e-13
1.571456395467210e-01,1.393519513450459e-13
1.573586317391130e-01,1.393519495530853e-13
1.575716239315040e-01,1.393519477634210e-13
1.577846161238960e-01,1.393519459760472e-13
1.579976083162880e-01,1.393519441909584e-13
1.582106005086800e-01,1.393519424081488e-13
1.584235927010720e-01,1.393519406276128e-13
1.586365848934640e-01,1.393519388493447e-13
1.588495770858560e-01,1.393519370733389e-13
1.590625692782470e-01,1.393519352995896e-13
1.592755614706390e-01,1.393519335280907e-13
1.594885536630310e-01,1.393519317588359e-13
1.597015458554230e-01,1.393519299918190e-13
1.599145380478150e-01,1.393519282270338e-13
1.601275302402070e-01,1.393519264644740e-13
1.603405224325990e-01,1.393519247041333e-13
1.605535146249910e-01,1.393519229460056e-13
1.607665068173820e-01,1.393519211900845e-13
1.609794990097740e-01,1.393519194363639e-13
1.611924912021660e-01,1.393519176848377e-13
1.614054833945580e-01,1.393519159355002e-13
1.616184755869500e-01,1.393519141883461e-13
1.618314677793420e-01,1.393519124433697e-13
1.620444599717340e-01,1.393519107005656e-13
1.622574521641260e-01,1.393519089599285e-13
1.624704443565170e-01,1.393519072214528e-13
1.626834365489090e-01,1.393519054851330e-13
1.628964287413010e-01,1.393519037509637e-13
1.631094209336930e-01,1.393519020189395e-13
1.633224131260850e-01,1.393519002890548e-13
1.635354053184770e-01,1.393518985613044e-13
1.637483975108690e-01,1.393518968356828e-13
1.639613897032600e-01,1.393518951121848e-13
1.641743818956520e-01,1.393518933908049e-13
1.643873740880440e-01,1.393518916715380e-13
1.646003662804360e-01,1.393518899543786e-13
1.648133584728280e-01,1.393518882393213e-13
1.650263506652200e-01,1.393518865263609e-13
1.652393428576120e-01,1.393518848154920e-13
1.654523350500040e-01,1.393518831067093e-13
1.656653272423950e-01,1.393518814000077e-13
1.658783194347870e-01,1.393518796953820e-13
1.660913116271790e-01,1.393518779928273e-13
1.663043038195710e-01,1.393518762923383e-13
1.665172960119630e-01,1.393518745939100e-13
1.667302882043550e-01,1.393518728975374e-13
1.669432803967470e-01,1.393518712032152e-13
1.671562725891380e-01,1.393518695109385e-13
1.673692647815300e-01,1.393518678207020e-13
1.675822569739220e-01,1.393518661325009e-13
1.677952491663140e-01,1.393518644463300e-13
1.680082413587060e-01,1.393518627621843e-13
1.682212335510980e-01,1.393518610800590e-13
1.684342257434900e-01,1.393518593999491e-13
1.686472179358820e-01,1.393518577218495e-13
1.688602101282730e-01,1.393518560457553e-13
1.690732023206650e-01,1.393518543716616e-13
1.692861945130570e-01,1.393518526995634e-13
1.694991867054490e-01,1.393518510294557e-13
1.697121788978410e-01,1.393518493613335e-13
1.699251710902330e-01,1.393518476951921e-13
1.701381632826250e-01,1.393518460310266e-13
1.703511554750170e-01,1.393518443688323e-13
1.705641476674080e-01,1.393518427086044e-13
1.707771398598000e-01,1.393518410503381e-13
1.709901320521920e-01,1.393518393940286e-13
1.712031242445840e-01,1.393518377396711e-13
1.714161164369760e-01,1.393518360872608e-13
1.716291086293680e-01,1.393518344367930e-13
1.718421008217600e-01,1.393518327882628e-13
1.720550930141510e-01,1.393518311416659e-13
1.722680852065430e-01,1.393518294969975e-13
1.724810773989350e-01,1.393518278542533e-13
1.726940695913270e-01,1.393518262134288e-13
1.729070617837190e-01,1.393518245745194e-13
1.731200539761110e-01,1.393518229375206e-13
1.733330461685030e-01,1.393518213024279e-13
1.735460383608950e-01,1.393518196692368e-13
1.737590305532860e-01,1.393518180379429e-13
1.739720227456780e-01,1.393518164085416e-13
1.741850149380700e-01,1.393518147810284e-13
1.743980071304620e-01,1.393518131553989e-13
1.746109993228540e-01,1.393518115316486e-13
1.748239915152460e-01,1.393518099097731e-13
1.750369837076380e-01,1.393518082897680e-13
1.752499759000290e-01,1.393518066716286e-13
1.754629680924210e-01,1.393518050553507e-13
1.756759602848130e-01,1.393518034409297e-13
1.758889524772050e-01,1.393518018283612e-13
1.761019446695970e-01,1.393518002176408e-13
1.763149368619890e-01,1.393517986087640e-13
1.765279290543810e-01,1.393517970017265e-13
1.767409212467730e-01,1.393517953965241e-13
1.769539134391640e-01,1.393517937931523e-13
1.771669056315560e-01,1.393517921916068e-13
1.773798978239480e-01,1.393517905918833e-13
1.775928900163400e-01,1.393517889939774e-13
1.778058822087320e-01,1.393517873978849e-13
1.780188744011240e-01,1.393517858036012e-13
1.782318665935160e-01,1.393517842111223e-13
1.784448587859070e-01,1.393517826204438e-13
1.786578509782990e-01,1.393517810315618e-13
1.788708431706910e-01,1.393517794444721e-13
1.790838353630830e-01,1.393517778591706e-13
1.792968275554750e-01,1.393517762756533e-13
1.795098197478670e-01,1.393517746939159e-13
1.797228119402590e-01,1.393517731139546e-13
1.799358041326510e-01,1.393517715357650e-13
1.801487963250420e-01,1.393517699593432e-13
1.803617885174340e-01,1.393517683846851e-13
1.805747807098260e-01,1.393517668117868e-13
1.807877729022180e-01,1.393517652406444e-13
1.810007650946100e-01,1.393517636712539e-13
1.812137572870020e-01,1.393517621036114e-13
1.814267494793940e-01,1.393517605377132e-13
1.816397416717860e-01,1.393517589735552e-13
1.818527338641770e-01,1.393517574111337e-13
1.820657260565690e-01,1.393517558504446e-13
1.822787182489610e-01,1.393517542914841e-13
1.824917104413530e-01,1.393517527342484e-13
1.827047026337450e-01,1.393517511787333e-13
1.829176948261370e-01,1.393517496249349e-13
1.831306870185290e-01,1.393517480728492e-13
1.833436792109200e-01,1.393517465224721e-13
1.835566714033120e-01,1.393517449737997e-13
1.837696635957040e-01,1.393517434268279e-13
1.839826557880960e-01,1.393517418815527e-13
1.841956479804880e-01,1.393517403379701e-13
1.844086401728800e-01,1.393517387960761e-13
1.846216323652720e-01,1.393517372558667e-13
1.848346245576640e-01,1.393517357173383e-13
1.850476167500550e-01,1.393517341804872e-13
1.852606089424470e-01,1.393517326453100e-13
1.854736011348390e-01,1.393517311118028e-13
1.856865933272310e-01,1.393517295799623e-13
1.858995855196230e-01,1.393517280497847e-13
1.861125777120150e-01,1.393517265212666e-13
1.863255699044070e-01,1.393517249944042e-13
1.865385620967990e-01,1.393517234691940e-13
1.867515542891900e-01,1.393517219456324e-13
1.869645464815820e-01,1.393517204237158e-13
1.871775386739740e-01,1.393517189034405e-13
1.873905308663660e-01,1.393517173848030e-13
1.876035230587580e-01,1.393517158677996e-13
1.878165152511500e-01,1.393517143524267e-13
1.880295074435420e-01,1.393517128386808e-13
1.882424996359330e-01,1.393517113265581e-13
1.884554918283250e-01,1.393517098160551e-13
1.886684840207170e-01,1.393517083071682e-13
1.888814762131090e-01,1.393517067998937e-13
1.890944684055010e-01,1.393517052942282e-13
1.893074605978930e-01,1.393517037901680e-13
1.895204527902850e-01,1.393517022877095e-13
1.897334449826770e-01,1.393517007868493e-13
1.899464371750680e-01,1.393516992875837e-13
1.901594293674600e-01,1.393516977899091e-13
1.903724215598520e-01,1.393516962938221e-13
1.905854137522440e-01,1.393516947993190e-13
1.907984059446360e-01,1.393516933063964e-13
1.910113981370280e-01,1.393516918150506e-13
1.912243903294200e-01,1.393516903252784e-13
1.914373825218110e-01,1.393516888370763e-13
1.916503747142030e-01,1.393516873504412e-13
1.918633669065950e-01,1.393516858653697e-13
1.920763590989870e-01,1.393516843818585e-13
1.922893512913790e-01,1.393516828999042e-13
1.925023434837710e-01,1.393516814195037e-13
1.927153356761630e-01,1.393516799406535e-13
1.929283278685550e-01,1.393516784633504e-13
1.931413200609460e-01,1.393516769875911e-13
1.933543122533380e-01,1.393516755133723e-13
1.935673044457300e-01,1.393516740406906e-13
1.937802966381220e-01,1.393516725695428e-13
1.939932888305140e-01,1.393516710999256e-13
1.942062810229060e-01,1.393516696318357e-13
1.944192732152980e-01,1.393516681652699e-13
1.946322654076900e-01,1.393516667002247e-13
1.948452576000810e-01,1.393516652366970e-13
1.950582497924730e-01,1.393516637746835e-13
1.952712419848650e-01,1.393516623141809e-13
1.954842341772570e-01,1.393516608551859e-13
1.956972263696490e-01,1.393516593976956e-13
1.959102185620410e-01,1.393516579417067e-13
1.961232107544330e-01,1.393516564872161e-13
1.963362029468240e-01,1.393516550342207e-13
1.965491951392160e-01,1.393516535827174e-13
1.967621873316080e-01,1.393516521327029e-13
1.969751795240000e-01,1.393516506841742e-13
1.971881717163920e-01,1.393516492371281e-13
1.974011639087840e-01,1.393516477915615e-13
1.976141561011760e-01,1.393516463474714e-13
1.978271482935680e-01,1.393516449048547e-13
1.980401404859590e-01,1.393516434637083e-13
1.982531326783510e-01,1.393516420240293e-13
1.984661248707430e-01,1.393516405858145e-13
1.986791170631350e-01,1.393516391490610e-13
1.988921092555270e-01,1.393516377137657e-13
1.991051014479190e-01,1.393516362799255e-13
1.993180936403110e-01,1.393516348475374e-13
1.995310858327020e-01,1.393516334165984e-13
1.997440780250940e-01,1.393516319871055e-13
1.999570702174860e-01,1.393516305590555e-13
2.001700624098780e-01,1.393516291324455e-13
2.003830546022700e-01,1.393516277072724e-13
2.005960467946620e-01,1.393516262835331e-13
2.008090389870540e-01,1.393516248612248e-13
2.010220311794460e-01,1.393516234403442e-13
2.012350233718370e-01,1.393516220208884e-13
2.014480155642290e-01,1.393516206028544e-13
2.016610077566210e-01,1.393516191862391e-13
2.018739999490130e-01,1.393516177710397e-13
2.020869921414050e-01,1.393516163572534e-13
2.022999843337970e-01,1.393516149448774e-13
2.025129765261890e-01,1.393516135339090e-13
2.027259687185810e-01,1.393516121243453e-13
2.029389609109720e-01,1.393516107161836e-13
2.031519531033640e-01,1.393516093094210e-13
2.033649452957560e-01,1.393516079040548e-13
2.035779374881480e-01,1.393516065000822e-13
2.037909296805400e-01,1.393516050975004e-13
2.040039218729320e-01,1.393516036963065e-13
2.042169140653240e-01,1.393516022964979e-13
2.044299062577150e-01,1.393516008980716e-13
2.046428984501070e-01,1.393515995010249e-13
2.048558906424990e-01,1.393515981053548e-13
2.050688828348910e-01,1.393515967110588e-13
2.052818750272830e-01,1.393515953181339e-13
2.054948672196750e-01,1.393515939265772e-13
2.057078594120670e-01,1.393515925363862e-13
2.059208516044590e-01,1.393515911475577e-13
2.061338437968500e-01,1.393515897600893e-13
2.063468359892420e-01,1.393515883739779e-13
2.065598281816340e-01,1.393515869892209e-13
2.067728203740260e-01,1.393515856058155e-13
2.069858125664180e-01,1.393515842237588e-13
2.071988047588100e-01,1.393515828430482e-13
2.074117969512020e-01,1.393515814636807e-13
2.076247891435940e-01,1.393515800856537e-13
2.078377813359850e-01,1.393515787089643e-13
2.080507735283770e-01,1.393515773336097e-13
2.082637657207690e-01,1.393515759595875e-13
2.084767579131610e-01,1.393515745868950e-13
2.086897501055530e-01,1.393515732155297e-13
2.089027422979450e-01,1.393515718454890e-13
2.091157344903370e-01,1.393515704767704e-13
2.093287266827280e-01,1.393515691093713e-13
2.095417188751200e-01,1.393515677432892e-13
2.097547110675120e-01,1.393515663785216e-13
2.099677032599040e-01,1.393515650150658e-13
2.101806954522960e-01,1.393515636529193e-13
2.103936876446880e-01,1.393515622920795e-13
2.106066798370800e-01,1.393515609325440e-13
2.108196720294720e-01,1.393515595743102e-13
2.110326642218630e-01,1.393515582173756e-13
2.112456564142550e-01,1.393515568617375e-13
2.114586486066470e-01,1.393515555073936e-13
2.116716407990390e-01,1.393515541543411e-13
2.118846329914310e-01,1.393515528025777e-13
2.120976251838230e-01,1.393515514521007e-13
2.123106173762150e-01,1.393515501029077e-13
2.125236095686060e-01,1.393515487549961e-13
2.127366017609980e-01,1.393515474083636e-13
2.129495939533900e-01,1.393515460630076e-13
2.131625861457820e-01,1.393515447189258e-13
2.133755783381740e-01,1.393515433761156e-13
2.135885705305660e-01,1.393515420345747e-13
2.138015627229580e-01,1.393515406943006e-13
2.140145549153500e-01,1.393515393552908e-13
2.142275471077410e-01,1.393515380175430e-13
2.144405393001330e-01,1.393515366810546e-13
2.146535314925250e-01,1.393515353458231e-13
2.148665236849170e-01,1.393515340118460e-13
2.150795158773090e-01,1.393515326791207e-13
2.152925080697010e-01,1.393515313476448e-13
2.155055002620930e-01,1.393515300174156e-13
2.157184924544850e-01,1.393515286884306e-13
2.159314846468760e-01,1.393515273606873e-13
2.161444768392680e-01,1.393515260341831e-13
2.163574690316600e-01,1.393515247089155e-13
2.165704612240520e-01,1.393515233848821e-13
2.167834534164440e-01,1.393515220620805e-13
2.169964456088360e-01,1.393515207405089e-13
2.172094378012280e-01,1.393515194201650e-13
2.174224299936190e-01,1.393515181010467e-13
2.176354221860110e-01,1.393515167831519e-13
2.178484143784030e-01,1.393515154664785e-13
2.180614065707950e-01,1.393515141510245e-13
2.182743987631870e-01,1.393515128367876e-13
2.184873909555790e-01,1.393515115237659e-13
2.187003831479710e-01,1.393515102119570e-13
2.189133753403630e-01,1.393515089013586e-13
2.191263675327540e-01,1.393515075919681e-13
2.193393597251460e-01,1.393515062837829e-13
2.195523519175380e-01,1.393515049768005e-13
2.197653441099300e-01,1.393515036710183e-13
2.199783363023220e-01,1.393515023664337e-13
2.201913284947140e-01,1.393515010630443e-13
2.204043206871060e-01,1.393514997608474e-13
2.206173128794970e-01,1.393514984598405e-13
2.208303050718890e-01,1.393514971600213e-13
2.210432972642810e-01,1.393514958613878e-13
2.212562894566730e-01,1.393514945639385e-13
2.214692816490650e-01,1.393514932676717e-13
2.216822738414570e-01,1.393514919725859e-13
2.218952660338490e-01,1.393514906786792e-13
2.221082582262410e-01,1.393514893859502e-13
2.223212504186320e-01,1.393514880943971e-13
2.225342426110240e-01,1.393514868040183e-13
2.227472348034160e-01,1.393514855148122e-13
2.229602269958080e-01,1.393514842267769e-13
2.231732191882000e-01,1.393514829399099e-13
2.233862113805920e-01,1.393514816542084e-13
2.235992035729840e-01,1.393514803696697e-13
2.238121957653760e-01,1.393514790862909e-13
2.240251879577670e-01,1.393514778040693e-13
2.242381801501590e-01,1.393514765230021e-13
2.244511723425510e-01,1.393514752430867e-13
2.246641645349430e-01,1.393514739643202e-13
2.248771567273350e-01,1.393514726866998e-13
2.250901489197270e-01,1.393514714102230e-13
2.253031411121190e-01,1.393514701348878e-13
2.255161333045100e-01,1.393514688606926e-13
2.257291254969020e-01,1.393514675876355e-13
2.259421176892940e-01,1.393514663157148e-13
2.261551098816860e-01,1.393514650449289e-13
2.263681020740780e-01,1.393514637752758e-13
2.265810942664700e-01,1.393514625067539e-13
2.267940864588620e-01,1.393514612393615e-13
2.270070786512540e-01,1.393514599730968e-13
2.272200708436450e-01,1.393514587079579e-13
2.274330630360370e-01,1.393514574439427e-13
2.276460552284290e-01,1.393514561810489e-13
2.278590474208210e-01,1.393514549192742e-13
2.280720396132130e-01,1.393514536586162e-13
2.282850318056050e-01,1.393514523990728e-13
2.284980239979970e-01,1.393514511406415e-13
2.287110161903880e-01,1.393514498833202e-13
2.289240083827800e-01,1.393514486271065e-13
2.291370005751720e-01,1.393514473719981e-13
2.293499927675640e-01,1.393514461179928e-13
2.295629849599560e-01,1.393514448650887e-13
2.297759771523480e-01,1.393514436132841e-13
2.299889693447400e-01,1.393514423625770e-13
2.302019615371320e-01,1.393514411129658e-13
2.304149537295230e-01,1.393514398644485e-13
2.306279459219150e-01,1.393514386170233e-13
2.308409381143070e-01,1.393514373706885e-13
2.310539303066990e-01,1.393514361254422e-13
2.312669224990910e-01,1.393514348812827e-13
2.314799146914830e-01,1.393514336382080e-13
2.316929068838750e-01,1.393514323962164e-13
2.319058990762670e-01,1.393514311553059e-13
2.321188912686580e-01,1.393514299154746e-13
2.323318834610500e-01,1.393514286767208e-13
2.325448756534420e-01,1.393514274390424e-13
2.327578678458340e-01,1.393514262024377e-13
2.329708600382260e-01,1.393514249669047e-13
2.331838522306180e-01,1.393514237324416e-13
2.333968444230100e-01,1.393514224990465e-13
2.336098366154010e-01,1.393514212667175e-13
2.338228288077930e-01,1.393514200354525e-13
2.340358210001850e-01,1.393514188052496e-13
2.342488131925770e-01,1.393514175761068e-13
2.344618053849690e-01,1.393514163480219e-13
2.346747975773610e-01,1.393514151209931e-13
2.348877897697530e-01,1.393514138950183e-13
2.351007819621450e-01,1.393514126700954e-13
2.353137741545360e-01,1.393514114462224e-13
2.355267663469280e-01,1.393514102233973e-13
2.357397585393200e-01,1.393514090016182e-13
2.359527507317120e-01,1.393514077808834e-13
2.361657429241040e-01,1.393514065611911e-13
2.363787351164960e-01,1.393514053425398e-13
2.365917273088880e-01,1.393514041249279e-13
2.368047195012800e-01,1.393514029083536e-13
2.370177116936710e-01,1.393514016928154e-13
2.372307038860630e-01,1.393514004783116e-13
2.374436960784550e-01,1.393513992648406e-13
2.376566882708470e-01,1.393513980524007e-13
2.378696804632390e-01,1.393513968409903e-13
2.380826726556310e-01,1.393513956306074e-13
2.382956648480230e-01,1.393513944212503e-13
2.385086570404140e-01,1.393513932129168e-13
2.387216492328060e-01,1.393513920056051e-13
2.389346414251980e-01,1.393513907993132e-13
2.391476336175900e-01,1.393513895940394e-13
2.393606258099820e-01,1.393513883897815e-13
2.395736180023740e-01,1.393513871865377e-13
2.397866101947660e-01,1.393513859843061e-13
2.399996023871580e-01,1.393513847830847e-13
2.402125945795490e-01,1.393513835828720e-13
2.404255867719410e-01,1.393513823836665e-13
2.406385789643330e-01,1.393513811854666e-13
2.408515711567250e-01,1.393513799882708e-13
2.410645633491170e-01,1.393513787920775e-13
2.412775555415090e-01,1.393513775968851e-13
2.414905477339010e-01,1.393513764026922e-13
2.417035399262920e-01,1.393513752094973e-13
2.419165321186840e-01,1.393513740172987e-13
2.421295243110760e-01,1.393513728260948e-13
2.423425165034680e-01,1.393513716358839e-13
2.425555086958600e-01,1.393513704466641e-13
2.427685008882520e-01,1.393513692584335e-13
2.429814930806440e-01,1.393513680711902e-13
2.431944852730360e-01,1.393513668849323e-13
2.434074774654270e-01,1.393513656996580e-13
2.436204696578190e-01,1.393513645153654e-13
2.438334618502110e-01,1.393513633320526e-13
2.440464540426030e-01,1.393513621497178e-13
2.442594462349950e-01,1.393513609683591e-13
2.444724384273870e-01,1.393513597879750e-13
2.446854306197790e-01,1.393513586085640e-13
2.448984228121710e-01,1.393513574301246e-13
2.451114150045620e-01,1.393513562526555e-13
2.453244071969540e-01,1.393513550761550e-13
2.455373993893460e-01,1.393513539006218e-13
2.457503915817380e-01,1.393513527260543e-13
2.459633837741300e-01,1.393513515524511e-13
2.461763759665220e-01,1.393513503798107e-13
2.463893681589140e-01,1.393513492081316e-13
2.466023603513050e-01,1.393513480374121e-13
2.468153525436970e-01,1.393513468676505e-13
2.470283447360890e-01,1.393513456988450e-13
2.472413369284810e-01,1.393513445309938e-13
2.474543291208730e-01,1.393513433640952e-13
2.476673213132650e-01,1.393513421981475e-13
2.478803135056570e-01,1.393513410331489e-13
2.480933056980490e-01,1.393513398690977e-13
2.483062978904400e-01,1.393513387059921e-13
2.485192900828320e-01,1.393513375438303e-13
2.487322822752240e-01,1.393513363826111e-13
2.489452744676160e-01,1.393513352223327e-13
2.491582666600080e-01,1.393513340629939e-13
2.493712588524000e-01,1.393513329045930e-13
2.495842510447920e-01,1.393513317471288e-13
2.497972432371830e-01,1.393513305905996e-13
2.500102354295750e-01,1.393513294350041e-13
2.502232276219670e-01,1.393513282803407e-13
2.504362198143590e-01,1.393513271266081e-13
2.506492120067510e-01,1.393513259738047e-13
2.508622041991430e-01,1.393513248219291e-13
2.510751963915350e-01,1.393513236709797e-13
2.512881885839270e-01,1.393513225209551e-13
2.515011807763180e-01,1.393513213718536e-13
2.517141729687100e-01,1.393513202236740e-13
2.519271651611020e-01,1.393513190764145e-13
2.521401573534940e-01,1.393513179300738e-13
2.523531495458860e-01,1.393513167846503e-13
2.525661417382780e-01,1.393513156401425e-13
2.527791339306700e-01,1.393513144965489e-13
2.529921261230620e-01,1.393513133538680e-13
2.532051183154530e-01,1.393513122120982e-13
2.534181105078450e-01,1.393513110712379e-13
2.536311027002370e-01,1.393513099312857e-13
2.538440948926290e-01,1.393513087922400e-13
2.540570870850210e-01,1.393513076540992e-13
2.542700792774130e-01,1.393513065168618e-13
2.544830714698050e-01,1.393513053805263e-13
2.546960636621960e-01,1.393513042450911e-13
2.549090558545880e-01,1.393513031105547e-13
2.551220480469800e-01,1.393513019769157e-13
2.553350402393720e-01,1.393513008441727e-13
2.555480324317640e-01,1.393512997123243e-13
2.557610246241560e-01,1.393512985813692e-13
2.559740168165480e-01,1.393512974513059e-13
2.561870090089400e-01,1.393512963221330e-13
2.564000012013310e-01,1.393512951938492e-13
2.566129933937230e-01,1.393512940664532e-13
2.568259855861150e-01,1.393512929399434e-13
2.570389777785070e-01,1.393512918143185e-13
2.572519699708990e-01,1.393512906895771e-13
2.574649621632910e-01,1.393512895657177e-13
2.576779543556830e-01,1.393512884427387e-13
2.578909465480740e-01,1.393512873206387e-13
2.581039387404660e-01,1.393512861994162e-13
2.583169309328580e-01,1.393512850790698e-13
2.585299231252500e-01,1.393512839595979e-13
2.587429153176420e-01,1.393512828409990e-13
2.589559075100340e-01,1.393512817232718e-13
2.591688997024260e-01,1.393512806064146e-13
2.593818918948180e-01,1.393512794904264e-13
2.595948840872090e-01,1.393512783753056e-13
2.598078762796010e-01,1.393512772610512e-13
2.600208684719930e-01,1.393512761476617e-13
2.602338606643850e-01,1.393512750351360e-13
2.604468528567770e-01,1.393512739234728e-13
2.606598450491690e-01,1.393512728126709e-13
2.608728372415610e-01,1.393512717027288e-13
2.610858294339530e-01,1.393512705936454e-13
2.612988216263440e-01,1.393512694854194e-13
2.615118138187360e-01,1.393512683780493e-13
2.617248060111280e-01,1.393512672715336e-13
2.619377982035200e-01,1.393512661658709e-13
2.621507903959120e-01,1.393512650610596e-13
2.623637825883040e-01,1.393512639570982e-13
2.625767747806960e-01,1.393512628539852e-13
2.627897669730870e-01,1.393512617517193e-13
2.630027591654790e-01,1.393512606502988e-13
2.632157513578710e-01,1.393512595497223e-13
2.634287435502630e-01,1.393512584499884e-13
2.636417357426550e-01,1.393512573510958e-13
2.638547279350470e-01,1.393512562530434e-13
2.640677201274390e-01,1.393512551558300e-13
2.642807123198310e-01,1.393512540594545e-13
2.644937045122220e-01,1.393512529639157e-13
2.647066967046140e-01,1.393512518692126e-13
2.649196888970060e-01,1.393512507753438e-13
2.651326810893980e-01,1.393512496823084e-13
2.653456732817900e-01,1.393512485901051e-13
2.655586654741820e-01,1.393512474987327e-13
2.657716576665740e-01,1.393512464081899e-13
2.659846498589660e-01,1.393512453184751e-13
2.661976420513570e-01,1.393512442295872e-13
2.664106342437490e-01,1.393512431415244e-13
2.666236264361410e-01,1.393512420542855e-13
2.668366186285330e-01,1.393512409678691e-13
2.670496108209250e-01,1.393512398822736e-13
2.672626030133170e-01,1.393512387974978e-13
2.674755952057090e-01,1.393512377135400e-13
2.676885873981000e-01,1.393512366303991e-13
2.679015795904920e-01,1.393512355480738e-13
2.681145717828840e-01,1.393512344665631e-13
2.683275639752760e-01,1.393512333858659e-13
2.685405561676680e-01,1.393512323059812e-13
2.687535483600600e-01,1.393512312269078e-13
2.689665405524520e-01,1.393512301486448e-13
2.691795327448440e-01,1.393512290711912e-13
2.693925249372350e-01,1.393512279945457e-13
2.696055171296270e-01,1.393512269187073e-13
2.698185093220190e-01,1.393512258436749e-13
2.700315015144110e-01,1.393512247694468e-13
2.702444937068030e-01,1.393512236960213e-13
2.704574858991950e-01,1.393512226233965e-13
2.706704780915870e-01,1.393512215515707e-13
2.708834702839780e-01,1.393512204805421e-13
2.710964624763700e-01,1.393512194103090e-13
2.713094546687620e-01,1.393512183408696e-13
2.715224468611540e-01,1.393512172722221e-13
2.717354390535460e-01,1.393512162043647e-13
2.719484312459380e-01,1.393512151372962e-13
2.721614234383300e-01,1.393512140710166e-13
2.723744156307220e-01,1.393512130055270e-13
2.725874078231130e-01,1.393512119408278e-13
2.728004000155050e-01,1.393512108769199e-13
2.730133922078970e-01,1.393512098138040e-13
2.732263844002890e-01,1.393512087514808e-13
2.734393765926810e-01,1.393512076899509e-13
2.736523687850730e-01,1.393512066292153e-13
2.738653609774650e-01,1.393512055692745e-13
2.740783531698570e-01,1.393512045101278e-13
2.742913453622480e-01,1.393512034517686e-13
2.745043375546400e-01,1.393512023941889e-13
2.747173297470320e-01,1.393512013373805e-13
2.749303219394240e-01,1.393512002813355e-13
2.751433141318160e-01,1.393511992260457e-13
2.753563063242080e-01,1.393511981715031e-13
2.755692985166000e-01,1.393511971176996e-13
2.757822907089910e-01,1.393511960646272e-13
2.759952829013830e-01,1.393511950122777e-13
2.762082750937750e-01,1.393511939606485e-13
2.764212672861670e-01,1.393511929097585e-13
2.766342594785590e-01,1.393511918596321e-13
2.768472516709510e-01,1.393511908102934e-13
2.770602438633430e-01,1.393511897617669e-13
2.772732360557350e-01,1.393511887140767e-13
2.774862282481260e-01,1.393511876672473e-13
2.776992204405180e-01,1.393511866213029e-13
2.779122126329100e-01,1.393511855762678e-13
2.781252048253020e-01,1.393511845321663e-13
2.783381970176940e-01,1.393511834890027e-13
2.785511892100860e-01,1.393511824467012e-13
