7.791356504680618e-06,3.621078248225741e-09
8.610780621332552e-06,3.583584807955720e-09
9.516384324626089e-06,3.546294939061424e-09
1.051723120080771e-05,3.509208660384088e-09
1.162333806181051e-05,3.472325979450648e-09
1.284577519687474e-05,3.435646893971871e-09
1.419677716772344e-05,3.399171393615982e-09
1.568986525616830e-05,3.362899462223565e-09
1.733998278964274e-05,3.326831080332283e-09
1.916364469904539e-05,3.290966227967890e-09
2.117910280571951e-05,3.255304888089134e-09
2.340652849181556e-05,3.219847050523856e-09
2.586821458226360e-05,3.184592716662886e-09
2.858879845885812e-05,3.149541905164747e-09
3.159550863945590e-05,3.114694658799274e-09
3.491843729013453e-05,3.080051052534095e-09
3.859084139770492e-05,3.045611203374072e-09
4.264947561681323e-05,3.011375281768551e-09
4.713496012287843e-05,2.977343524770552e-09
5.209218715246060e-05,2.943516250324680e-09
5.757077029985334e-05,2.909893871842692e-09
6.362554106661115e-05,2.876476910675465e-09
7.031709763364645e-05,2.843266003119321e-09
7.771241134819200e-05,2.810261896483740e-09
8.588549699555374e-05,2.777465427407288e-09
9.491815356395940e-05,2.744877476069359e-09
1.049007829163263e-04,2.712498894013009e-09
1.159332945624905e-04,2.680330414290352e-09
1.281261055871622e-04,2.648372571010042e-09
1.416012457412214e-04,2.616625673778363e-09
1.564935787564811e-04,2.585089882110128e-09
1.729521521072439e-04,2.553765377238577e-09
1.911416887275217e-04,2.522652529118518e-09
2.112442356135248e-04,2.491751883894406e-09
2.334609858111876e-04,2.461063915693516e-09
2.580142920237960e-04,2.430588818696528e-09
2.851498919925769e-04,2.400326702508847e-09
3.151393679226079e-04,2.370277906586293e-09
3.482828645688079e-04,2.340442761753372e-09
3.849120931855259e-04,2.310821350088420e-09
4.253936514042669e-04,2.281413902502000e-09
4.701326922660057e-04,2.252220608327745e-09
5.195769791289974e-04,2.223241569930568e-09
5.742213670349657e-04,2.194476950477924e-09
6.346127553846864e-04,2.165926835993047e-09
7.013555614910102e-04,2.137591314325292e-09
7.751177697904812e-04,2.109470461503529e-09
8.566376172560946e-04,2.081564319333612e-09
9.467309819210534e-04,2.053872915694404e-09
1.046299548460350e-03,2.026396260645311e-09
1.156339832554060e-03,1.999134344719643e-09
1.277953154351212e-03,1.971964221948920e-09
1.405748469786333e-03,1.946266108340994e-09
1.533543785221454e-03,1.923088685178479e-09
1.661339100656575e-03,1.902022161860932e-09
1.789134416091696e-03,1.882656747787909e-09
1.916929731526817e-03,1.864637615886416e-09
2.000000000000000e-03,1.853579318184070e-09
2.044725046961939e-03,1.847829470943974e-09
2.172520362397060e-03,1.832134888594239e-09
2.300315677832181e-03,1.817431101668800e-09
2.428110993267302e-03,1.803593291966743e-09
2.555906308702423e-03,1.790508134044757e-09
2.683701624137544e-03,1.778108273497227e-09
2.811496939572665e-03,1.766337848679773e-09
2.939292255007787e-03,1.755140997948018e-09
3.067087570442908e-03,1.744461859657583e-09
3.194882885878029e-03,1.734248921667446e-09
3.322678201313150e-03,1.724468070025439e-09
3.450473516748271e-03,1.715089540370471e-09
3.578268832183392e-03,1.706083568341449e-09
3.706064147618514e-03,1.697420389577283e-09
3.833859463053635e-03,1.689072396113440e-09
3.961654778488756e-03,1.681020605541743e-09
4.089450093923877e-03,1.673248191835627e-09
4.217245409358998e-03,1.665738328968529e-09
4.345040724794119e-03,1.658474190913884e-09
4.472836040229241e-03,1.651439478747419e-09
4.600631355664362e-03,1.644620001967640e-09
4.728426671099482e-03,1.638002097182154e-09
4.856221986534604e-03,1.631572100998569e-09
4.984017301969726e-03,1.625316350024491e-09
5.111812617404846e-03,1.619223766912320e-09
5.239607932839968e-03,1.613293618420304e-09
5.367403248275089e-03,1.607527757314819e-09
5.495198563710209e-03,1.601928036362242e-09
5.622993879145331e-03,1.596496308328950e-09
5.750789194580453e-03,1.591230696866531e-09
5.878584510015573e-03,1.586114409125103e-09
6.006379825450694e-03,1.581126923118836e-09
6.134175140885816e-03,1.576247716861900e-09
6.261970456320937e-03,1.571456268368466e-09
6.389765771756058e-03,1.566736490815409e-09
6.517561087191179e-03,1.562090037840401e-09
6.645356402626300e-03,1.557522998148797e-09
6.773151718061422e-03,1.553041460445955e-09
6.900947033496543e-03,1.548651513437233e-09
7.028742348931663e-03,1.544357296919258e-09
7.156537664366785e-03,1.540155155059876e-09
7.284332979801906e-03,1.536039483121264e-09
7.412128295237027e-03,1.532004676365604e-09
7.539923610672148e-03,1.528045130055073e-09
7.667718926107269e-03,1.524155917013669e-09
7.795514241542391e-03,1.520334820337418e-09
7.923309556977513e-03,1.516580300696547e-09
8.051104872412632e-03,1.512890818761286e-09
8.178900187847754e-03,1.509264835201861e-09
8.306695503282877e-03,1.505700739114692e-09
8.434490818717996e-03,1.502196633302224e-09
8.562286134153118e-03,1.498750548993724e-09
8.690081449588239e-03,1.495360517418458e-09
8.817876765023359e-03,1.492024569805695e-09
8.945672080458482e-03,1.488740839136467e-09
9.073467395893601e-03,1.485507865401120e-09
9.201262711328723e-03,1.482324290342885e-09
9.329058026763846e-03,1.479188755704997e-09
9.456853342198965e-03,1.476099903230688e-09
9.584648657634087e-03,1.473056400808524e-09
9.712443973069206e-03,1.470057020907553e-09
9.840239288504329e-03,1.467100562141736e-09
9.968034603939451e-03,1.464185823125033e-09
1.009582991937457e-02,1.461311602471404e-09
1.022362523480969e-02,1.458476753799239e-09
1.035142055024482e-02,1.455680350745065e-09
1.047921586567993e-02,1.452921521950046e-09
1.060701118111506e-02,1.450199396055344e-09
1.073480649655018e-02,1.447513101702125e-09
1.086260181198530e-02,1.444861767531553e-09
1.099039712742042e-02,1.442244522184792e-09
1.111819244285554e-02,1.439660494303006e-09
1.124598775829066e-02,1.437108812527359e-09
1.137378307372578e-02,1.434588605499015e-09
1.150157838916090e-02,1.432099046332462e-09
1.162937370459603e-02,1.429639486022650e-09
1.175716902003114e-02,1.427209320031436e-09
1.188496433546627e-02,1.424807943820676e-09
1.201275965090139e-02,1.422434752852226e-09
1.214055496633651e-02,1.420089142587942e-09
1.226835028177163e-02,1.417770508489682e-09
1.239614559720675e-02,1.415478246019301e-09
1.252394091264187e-02,1.413211750638656e-09
1.265173622807700e-02,1.410970417809603e-09
1.277953154351211e-02,1.408753669368042e-09
1.290732685894724e-02,1.406561032655387e-09
1.303512217438236e-02,1.404392061391768e-09
1.316291748981748e-02,1.402246309297313e-09
1.329071280525260e-02,1.400123330092150e-09
1.341850812068772e-02,1.398022677496410e-09
1.354630343612284e-02,1.395943905230220e-09
1.367409875155796e-02,1.393886567013710e-09
1.380189406699308e-02,1.391850216567008e-09
1.392968938242821e-02,1.389834407610244e-09
1.405748469786333e-02,1.387838712326650e-09
1.418528001329845e-02,1.385862776752946e-09
1.431307532873357e-02,1.383906265389493e-09
1.444087064416869e-02,1.381968842736650e-09
1.456866595960381e-02,1.380050173294777e-09
1.469646127503893e-02,1.378149921564234e-09
1.482425659047405e-02,1.376267752045379e-09
1.495205190590917e-02,1.374403329238574e-09
1.507984722134430e-02,1.372556317644178e-09
1.520764253677942e-02,1.370726381762550e-09
1.533543785221454e-02,1.368913198810341e-09
1.546323316764966e-02,1.367116496866334e-09
1.559102848308478e-02,1.365336016724086e-09
1.571882379851990e-02,1.363571499177157e-09
1.584661911395502e-02,1.361822685019105e-09
1.597441442939014e-02,1.360089315043488e-09
1.610220974482527e-02,1.358371130043865e-09
1.623000506026039e-02,1.356667870813795e-09
1.635780037569551e-02,1.354979278146836e-09
1.648559569113063e-02,1.353305092836546e-09
1.661339100656575e-02,1.351645064870025e-09
1.674118632200087e-02,1.349998981012256e-09
1.686898163743599e-02,1.348366637223621e-09
1.699677695287111e-02,1.346747829464504e-09
1.712457226830624e-02,1.345142353695289e-09
1.725236758374135e-02,1.343550005876359e-09
1.738016289917648e-02,1.341970581968097e-09
1.750795821461160e-02,1.340403877930886e-09
1.763575353004672e-02,1.338849689725111e-09
1.776354884548184e-02,1.337307813311154e-09
1.789134416091696e-02,1.335778051413615e-09
1.801913947635208e-02,1.334260233814695e-09
1.814693479178720e-02,1.332754197061175e-09
1.827473010722232e-02,1.331259777699837e-09
1.840252542265745e-02,1.329776812277466e-09
1.853032073809257e-02,1.328305137340844e-09
1.865811605352769e-02,1.326844589436753e-09
1.878591136896281e-02,1.325395005111976e-09
1.891370668439793e-02,1.323956220913296e-09
1.904150199983305e-02,1.322528073387495e-09
1.916929731526817e-02,1.321110404179043e-09
1.929709263070329e-02,1.319703075322197e-09
1.942488794613842e-02,1.318305953948424e-09
1.955268326157353e-02,1.316918907189187e-09
1.968047857700866e-02,1.315541802175954e-09
1.980827389244378e-02,1.314174506040189e-09
1.993606920787890e-02,1.312816885913358e-09
2.006386452331402e-02,1.311468808926926e-09
2.019165983874914e-02,1.310130142212360e-09
2.031945515418426e-02,1.308800752901124e-09
2.044725046961939e-02,1.307480512032719e-09
2.057504578505450e-02,1.306169306280563e-09
2.070284110048963e-02,1.304867026226996e-09
2.083063641592475e-02,1.303573562454360e-09
2.095843173135987e-02,1.302288805544998e-09
2.108622704679499e-02,1.301012646081251e-09
2.121402236223011e-02,1.299744974645459e-09
2.134181767766523e-02,1.298485681819964e-09
2.146961299310035e-02,1.297234658187109e-09
2.159740830853547e-02,1.295991794329234e-09
2.172520362397060e-02,1.294756983874657e-09
2.185299893940572e-02,1.293530132636079e-09
2.198079425484084e-02,1.292311149472419e-09
2.210858957027596e-02,1.291099943242595e-09
2.223638488571108e-02,1.289896422805528e-09
2.236418020114620e-02,1.288700497020136e-09
2.249197551658132e-02,1.287512074745338e-09
2.261977083201644e-02,1.286331064840053e-09
2.274756614745157e-02,1.285157376163199e-09
2.287536146288669e-02,1.283990917573696e-09
2.300315677832181e-02,1.282831600337974e-09
2.313095209375693e-02,1.281679345352174e-09
2.325874740919205e-02,1.280534075919784e-09
2.338654272462717e-02,1.279395715344291e-09
2.351433804006229e-02,1.278264186929182e-09
2.364213335549741e-02,1.277139413977945e-09
2.376992867093253e-02,1.276021319794067e-09
2.389772398636766e-02,1.274909827681036e-09
2.402551930180278e-02,1.273804860942338e-09
2.415331461723790e-02,1.272706342881461e-09
2.428110993267302e-02,1.271614198729118e-09
2.440890524810814e-02,1.270528361424085e-09
2.453670056354326e-02,1.269448765831944e-09
2.466449587897838e-02,1.268375346818280e-09
2.479229119441350e-02,1.267308039248675e-09
2.492008650984863e-02,1.266246777988714e-09
2.504788182528375e-02,1.265191497903979e-09
2.517567714071887e-02,1.264142133860054e-09
2.530347245615399e-02,1.263098620722522e-09
2.543126777158911e-02,1.262060893356967e-09
2.555906308702423e-02,1.261028888189254e-09
2.568685840245935e-02,1.260002547886698e-09
2.581465371789447e-02,1.258981816677061e-09
2.594244903332960e-02,1.257966638788103e-09
2.607024434876471e-02,1.256956958447587e-09
2.619803966419984e-02,1.255952719883272e-09
2.632583497963496e-02,1.254953867322919e-09
2.645363029507008e-02,1.253960344994291e-09
2.658142561050520e-02,1.252972097125147e-09
2.670922092594032e-02,1.251989067943248e-09
2.683701624137544e-02,1.251011202953320e-09
2.696481155681056e-02,1.250038452767829e-09
2.709260687224568e-02,1.249070769276153e-09
2.722040218768081e-02,1.248108104367667e-09
2.734819750311593e-02,1.247150409931748e-09
2.747599281855105e-02,1.246197637857772e-09
2.760378813398617e-02,1.245249740035113e-09
2.773158344942129e-02,1.244306668353150e-09
2.785937876485641e-02,1.243368374701258e-09
2.798717408029153e-02,1.242434810968812e-09
2.811496939572665e-02,1.241505930100387e-09
2.824276471116178e-02,1.240581689260938e-09
2.837056002659689e-02,1.239662046670416e-09
2.849835534203202e-02,1.238746960548771e-09
2.862615065746714e-02,1.237836389115955e-09
2.875394597290226e-02,1.236930290591919e-09
2.888174128833738e-02,1.236028623196613e-09
2.900953660377250e-02,1.235131345149989e-09
2.913733191920762e-02,1.234238414671998e-09
2.926512723464274e-02,1.233349789982589e-09
2.939292255007787e-02,1.232465430180997e-09
2.952071786551299e-02,1.231585297883818e-09
2.964851318094811e-02,1.230709356587044e-09
2.977630849638323e-02,1.229837569786666e-09
2.990410381181835e-02,1.228969900978678e-09
3.003189912725347e-02,1.228106313659073e-09
3.015969444268859e-02,1.227246771323842e-09
3.028748975812371e-02,1.226391237468978e-09
3.041528507355883e-02,1.225539675590473e-09
3.054308038899396e-02,1.224692049184320e-09
3.067087570442908e-02,1.223848322484990e-09
3.079867101986420e-02,1.223008462680841e-09
3.092646633529932e-02,1.222172437698696e-09
3.105426165073444e-02,1.221340215465379e-09
3.118205696616956e-02,1.220511763907712e-09
3.130985228160468e-02,1.219687050952519e-09
3.143764759703981e-02,1.218866044526623e-09
3.156544291247493e-02,1.218048712556847e-09
3.169323822791005e-02,1.217235022970015e-09
3.182103354334517e-02,1.216424943692950e-09
3.194882885878029e-02,1.215618443276956e-09
3.207662417421541e-02,1.214815492771061e-09
3.220441948965053e-02,1.214016063848667e-09
3.233221480508566e-02,1.213220128183181e-09
3.246001012052077e-02,1.212427657448005e-09
3.258780543595589e-02,1.211638623316544e-09
3.271560075139102e-02,1.210852997462202e-09
3.284339606682614e-02,1.210070751558384e-09
3.297119138226126e-02,1.209291857278494e-09
3.309898669769638e-02,1.208516286295936e-09
3.322678201313150e-02,1.207744010815405e-09
3.335457732856662e-02,1.206975005166929e-09
3.348237264400174e-02,1.206209244211909e-09
3.361016795943687e-02,1.205446702811743e-09
3.373796327487198e-02,1.204687355827835e-09
3.386575859030710e-02,1.203931178121584e-09
3.399355390574223e-02,1.203178144554391e-09
3.412134922117735e-02,1.202428229987657e-09
3.424914453661247e-02,1.201681409282782e-09
3.437693985204759e-02,1.200937657301166e-09
3.450473516748271e-02,1.200196949359044e-09
3.463253048291783e-02,1.199459262591981e-09
3.476032579835295e-02,1.198724574590380e-09
3.488812111378808e-02,1.197992862944642e-09
3.501591642922319e-02,1.197264105245171e-09
3.514371174465832e-02,1.196538279082369e-09
3.527150706009344e-02,1.195815362046637e-09
3.539930237552856e-02,1.195095331728378e-09
3.552709769096368e-02,1.194378165717993e-09
3.565489300639881e-02,1.193663841605886e-09
3.578268832183392e-02,1.192952337374142e-09
3.591048363726904e-02,1.192243632571475e-09
3.603827895270417e-02,1.191537707138224e-09
3.616607426813929e-02,1.190834541014733e-09
3.629386958357441e-02,1.190134114141342e-09
3.642166489900953e-02,1.189436406458394e-09
3.654946021444465e-02,1.188741397906228e-09
3.667725552987977e-02,1.188049068425187e-09
3.680505084531489e-02,1.187359397955612e-09
3.693284616075002e-02,1.186672366437845e-09
3.706064147618514e-02,1.185987954151348e-09
3.718843679162025e-02,1.185306142732188e-09
3.731623210705538e-02,1.184626914155616e-09
3.744402742249050e-02,1.183950250396881e-09
3.757182273792562e-02,1.183276133431232e-09
3.769961805336074e-02,1.182604545233920e-09
3.782741336879586e-02,1.181935467780195e-09
3.795520868423098e-02,1.181268883045304e-09
3.808300399966610e-02,1.180604773004500e-09
3.821079931510123e-02,1.179943119633030e-09
3.833859463053635e-02,1.179283905201360e-09
3.846638994597146e-02,1.178627113160829e-09
3.859418526140659e-02,1.177972727258002e-09
3.872198057684171e-02,1.177320731239442e-09
3.884977589227683e-02,1.176671108851714e-09
3.897757120771195e-02,1.176023843841382e-09
3.910536652314707e-02,1.175378919955009e-09
3.923316183858219e-02,1.174736320939160e-09
3.936095715401731e-02,1.174096030540399e-09
3.948875246945244e-02,1.173458032505290e-09
3.961654778488756e-02,1.172822310838578e-09
3.974434310032268e-02,1.172188850577675e-09
3.987213841575780e-02,1.171557637018143e-09
3.999993373119292e-02,1.170928655455544e-09
4.012772904662804e-02,1.170301891185442e-09
4.025552436206317e-02,1.169677329503399e-09
4.038331967749829e-02,1.169054955704977e-09
4.051111499293340e-02,1.168434755085739e-09
4.063891030836853e-02,1.167816712941247e-09
4.076670562380365e-02,1.167200814567065e-09
4.089450093923877e-02,1.166587045485398e-09
4.102229625467389e-02,1.165975392125123e-09
4.115009157010902e-02,1.165365841141807e-09
4.127788688554413e-02,1.164758379191017e-09
4.140568220097925e-02,1.164152992928319e-09
4.153347751641438e-02,1.163549669009280e-09
4.166127283184950e-02,1.162948394089467e-09
4.178906814728462e-02,1.162349154824448e-09
4.191686346271974e-02,1.161751937869788e-09
4.204465877815486e-02,1.161156729881054e-09
4.217245409358998e-02,1.160563517713523e-09
4.230024940902510e-02,1.159972289021331e-09
4.242804472446023e-02,1.159383031658334e-09
4.255584003989534e-02,1.158795733478391e-09
4.268363535533046e-02,1.158210382335356e-09
4.281143067076559e-02,1.157626966083089e-09
4.293922598620071e-02,1.157045472575444e-09
4.306702130163583e-02,1.156465889666280e-09
4.319481661707095e-02,1.155888205209453e-09
4.332261193250607e-02,1.155312407058820e-09
4.345040724794119e-02,1.154738483244850e-09
4.357820256337631e-02,1.154166422504427e-09
4.370599787881144e-02,1.153596213751029e-09
4.383379319424656e-02,1.153027845898138e-09
4.396158850968167e-02,1.152461307859232e-09
4.408938382511680e-02,1.151896588547790e-09
4.421717914055192e-02,1.151333676877294e-09
4.434497445598704e-02,1.150772561761221e-09
4.447276977142216e-02,1.150213232113051e-09
4.460056508685728e-02,1.149655676846265e-09
4.472836040229240e-02,1.149099885030969e-09
4.485615571772752e-02,1.148545846363852e-09
4.498395103316265e-02,1.147993550698264e-09
4.511174634859777e-02,1.147442987887560e-09
4.523954166403289e-02,1.146894147785090e-09
4.536733697946801e-02,1.146347020244205e-09
4.549513229490313e-02,1.145801595118260e-09
4.562292761033825e-02,1.145257862260604e-09
4.575072292577338e-02,1.144715811524590e-09
4.587851824120850e-02,1.144175432763570e-09
4.600631355664361e-02,1.143636715970653e-09
4.613410887207874e-02,1.143099651697992e-09
4.626190418751386e-02,1.142564230637509e-09
4.638969950294898e-02,1.142030443481127e-09
4.651749481838410e-02,1.141498280920769e-09
4.664529013381922e-02,1.140967733648356e-09
4.677308544925434e-02,1.140438792355810e-09
4.690088076468946e-02,1.139911447735054e-09
4.702867608012459e-02,1.139385690478009e-09
4.715647139555971e-02,1.138861511276598e-09
4.728426671099482e-02,1.138338900946788e-09
4.741206202642995e-02,1.137817850800701e-09
4.753985734186507e-02,1.137298352274498e-09
4.766765265730019e-02,1.136780396804338e-09
4.779544797273531e-02,1.136263975826382e-09
4.792324328817044e-02,1.135749080776789e-09
4.805103860360555e-02,1.135235703091719e-09
4.817883391904067e-02,1.134723834207332e-09
4.830662923447580e-02,1.134213465559788e-09
4.843442454991092e-02,1.133704588585246e-09
4.856221986534604e-02,1.133197194834476e-09
4.869001518078116e-02,1.132691276316640e-09
4.881781049621628e-02,1.132186825155482e-09
4.894560581165140e-02,1.131683833474750e-09
4.907340112708652e-02,1.131182293398190e-09
4.920119644252165e-02,1.130682197049548e-09
4.932899175795677e-02,1.130183536552570e-09
4.945678707339188e-02,1.129686304031004e-09
4.958458238882701e-02,1.129190491608594e-09
4.971237770426213e-02,1.128696091409087e-09
4.984017301969725e-02,1.128203095636101e-09
4.996796833513237e-02,1.127711496812758e-09
5.000000000000000e-02,1.127588496539094e-09
5.009576365056749e-02,1.127221287551741e-09
5.022355896600261e-02,1.126732460550176e-09
5.035135428143774e-02,1.126245008548743e-09
5.047914959687286e-02,1.125758924288487e-09
5.060694491230798e-02,1.125274200510450e-09
5.073474022774310e-02,1.124790829955678e-09
5.086253554317822e-02,1.124308805365212e-09
5.099033085861334e-02,1.123828119480099e-09
5.111812617404846e-02,1.123348765126621e-09
5.124592148948359e-02,1.122870735472024e-09
5.137371680491870e-02,1.122394023768792e-09
5.150151212035382e-02,1.121918623269406e-09
5.162930743578895e-02,1.121444527226351e-09
5.175710275122407e-02,1.120971728892108e-09
5.188489806665919e-02,1.120500221519160e-09
5.201269338209431e-02,1.120029998359991e-09
5.214048869752943e-02,1.119561052667083e-09
5.226828401296455e-02,1.119093377692920e-09
5.239607932839967e-02,1.118626966773319e-09
5.252387464383480e-02,1.118161813577406e-09
5.265166995926992e-02,1.117697911857630e-09
5.277946527470503e-02,1.117235255366435e-09
5.290726059014016e-02,1.116773837856269e-09
5.303505590557528e-02,1.116313653079578e-09
5.316285122101040e-02,1.115854694788807e-09
5.329064653644552e-02,1.115396956736404e-09
5.341844185188065e-02,1.114940432674815e-09
5.354623716731576e-02,1.114485116356486e-09
5.367403248275088e-02,1.114031001607649e-09
5.380182779818601e-02,1.113578082549695e-09
5.392962311362113e-02,1.113126353377809e-09
5.405741842905625e-02,1.112675808287176e-09
5.418521374449137e-02,1.112226441472984e-09
5.431300905992649e-02,1.111778247130418e-09
5.444080437536161e-02,1.111331219454663e-09
5.456859969079673e-02,1.110885352640905e-09
5.469639500623186e-02,1.110440640884330e-09
5.482419032166697e-02,1.109997078380123e-09
5.495198563710210e-02,1.109554659390876e-09
5.507978095253722e-02,1.109113378448793e-09
5.520757626797234e-02,1.108673230153483e-09
5.533537158340746e-02,1.108234209104556e-09
5.546316689884258e-02,1.107796309901620e-09
5.559096221427770e-02,1.107359527144285e-09
5.571875752971282e-02,1.106923855432158e-09
5.584655284514795e-02,1.106489289364851e-09
5.597434816058307e-02,1.106055823541970e-09
5.610214347601819e-02,1.105623452563125e-09
5.622993879145331e-02,1.105192171089152e-09
5.635773410688843e-02,1.104761974025766e-09
5.648552942232355e-02,1.104332856339901e-09
5.661332473775867e-02,1.103904812998489e-09
5.674112005319380e-02,1.103477838968463e-09
5.686891536862891e-02,1.103051929216755e-09
5.699671068406403e-02,1.102627078710299e-09
5.712450599949916e-02,1.102203282416026e-09
5.725230131493428e-02,1.101780535300870e-09
5.738009663036940e-02,1.101358832331763e-09
5.750789194580452e-02,1.100938168531525e-09
5.763568726123964e-02,1.100518539146548e-09
5.776348257667476e-02,1.100099939479119e-09
5.789127789210988e-02,1.099682364831526e-09
5.801907320754501e-02,1.099265810506055e-09
5.814686852298013e-02,1.098850271804995e-09
5.827466383841524e-02,1.098435744030633e-09
5.840245915385037e-02,1.098022222485257e-09
5.853025446928549e-02,1.097609702471154e-09
5.865804978472061e-02,1.097198179290611e-09
5.878584510015573e-02,1.096787648297017e-09
5.891364041559085e-02,1.096378105048164e-09
5.904143573102597e-02,1.095969545152942e-09
5.916923104646109e-02,1.095561964220245e-09
5.929702636189622e-02,1.095155357858964e-09
5.942482167733134e-02,1.094749721677993e-09
5.955261699276646e-02,1.094345051286223e-09
5.968041230820158e-02,1.093941342292547e-09
5.980820762363670e-02,1.093538590305856e-09
5.993600293907182e-02,1.093136790935045e-09
6.006379825450694e-02,1.092735939835815e-09
6.019159356994207e-02,1.092336032851107e-09
6.031938888537718e-02,1.091937065870666e-09
6.044718420081231e-02,1.091539034784236e-09
6.057497951624743e-02,1.091141935481562e-09
6.070277483168255e-02,1.090745763852389e-09
6.083057014711767e-02,1.090350515786461e-09
6.095836546255279e-02,1.089956187173524e-09
6.108616077798791e-02,1.089562773903323e-09
6.121395609342303e-02,1.089170271865601e-09
6.134175140885816e-02,1.088778676993024e-09
6.146954672429328e-02,1.088387985389956e-09
6.159734203972840e-02,1.087998193203689e-09
6.172513735516352e-02,1.087609296581514e-09
6.185293267059864e-02,1.087221291670724e-09
6.198072798603376e-02,1.086834174618610e-09
6.210852330146888e-02,1.086447941572464e-09
6.223631861690401e-02,1.086062588679578e-09
6.236411393233912e-02,1.085678112087243e-09
6.249190924777424e-02,1.085294507942753e-09
6.261970456320937e-02,1.084911772432812e-09
6.274749987864449e-02,1.084529901901787e-09
6.287529519407961e-02,1.084148892733457e-09
6.300309050951473e-02,1.083768741311605e-09
6.313088582494986e-02,1.083389444020011e-09
6.325868114038498e-02,1.083010997242457e-09
6.338647645582010e-02,1.082633397362722e-09
6.351427177125522e-02,1.082256640764589e-09
6.364206708669033e-02,1.081880723831838e-09
6.376986240212545e-02,1.081505642948250e-09
6.389765771756058e-02,1.081131394533861e-09
6.402545303299570e-02,1.080757975153711e-09
6.415324834843082e-02,1.080385381409095e-09
6.428104366386594e-02,1.080013609901302e-09
6.440883897930107e-02,1.079642657231627e-09
6.453663429473619e-02,1.079272520001360e-09
6.466442961017131e-02,1.078903194811794e-09
6.479222492560642e-02,1.078534678264221e-09
6.492002024104154e-02,1.078166966959933e-09
6.504781555647667e-02,1.077800057500222e-09
6.517561087191179e-02,1.077433946519776e-09
6.530340618734691e-02,1.077068630786875e-09
6.543120150278203e-02,1.076704107103202e-09
6.555899681821716e-02,1.076340372270443e-09
6.568679213365228e-02,1.075977423090279e-09
6.581458744908740e-02,1.075615256364394e-09
6.594238276452252e-02,1.075253868894472e-09
6.607017807995763e-02,1.074893257482196e-09
6.619797339539275e-02,1.074533418929249e-09
6.632576871082788e-02,1.074174350037315e-09
6.645356402626300e-02,1.073816047638978e-09
6.658135934169812e-02,1.073458508690433e-09
6.670915465713324e-02,1.073101730178775e-09
6.683694997256837e-02,1.072745709091103e-09
6.696474528800349e-02,1.072390442414512e-09
6.709254060343861e-02,1.072035927136100e-09
6.722033591887373e-02,1.071682160242963e-09
6.734813123430886e-02,1.071329138722199e-09
6.747592654974396e-02,1.070976859560904e-09
6.760372186517909e-02,1.070625319746175e-09
6.773151718061421e-02,1.070274516293521e-09
6.785931249604933e-02,1.069924446332088e-09
6.798710781148445e-02,1.069575107019434e-09
6.811490312691958e-02,1.069226495513114e-09
6.824269844235470e-02,1.068878608970686e-09
6.837049375778982e-02,1.068531444549705e-09
6.849828907322494e-02,1.068184999407727e-09
6.862608438866007e-02,1.067839270702310e-09
6.875387970409517e-02,1.067494255591009e-09
6.888167501953030e-02,1.067149951231381e-09
6.900947033496542e-02,1.066806354808031e-09
6.913726565040054e-02,1.066463463613774e-09
6.926506096583566e-02,1.066121274968478e-09
6.939285628127079e-02,1.065779786192013e-09
6.952065159670591e-02,1.065438994604249e-09
6.964844691214103e-02,1.065098897525054e-09
6.977624222757615e-02,1.064759492274299e-09
6.990403754301128e-02,1.064420776171852e-09
7.003183285844640e-02,1.064082746537584e-09
7.015962817388151e-02,1.063745400691362e-09
7.028742348931663e-02,1.063408735975630e-09
7.041521880475175e-02,1.063072749823122e-09
7.054301412018688e-02,1.062737439689147e-09
7.067080943562200e-02,1.062402803029015e-09
7.079860475105712e-02,1.062068837298036e-09
7.092640006649224e-02,1.061735539951519e-09
7.105419538192737e-02,1.061402908444773e-09
7.118199069736249e-02,1.061070940233107e-09
7.130978601279761e-02,1.060739632771832e-09
7.152277820518949e-02,1.060188915092401e-09
7.173577039758135e-02,1.059640014130020e-09
7.194876258997322e-02,1.059092918848031e-09
7.216175478236508e-02,1.058547618358643e-09
7.237474697475696e-02,1.058004101774066e-09
7.258773916714882e-02,1.057462358206508e-09
7.280073135954070e-02,1.056922376768179e-09
7.301372355193256e-02,1.056384146571288e-09
7.322671574432443e-02,1.055847656728044e-09
7.343970793671629e-02,1.055312896350657e-09
7.365270012910817e-02,1.054779854551336e-09
7.386569232150003e-02,1.054248520602880e-09
7.407868451389191e-02,1.053718884420452e-09
7.429167670628377e-02,1.053190936079801e-09
7.450466889867564e-02,1.052664665656679e-09
7.471766109106751e-02,1.052140063226836e-09
7.493065328345938e-02,1.051617118866025e-09
7.514364547585124e-02,1.051095822649996e-09
7.535663766824312e-02,1.050576164654500e-09
7.556962986063498e-02,1.050058134955288e-09
7.578262205302685e-02,1.049541723628111e-09
7.599561424541872e-02,1.049026920885136e-09
7.620860643781059e-02,1.048513717484182e-09
7.642159863020245e-02,1.048002104319473e-09
7.663459082259433e-02,1.047492072285236e-09
7.684758301498619e-02,1.046983612275697e-09
7.706057520737807e-02,1.046476715185081e-09
7.727356739976993e-02,1.045971371907614e-09
7.748655959216180e-02,1.045467573337523e-09
7.769955178455366e-02,1.044965310369033e-09
7.791254397694554e-02,1.044464573896369e-09
7.812553616933740e-02,1.043965354937462e-09
7.833852836172928e-02,1.043467645005029e-09
7.855152055412114e-02,1.042971435735475e-09
7.876451274651301e-02,1.042476718765209e-09
7.897750493890487e-02,1.041983485730637e-09
7.919049713129675e-02,1.041491728268165e-09
7.940348932368861e-02,1.041001438014201e-09
7.961648151608049e-02,1.040512606605151e-09
7.982947370847235e-02,1.040025225677422e-09
8.004246590086422e-02,1.039539286867421e-09
8.025545809325609e-02,1.039054781921908e-09
8.046845028564796e-02,1.038571703029083e-09
8.068144247803982e-02,1.038090042487514e-09
8.089443467043170e-02,1.037609792595766e-09
8.110742686282357e-02,1.037130945652407e-09
8.132041905521543e-02,1.036653493956003e-09
8.153341124760730e-02,1.036177429805121e-09
8.174640343999917e-02,1.035702745498326e-09
8.195939563239105e-02,1.035229433334187e-09
8.217238782478291e-02,1.034757485611269e-09
8.238538001717477e-02,1.034286894727228e-09
8.259837220956665e-02,1.033817653476082e-09
8.281136440195852e-02,1.033349754750947e-09
8.302435659435038e-02,1.032883191444936e-09
8.323734878674224e-02,1.032417956451164e-09
8.345034097913412e-02,1.031954042662744e-09
8.366333317152599e-02,1.031491442972790e-09
8.387632536391786e-02,1.031030150274417e-09
8.408931755630973e-02,1.030570157460739e-09
8.430230974870159e-02,1.030111457424870e-09
8.451530194109347e-02,1.029654043149012e-09
8.472829413348533e-02,1.029197907971730e-09
8.494128632587720e-02,1.028743045320677e-09
8.515427851826907e-02,1.028289448623504e-09
8.536727071066094e-02,1.027837111307866e-09
8.558026290305280e-02,1.027386026801415e-09
8.579325509544468e-02,1.026936188531805e-09
8.600624728783654e-02,1.026487589926688e-09
8.621923948022842e-02,1.026040224413718e-09
8.643223167262028e-02,1.025594085420547e-09
8.664522386501215e-02,1.025149166455349e-09
8.685821605740401e-02,1.024705461348372e-09
8.707120824979589e-02,1.024262964010380e-09
8.728420044218775e-02,1.023821668352137e-09
8.749719263457963e-02,1.023381568284409e-09
8.771018482697149e-02,1.022942657717959e-09
8.792317701936336e-02,1.022504930563551e-09
8.813616921175522e-02,1.022068380731951e-09
8.834916140414710e-02,1.021633002133922e-09
8.856215359653896e-02,1.021198788680229e-09
8.877514578893084e-02,1.020765734354630e-09
8.898813798132270e-02,1.020333833432839e-09
8.920113017371457e-02,1.019903080263558e-09
8.941412236610644e-02,1.019473469195488e-09
8.962711455849831e-02,1.019044994577329e-09
8.984010675089017e-02,1.018617650757783e-09
9.005309894328205e-02,1.018191432085551e-09
9.026609113567391e-02,1.017766332909335e-09
9.047908332806578e-02,1.017342347577833e-09
9.069207552045766e-02,1.016919470439749e-09
9.090506771284952e-02,1.016497695909970e-09
9.111805990524138e-02,1.016077018668152e-09
9.133105209763326e-02,1.015657433460146e-09
9.154404429002513e-02,1.015238935031804e-09
9.175703648241700e-02,1.014821518128978e-09
9.197002867480886e-02,1.014405177497518e-09
9.218302086720073e-02,1.013989907883276e-09
9.239601305959261e-02,1.013575704032103e-09
9.260900525198447e-02,1.013162560689851e-09
9.282199744437633e-02,1.012750472602371e-09
9.303498963676821e-02,1.012339434575586e-09
9.324798182916008e-02,1.011929441655705e-09
9.346097402155194e-02,1.011520488949015e-09
9.367396621394380e-02,1.011112571561801e-09
9.388695840633568e-02,1.010705684600349e-09
9.409995059872756e-02,1.010299823170945e-09
9.431294279111942e-02,1.009894982379874e-09
9.452593498351128e-02,1.009491157333422e-09
9.473892717590315e-02,1.009088343137875e-09
9.495191936829503e-02,1.008686534899519e-09
9.516491156068689e-02,1.008285727779363e-09
9.537790375307875e-02,1.007885917157321e-09
9.559089594547063e-02,1.007487098468032e-09
9.580388813786250e-02,1.007089267146134e-09
9.601688033025436e-02,1.006692418626266e-09
9.622987252264624e-02,1.006296548343067e-09
9.644286471503810e-02,1.005901651731175e-09
9.665585690742998e-02,1.005507724225230e-09
9.686884909982184e-02,1.005114761259870e-09
9.708184129221371e-02,1.004722758269734e-09
9.729483348460558e-02,1.004331710739521e-09
9.750782567699745e-02,1.003941614354169e-09
9.772081786938931e-02,1.003552464848676e-09
9.793381006178119e-02,1.003164257958038e-09
9.814680225417305e-02,1.002776989417253e-09
9.835979444656492e-02,1.002390654961318e-09
9.857278663895679e-02,1.002005250325229e-09
9.878577883134866e-02,1.001620771243984e-09
9.899877102374052e-02,1.001237213452580e-09
9.921176321613240e-02,1.000854572686014e-09
9.942475540852426e-02,1.000472844725129e-09
9.963774760091614e-02,1.000092025534148e-09
9.985073979330800e-02,9.997121111231373e-10
1.000637319857000e-01,9.993330975021605e-10
1.002767241780920e-01,9.989549806812837e-10
1.004897163704840e-01,9.985777566705718e-10
1.007027085628750e-01,9.982014214800921e-10
1.009157007552670e-01,9.978259711199059e-10
1.011286929476590e-01,9.974514016000803e-10
1.013416851400510e-01,9.970777089306806e-10
1.015546773324430e-01,9.967048891637208e-10
1.017676695248350e-01,9.963329385190442e-10
1.019806617172270e-01,9.959618532584614e-10
1.021936539096190e-01,9.955916296437822e-10
1.024066461020100e-01,9.952222639368184e-10
1.026196382944020e-01,9.948537523993764e-10
1.028326304867940e-01,9.944860912932685e-10
1.030456226791860e-01,9.941192768803042e-10
1.032586148715780e-01,9.937533054222941e-10
1.034716070639700e-01,9.933881731810475e-10
1.036845992563620e-01,9.930238764568464e-10
1.038975914487540e-01,9.926604117038412e-10
1.041105836411450e-01,9.922977754146484e-10
1.043235758335370e-01,9.919359640818788e-10
1.045365680259290e-01,9.915749741981490e-10
1.047495602183210e-01,9.912148022560729e-10
1.049625524107130e-01,9.908554447482655e-10
1.051755446031050e-01,9.904968981673407e-10
1.053885367954970e-01,9.901391590059136e-10
1.056015289878880e-01,9.897822237565998e-10
1.058145211802800e-01,9.894260889474467e-10
1.060275133726720e-01,9.890707512481922e-10
1.062405055650640e-01,9.887162073639796e-10
1.064534977574560e-01,9.883624539999525e-10
1.066664899498480e-01,9.880094878612536e-10
1.068794821422400e-01,9.876573056530270e-10
1.070924743346320e-01,9.873059040804155e-10
1.073054665270230e-01,9.869552798485643e-10
1.075184587194150e-01,9.866054296626136e-10
1.077314509118070e-01,9.862563502277081e-10
1.079444431041990e-01,9.859080382816724e-10
1.081574352965910e-01,9.855604906931473e-10
1.083704274889830e-01,9.852137043634996e-10
1.085834196813750e-01,9.848676761940960e-10
1.087964118737660e-01,9.845224030863053e-10
1.090094040661580e-01,9.841778819414914e-10
1.092223962585500e-01,9.838341096610222e-10
1.094353884509420e-01,9.834910831462654e-10
1.096483806433340e-01,9.831487992985877e-10
1.098613728357260e-01,9.828072550193559e-10
1.100743650281180e-01,9.824664472400971e-10
1.102873572205100e-01,9.821263730130260e-10
1.105003494129010e-01,9.817870294205411e-10
1.107133416052930e-01,9.814484135450369e-10
1.109263337976850e-01,9.811105224689122e-10
1.111393259900770e-01,9.807733532745650e-10
1.113523181824690e-01,9.804369030443924e-10
1.115653103748610e-01,9.801011688607918e-10
1.117783025672530e-01,9.797661478061609e-10
1.119912947596450e-01,9.794318369628969e-10
1.122042869520360e-01,9.790982334412246e-10
1.124172791444280e-01,9.787653344626752e-10
1.126302713368200e-01,9.784331372766137e-10
1.128432635292120e-01,9.781016391324040e-10
1.130562557216040e-01,9.777708372794098e-10
1.132692479139960e-01,9.774407289669952e-10
1.134822401063880e-01,9.771113114445239e-10
1.136952322987790e-01,9.767825819613610e-10
1.139082244911710e-01,9.764545377668672e-10
1.141212166835630e-01,9.761271761104082e-10
1.143342088759550e-01,9.758004942670987e-10
1.145472010683470e-01,9.754744896150331e-10
1.147601932607390e-01,9.751491595580449e-10
1.149731854531310e-01,9.748245014999677e-10
1.151861776455230e-01,9.745005128446351e-10
1.153991698379140e-01,9.741771909958818e-10
1.156121620303060e-01,9.738545333575383e-10
1.158251542226980e-01,9.735325373334398e-10
1.160381464150900e-01,9.732112003274196e-10
1.162511386074820e-01,9.728905197433112e-10
1.164641307998740e-01,9.725704930088775e-10
1.166771229922660e-01,9.722511176475468e-10
1.168901151846570e-01,9.719323912066523e-10
1.171031073770490e-01,9.716143112335224e-10
1.173160995694410e-01,9.712968752754902e-10
1.175290917618330e-01,9.709800808798880e-10
1.177420839542250e-01,9.706639255940466e-10
1.179550761466170e-01,9.703484069652983e-10
1.181680683390090e-01,9.700335225409743e-10
1.183810605314010e-01,9.697192698684064e-10
1.185940527237920e-01,9.694056465171446e-10
1.188070449161840e-01,9.690926501456502e-10
1.190200371085760e-01,9.687802784346306e-10
1.192330293009680e-01,9.684685290647922e-10
1.194460214933600e-01,9.681573997168409e-10
1.196590136857520e-01,9.678468880714823e-10
1.198720058781440e-01,9.675369918094226e-10
1.200849980705360e-01,9.672277086113682e-10
1.202979902629270e-01,9.669190361580257e-10
1.205109824553190e-01,9.666109721300989e-10
1.207239746477110e-01,9.663035142289174e-10
1.209369668401030e-01,9.659966602383213e-10
1.211499590324950e-01,9.656904079627832e-10
1.213629512248870e-01,9.653847552067759e-10
1.215759434172790e-01,9.650796997747718e-10
1.217889356096700e-01,9.647752394712454e-10
1.220019278020620e-01,9.644713721006661e-10
1.222149199944540e-01,9.641680954675083e-10
1.224279121868460e-01,9.638654073762444e-10
1.226409043792380e-01,9.635633056313477e-10
1.228538965716300e-01,9.632617880564522e-10
1.230668887640220e-01,9.629608525518369e-10
1.232798809564140e-01,9.626604970369392e-10
1.234928731488050e-01,9.623607194311990e-10
1.237058653411970e-01,9.620615176540515e-10
1.239188575335890e-01,9.617628896249359e-10
1.241318497259810e-01,9.614648332632907e-10
1.243448419183730e-01,9.611673464885535e-10
1.245578341107650e-01,9.608704272201624e-10
1.247708263031570e-01,9.605740733775557e-10
1.249838184955480e-01,9.602782828980503e-10
1.251968106879400e-01,9.599830537904426e-10
1.254098028803320e-01,9.596883840813971e-10
1.256227950727240e-01,9.593942717975773e-10
1.258357872651160e-01,9.591007149656473e-10
1.260487794575080e-01,9.588077116122696e-10
1.262617716499000e-01,9.585152597641082e-10
1.264747638422920e-01,9.582233574478266e-10
1.266877560346830e-01,9.579320026900890e-10
1.269007482270750e-01,9.576411935175567e-10
1.271137404194670e-01,9.573509279736193e-10
1.273267326118590e-01,9.570612041685194e-10
1.275397248042510e-01,9.567720202292017e-10
1.277527169966430e-01,9.564833742826115e-10
1.279657091890350e-01,9.561952644556932e-10
1.281787013814270e-01,9.559076888753922e-10
1.283916935738180e-01,9.556206456686543e-10
1.286046857662100e-01,9.553341329624219e-10
1.288176779586020e-01,9.550481488836411e-10
1.290306701509940e-01,9.547626915592571e-10
1.292436623433860e-01,9.544777591318176e-10
1.294566545357780e-01,9.541933498063097e-10
1.296696467281700e-01,9.539094618033370e-10
1.298826389205610e-01,9.536260933435036e-10
1.300956311129530e-01,9.533432426474107e-10
1.303086233053450e-01,9.530609079356626e-10
1.305216154977370e-01,9.527790874288627e-10
1.307346076901290e-01,9.524977793476144e-10
1.309475998825210e-01,9.522169819125208e-10
1.311605920749130e-01,9.519366933441856e-10
1.313735842673050e-01,9.516569118777683e-10
1.315865764596960e-01,9.513776358066638e-10
1.317995686520880e-01,9.510988634388231e-10
1.320125608444800e-01,9.508205930822003e-10
1.322255530368720e-01,9.505428230447491e-10
1.324385452292640e-01,9.502655516344225e-10
1.326515374216560e-01,9.499887771591742e-10
1.328645296140480e-01,9.497124979269572e-10
1.330775218064400e-01,9.494367122457251e-10
1.332905139988310e-01,9.491614184234322e-10
1.335035061912230e-01,9.488866147816507e-10
1.337164983836150e-01,9.486122996964309e-10
1.339294905760070e-01,9.483384715574374e-10
1.341424827683990e-01,9.480651287543351e-10
1.343554749607910e-01,9.477922696767892e-10
1.345684671531830e-01,9.475198927144639e-10
1.347814593455740e-01,9.472479962570255e-10
1.349944515379660e-01,9.469765786941366e-10
1.352074437303580e-01,9.467056384154631e-10
1.354204359227500e-01,9.464351738106698e-10
1.356334281151420e-01,9.461651832822108e-10
1.358464203075340e-01,9.458956652836725e-10
1.360594124999260e-01,9.456266182814169e-10
1.362724046923180e-01,9.453580407418068e-10
1.364853968847090e-01,9.450899311312061e-10
1.366983890771010e-01,9.448222879159742e-10
1.369113812694930e-01,9.445551095624752e-10
1.371243734618850e-01,9.442883945370717e-10
1.373373656542770e-01,9.440221413061259e-10
1.375503578466690e-01,9.437563483360004e-10
1.377633500390610e-01,9.434910141050903e-10
1.379763422314520e-01,9.432261371399513e-10
1.381893344238440e-01,9.429617159791820e-10
1.384023266162360e-01,9.426977491613852e-10
1.386153188086280e-01,9.424342352251618e-10
1.388283110010200e-01,9.421711727091136e-10
1.390413031934120e-01,9.419085601518417e-10
1.392542953858040e-01,9.416463960919472e-10
1.394672875781960e-01,9.413846790680314e-10
1.396802797705870e-01,9.411234076186972e-10
1.398932719629790e-01,9.408625802937181e-10
1.401062641553710e-01,9.406021956875837e-10
1.403192563477630e-01,9.403422524059640e-10
1.405322485401550e-01,9.400827490545284e-10
1.407452407325470e-01,9.398236842389470e-10
1.409582329249390e-01,9.395650565648897e-10
1.411712251173300e-01,9.393068646380273e-10
1.413842173097220e-01,9.390491070640268e-10
1.415972095021140e-01,9.387917824485598e-10
1.418102016945060e-01,9.385348893972955e-10
1.420231938868980e-01,9.382784265267834e-10
1.422361860792900e-01,9.380223924970880e-10
1.424491782716820e-01,9.377667859791531e-10
1.426621704640740e-01,9.375116056439225e-10
1.428751626564650e-01,9.372568501623410e-10
1.430881548488570e-01,9.370025182053496e-10
1.433011470412490e-01,9.367486084438933e-10
1.435141392336410e-01,9.364951195489159e-10
1.437271314260330e-01,9.362420501913607e-10
1.439401236184250e-01,9.359893990421716e-10
1.441531158108170e-01,9.357371647810482e-10
1.443661080032090e-01,9.354853461227046e-10
1.445791001956000e-01,9.352339417906056e-10
1.447920923879920e-01,9.349829505082127e-10
1.450050845803840e-01,9.347323709989911e-10
1.452180767727760e-01,9.344822019864049e-10
1.454310689651680e-01,9.342324421939182e-10
1.456440611575600e-01,9.339830903449945e-10
1.458570533499520e-01,9.337341451630983e-10
1.460700455423430e-01,9.334856053716945e-10
1.462830377347350e-01,9.332374697080794e-10
1.464960299271270e-01,9.329897369648547e-10
1.467090221195190e-01,9.327424059484386e-10
1.469220143119110e-01,9.324954754652486e-10
1.471350065043030e-01,9.322489443217023e-10
1.473479986966950e-01,9.320028113242177e-10
1.475609908890870e-01,9.317570752792123e-10
1.477739830814780e-01,9.315117349931050e-10
1.479869752738700e-01,9.312667892723115e-10
1.481999674662620e-01,9.310222369232504e-10
1.484129596586540e-01,9.307780767446273e-10
1.486259518510460e-01,9.305343075042851e-10
1.488389440434380e-01,9.302909279623476e-10
1.490519362358300e-01,9.300479368789384e-10
1.492649284282220e-01,9.298053330141813e-10
1.494779206206130e-01,9.295631151282010e-10
1.496909128130050e-01,9.293212819811190e-10
1.499039050053970e-01,9.290798323330602e-10
1.501168971977890e-01,9.288387649441481e-10
1.503298893901810e-01,9.285980785745065e-10
1.505428815825730e-01,9.283577720543868e-10
1.507558737749650e-01,9.281178444945922e-10
1.509688659673560e-01,9.278782950760757e-10
1.511818581597480e-01,9.276391229797870e-10
1.513948503521400e-01,9.274003273866788e-10
1.516078425445320e-01,9.271619074777034e-10
1.518208347369240e-01,9.269238624338126e-10
1.520338269293160e-01,9.266861914359581e-10
1.522468191217080e-01,9.264488936650918e-10
1.524598113141000e-01,9.262119683021655e-10
1.526728035064910e-01,9.259754143052374e-10
1.528857956988830e-01,9.257392297409231e-10
1.530987878912750e-01,9.255034124530180e-10
1.533117800836670e-01,9.252679602853162e-10
1.535247722760590e-01,9.250328710816115e-10
1.537377644684510e-01,9.247981426856982e-10
1.539507566608430e-01,9.245637729413705e-10
1.541637488532340e-01,9.243297596924235e-10
1.543767410456260e-01,9.240961007826488e-10
1.545897332380180e-01,9.238627940558419e-10
1.548027254304100e-01,9.236298382245934e-10
1.550157176228020e-01,9.233972354750540e-10
1.552287098151940e-01,9.231649888613582e-10
1.554417020075860e-01,9.229331014376400e-10
1.556546941999780e-01,9.227015762580336e-10
1.558676863923690e-01,9.224704163766746e-10
1.560806785847610e-01,9.222396248476948e-10
1.562936707771530e-01,9.220092047252298e-10
1.565066629695450e-01,9.217791590634138e-10
1.567196551619370e-01,9.215494909163811e-10
1.569326473543290e-01,9.213202001340501e-10
1.571456395467210e-01,9.210912737413801e-10
1.573586317391130e-01,9.208626955550649e-10
1.575716239315040e-01,9.206344493917990e-10
1.577846161238960e-01,9.204065190682744e-10
1.579976083162880e-01,9.201788884011856e-10
1.582106005086800e-01,9.199515412072264e-10
1.584235927010720e-01,9.197244613030904e-10
1.586365848934640e-01,9.194976325054715e-10
1.588495770858560e-01,9.192710386310633e-10
1.590625692782470e-01,9.190446754915955e-10
1.592755614706390e-01,9.188185868944211e-10
1.594885536630310e-01,9.185928286496767e-10
1.597015458554230e-01,9.183674565674977e-10
1.599145380478150e-01,9.181425264580194e-10
1.601275302402070e-01,9.179180941313772e-10
1.603405224325990e-01,9.176942153977065e-10
1.605535146249910e-01,9.174709460671426e-10
1.607665068173820e-01,9.172483419498221e-10
1.609794990097740e-01,9.170264588558780e-10
1.611924912021660e-01,9.168053078465670e-10
1.614054833945580e-01,9.165847209851279e-10
1.616184755869500e-01,9.163644855846720e-10
1.618314677793420e-01,9.161443889583099e-10
1.620444599717340e-01,9.159242184191523e-10
1.622574521641260e-01,9.157037612803105e-10
1.624704443565170e-01,9.154828048548962e-10
1.626834365489090e-01,9.152611364560183e-10
1.628964287413010e-01,9.150385433967884e-10
1.631094209336930e-01,9.148148129903178e-10
1.633224131260850e-01,9.145898996358525e-10
1.635354053184770e-01,9.143644258801466e-10
1.637483975108690e-01,9.141391812575875e-10
1.639613897032600e-01,9.139149553025636e-10
1.641743818956520e-01,9.136925375494600e-10
1.643873740880440e-01,9.134727175326653e-10
1.646003662804360e-01,9.132562847865666e-10
1.648133584728280e-01,9.130440288455514e-10
1.650263506652200e-01,9.128367392440070e-10
1.652393428576120e-01,9.126352055163207e-10
1.654523350500040e-01,9.124395934898331e-10
1.656653272423950e-01,9.122475756692482e-10
1.658783194347870e-01,9.120562016047687e-10
1.660913116271790e-01,9.118625208465999e-10
1.663043038195710e-01,9.116635829449456e-10
1.665172960119630e-01,9.114564374500106e-10
1.667302882043550e-01,9.112381339119987e-10
1.669432803967470e-01,9.110057218811145e-10
1.671562725891380e-01,9.107562509075633e-10
1.673692647815300e-01,9.104867705415472e-10
1.675822569739220e-01,9.101966555831639e-10
1.677952491663140e-01,9.098945864470128e-10
1.680082413587060e-01,9.095915711056246e-10
1.682212335510980e-01,9.092986175315301e-10
1.684342257434900e-01,9.090267336972602e-10
1.686472179358820e-01,9.087869275753453e-10
1.688602101282730e-01,9.085902071383174e-10
1.690732023206650e-01,9.084475803587050e-10
1.692861945130570e-01,9.083700552090400e-10
1.694991867054490e-01,9.083686396618531e-10
1.697121788978410e-01,9.084496185338358e-10
1.699251710902330e-01,9.086003804802697e-10
1.701381632826250e-01,9.088035892314054e-10
1.703511554750170e-01,9.090419085174938e-10
1.705641476674080e-01,9.092980020687845e-10
1.707771398598000e-01,9.095545336155307e-10
1.709901320521920e-01,9.097941668879818e-10
1.712031242445840e-01,9.099995656163888e-10
1.714161164369760e-01,9.101533935310023e-10
1.716291086293680e-01,9.102383143620731e-10
1.718421008217600e-01,9.102417102243360e-10
1.720550930141510e-01,9.101698344766194e-10
1.722680852065430e-01,9.100336577153837e-10
1.724810773989350e-01,9.098441505370896e-10
1.726940695913270e-01,9.096122835381984e-10
1.729070617837190e-01,9.093490273151707e-10
1.731200539761110e-01,9.090653524644672e-10
1.733330461685030e-01,9.087722295825489e-10
1.735460383608950e-01,9.084806292658767e-10
1.737590305532860e-01,9.082015221109126e-10
1.739720227456780e-01,9.079435592345316e-10
1.741850149380700e-01,9.077061178271145e-10
1.743980071304620e-01,9.074862575949459e-10
1.746109993228540e-01,9.072810382443103e-10
1.748239915152460e-01,9.070875194814921e-10
1.750369837076380e-01,9.069027610127761e-10
1.752499759000290e-01,9.067238225444474e-10
1.754629680924210e-01,9.065477637827888e-10
1.756759602848130e-01,9.063716444340858e-10
1.758889524772050e-01,9.061925242046229e-10
1.761019446695970e-01,9.060080836056877e-10
1.763149368619890e-01,9.058184880313044e-10
1.765279290543810e-01,9.056245245121408e-10
1.767409212467730e-01,9.054269800788641e-10
1.769539134391640e-01,9.052266417621431e-10
1.771669056315560e-01,9.050242965926433e-10
1.773798978239480e-01,9.048207316010334e-10
1.775928900163400e-01,9.046167338179809e-10
1.778058822087320e-01,9.044130902741534e-10
1.780188744011240e-01,9.042105880002185e-10
1.782318665935160e-01,9.040098476281489e-10
1.784448587859070e-01,9.038108239551089e-10
1.786578509782990e-01,9.036133052595286e-10
1.788708431706910e-01,9.034170798198403e-10
1.790838353630830e-01,9.032219359144757e-10
1.792968275554750e-01,9.030276618218665e-10
1.795098197478670e-01,9.028340458204444e-10
1.797228119402590e-01,9.026408761886411e-10
1.799358041326510e-01,9.024479412048881e-10
1.801487963250420e-01,9.022550291476180e-10
1.803617885174340e-01,9.020619729004747e-10
1.805747807098260e-01,9.018687837771951e-10
1.807877729022180e-01,9.016755177013475e-10
1.810007650946100e-01,9.014822305965001e-10
1.812137572870020e-01,9.012889783862208e-10
1.814267494793940e-01,9.010958169940779e-10
1.816397416717860e-01,9.009028023436394e-10
1.818527338641770e-01,9.007099903584742e-10
1.820657260565690e-01,9.005174369621487e-10
1.822787182489610e-01,9.003251980782319e-10
1.824917104413530e-01,9.001333176795015e-10
1.827047026337450e-01,8.999417919478587e-10
1.829176948261370e-01,8.997506051205561e-10
1.831306870185290e-01,8.995597414348467e-10
1.833436792109200e-01,8.993691851279841e-10
1.835566714033120e-01,8.991789204372194e-10
1.837696635957040e-01,8.989889315998060e-10
1.839826557880960e-01,8.987992028529969e-10
1.841956479804880e-01,8.986097184340449e-10
1.844086401728800e-01,8.984204625802026e-10
1.846216323652720e-01,8.982314227364535e-10
1.848346245576640e-01,8.980425991714445e-10
1.850476167500550e-01,8.978539953579269e-10
1.852606089424470e-01,8.976656147686480e-10
1.854736011348390e-01,8.974774608763589e-10
1.856865933272310e-01,8.972895371538091e-10
1.858995855196230e-01,8.971018470737485e-10
1.861125777120150e-01,8.969143941089268e-10
1.863255699044070e-01,8.967271817320938e-10
1.865385620967990e-01,8.965402134159991e-10
1.867515542891900e-01,8.963534917792326e-10
1.869645464815820e-01,8.961670160219133e-10
1.871775386739740e-01,8.959807844890892e-10
1.873905308663660e-01,8.957947955258079e-10
1.876035230587580e-01,8.956090474771165e-10
1.878165152511500e-01,8.954235386880623e-10
1.880295074435420e-01,8.952382675036929e-10
1.882424996359330e-01,8.950532322690561e-10
1.884554918283250e-01,8.948684313291979e-10
1.886684840207170e-01,8.946838630291663e-10
1.888814762131090e-01,8.944995259471366e-10
1.890944684055010e-01,8.943154195940059e-10
1.893074605978930e-01,8.941315437139044e-10
1.895204527902850e-01,8.939478980509620e-10
1.897334449826770e-01,8.937644823493090e-10
1.899464371750680e-01,8.935812963530761e-10
1.901594293674600e-01,8.933983398063920e-10
1.903724215598520e-01,8.932156124533871e-10
1.905854137522440e-01,8.930331140381922e-10
1.907984059446360e-01,8.928508443049368e-10
1.910113981370280e-01,8.926688029392538e-10
1.912243903294200e-01,8.924869893928055e-10
1.914373825218110e-01,8.923054030587678e-10
1.916503747142030e-01,8.921240433303137e-10
1.918633669065950e-01,8.919429096006191e-10
1.920763590989870e-01,8.917620012628586e-10
1.922893512913790e-01,8.915813177102071e-10
1.925023434837710e-01,8.914008583358395e-10
1.927153356761630e-01,8.912206225329308e-10
1.929283278685550e-01,8.910406096946555e-10
1.931413200609460e-01,8.908608192336798e-10
1.933543122533380e-01,8.906812506405979e-10
1.935673044457300e-01,8.905019034254814e-10
1.937802966381220e-01,8.903227770984015e-10
1.939932888305140e-01,8.901438711694289e-10
1.942062810229060e-01,8.899651851486345e-10
1.944192732152980e-01,8.897867185460891e-10
1.946322654076900e-01,8.896084708718639e-10
1.948452576000810e-01,8.894304416360304e-10
1.950582497924730e-01,8.892526303486579e-10
1.952712419848650e-01,8.890750365182377e-10
1.954842341772570e-01,8.888976596469424e-10
1.956972263696490e-01,8.887204992353663e-10
1.959102185620410e-01,8.885435547841038e-10
1.961232107544330e-01,8.883668257937494e-10
1.963362029468240e-01,8.881903117648983e-10
1.965491951392160e-01,8.880140121981430e-10
1.967621873316080e-01,8.878379265940789e-10
1.969751795240000e-01,8.876620544533003e-10
1.971881717163920e-01,8.874863952764015e-10
1.974011639087840e-01,8.873109485678809e-10
1.976141561011760e-01,8.871357138478578e-10
1.978271482935680e-01,8.869606906403587e-10
1.980401404859590e-01,8.867858784694111e-10
1.982531326783510e-01,8.866112768590395e-10
1.984661248707430e-01,8.864368853332716e-10
1.986791170631350e-01,8.862627034161334e-10
1.988921092555270e-01,8.860887306316518e-10
1.991051014479190e-01,8.859149665038531e-10
1.993180936403110e-01,8.857414105567636e-10
1.995310858327020e-01,8.855680623166950e-10
1.997440780250940e-01,8.853949213190938e-10
1.999570702174860e-01,8.852219871016938e-10
2.001700624098780e-01,8.850492592022277e-10
2.003830546022700e-01,8.848767371584285e-10
2.005960467946620e-01,8.847044205080289e-10
2.008090389870540e-01,8.845323087887620e-10
2.010220311794460e-01,8.843604015383603e-10
2.012350233718370e-01,8.841886982945578e-10
2.014480155642290e-01,8.840171985950855e-10
2.016610077566210e-01,8.838459019802542e-10
2.018739999490130e-01,8.836748080006792e-10
2.020869921414050e-01,8.835039162095518e-10
2.022999843337970e-01,8.833332261600633e-10
2.025129765261890e-01,8.831627374054049e-10
2.027259687185810e-01,8.829924494987678e-10
2.029389609109720e-01,8.828223619933440e-10
2.031519531033640e-01,8.826524744423233e-10
2.033649452957560e-01,8.824827863988979e-10
2.035779374881480e-01,8.823132974162586e-10
2.037909296805400e-01,8.821440070499614e-10
2.040039218729320e-01,8.819749148650140e-10
2.042169140653240e-01,8.818060204287864e-10
2.044299062577150e-01,8.816373233086491e-10
2.046428984501070e-01,8.814688230719702e-10
2.048558906424990e-01,8.813005192861206e-10
2.050688828348910e-01,8.811324115184696e-10
2.052818750272830e-01,8.809644993363874e-10
2.054948672196750e-01,8.807967823072439e-10
2.057078594120670e-01,8.806292599984086e-10
2.059208516044590e-01,8.804619319795419e-10
2.061338437968500e-01,8.802947978294727e-10
2.063468359892420e-01,8.801278571293203e-10
2.065598281816340e-01,8.799611094602063e-10
2.067728203740260e-01,8.797945544032522e-10
2.069858125664180e-01,8.796281915395786e-10
2.071988047588100e-01,8.794620204503068e-10
2.074117969512020e-01,8.792960407165578e-10
2.076247891435940e-01,8.791302519194526e-10
2.078377813359850e-01,8.789646536401130e-10
2.080507735283770e-01,8.787992454618474e-10
2.082637657207690e-01,8.786340269767238e-10
2.084767579131610e-01,8.784689977789993e-10
2.086897501055530e-01,8.783041574629313e-10
2.089027422979450e-01,8.781395056227768e-10
2.091157344903370e-01,8.779750418527934e-10
2.093287266827280e-01,8.778107657472389e-10
2.095417188751200e-01,8.776466769003689e-10
2.097547110675120e-01,8.774827749064415e-10
2.099677032599040e-01,8.773190593597141e-10
2.101806954522960e-01,8.771555298565465e-10
2.103936876446880e-01,8.769921860017093e-10
2.106066798370800e-01,8.768290274020764e-10
2.108196720294720e-01,8.766660536645210e-10
2.110326642218630e-01,8.765032643959173e-10
2.112456564142550e-01,8.763406592031371e-10
2.114586486066470e-01,8.761782376930547e-10
2.116716407990390e-01,8.760159994725434e-10
2.118846329914310e-01,8.758539441484767e-10
2.120976251838230e-01,8.756920713277280e-10
2.123106173762150e-01,8.755303806191859e-10
2.125236095686060e-01,8.753688716397979e-10
2.127366017609980e-01,8.752075440085231e-10
2.129495939533900e-01,8.750463973443229e-10
2.131625861457820e-01,8.748854312661574e-10
2.133755783381740e-01,8.747246453929877e-10
2.135885705305660e-01,8.745640393437739e-10
2.138015627229580e-01,8.744036127374770e-10
2.140145549153500e-01,8.742433651930571e-10
2.142275471077410e-01,8.740832963294757e-10
2.144405393001330e-01,8.739234057676290e-10
2.146535314925250e-01,8.737636931361573e-10
2.148665236849170e-01,8.736041580656351e-10
2.150795158773090e-01,8.734448001866367e-10
2.152925080697010e-01,8.732856191297365e-10
2.155055002620930e-01,8.731266145255087e-10
2.157184924544850e-01,8.729677860045277e-10
2.159314846468760e-01,8.728091331973686e-10
2.161444768392680e-01,8.726506557346042e-10
2.163574690316600e-01,8.724923532468095e-10
2.165704612240520e-01,8.723342253664159e-10
2.167834534164440e-01,8.721762717332856e-10
2.169964456088360e-01,8.720184919891397e-10
2.172094378012280e-01,8.718608857756991e-10
2.174224299936190e-01,8.717034527346853e-10
2.176354221860110e-01,8.715461925078180e-10
2.178484143784030e-01,8.713891047368189e-10
2.180614065707950e-01,8.712321890634088e-10
2.182743987631870e-01,8.710754451293086e-10
2.184873909555790e-01,8.709188725762395e-10
2.187003831479710e-01,8.707624710477060e-10
2.189133753403630e-01,8.706062401943500e-10
2.191263675327540e-01,8.704501796685979e-10
2.193393597251460e-01,8.702942891228744e-10
2.195523519175380e-01,8.701385682096061e-10
2.197653441099300e-01,8.699830165812188e-10
2.199783363023220e-01,8.698276338901388e-10
2.201913284947140e-01,8.696724197887915e-10
2.204043206871060e-01,8.695173739296034e-10
2.206173128794970e-01,8.693624959650007e-10
2.208303050718890e-01,8.692077855491235e-10
2.210432972642810e-01,8.690532423429738e-10
2.212562894566730e-01,8.688988660092671e-10
2.214692816490650e-01,8.687446562107196e-10
2.216822738414570e-01,8.685906126100470e-10
2.218952660338490e-01,8.684367348699654e-10
2.221082582262410e-01,8.682830226531905e-10
2.223212504186320e-01,8.681294756224390e-10
2.225342426110240e-01,8.679760934404252e-10
2.227472348034160e-01,8.678228757698661e-10
2.229602269958080e-01,8.676698222751262e-10
2.231732191882000e-01,8.675169326271638e-10
2.233862113805920e-01,8.673642064985843e-10
2.235992035729840e-01,8.672116435619932e-10
2.238121957653760e-01,8.670592434899958e-10
2.240251879577670e-01,8.669070059551988e-10
2.242381801501590e-01,8.667549306302057e-10
2.244511723425510e-01,8.666030171876232e-10
2.246641645349430e-01,8.664512653000563e-10
2.248771567273350e-01,8.662996746401110e-10
2.250901489197270e-01,8.661482448819764e-10
2.253031411121190e-01,8.659969757061820e-10
2.255161333045100e-01,8.658458667948435e-10
2.257291254969020e-01,8.656949178300750e-10
2.259421176892940e-01,8.655441284939922e-10
2.261551098816860e-01,8.653934984687106e-10
2.263681020740780e-01,8.652430274363449e-10
2.265810942664700e-01,8.650927150790108e-10
2.267940864588620e-01,8.649425610788235e-10
2.270070786512540e-01,8.647925651178981e-10
2.272200708436450e-01,8.646427268798752e-10
2.274330630360370e-01,8.644930460544953e-10
2.276460552284290e-01,8.643435223330262e-10
2.278590474208210e-01,8.641941554067352e-10
2.280720396132130e-01,8.640449449668898e-10
2.282850318056050e-01,8.638958907047571e-10
2.284980239979970e-01,8.637469923116047e-10
2.287110161903880e-01,8.635982494787003e-10
2.289240083827800e-01,8.634496618973099e-10
2.291370005751720e-01,8.633012292587016e-10
2.293499927675640e-01,8.631529512556098e-10
2.295629849599560e-01,8.630048275866366e-10
2.297759771523480e-01,8.628568579518514e-10
2.299889693447400e-01,8.627090420513233e-10
2.302019615371320e-01,8.625613795851217e-10
2.304149537295230e-01,8.624138702533165e-10
2.306279459219150e-01,8.622665137559755e-10
2.308409381143070e-01,8.621193097931688e-10
2.310539303066990e-01,8.619722580649655e-10
2.312669224990910e-01,8.618253582714349e-10
2.314799146914830e-01,8.616786101140598e-10
2.316929068838750e-01,8.615320132999744e-10
2.319058990762670e-01,8.613855675377259e-10
2.321188912686580e-01,8.612392725358616e-10
2.323318834610500e-01,8.610931280029276e-10
2.325448756534420e-01,8.609471336474709e-10
2.327578678458340e-01,8.608012891780390e-10
2.329708600382260e-01,8.606555943031786e-10
2.331838522306180e-01,8.605100487314367e-10
2.333968444230100e-01,8.603646521713604e-10
2.336098366154010e-01,8.602194043328580e-10
2.338228288077930e-01,8.600743049312767e-10
2.340358210001850e-01,8.599293536833247e-10
2.342488131925770e-01,8.597845503057095e-10
2.344618053849690e-01,8.596398945151390e-10
2.346747975773610e-01,8.594953860283203e-10
2.348877897697530e-01,8.593510245619615e-10
2.351007819621450e-01,8.592068098327700e-10
2.353137741545360e-01,8.590627415574538e-10
2.355267663469280e-01,8.589188194527196e-10
2.357397585393200e-01,8.587750432365864e-10
2.359527507317120e-01,8.586314126323205e-10
2.361657429241040e-01,8.584879273644998e-10
2.363787351164960e-01,8.583445871577028e-10
2.365917273088880e-01,8.582013917365077e-10
2.368047195012800e-01,8.580583408254928e-10
2.370177116936710e-01,8.579154341492370e-10
2.372307038860630e-01,8.577726714323173e-10
2.374436960784550e-01,8.576300523993127e-10
2.376566882708470e-01,8.574875767748012e-10
2.378696804632390e-01,8.573452442846227e-10
2.380826726556310e-01,8.572030546596621e-10
2.382956648480230e-01,8.570610076320665e-10
2.385086570404140e-01,8.569191029339833e-10
2.387216492328060e-01,8.567773402975580e-10
2.389346414251980e-01,8.566357194549382e-10
2.391476336175900e-01,8.564942401382708e-10
2.393606258099820e-01,8.563529020797027e-10
2.395736180023740e-01,8.562117050113806e-10
2.397866101947660e-01,8.560706486654514e-10
2.399996023871580e-01,8.559297327752811e-10
2.402125945795490e-01,8.557889570791108e-10
2.404255867719410e-01,8.556483213163987e-10
2.406385789643330e-01,8.555078252266045e-10
2.408515711567250e-01,8.553674685491875e-10
2.410645633491170e-01,8.552272510236072e-10
2.412775555415090e-01,8.550871723893226e-10
2.414905477339010e-01,8.549472323857931e-10
2.417035399262920e-01,8.548074307524785e-10
2.419165321186840e-01,8.546677672288371e-10
2.421295243110760e-01,8.545282415555025e-10
2.423425165034680e-01,8.543888534778023e-10
2.425555086958600e-01,8.542496027422367e-10
2.427685008882520e-01,8.541104890953063e-10
2.429814930806440e-01,8.539715122835114e-10
2.431944852730360e-01,8.538326720533524e-10
2.434074774654270e-01,8.536939681513300e-10
2.436204696578190e-01,8.535554003239438e-10
2.438334618502110e-01,8.534169683176944e-10
2.440464540426030e-01,8.532786718790826e-10
2.442594462349950e-01,8.531405107557403e-10
2.444724384273870e-01,8.530024846998313e-10
2.446854306197790e-01,8.528645934646522e-10
2.448984228121710e-01,8.527268368034997e-10
2.451114150045620e-01,8.525892144696715e-10
2.453244071969540e-01,8.524517262164630e-10
2.455373993893460e-01,8.523143717971718e-10
2.457503915817380e-01,8.521771509650945e-10
2.459633837741300e-01,8.520400634735283e-10
2.461763759665220e-01,8.519031090757697e-10
2.463893681589140e-01,8.517662875262080e-10
2.466023603513050e-01,8.516295985836043e-10
2.468153525436970e-01,8.514930420078113e-10
2.470283447360890e-01,8.513566175586828e-10
2.472413369284810e-01,8.512203249960727e-10
2.474543291208730e-01,8.510841640798346e-10
2.476673213132650e-01,8.509481345698224e-10
2.478803135056570e-01,8.508122362258891e-10
2.480933056980490e-01,8.506764688078891e-10
2.483062978904400e-01,8.505408320756762e-10
2.485192900828320e-01,8.504053257901578e-10
2.487322822752240e-01,8.502699497164626e-10
2.489452744676160e-01,8.501347036207744e-10
2.491582666600080e-01,8.499995872692758e-10
2.493712588524000e-01,8.498646004281504e-10
2.495842510447920e-01,8.497297428635813e-10
2.497972432371830e-01,8.495950143417526e-10
2.500102354295750e-01,8.494604146288458e-10
2.502232276219670e-01,8.493259434910451e-10
2.504362198143590e-01,8.491916006945337e-10
2.506492120067510e-01,8.490573860065128e-10
2.508622041991430e-01,8.489232991982554e-10
2.510751963915350e-01,8.487893400420517e-10
2.512881885839270e-01,8.486555083101919e-10
2.515011807763180e-01,8.485218037749668e-10
2.517141729687100e-01,8.483882262086657e-10
2.519271651611020e-01,8.482547753835797e-10
2.521401573534940e-01,8.481214510719986e-10
2.523531495458860e-01,8.479882530462130e-10
2.525661417382780e-01,8.478551810785131e-10
2.527791339306700e-01,8.477222349421736e-10
2.529921261230620e-01,8.475894144144035e-10
2.532051183154530e-01,8.474567192733957e-10
2.534181105078450e-01,8.473241492973415e-10
2.536311027002370e-01,8.471917042644335e-10
2.538440948926290e-01,8.470593839528641e-10
2.540570870850210e-01,8.469271881408255e-10
2.542700792774130e-01,8.467951166065102e-10
2.544830714698050e-01,8.466631691281104e-10
2.546960636621960e-01,8.465313454838187e-10
2.549090558545880e-01,8.463996454527776e-10
2.551220480469800e-01,8.462680688179370e-10
2.553350402393720e-01,8.461366153631980e-10
2.555480324317640e-01,8.460052848724623e-10
2.557610246241560e-01,8.458740771296312e-10
2.559740168165480e-01,8.457429919186061e-10
2.561870090089400e-01,8.456120290232886e-10
2.564000012013310e-01,8.454811882275803e-10
2.566129933937230e-01,8.453504693153817e-10
2.568259855861150e-01,8.452198720705947e-10
2.570389777785070e-01,8.450893962780336e-10
2.572519699708990e-01,8.449590417261645e-10
2.574649621632910e-01,8.448288082043673e-10
2.576779543556830e-01,8.446986955020216e-10
2.578909465480740e-01,8.445687034085071e-10
2.581039387404660e-01,8.444388317132026e-10
2.583169309328580e-01,8.443090802054880e-10
2.585299231252500e-01,8.441794486747430e-10
2.587429153176420e-01,8.440499369103472e-10
2.589559075100340e-01,8.439205447016800e-10
2.591688997024260e-01,8.437912718390277e-10
2.593818918948180e-01,8.436621181163026e-10
2.595948840872090e-01,8.435330833283243e-10
2.598078762796010e-01,8.434041672699105e-10
2.600208684719930e-01,8.432753697358807e-10
2.602338606643850e-01,8.431466905210535e-10
2.604468528567770e-01,8.430181294202482e-10
2.606598450491690e-01,8.428896862282835e-10
2.608728372415610e-01,8.427613607399779e-10
2.610858294339530e-01,8.426331527501509e-10
2.612988216263440e-01,8.425050620544086e-10
2.615118138187360e-01,8.423770884515018e-10
2.617248060111280e-01,8.422492317409695e-10
2.619377982035200e-01,8.421214917223498e-10
2.621507903959120e-01,8.419938681951814e-10
2.623637825883040e-01,8.418663609590024e-10
2.625767747806960e-01,8.417389698133511e-10
2.627897669730870e-01,8.416116945577666e-10
2.630027591654790e-01,8.414845349917858e-10
2.632157513578710e-01,8.413574909149476e-10
2.634287435502630e-01,8.412305621278883e-10
2.636417357426550e-01,8.411037484356385e-10
2.638547279350470e-01,8.409770496443278e-10
2.640677201274390e-01,8.408504655600860e-10
2.642807123198310e-01,8.407239959890429e-10
2.644937045122220e-01,8.405976407373293e-10
2.647066967046140e-01,8.404713996110732e-10
2.649196888970060e-01,8.403452724164055e-10
2.651326810893980e-01,8.402192589594559e-10
2.653456732817900e-01,8.400933590463543e-10
2.655586654741820e-01,8.399675724830312e-10
2.657716576665740e-01,8.398418990746201e-10
2.659846498589660e-01,8.397163386260555e-10
2.661976420513570e-01,8.395908909422724e-10
2.664106342437490e-01,8.394655558282035e-10
2.666236264361410e-01,8.393403330887842e-10
2.668366186285330e-01,8.392152225289485e-10
2.670496108209250e-01,8.390902239536307e-10
2.672626030133170e-01,8.389653371677653e-10
2.674755952057090e-01,8.388405619762864e-10
2.676885873981000e-01,8.387158981886428e-10
2.679015795904920e-01,8.385913456323371e-10
2.681145717828840e-01,8.384669041393881e-10
2.683275639752760e-01,8.383425735418144e-10
2.685405561676680e-01,8.382183536716342e-10
2.687535483600600e-01,8.380942443608658e-10
2.689665405524520e-01,8.379702454415273e-10
2.691795327448440e-01,8.378463567456372e-10
2.693925249372350e-01,8.377225781052145e-10
2.696055171296270e-01,8.375989093522761e-10
2.698185093220190e-01,8.374753503056463e-10
2.700315015144110e-01,8.373519007313829e-10
2.702444937068030e-01,8.372285603823551e-10
2.704574858991950e-01,8.371053290114328e-10
2.706704780915870e-01,8.369822063714849e-10
2.708834702839780e-01,8.368591922153818e-10
2.710964624763700e-01,8.367362862959918e-10
2.713094546687620e-01,8.366134883661846e-10
2.715224468611540e-01,8.364907981788301e-10
2.717354390535460e-01,8.363682154867972e-10
2.719484312459380e-01,8.362457400957463e-10
2.721614234383300e-01,8.361233720223834e-10
2.723744156307220e-01,8.360011113361472e-10
2.725874078231130e-01,8.358789581064768e-10
2.728004000155050e-01,8.357569124028099e-10
2.730133922078970e-01,8.356349742945855e-10
2.732263844002890e-01,8.355131438512426e-10
2.734393765926810e-01,8.353914211422196e-10
2.736523687850730e-01,8.352698062369549e-10
2.738653609774650e-01,8.351482992048877e-10
2.740783531698570e-01,8.350268999220705e-10
2.742913453622480e-01,8.349056074905884e-10
2.745043375546400e-01,8.347844208189262e-10
2.747173297470320e-01,8.346633388155705e-10
2.749303219394240e-01,8.345423603890070e-10
2.751433141318160e-01,8.344214844477218e-10
2.753563063242080e-01,8.343007099002010e-10
2.755692985166000e-01,8.341800356549302e-10
2.757822907089910e-01,8.340594606203962e-10
2.759952829013830e-01,8.339389837050837e-10
2.762082750937750e-01,8.338186045427528e-10
2.764212672861670e-01,8.336983256689568e-10
2.766342594785590e-01,8.335781503448717e-10
2.768472516709510e-01,8.334580818316740e-10
2.770602438633430e-01,8.333381233905398e-10
2.772732360557350e-01,8.332182782826452e-10
2.774862282481260e-01,8.330985497691670e-10
2.776992204405180e-01,8.329789411112805e-10
2.779122126329100e-01,8.328594555701624e-10
2.781252048253020e-01,8.327400964069888e-10
2.783381970176940e-01,8.326208641785499e-10
2.785511892100860e-01,8.325017486248260e-10
