7.791356504680618e-06,3.906788374816676e-09
8.610780621332552e-06,3.867828752709673e-09
9.516384324626089e-06,3.829050914071355e-09
1.051723120080771e-05,3.790435499945096e-09
1.162333806181051e-05,3.751969295807710e-09
1.284577519687474e-05,3.713643685565879e-09
1.419677716772344e-05,3.675454290948040e-09
1.568986525616830e-05,3.637399653427981e-09
1.733998278964274e-05,3.599481989131822e-09
1.916364469904539e-05,3.561704901936151e-09
2.117910280571951e-05,3.524074549754735e-09
2.340652849181556e-05,3.486598246002515e-09
2.586821458226360e-05,3.449284376862025e-09
2.858879845885812e-05,3.412142328340701e-09
3.159550863945590e-05,3.375181260113516e-09
3.491843729013453e-05,3.338411447600468e-09
3.859084139770492e-05,3.301841961364637e-09
4.264947561681323e-05,3.265483162421585e-09
4.713496012287843e-05,3.229343710149120e-09
5.209218715246060e-05,3.193433091019064e-09
5.757077029985334e-05,3.157759025261166e-09
6.362554106661115e-05,3.122329656282260e-09
7.031709763364645e-05,3.087151863506029e-09
7.771241134819200e-05,3.052232226176329e-09
8.588549699555374e-05,3.017577063546814e-09
9.491815356395940e-05,2.983191079856372e-09
1.049007829163263e-04,2.949078697118654e-09
1.159332945624905e-04,2.915243999167116e-09
1.281261055871622e-04,2.881690056039093e-09
1.416012457412214e-04,2.848419716477656e-09
1.564935787564811e-04,2.815434922805881e-09
1.729521521072439e-04,2.782737149886872e-09
1.911416887275217e-04,2.750327392509769e-09
2.112442356135248e-04,2.718206436913409e-09
2.334609858111876e-04,2.686374281489516e-09
2.580142920237960e-04,2.654830712246805e-09
2.851498919925769e-04,2.623575184554169e-09
3.151393679226079e-04,2.592606746892031e-09
3.482828645688079e-04,2.561924408478224e-09
3.849120931855259e-04,2.531526625519100e-09
4.253936514042669e-04,2.501412227768690e-09
4.701326922660057e-04,2.471579503295273e-09
5.195769791289974e-04,2.442026750671040e-09
5.742213670349657e-04,2.412752243357392e-09
6.346127553846864e-04,2.383754684930127e-09
7.013555614910102e-04,2.355032309338570e-09
7.751177697904812e-04,2.326583795130296e-09
8.566376172560946e-04,2.298408010587310e-09
9.467309819210534e-04,2.270503777525672e-09
1.046299548460350e-03,2.242870435299339e-09
1.156339832554060e-03,2.215507003200982e-09
1.277953154351212e-03,2.188285330046785e-09
1.405748469786333e-03,2.162587159118292e-09
1.533543785221454e-03,2.139453971353564e-09
1.661339100656575e-03,2.118464631110399e-09
1.789134416091696e-03,2.099198002746595e-09
1.916929731526817e-03,2.081289770706156e-09
2.000000000000000e-03,2.070308964258143e-09
2.044725046961939e-03,2.064602563652315e-09
2.172520362397060e-03,2.049038000573781e-09
2.300315677832181e-03,2.034471264796947e-09
2.428110993267302e-03,2.020775400168811e-09
2.555906308702423e-03,2.007835183659215e-09
2.683701624137544e-03,1.995582324736775e-09
2.811496939572665e-03,1.983960265996651e-09
2.939292255007787e-03,1.972912450034007e-09
3.067087570442908e-03,1.962382319444006e-09
3.194882885878029e-03,1.952317782840927e-09
3.322678201313150e-03,1.942684613095648e-09
3.450473516748271e-03,1.933453049188235e-09
3.578268832183392e-03,1.924593330098751e-09
3.706064147618514e-03,1.916075694807263e-09
3.833859463053635e-03,1.907872415161158e-09
3.961654778488756e-03,1.899963894448935e-09
4.089450093923877e-03,1.892332568812325e-09
4.217245409358998e-03,1.884960874393062e-09
4.345040724794119e-03,1.877831247332878e-09
4.472836040229241e-03,1.870927195566346e-09
4.600631355664362e-03,1.864236514227108e-09
4.728426671099482e-03,1.857748070255493e-09
4.856221986534604e-03,1.851450730591833e-09
4.984017301969726e-03,1.845333362176457e-09
5.111812617404846e-03,1.839385433971208e-09
5.239607932839968e-03,1.833598823006899e-09
5.367403248275089e-03,1.827966008327322e-09
5.495198563710209e-03,1.822479468976265e-09
5.622993879145331e-03,1.817131683997520e-09
5.750789194580453e-03,1.811915507016310e-09
5.878584510015573e-03,1.806825289987855e-09
6.006379825450694e-03,1.801855759450929e-09
6.134175140885816e-03,1.797001641944312e-09
6.261970456320937e-03,1.792257664006780e-09
6.389765771756058e-03,1.787618787860773e-09
6.517561087191179e-03,1.783080918453291e-09
6.645356402626300e-03,1.778640196409944e-09
6.773151718061422e-03,1.774292762356342e-09
6.900947033496543e-03,1.770034756918100e-09
7.028742348931663e-03,1.765862481941177e-09
7.156537664366785e-03,1.761772884152424e-09
7.284332979801906e-03,1.757763071498789e-09
7.412128295237027e-03,1.753830151927219e-09
7.539923610672148e-03,1.749971233384660e-09
7.667718926107269e-03,1.746183534476927e-09
7.795514241542391e-03,1.742464716449346e-09
7.923309556977513e-03,1.738812551208132e-09
8.051104872412632e-03,1.735224810659502e-09
8.178900187847754e-03,1.731699266709671e-09
8.306695503282877e-03,1.728233770604135e-09
8.434490818717996e-03,1.724826490944113e-09
8.562286134153118e-03,1.721475675669404e-09
8.690081449588239e-03,1.718179572719807e-09
8.817876765023359e-03,1.714936430035120e-09
8.945672080458482e-03,1.711744556945504e-09
9.073467395893601e-03,1.708602508343920e-09
9.201262711328723e-03,1.705508900514369e-09
9.329058026763846e-03,1.702462349740850e-09
9.456853342198965e-03,1.699461472307364e-09
9.584648657634087e-03,1.696504919683273e-09
9.712443973069206e-03,1.693591484078264e-09
9.840239288504329e-03,1.690719992886819e-09
9.968034603939451e-03,1.687889273503422e-09
1.009582991937457e-02,1.685098153322557e-09
1.022362523480969e-02,1.682345512450773e-09
1.035142055024482e-02,1.679630441843293e-09
1.047921586567993e-02,1.676952085167605e-09
1.060701118111506e-02,1.674309586091197e-09
1.073480649655018e-02,1.671702088281558e-09
1.086260181198530e-02,1.669128735406177e-09
1.099039712742042e-02,1.666588671132540e-09
1.111819244285554e-02,1.664081039128138e-09
1.124598775829066e-02,1.661604983060458e-09
1.137378307372578e-02,1.659159646596990e-09
1.150157838916090e-02,1.656744217356702e-09
1.162937370459603e-02,1.654358058751811e-09
1.175716902003114e-02,1.652000578139670e-09
1.188496433546627e-02,1.649671182877634e-09
1.201275965090139e-02,1.647369280323058e-09
1.214055496633651e-02,1.645094277833296e-09
1.226835028177163e-02,1.642845582765702e-09
1.239614559720675e-02,1.640622602477631e-09
1.252394091264187e-02,1.638424744326437e-09
1.265173622807700e-02,1.636251415669474e-09
1.277953154351211e-02,1.634102049752546e-09
1.290732685894724e-02,1.631976183384415e-09
1.303512217438236e-02,1.629873379266876e-09
1.316291748981748e-02,1.627793200101726e-09
1.329071280525260e-02,1.625735208590761e-09
1.341850812068772e-02,1.623698967435775e-09
1.354630343612284e-02,1.621684039338565e-09
1.367409875155796e-02,1.619689987000927e-09
1.380189406699308e-02,1.617716373124656e-09
1.392968938242821e-02,1.615762760411548e-09
1.405748469786333e-02,1.613828729798809e-09
1.418528001329845e-02,1.611913935166337e-09
1.431307532873357e-02,1.610018048629972e-09
1.444087064416869e-02,1.608140742305549e-09
1.456866595960381e-02,1.606281688308908e-09
1.469646127503893e-02,1.604440558755887e-09
1.482425659047405e-02,1.602617025762322e-09
1.495205190590917e-02,1.600810761444051e-09
1.507984722134430e-02,1.599021437916913e-09
1.520764253677942e-02,1.597248727296746e-09
1.533543785221454e-02,1.595492314069083e-09
1.546323316764966e-02,1.593751932195301e-09
1.559102848308478e-02,1.592027328004998e-09
1.571882379851990e-02,1.590318247827773e-09
1.584661911395502e-02,1.588624437993226e-09
1.597441442939014e-02,1.586945644830955e-09
1.610220974482527e-02,1.585281614670559e-09
1.623000506026039e-02,1.583632093841638e-09
1.635780037569551e-02,1.581996828673790e-09
1.648559569113063e-02,1.580375565496615e-09
1.661339100656575e-02,1.578768059845050e-09
1.674118632200087e-02,1.577174104079114e-09
1.686898163743599e-02,1.575593499766025e-09
1.699677695287111e-02,1.574026048473001e-09
1.712457226830624e-02,1.572471551767263e-09
1.725236758374135e-02,1.570929811216029e-09
1.738016289917648e-02,1.569400628386518e-09
1.750795821461160e-02,1.567883804845949e-09
1.763575353004672e-02,1.566379142161542e-09
1.776354884548184e-02,1.564886441900514e-09
1.789134416091696e-02,1.563405512030707e-09
1.801913947635208e-02,1.561936186123138e-09
1.814693479178720e-02,1.560478304149796e-09
1.827473010722232e-02,1.559031706082665e-09
1.840252542265745e-02,1.557596231893735e-09
1.853032073809257e-02,1.556171721554991e-09
1.865811605352769e-02,1.554758015038420e-09
1.878591136896281e-02,1.553354952316008e-09
1.891370668439793e-02,1.551962373359743e-09
1.904150199983305e-02,1.550580118141613e-09
1.916929731526817e-02,1.549208031803322e-09
1.929709263070329e-02,1.547845980164489e-09
1.942488794613842e-02,1.546493834213966e-09
1.955268326157353e-02,1.545151464940605e-09
1.968047857700866e-02,1.543818743333258e-09
1.980827389244378e-02,1.542495540380776e-09
1.993606920787890e-02,1.541181727072012e-09
2.006386452331402e-02,1.539877174395818e-09
2.019165983874914e-02,1.538581753341046e-09
2.031945515418426e-02,1.537295334896547e-09
2.044725046961939e-02,1.536017793811853e-09
2.057504578505450e-02,1.534749019880924e-09
2.070284110048963e-02,1.533488906659251e-09
2.083063641592475e-02,1.532237347702331e-09
2.095843173135987e-02,1.530994236565656e-09
2.108622704679499e-02,1.529759466804720e-09
2.121402236223011e-02,1.528532931975017e-09
2.134181767766523e-02,1.527314525632042e-09
2.146961299310035e-02,1.526104141331287e-09
2.159740830853547e-02,1.524901672628246e-09
2.172520362397060e-02,1.523707015983873e-09
2.185299893940572e-02,1.522520079481410e-09
2.198079425484084e-02,1.521340774109795e-09
2.210858957027596e-02,1.520169010857958e-09
2.223638488571108e-02,1.519004700714836e-09
2.236418020114620e-02,1.517847754669362e-09
2.249197551658132e-02,1.516698083710471e-09
2.261977083201644e-02,1.515555598827095e-09
2.274756614745157e-02,1.514420211008170e-09
2.287536146288669e-02,1.513291831242628e-09
2.300315677832181e-02,1.512170372989505e-09
2.313095209375693e-02,1.511055759587892e-09
2.325874740919205e-02,1.509947916846811e-09
2.338654272462717e-02,1.508846770575284e-09
2.351433804006229e-02,1.507752246582333e-09
2.364213335549741e-02,1.506664270676980e-09
2.376992867093253e-02,1.505582768668246e-09
2.389772398636766e-02,1.504507666365155e-09
2.402551930180278e-02,1.503438889576728e-09
2.415331461723790e-02,1.502376364111986e-09
2.428110993267302e-02,1.501320017552673e-09
2.440890524810814e-02,1.500269784570641e-09
2.453670056354326e-02,1.499225601610079e-09
2.466449587897838e-02,1.498187405115178e-09
2.479229119441350e-02,1.497155131530127e-09
2.492008650984863e-02,1.496128717299115e-09
2.504788182528375e-02,1.495108098866331e-09
2.517567714071887e-02,1.494093212675964e-09
2.530347245615399e-02,1.493083995172205e-09
2.543126777158911e-02,1.492080382799242e-09
2.555906308702423e-02,1.491082313593864e-09
2.568685840245935e-02,1.490089731963583e-09
2.581465371789447e-02,1.489102583908678e-09
2.594244903332960e-02,1.488120815429428e-09
2.607024434876471e-02,1.487144372526111e-09
2.619803966419984e-02,1.486173201199006e-09
2.632583497963496e-02,1.485207247448392e-09
2.645363029507008e-02,1.484246457274546e-09
2.658142561050520e-02,1.483290776677747e-09
2.670922092594032e-02,1.482340151658274e-09
2.683701624137544e-02,1.481394529377699e-09
2.696481155681056e-02,1.480453861642668e-09
2.709260687224568e-02,1.479518101421071e-09
2.722040218768081e-02,1.478587201680795e-09
2.734819750311593e-02,1.477661115389730e-09
2.747599281855105e-02,1.476739795515766e-09
2.760378813398617e-02,1.475823195026792e-09
2.773158344942129e-02,1.474911266890696e-09
2.785937876485641e-02,1.474003964075368e-09
2.798717408029153e-02,1.473101239548698e-09
2.811496939572665e-02,1.472203047415897e-09
2.824276471116178e-02,1.471309346331041e-09
2.837056002659689e-02,1.470420096085308e-09
2.849835534203202e-02,1.469535256469880e-09
2.862615065746714e-02,1.468654787275937e-09
2.875394597290226e-02,1.467778648294658e-09
2.888174128833738e-02,1.466906799317223e-09
2.900953660377250e-02,1.466039200134814e-09
2.913733191920762e-02,1.465175810538609e-09
2.926512723464274e-02,1.464316590319789e-09
2.939292255007787e-02,1.463461500057771e-09
2.952071786551299e-02,1.462610503485123e-09
2.964851318094811e-02,1.461763565122755e-09
2.977630849638323e-02,1.460920649491575e-09
2.990410381181835e-02,1.460081721112490e-09
3.003189912725347e-02,1.459246744506410e-09
3.015969444268859e-02,1.458415684194242e-09
3.028748975812371e-02,1.457588504696894e-09
3.041528507355883e-02,1.456765170535276e-09
3.054308038899396e-02,1.455945646230294e-09
3.067087570442908e-02,1.455129896978642e-09
3.079867101986420e-02,1.454317890680121e-09
3.092646633529932e-02,1.453509595910303e-09
3.105426165073444e-02,1.452704981244762e-09
3.118205696616956e-02,1.451904015259070e-09
3.130985228160468e-02,1.451106666528801e-09
3.143764759703981e-02,1.450312903629528e-09
3.156544291247493e-02,1.449522695136823e-09
3.169323822791005e-02,1.448736009626259e-09
3.182103354334517e-02,1.447952815673410e-09
3.194882885878029e-02,1.447173082599068e-09
3.207662417421541e-02,1.446396782704660e-09
3.220441948965053e-02,1.445623889036711e-09
3.233221480508566e-02,1.444854374641743e-09
3.246001012052077e-02,1.444088212566281e-09
3.258780543595589e-02,1.443325375856846e-09
3.271560075139102e-02,1.442565837559963e-09
3.284339606682614e-02,1.441809570722156e-09
3.297119138226126e-02,1.441056548389947e-09
3.309898669769638e-02,1.440306743609860e-09
3.322678201313150e-02,1.439560129768156e-09
3.335457732856662e-02,1.438816681610146e-09
3.348237264400174e-02,1.438076374220933e-09
3.361016795943687e-02,1.437339182685618e-09
3.373796327487198e-02,1.436605082089303e-09
3.386575859030710e-02,1.435874047517089e-09
3.399355390574223e-02,1.435146054054079e-09
3.412134922117735e-02,1.434421076785374e-09
3.424914453661247e-02,1.433699090796077e-09
3.437693985204759e-02,1.432980071171287e-09
3.450473516748271e-02,1.432263993562896e-09
3.463253048291783e-02,1.431550835889947e-09
3.476032579835295e-02,1.430840576638277e-09
3.488812111378808e-02,1.430133194293723e-09
3.501591642922319e-02,1.429428667342119e-09
3.514371174465832e-02,1.428726974269303e-09
3.527150706009344e-02,1.428028093561111e-09
3.539930237552856e-02,1.427332003703378e-09
3.552709769096368e-02,1.426638683181941e-09
3.565489300639881e-02,1.425948110482635e-09
3.578268832183392e-02,1.425260264467445e-09
3.591048363726904e-02,1.424575125502832e-09
3.603827895270417e-02,1.423892674331354e-09
3.616607426813929e-02,1.423212891695567e-09
3.629386958357441e-02,1.422535758338027e-09
3.642166489900953e-02,1.421861255001291e-09
3.654946021444465e-02,1.421189362427916e-09
3.667725552987977e-02,1.420520061360458e-09
3.680505084531489e-02,1.419853332541475e-09
3.693284616075002e-02,1.419189156713521e-09
3.706064147618514e-02,1.418527514871985e-09
3.718843679162025e-02,1.417868389023675e-09
3.731623210705538e-02,1.417211761428271e-09
3.744402742249050e-02,1.416557614345457e-09
3.757182273792562e-02,1.415905930034916e-09
3.769961805336074e-02,1.415256690756331e-09
3.782741336879586e-02,1.414609878769384e-09
3.795520868423098e-02,1.413965476333758e-09
3.808300399966610e-02,1.413323465709137e-09
3.821079931510123e-02,1.412683829155203e-09
3.833859463053635e-02,1.412046549279769e-09
3.846638994597146e-02,1.411411610083191e-09
3.859418526140659e-02,1.410778995913966e-09
3.872198057684171e-02,1.410148691120590e-09
3.884977589227683e-02,1.409520680051561e-09
3.897757120771195e-02,1.408894947055375e-09
3.910536652314707e-02,1.408271476480530e-09
3.923316183858219e-02,1.407650252675522e-09
3.936095715401731e-02,1.407031259988849e-09
3.948875246945244e-02,1.406414482769007e-09
3.961654778488756e-02,1.405799905633184e-09
3.974434310032268e-02,1.405187514273265e-09
3.987213841575780e-02,1.404577294649796e-09
3.999993373119292e-02,1.403969232723320e-09
4.012772904662804e-02,1.403363314454383e-09
4.025552436206317e-02,1.402759525803531e-09
4.038331967749829e-02,1.402157852731307e-09
4.051111499293340e-02,1.401558281198256e-09
4.063891030836853e-02,1.400960797164924e-09
4.076670562380365e-02,1.400365386591855e-09
4.089450093923877e-02,1.399772035576020e-09
4.102229625467389e-02,1.399180730760147e-09
4.115009157010902e-02,1.398591458923418e-09
4.127788688554413e-02,1.398004206845014e-09
4.140568220097925e-02,1.397418961304117e-09
4.153347751641438e-02,1.396835709079910e-09
4.166127283184950e-02,1.396254436951574e-09
4.178906814728462e-02,1.395675131698290e-09
4.191686346271974e-02,1.395097780099242e-09
4.204465877815486e-02,1.394522368933610e-09
4.217245409358998e-02,1.393948885265874e-09
4.230024940902510e-02,1.393377317301744e-09
4.242804472446023e-02,1.392807653532243e-09
4.255584003989534e-02,1.392239882448394e-09
4.268363535533046e-02,1.391673992541220e-09
4.281143067076559e-02,1.391109972301745e-09
4.293922598620071e-02,1.390547810220992e-09
4.306702130163583e-02,1.389987494789984e-09
4.319481661707095e-02,1.389429014499745e-09
4.332261193250607e-02,1.388872357841299e-09
4.345040724794119e-02,1.388317513371441e-09
4.357820256337631e-02,1.387764469910052e-09
4.370599787881144e-02,1.387213216342779e-09
4.383379319424656e-02,1.386663741555268e-09
4.396158850968167e-02,1.386116034433168e-09
4.408938382511680e-02,1.385570083862124e-09
4.421717914055192e-02,1.385025878727783e-09
4.434497445598704e-02,1.384483407915794e-09
4.447276977142216e-02,1.383942660311803e-09
4.460056508685728e-02,1.383403624801456e-09
4.472836040229240e-02,1.382866290569609e-09
4.485615571772752e-02,1.382330647998089e-09
4.498395103316265e-02,1.381796687767997e-09
4.511174634859777e-02,1.381264400560436e-09
4.523954166403289e-02,1.380733777056510e-09
4.536733697946801e-02,1.380204807937320e-09
4.549513229490313e-02,1.379677483883970e-09
4.562292761033825e-02,1.379151795577562e-09
4.575072292577338e-02,1.378627733699200e-09
4.587851824120850e-02,1.378105288929986e-09
4.600631355664361e-02,1.377584451943740e-09
4.613410887207874e-02,1.377065213385146e-09
4.626190418751386e-02,1.376547563891606e-09
4.638969950294898e-02,1.376031494100522e-09
4.651749481838410e-02,1.375516994649293e-09
4.664529013381922e-02,1.375004056175323e-09
4.677308544925434e-02,1.374492669316011e-09
4.690088076468946e-02,1.373982824708760e-09
4.702867608012459e-02,1.373474512990971e-09
4.715647139555971e-02,1.372967724800044e-09
4.728426671099482e-02,1.372462450966786e-09
4.741206202642995e-02,1.371958683095600e-09
4.753985734186507e-02,1.371456412984280e-09
4.766765265730019e-02,1.370955632430621e-09
4.779544797273531e-02,1.370456333232418e-09
4.792324328817044e-02,1.369958507187466e-09
4.805103860360555e-02,1.369462146093560e-09
4.817883391904067e-02,1.368967241748494e-09
4.830662923447580e-02,1.368473785950064e-09
4.843442454991092e-02,1.367981770496064e-09
4.856221986534604e-02,1.367491187323614e-09
4.869001518078116e-02,1.367002028927078e-09
4.881781049621628e-02,1.366514287940114e-09
4.894560581165140e-02,1.366027956996382e-09
4.907340112708652e-02,1.365543028729540e-09
4.920119644252165e-02,1.365059495773247e-09
4.932899175795677e-02,1.364577350761162e-09
4.945678707339188e-02,1.364096586326944e-09
4.958458238882701e-02,1.363617195104250e-09
4.971237770426213e-02,1.363139169726742e-09
4.984017301969725e-02,1.362662502595578e-09
4.996796833513237e-02,1.362187185181879e-09
5.000000000000000e-02,1.362068258250684e-09
5.009576365056749e-02,1.361713208856846e-09
5.022355896600261e-02,1.361240566148336e-09
5.035135428143774e-02,1.360769250180820e-09
5.047914959687286e-02,1.360299254083733e-09
5.060694491230798e-02,1.359830570986509e-09
5.073474022774310e-02,1.359363194018584e-09
5.086253554317822e-02,1.358897116309391e-09
5.099033085861334e-02,1.358432330988364e-09
5.111812617404846e-02,1.357968831261293e-09
5.124592148948359e-02,1.357506610639374e-09
5.137371680491870e-02,1.357045662710157e-09
5.150151212035382e-02,1.356585981061189e-09
5.162930743578895e-02,1.356127559280021e-09
5.175710275122407e-02,1.355670390954199e-09
5.188489806665919e-02,1.355214469671272e-09
5.201269338209431e-02,1.354759789018790e-09
5.214048869752943e-02,1.354306342584300e-09
5.226828401296455e-02,1.353854123955350e-09
5.239607932839967e-02,1.353403126729528e-09
5.252387464383480e-02,1.352953344544564e-09
5.265166995926992e-02,1.352504771048225e-09
5.277946527470503e-02,1.352057399888275e-09
5.290726059014016e-02,1.351611224712483e-09
5.303505590557528e-02,1.351166239168615e-09
5.316285122101040e-02,1.350722436904436e-09
5.329064653644552e-02,1.350279811567714e-09
5.341844185188065e-02,1.349838356806215e-09
5.354623716731576e-02,1.349398066267704e-09
5.367403248275088e-02,1.348958933801945e-09
5.380182779818601e-02,1.348520954066736e-09
5.392962311362113e-02,1.348084121921898e-09
5.405741842905625e-02,1.347648432227252e-09
5.418521374449137e-02,1.347213879842619e-09
5.431300905992649e-02,1.346780459627821e-09
5.444080437536161e-02,1.346348166442678e-09
5.456859969079673e-02,1.345916995147012e-09
5.469639500623186e-02,1.345486940600643e-09
5.482419032166697e-02,1.345057997663394e-09
5.495198563710210e-02,1.344630161097542e-09
5.507978095253722e-02,1.344203425275201e-09
5.520757626797234e-02,1.343777784470943e-09
5.533537158340746e-02,1.343353232959340e-09
5.546316689884258e-02,1.342929765014964e-09
5.559096221427770e-02,1.342507374912387e-09
5.571875752971282e-02,1.342086056926181e-09
5.584655284514795e-02,1.341665805330919e-09
5.597434816058307e-02,1.341246614401172e-09
5.610214347601819e-02,1.340828478411513e-09
5.622993879145331e-02,1.340411391876224e-09
5.635773410688843e-02,1.339995350268352e-09
5.648552942232355e-02,1.339580349300613e-09
5.661332473775867e-02,1.339166384685726e-09
5.674112005319380e-02,1.338753452136407e-09
5.686891536862891e-02,1.338341547365375e-09
5.699671068406403e-02,1.337930666085346e-09
5.712450599949916e-02,1.337520804009038e-09
5.725230131493428e-02,1.337111956849169e-09
5.738009663036940e-02,1.336704120318455e-09
5.750789194580452e-02,1.336297289991047e-09
5.763568726123964e-02,1.335891460886778e-09
5.776348257667476e-02,1.335486627886892e-09
5.789127789210988e-02,1.335082785872633e-09
5.801907320754501e-02,1.334679929725245e-09
5.814686852298013e-02,1.334278054325971e-09
5.827466383841524e-02,1.333877154556056e-09
5.840245915385037e-02,1.333477225296743e-09
5.853025446928549e-02,1.333078261429277e-09
5.865804978472061e-02,1.332680257834900e-09
5.878584510015573e-02,1.332283209595442e-09
5.891364041559085e-02,1.331887112595067e-09
5.904143573102597e-02,1.331491962918528e-09
5.916923104646109e-02,1.331097756650576e-09
5.929702636189622e-02,1.330704489875964e-09
5.942482167733134e-02,1.330312158679444e-09
5.955261699276646e-02,1.329920759145767e-09
5.968041230820158e-02,1.329530287359686e-09
5.980820762363670e-02,1.329140739405952e-09
5.993600293907182e-02,1.328752111369318e-09
6.006379825450694e-02,1.328364399313750e-09
6.019159356994207e-02,1.327977599220083e-09
6.031938888537718e-02,1.327591707048372e-09
6.044718420081231e-02,1.327206718758668e-09
6.057497951624743e-02,1.326822630311026e-09
6.070277483168255e-02,1.326439437665499e-09
6.083057014711767e-02,1.326057136782141e-09
6.095836546255279e-02,1.325675723621003e-09
6.108616077798791e-02,1.325295194142140e-09
6.121395609342303e-02,1.324915544305606e-09
6.134175140885816e-02,1.324536770098473e-09
6.146954672429328e-02,1.324158867615910e-09
6.159734203972840e-02,1.323781832980109e-09
6.172513735516352e-02,1.323405662313264e-09
6.185293267059864e-02,1.323030351737568e-09
6.198072798603376e-02,1.322655897375213e-09
6.210852330146888e-02,1.322282295348393e-09
6.223631861690401e-02,1.321909541779301e-09
6.236411393233912e-02,1.321537632790130e-09
6.249190924777424e-02,1.321166564503073e-09
6.261970456320937e-02,1.320796333184118e-09
6.274749987864449e-02,1.320426935674442e-09
6.287529519407961e-02,1.320058368959023e-09
6.300309050951473e-02,1.319690630022837e-09
6.313088582494986e-02,1.319323715850862e-09
6.325868114038498e-02,1.318957623428076e-09
6.338647645582010e-02,1.318592349739454e-09
6.351427177125522e-02,1.318227891769976e-09
6.364206708669033e-02,1.317864246504617e-09
6.376986240212545e-02,1.317501410928355e-09
6.389765771756058e-02,1.317139381870308e-09
6.402545303299570e-02,1.316778155536193e-09
6.415324834843082e-02,1.316417727975884e-09
6.428104366386594e-02,1.316058095239258e-09
6.440883897930107e-02,1.315699253376187e-09
6.453663429473619e-02,1.315341198436549e-09
6.466442961017131e-02,1.314983926470217e-09
6.479222492560642e-02,1.314627433527066e-09
6.492002024104154e-02,1.314271715656973e-09
6.504781555647667e-02,1.313916768909811e-09
6.517561087191179e-02,1.313562589583711e-09
6.530340618734691e-02,1.313209174969928e-09
6.543120150278203e-02,1.312856522608026e-09
6.555899681821716e-02,1.312504630037565e-09
6.568679213365228e-02,1.312153494798109e-09
6.581458744908740e-02,1.311803114429221e-09
6.594238276452252e-02,1.311453486470462e-09
6.607017807995763e-02,1.311104608461395e-09
6.619797339539275e-02,1.310756477941583e-09
6.632576871082788e-02,1.310409092450588e-09
6.645356402626300e-02,1.310062449360758e-09
6.658135934169812e-02,1.309716545375569e-09
6.670915465713324e-02,1.309371377031268e-09
6.683694997256837e-02,1.309026940864106e-09
6.696474528800349e-02,1.308683233410332e-09
6.709254060343861e-02,1.308340251206197e-09
6.722033591887373e-02,1.307997990787950e-09
6.734813123430886e-02,1.307656448691840e-09
6.747592654974396e-02,1.307315621454118e-09
6.760372186517909e-02,1.306975505611032e-09
6.773151718061421e-02,1.306636097888624e-09
6.785931249604933e-02,1.306297395772056e-09
6.798710781148445e-02,1.305959396936269e-09
6.811490312691958e-02,1.305622099056200e-09
6.824269844235470e-02,1.305285499806787e-09
6.837049375778982e-02,1.304949596862969e-09
6.849828907322494e-02,1.304614387899684e-09
6.862608438866007e-02,1.304279870591870e-09
6.875387970409517e-02,1.303946042614466e-09
6.888167501953030e-02,1.303612901642409e-09
6.900947033496542e-02,1.303280445274720e-09
6.913726565040054e-02,1.302948670806712e-09
6.926506096583566e-02,1.302617575457762e-09
6.939285628127079e-02,1.302287156447247e-09
6.952065159670591e-02,1.301957410994544e-09
6.964844691214103e-02,1.301628336319031e-09
6.977624222757615e-02,1.301299929640084e-09
6.990403754301128e-02,1.300972188177081e-09
7.003183285844640e-02,1.300645109149398e-09
7.015962817388151e-02,1.300318689776414e-09
7.028742348931663e-02,1.299992927335875e-09
7.041521880475175e-02,1.299667819339023e-09
7.054301412018688e-02,1.299343363355475e-09
7.067080943562200e-02,1.299019556954849e-09
7.079860475105712e-02,1.298696397706760e-09
7.092640006649224e-02,1.298373883180827e-09
7.105419538192737e-02,1.298052010946666e-09
7.118199069736249e-02,1.297730778573895e-09
7.130978601279761e-02,1.297410183632130e-09
7.152277820518949e-02,1.296877268641497e-09
7.173577039758135e-02,1.296346106418327e-09
7.194876258997322e-02,1.295816686353938e-09
7.216175478236508e-02,1.295288997968270e-09
7.237474697475696e-02,1.294763030781261e-09
7.258773916714882e-02,1.294238774312850e-09
7.280073135954070e-02,1.293716218082978e-09
7.301372355193256e-02,1.293195351611584e-09
7.322671574432443e-02,1.292676164418606e-09
7.343970793671629e-02,1.292158646023984e-09
7.365270012910817e-02,1.291642785947657e-09
7.386569232150003e-02,1.291128573837442e-09
7.407868451389191e-02,1.290615999852660e-09
7.429167670628377e-02,1.290105054280510e-09
7.450466889867564e-02,1.289595727408192e-09
7.471766109106751e-02,1.289088009522904e-09
7.493065328345938e-02,1.288581890911844e-09
7.514364547585124e-02,1.288077361862212e-09
7.535663766824312e-02,1.287574412661206e-09
7.556962986063498e-02,1.287073033596025e-09
7.578262205302685e-02,1.286573214953868e-09
7.599561424541872e-02,1.286074947235163e-09
7.620860643781059e-02,1.285578221793233e-09
7.642159863020245e-02,1.285083030194619e-09
7.663459082259433e-02,1.284589364005863e-09
7.684758301498619e-02,1.284097214793504e-09
7.706057520737807e-02,1.283606574124083e-09
7.727356739976993e-02,1.283117433564142e-09
7.748655959216180e-02,1.282629784680220e-09
7.769955178455366e-02,1.282143619038859e-09
7.791254397694554e-02,1.281658928206599e-09
7.812553616933740e-02,1.281175703735336e-09
7.833852836172928e-02,1.280693937118384e-09
7.855152055412114e-02,1.280213619834415e-09
7.876451274651301e-02,1.279734743362099e-09
7.897750493890487e-02,1.279257299180108e-09
7.919049713129675e-02,1.278781278767113e-09
7.940348932368861e-02,1.278306673601785e-09
7.961648151608049e-02,1.277833475162795e-09
7.982947370847235e-02,1.277361674928814e-09
8.004246590086422e-02,1.276891264378514e-09
8.025545809325609e-02,1.276422235217762e-09
8.046845028564796e-02,1.275954580061273e-09
8.068144247803982e-02,1.275488291750984e-09
8.089443467043170e-02,1.275023363128832e-09
8.110742686282357e-02,1.274559787036755e-09
8.132041905521543e-02,1.274097556316689e-09
8.153341124760730e-02,1.273636663810573e-09
8.174640343999917e-02,1.273177102360343e-09
8.195939563239105e-02,1.272718864807937e-09
8.217238782478291e-02,1.272261943995293e-09
8.238538001717477e-02,1.271806332770056e-09
8.259837220956665e-02,1.271352024002717e-09
8.281136440195852e-02,1.270899010569472e-09
8.302435659435038e-02,1.270447285346521e-09
8.323734878674224e-02,1.269996841210060e-09
8.345034097913412e-02,1.269547671036290e-09
8.366333317152599e-02,1.269099767701407e-09
8.387632536391786e-02,1.268653124081610e-09
8.408931755630973e-02,1.268207733053099e-09
8.430230974870159e-02,1.267763587492069e-09
8.451530194109347e-02,1.267320680483769e-09
8.472829413348533e-02,1.266879005949634e-09
8.494128632587720e-02,1.266438558020152e-09
8.515427851826907e-02,1.265999330825810e-09
8.536727071066094e-02,1.265561318497093e-09
8.558026290305280e-02,1.265124515164489e-09
8.579325509544468e-02,1.264688914958484e-09
8.600624728783654e-02,1.264254512009563e-09
8.621923948022842e-02,1.263821300448216e-09
8.643223167262028e-02,1.263389274404926e-09
8.664522386501215e-02,1.262958427932235e-09
8.685821605740401e-02,1.262528754770895e-09
8.707120824979589e-02,1.262100248583720e-09
8.728420044218775e-02,1.261672903033521e-09
8.749719263457963e-02,1.261246711783108e-09
8.771018482697149e-02,1.260821668495293e-09
8.792317701936336e-02,1.260397766832887e-09
8.813616921175522e-02,1.259975000458702e-09
8.834916140414710e-02,1.259553363035548e-09
8.856215359653896e-02,1.259132848226238e-09
8.877514578893084e-02,1.258713449887370e-09
8.898813798132270e-02,1.258295162650659e-09
8.920113017371457e-02,1.257877981341587e-09
8.941412236610644e-02,1.257461900785635e-09
8.962711455849831e-02,1.257046915808288e-09
8.984010675089017e-02,1.256633021235026e-09
9.005309894328205e-02,1.256220211891333e-09
9.026609113567391e-02,1.255808482602690e-09
9.047908332806578e-02,1.255397828194581e-09
9.069207552045766e-02,1.254988243492486e-09
9.090506771284952e-02,1.254579723314774e-09
9.111805990524138e-02,1.254172262451339e-09
9.133105209763326e-02,1.253765855684962e-09
9.154404429002513e-02,1.253360497798422e-09
9.175703648241700e-02,1.252956183574499e-09
9.197002867480886e-02,1.252552907795972e-09
9.218302086720073e-02,1.252150665245621e-09
9.239601305959261e-02,1.251749450706225e-09
9.260900525198447e-02,1.251349258960563e-09
9.282199744437633e-02,1.250950084791416e-09
9.303498963676821e-02,1.250551923085193e-09
9.324798182916008e-02,1.250154769142847e-09
9.346097402155194e-02,1.249758618368966e-09
9.367396621394380e-02,1.249363466168140e-09
9.388695840633568e-02,1.248969307944958e-09
9.409995059872756e-02,1.248576139104012e-09
9.431294279111942e-02,1.248183955049889e-09
9.452593498351128e-02,1.247792751187180e-09
9.473892717590315e-02,1.247402522920474e-09
9.495191936829503e-02,1.247013265654361e-09
9.516491156068689e-02,1.246624974804916e-09
9.537790375307875e-02,1.246237645834159e-09
9.559089594547063e-02,1.245851274215593e-09
9.580388813786250e-02,1.245465855422722e-09
9.601688033025436e-02,1.245081384929052e-09
9.622987252264624e-02,1.244697858208088e-09
9.644286471503810e-02,1.244315270733332e-09
9.665585690742998e-02,1.243933617978291e-09
9.686884909982184e-02,1.243552895416467e-09
9.708184129221371e-02,1.243173098521367e-09
9.729483348460558e-02,1.242794222841990e-09
9.750782567699745e-02,1.242416264229319e-09
9.772081786938931e-02,1.242039218609829e-09
9.793381006178119e-02,1.241663081909994e-09
9.814680225417305e-02,1.241287850056291e-09
9.835979444656492e-02,1.240913518975194e-09
9.857278663895679e-02,1.240540084593178e-09
9.878577883134866e-02,1.240167542836719e-09
9.899877102374052e-02,1.239795889632293e-09
9.921176321613240e-02,1.239425120906373e-09
9.942475540852426e-02,1.239055232608985e-09
9.963774760091614e-02,1.238686220784343e-09
9.985073979330800e-02,1.238318081500211e-09
1.000637319857000e-01,1.237950810824350e-09
1.002767241780920e-01,1.237584404824523e-09
1.004897163704840e-01,1.237218859568491e-09
1.007027085628750e-01,1.236854171124020e-09
1.009157007552670e-01,1.236490335558867e-09
1.011286929476590e-01,1.236127348940797e-09
1.013416851400510e-01,1.235765207337572e-09
1.015546773324430e-01,1.235403906912817e-09
1.017676695248350e-01,1.235043444213688e-09
1.019806617172270e-01,1.234683815883247e-09
1.021936539096190e-01,1.234325018564553e-09
1.024066461020100e-01,1.233967048900667e-09
1.026196382944020e-01,1.233609903534646e-09
1.028326304867940e-01,1.233253579109551e-09
1.030456226791860e-01,1.232898072268442e-09
1.032586148715780e-01,1.232543379654380e-09
1.034716070639700e-01,1.232189497910424e-09
1.036845992563620e-01,1.231836423613336e-09
1.038975914487540e-01,1.231484153074717e-09
1.041105836411450e-01,1.231132682539884e-09
1.043235758335370e-01,1.230782008254149e-09
1.045365680259290e-01,1.230432126462830e-09
1.047495602183210e-01,1.230083033411241e-09
1.049625524107130e-01,1.229734725344699e-09
1.051755446031050e-01,1.229387198508520e-09
1.053885367954970e-01,1.229040449148018e-09
1.056015289878880e-01,1.228694473508512e-09
1.058145211802800e-01,1.228349268019678e-09
1.060275133726720e-01,1.228004829848352e-09
1.062405055650640e-01,1.227661156345583e-09
1.064534977574560e-01,1.227318244862421e-09
1.066664899498480e-01,1.226976092749914e-09
1.068794821422400e-01,1.226634697359112e-09
1.070924743346320e-01,1.226294056041061e-09
1.073054665270230e-01,1.225954166146815e-09
1.075184587194150e-01,1.225615025027417e-09
1.077314509118070e-01,1.225276630033918e-09
1.079444431041990e-01,1.224938978350027e-09
1.081574352965910e-01,1.224602066489631e-09
1.083704274889830e-01,1.224265890799042e-09
1.085834196813750e-01,1.223930447624576e-09
1.087964118737660e-01,1.223595733312548e-09
1.090094040661580e-01,1.223261744209268e-09
1.092223962585500e-01,1.222928476661054e-09
1.094353884509420e-01,1.222595927014219e-09
1.096483806433340e-01,1.222264091615076e-09
1.098613728357260e-01,1.221932966809942e-09
1.100743650281180e-01,1.221602549260734e-09
1.102873572205100e-01,1.221272836892280e-09
1.105003494129010e-01,1.220943827945254e-09
1.107133416052930e-01,1.220615520660327e-09
1.109263337976850e-01,1.220287913278174e-09
1.111393259900770e-01,1.219961004039468e-09
1.113523181824690e-01,1.219634791184883e-09
1.115653103748610e-01,1.219309272955091e-09
1.117783025672530e-01,1.218984447590767e-09
1.119912947596450e-01,1.218660313332584e-09
1.122042869520360e-01,1.218336867746360e-09
1.124172791444280e-01,1.218014105698280e-09
1.126302713368200e-01,1.217692021379574e-09
1.128432635292120e-01,1.217370608981476e-09
1.130562557216040e-01,1.217049862695215e-09
1.132692479139960e-01,1.216729776712023e-09
1.134822401063880e-01,1.216410345223129e-09
1.136952322987790e-01,1.216091562419768e-09
1.139082244911710e-01,1.215773422493166e-09
1.141212166835630e-01,1.215455919634556e-09
1.143342088759550e-01,1.215139050524842e-09
1.145472010683470e-01,1.214822821801283e-09
1.147601932607390e-01,1.214507242589640e-09
1.149731854531310e-01,1.214192322015674e-09
1.151861776455230e-01,1.213878069205147e-09
1.153991698379140e-01,1.213564493283823e-09
1.156121620303060e-01,1.213251603377459e-09
1.158251542226980e-01,1.212939408611820e-09
1.160381464150900e-01,1.212627918112666e-09
1.162511386074820e-01,1.212317141005760e-09
1.164641307998740e-01,1.212007077173236e-09
1.166771229922660e-01,1.211697689542826e-09
1.168901151846570e-01,1.211388931808683e-09
1.171031073770490e-01,1.211080757664957e-09
1.173160995694410e-01,1.210773120805800e-09
1.175290917618330e-01,1.210465974925365e-09
1.177420839542250e-01,1.210159273717805e-09
1.179550761466170e-01,1.209852970877271e-09
1.181680683390090e-01,1.209547020097917e-09
1.183810605314010e-01,1.209241375073892e-09
1.185940527237920e-01,1.208936024254888e-09
1.188070449161840e-01,1.208631095190035e-09
1.190200371085760e-01,1.208326750222669e-09
1.192330293009680e-01,1.208023151696124e-09
1.194460214933600e-01,1.207720461953734e-09
1.196590136857520e-01,1.207418843338832e-09
1.198720058781440e-01,1.207118458194752e-09
1.200849980705360e-01,1.206819468864828e-09
1.202979902629270e-01,1.206522037692395e-09
1.205109824553190e-01,1.206226327020784e-09
1.207239746477110e-01,1.205932369640391e-09
1.209369668401030e-01,1.205639680001769e-09
1.211499590324950e-01,1.205347642938489e-09
1.213629512248870e-01,1.205055643284121e-09
1.215759434172790e-01,1.204763065872232e-09
1.217889356096700e-01,1.204469295536394e-09
1.220019278020620e-01,1.204173717110174e-09
1.222149199944540e-01,1.203875715427142e-09
1.224279121868460e-01,1.203574675320867e-09
1.226409043792380e-01,1.203269981624920e-09
1.228538965716300e-01,1.202961502255177e-09
1.230668887640220e-01,1.202651037337564e-09
1.232798809564140e-01,1.202340870020724e-09
1.234928731488050e-01,1.202033283453301e-09
1.237058653411970e-01,1.201730560783935e-09
1.239188575335890e-01,1.201434985161270e-09
1.241318497259810e-01,1.201148839733949e-09
1.243448419183730e-01,1.200874407650614e-09
1.245578341107650e-01,1.200613972059909e-09
1.247708263031570e-01,1.200369816110477e-09
1.249838184955480e-01,1.200143245288783e-09
1.251968106879400e-01,1.199931655881134e-09
1.254098028803320e-01,1.199731467235803e-09
1.256227950727240e-01,1.199539098701063e-09
1.258357872651160e-01,1.199350969625184e-09
1.260487794575080e-01,1.199163499356440e-09
1.262617716499000e-01,1.198973107243102e-09
1.264747638422920e-01,1.198776212633442e-09
1.266877560346830e-01,1.198569234875735e-09
1.269007482270750e-01,1.198348593318249e-09
1.271137404194670e-01,1.198111679891824e-09
1.273267326118590e-01,1.197859774215836e-09
1.275397248042510e-01,1.197595127171815e-09
1.277527169966430e-01,1.197319989641290e-09
1.279657091890350e-01,1.197036612505788e-09
1.281787013814270e-01,1.196747246646840e-09
1.283916935738180e-01,1.196454142945976e-09
1.286046857662100e-01,1.196159552284721e-09
1.288176779586020e-01,1.195865725544607e-09
1.290306701509940e-01,1.195574913607162e-09
1.292436623433860e-01,1.195288891528946e-09
1.294566545357780e-01,1.195007530266284e-09
1.296696467281700e-01,1.194730224550270e-09
1.298826389205610e-01,1.194456369111995e-09
1.300956311129530e-01,1.194185358682549e-09
1.303086233053450e-01,1.193916587993026e-09
1.305216154977370e-01,1.193649451774517e-09
1.307346076901290e-01,1.193383344758114e-09
1.309475998825210e-01,1.193117661674910e-09
1.311605920749130e-01,1.192851797255996e-09
1.313735842673050e-01,1.192585273783351e-09
1.315865764596960e-01,1.192318123799459e-09
1.317995686520880e-01,1.192050507426167e-09
1.320125608444800e-01,1.191782584785325e-09
1.322255530368720e-01,1.191514515998782e-09
1.324385452292640e-01,1.191246461188387e-09
1.326515374216560e-01,1.190978580475988e-09
1.328645296140480e-01,1.190711033983435e-09
1.330775218064400e-01,1.190443981832577e-09
1.332905139988310e-01,1.190177584145264e-09
1.335035061912230e-01,1.189911966849769e-09
1.337164983836150e-01,1.189647119127043e-09
1.339294905760070e-01,1.189382995977945e-09
1.341424827683990e-01,1.189119552403332e-09
1.343554749607910e-01,1.188856743404063e-09
1.345684671531830e-01,1.188594523980997e-09
1.347814593455740e-01,1.188332849134993e-09
1.349944515379660e-01,1.188071673866906e-09
1.352074437303580e-01,1.187810953177596e-09
1.354204359227500e-01,1.187550642067922e-09
1.356334281151420e-01,1.187290704743688e-09
1.358464203075340e-01,1.187031142211861e-09
1.360594124999260e-01,1.186771964675043e-09
1.362724046923180e-01,1.186513182335838e-09
1.364853968847090e-01,1.186254805396850e-09
1.366983890771010e-01,1.185996844060679e-09
1.369113812694930e-01,1.185739308529930e-09
1.371243734618850e-01,1.185482209007204e-09
1.373373656542770e-01,1.185225555695107e-09
1.375503578466690e-01,1.184969358796239e-09
1.377633500390610e-01,1.184713626061068e-09
1.379763422314520e-01,1.184458355425687e-09
1.381893344238440e-01,1.184203542371135e-09
1.384023266162360e-01,1.183949182378457e-09
1.386153188086280e-01,1.183695270928694e-09
1.388283110010200e-01,1.183441803502888e-09
1.390413031934120e-01,1.183188775582082e-09
1.392542953858040e-01,1.182936182647317e-09
1.394672875781960e-01,1.182684020179636e-09
1.396802797705870e-01,1.182432283660082e-09
1.398932719629790e-01,1.182180969215313e-09
1.401062641553710e-01,1.181930075555200e-09
1.403192563477630e-01,1.181679602035598e-09
1.405322485401550e-01,1.181429548012362e-09
1.407452407325470e-01,1.181179912841350e-09
1.409582329249390e-01,1.180930695878415e-09
1.411712251173300e-01,1.180681896479415e-09
1.413842173097220e-01,1.180433514000204e-09
1.415972095021140e-01,1.180185547796638e-09
1.418102016945060e-01,1.179937997224572e-09
1.420231938868980e-01,1.179690861575574e-09
1.422361860792900e-01,1.179444139884060e-09
1.424491782716820e-01,1.179197831120161e-09
1.426621704640740e-01,1.178951934254007e-09
1.428751626564650e-01,1.178706448255731e-09
1.430881548488570e-01,1.178461372095461e-09
1.433011470412490e-01,1.178216704743329e-09
1.435141392336410e-01,1.177972445169465e-09
1.437271314260330e-01,1.177728592344001e-09
1.439401236184250e-01,1.177485145237067e-09
1.441531158108170e-01,1.177242102682823e-09
1.443661080032090e-01,1.176999462971730e-09
1.445791001956000e-01,1.176757224258367e-09
1.447920923879920e-01,1.176515384697313e-09
1.450050845803840e-01,1.176273942443149e-09
1.452180767727760e-01,1.176032895650453e-09
1.454310689651680e-01,1.175792242473807e-09
1.456440611575600e-01,1.175551981067788e-09
1.458570533499520e-01,1.175312109586979e-09
1.460700455423430e-01,1.175072626185959e-09
1.462830377347350e-01,1.174833529206370e-09
1.464960299271270e-01,1.174594817737632e-09
1.467090221195190e-01,1.174356491055990e-09
1.469220143119110e-01,1.174118548437689e-09
1.471350065043030e-01,1.173880989158972e-09
1.473479986966950e-01,1.173643812496083e-09
1.475609908890870e-01,1.173407017725267e-09
1.477739830814780e-01,1.173170604122769e-09
1.479869752738700e-01,1.172934570964830e-09
1.481999674662620e-01,1.172698917527697e-09
1.484129596586540e-01,1.172463642993169e-09
1.486259518510460e-01,1.172228746165104e-09
1.488389440434380e-01,1.171994225752825e-09
1.490519362358300e-01,1.171760080465660e-09
1.492649284282220e-01,1.171526309012933e-09
1.494779206206130e-01,1.171292910103972e-09
1.496909128130050e-01,1.171059882448100e-09
1.499039050053970e-01,1.170827224754643e-09
1.501168971977890e-01,1.170594935732929e-09
1.503298893901810e-01,1.170363014092282e-09
1.505428815825730e-01,1.170131458578826e-09
1.507558737749650e-01,1.169900268085903e-09
1.509688659673560e-01,1.169669441543665e-09
1.511818581597480e-01,1.169438977882260e-09
1.513948503521400e-01,1.169208876031840e-09
1.516078425445320e-01,1.168979134922555e-09
1.518208347369240e-01,1.168749753484556e-09
1.520338269293160e-01,1.168520730647994e-09
1.522468191217080e-01,1.168292065343019e-09
1.524598113141000e-01,1.168063756499782e-09
1.526728035064910e-01,1.167835803065831e-09
1.528857956988830e-01,1.167608204058287e-09
1.530987878912750e-01,1.167380958511661e-09
1.533117800836670e-01,1.167154065460468e-09
1.535247722760590e-01,1.166927523939220e-09
1.537377644684510e-01,1.166701332982429e-09
1.539507566608430e-01,1.166475491624608e-09
1.541637488532340e-01,1.166249998900271e-09
1.543767410456260e-01,1.166024853843929e-09
1.545897332380180e-01,1.165800055490095e-09
1.548027254304100e-01,1.165575602857385e-09
1.550157176228020e-01,1.165351494900858e-09
1.552287098151940e-01,1.165127730559692e-09
1.554417020075860e-01,1.164904308773063e-09
1.556546941999780e-01,1.164681228480151e-09
1.558676863923690e-01,1.164458488620131e-09
1.560806785847610e-01,1.164236088132181e-09
1.562936707771530e-01,1.164014025955478e-09
1.565066629695450e-01,1.163792301029200e-09
1.567196551619370e-01,1.163570912292524e-09
1.569326473543290e-01,1.163349858719927e-09
1.571456395467210e-01,1.163129139427171e-09
1.573586317391130e-01,1.162908753565360e-09
1.575716239315040e-01,1.162688700285604e-09
1.577846161238960e-01,1.162468978739005e-09
1.579976083162880e-01,1.162249588076670e-09
1.582106005086800e-01,1.162030527449705e-09
1.584235927010720e-01,1.161811796009217e-09
1.586365848934640e-01,1.161593392906310e-09
1.588495770858560e-01,1.161375317292091e-09
1.590625692782470e-01,1.161157568310104e-09
1.592755614706390e-01,1.160940145073634e-09
1.594885536630310e-01,1.160723046688398e-09
1.597015458554230e-01,1.160506272260116e-09
1.599145380478150e-01,1.160289820894507e-09
1.601275302402070e-01,1.160073691697287e-09
1.603405224325990e-01,1.159857883774176e-09
1.605535146249910e-01,1.159642396230893e-09
1.607665068173820e-01,1.159427228173156e-09
1.609794990097740e-01,1.159212378706681e-09
1.611924912021660e-01,1.158997846914557e-09
1.614054833945580e-01,1.158783631789336e-09
1.616184755869500e-01,1.158569732300942e-09
1.618314677793420e-01,1.158356147419296e-09
1.620444599717340e-01,1.158142876114318e-09
1.622574521641260e-01,1.157929917355932e-09
1.624704443565170e-01,1.157717270114059e-09
1.626834365489090e-01,1.157504933358620e-09
1.628964287413010e-01,1.157292906059536e-09
1.631094209336930e-01,1.157081187186730e-09
1.633224131260850e-01,1.156869775771900e-09
1.635354053184770e-01,1.156658671093788e-09
1.637483975108690e-01,1.156447872492874e-09
1.639613897032600e-01,1.156237379309640e-09
1.641743818956520e-01,1.156027190884566e-09
1.643873740880440e-01,1.155817306558135e-09
1.646003662804360e-01,1.155607725670827e-09
1.648133584728280e-01,1.155398447563124e-09
1.650263506652200e-01,1.155189471575508e-09
1.652393428576120e-01,1.154980797048460e-09
1.654523350500040e-01,1.154772423285905e-09
1.656653272423950e-01,1.154564349445633e-09
1.658783194347870e-01,1.154356574648919e-09
1.660913116271790e-01,1.154149098017042e-09
1.663043038195710e-01,1.153941918671277e-09
1.665172960119630e-01,1.153735035732904e-09
1.667302882043550e-01,1.153528448323198e-09
1.669432803967470e-01,1.153322155563436e-09
1.671562725891380e-01,1.153116156574897e-09
1.673692647815300e-01,1.152910450478856e-09
1.675822569739220e-01,1.152705036419082e-09
1.677952491663140e-01,1.152499913629351e-09
1.680082413587060e-01,1.152295081365954e-09
1.682212335510980e-01,1.152090538885181e-09
1.684342257434900e-01,1.151886285443322e-09
1.686472179358820e-01,1.151682320296666e-09
1.688602101282730e-01,1.151478642701506e-09
1.690732023206650e-01,1.151275251914129e-09
1.692861945130570e-01,1.151072147190826e-09
1.694991867054490e-01,1.150869327787888e-09
1.697121788978410e-01,1.150666792961429e-09
1.699251710902330e-01,1.150464541966864e-09
1.701381632826250e-01,1.150262574059430e-09
1.703511554750170e-01,1.150060888494367e-09
1.705641476674080e-01,1.149859484526913e-09
1.707771398598000e-01,1.149658361412306e-09
1.709901320521920e-01,1.149457518405785e-09
1.712031242445840e-01,1.149256954762589e-09
1.714161164369760e-01,1.149056669737957e-09
1.716291086293680e-01,1.148856662587127e-09
1.718421008217600e-01,1.148656932544788e-09
1.720550930141510e-01,1.148457478763446e-09
1.722680852065430e-01,1.148258300375057e-09
1.724810773989350e-01,1.148059396511582e-09
1.726940695913270e-01,1.147860766304980e-09
1.729070617837190e-01,1.147662408887212e-09
1.731200539761110e-01,1.147464323390236e-09
1.733330461685030e-01,1.147266508946012e-09
1.735460383608950e-01,1.147068964686500e-09
1.737590305532860e-01,1.146871689743660e-09
1.739720227456780e-01,1.146674683332958e-09
1.741850149380700e-01,1.146477945003759e-09
1.743980071304620e-01,1.146281474388864e-09
1.746109993228540e-01,1.146085271121072e-09
1.748239915152460e-01,1.145889334833183e-09
1.750369837076380e-01,1.145693665157999e-09
1.752499759000290e-01,1.145498261728321e-09
1.754629680924210e-01,1.145303124176946e-09
1.756759602848130e-01,1.145108252136677e-09
1.758889524772050e-01,1.144913645240314e-09
1.761019446695970e-01,1.144719303032076e-09
1.763149368619890e-01,1.144525224701620e-09
1.765279290543810e-01,1.144331409349902e-09
1.767409212467730e-01,1.144137856077880e-09
1.769539134391640e-01,1.143944563986511e-09
1.771669056315560e-01,1.143751532176750e-09
1.773798978239480e-01,1.143558759749556e-09
1.775928900163400e-01,1.143366245805884e-09
1.778058822087320e-01,1.143173989446692e-09
1.780188744011240e-01,1.142981989772937e-09
1.782318665935160e-01,1.142790245927893e-09
1.784448587859070e-01,1.142598757224166e-09
1.786578509782990e-01,1.142407523016706e-09
1.788708431706910e-01,1.142216542660468e-09
1.790838353630830e-01,1.142025815510404e-09
1.792968275554750e-01,1.141835340921466e-09
1.795098197478670e-01,1.141645118248608e-09
1.797228119402590e-01,1.141455146846782e-09
1.799358041326510e-01,1.141265426070942e-09
1.801487963250420e-01,1.141075955276039e-09
1.803617885174340e-01,1.140886733854318e-09
1.805747807098260e-01,1.140697761347197e-09
1.807877729022180e-01,1.140509037333390e-09
1.810007650946100e-01,1.140320561391611e-09
1.812137572870020e-01,1.140132333100572e-09
1.814267494793940e-01,1.139944352038988e-09
1.816397416717860e-01,1.139756617785572e-09
1.818527338641770e-01,1.139569129919039e-09
1.820657260565690e-01,1.139381888018100e-09
1.822787182489610e-01,1.139194891661470e-09
1.824917104413530e-01,1.139008140356066e-09
1.827047026337450e-01,1.138821633321693e-09
1.829176948261370e-01,1.138635369706395e-09
1.831306870185290e-01,1.138449348658218e-09
1.833436792109200e-01,1.138263569325207e-09
1.835566714033120e-01,1.138078030855405e-09
1.837696635957040e-01,1.137892732396859e-09
1.839826557880960e-01,1.137707673097613e-09
1.841956479804880e-01,1.137522852105712e-09
1.844086401728800e-01,1.137338268569202e-09
1.846216323652720e-01,1.137153921723103e-09
1.848346245576640e-01,1.136969811150146e-09
1.850476167500550e-01,1.136785936519941e-09
1.852606089424470e-01,1.136602297502095e-09
1.854736011348390e-01,1.136418893766218e-09
1.856865933272310e-01,1.136235724981918e-09
1.858995855196230e-01,1.136052790818803e-09
1.861125777120150e-01,1.135870090946484e-09
1.863255699044070e-01,1.135687625034568e-09
1.865385620967990e-01,1.135505392752664e-09
1.867515542891900e-01,1.135323393714915e-09
1.869645464815820e-01,1.135141627313472e-09
1.871775386739740e-01,1.134960092884962e-09
1.873905308663660e-01,1.134778789766011e-09
1.876035230587580e-01,1.134597717293245e-09
1.878165152511500e-01,1.134416874803291e-09
1.880295074435420e-01,1.134236261632775e-09
1.882424996359330e-01,1.134055877118325e-09
1.884554918283250e-01,1.133875720596564e-09
1.886684840207170e-01,1.133695791404120e-09
1.888814762131090e-01,1.133516088911789e-09
1.890944684055010e-01,1.133336612627072e-09
1.893074605978930e-01,1.133157362091658e-09
1.895204527902850e-01,1.132978336847232e-09
1.897334449826770e-01,1.132799536435482e-09
1.899464371750680e-01,1.132620960398095e-09
1.901594293674600e-01,1.132442608276758e-09
1.903724215598520e-01,1.132264479613157e-09
1.905854137522440e-01,1.132086573948980e-09
1.907984059446360e-01,1.131908890825914e-09
1.910113981370280e-01,1.131731429722130e-09
1.912243903294200e-01,1.131554189861759e-09
1.914373825218110e-01,1.131377170405428e-09
1.916503747142030e-01,1.131200370513760e-09
1.918633669065950e-01,1.131023789347383e-09
1.920763590989870e-01,1.130847426066923e-09
1.922893512913790e-01,1.130671279833006e-09
1.925023434837710e-01,1.130495349806256e-09
1.927153356761630e-01,1.130319635147301e-09
1.929283278685550e-01,1.130144135016766e-09
1.931413200609460e-01,1.129968848740207e-09
1.933543122533380e-01,1.129793776302632e-09
1.935673044457300e-01,1.129618917853854e-09
1.937802966381220e-01,1.129444273543681e-09
1.939932888305140e-01,1.129269843521925e-09
1.942062810229060e-01,1.129095627938395e-09
1.944192732152980e-01,1.128921626942902e-09
1.946322654076900e-01,1.128747840685256e-09
1.948452576000810e-01,1.128574269315268e-09
1.950582497924730e-01,1.128400912982747e-09
1.952712419848650e-01,1.128227771643800e-09
1.954842341772570e-01,1.128054844480263e-09
1.956972263696490e-01,1.127882130480544e-09
1.959102185620410e-01,1.127709628633048e-09
1.961232107544330e-01,1.127537337926179e-09
1.963362029468240e-01,1.127365257348345e-09
1.965491951392160e-01,1.127193385887947e-09
1.967621873316080e-01,1.127021722533395e-09
1.969751795240000e-01,1.126850266273091e-09
1.971881717163920e-01,1.126679016095443e-09
1.974011639087840e-01,1.126507971081841e-09
1.976141561011760e-01,1.126337130685764e-09
1.978271482935680e-01,1.126166494453754e-09
1.980401404859590e-01,1.125996061932349e-09
1.982531326783510e-01,1.125825832668089e-09
1.984661248707430e-01,1.125655806207515e-09
1.986791170631350e-01,1.125485982097165e-09
1.988921092555270e-01,1.125316359883580e-09
1.991051014479190e-01,1.125146939113299e-09
1.993180936403110e-01,1.124977719332862e-09
1.995310858327020e-01,1.124808700156148e-09
1.997440780250940e-01,1.124639881466411e-09
1.999570702174860e-01,1.124471263214259e-09
2.001700624098780e-01,1.124302845350298e-09
2.003830546022700e-01,1.124134627825134e-09
2.005960467946620e-01,1.123966610589374e-09
2.008090389870540e-01,1.123798793593624e-09
2.010220311794460e-01,1.123631176788490e-09
2.012350233718370e-01,1.123463760124580e-09
2.014480155642290e-01,1.123296543552497e-09
2.016610077566210e-01,1.123129526882405e-09
2.018739999490130e-01,1.122962709362800e-09
2.020869921414050e-01,1.122796090101798e-09
2.022999843337970e-01,1.122629668207514e-09
2.025129765261890e-01,1.122463442788060e-09
2.027259687185810e-01,1.122297412951552e-09
2.029389609109720e-01,1.122131577806105e-09
2.031519531033640e-01,1.121965936459831e-09
2.033649452957560e-01,1.121800488020845e-09
2.035779374881480e-01,1.121635231597263e-09
2.037909296805400e-01,1.121470166413376e-09
2.040039218729320e-01,1.121305292157948e-09
2.042169140653240e-01,1.121140608635796e-09
2.044299062577150e-01,1.120976115651740e-09
2.046428984501070e-01,1.120811813010595e-09
2.048558906424990e-01,1.120647700517182e-09
2.050688828348910e-01,1.120483777976319e-09
2.052818750272830e-01,1.120320045192823e-09
2.054948672196750e-01,1.120156501971513e-09
2.057078594120670e-01,1.119993148117207e-09
2.059208516044590e-01,1.119829983409043e-09
2.061338437968500e-01,1.119667007523373e-09
2.063468359892420e-01,1.119504220110837e-09
2.065598281816340e-01,1.119341620822079e-09
2.067728203740260e-01,1.119179209307738e-09
2.069858125664180e-01,1.119016985218458e-09
2.071988047588100e-01,1.118854948204881e-09
2.074117969512020e-01,1.118693097917646e-09
2.076247891435940e-01,1.118531434007397e-09
2.078377813359850e-01,1.118369956124775e-09
2.080507735283770e-01,1.118208663873954e-09
2.082637657207690e-01,1.118047556673192e-09
2.084767579131610e-01,1.117886633894256e-09
2.086897501055530e-01,1.117725894908913e-09
2.089027422979450e-01,1.117565339088928e-09
2.091157344903370e-01,1.117404965806068e-09
2.093287266827280e-01,1.117244774432101e-09
2.095417188751200e-01,1.117084764338791e-09
2.097547110675120e-01,1.116924934897905e-09
2.099677032599040e-01,1.116765285481211e-09
2.101806954522960e-01,1.116605815564833e-09
2.103936876446880e-01,1.116446525042316e-09
2.106066798370800e-01,1.116287413911556e-09
2.108196720294720e-01,1.116128482170445e-09
2.110326642218630e-01,1.115969729816880e-09
2.112456564142550e-01,1.115811156848753e-09
2.114586486066470e-01,1.115652763263959e-09
2.116716407990390e-01,1.115494549060392e-09
2.118846329914310e-01,1.115336514235948e-09
2.120976251838230e-01,1.115178658788520e-09
2.123106173762150e-01,1.115020982559549e-09
2.125236095686060e-01,1.114863484764887e-09
2.127366017609980e-01,1.114706164464039e-09
2.129495939533900e-01,1.114549020716515e-09
2.131625861457820e-01,1.114392052581822e-09
2.133755783381740e-01,1.114235259119467e-09
2.135885705305660e-01,1.114078639388960e-09
2.138015627229580e-01,1.113922192449807e-09
2.140145549153500e-01,1.113765917361516e-09
2.142275471077410e-01,1.113609813183597e-09
2.144405393001330e-01,1.113453879180897e-09
2.146535314925250e-01,1.113298115439092e-09
2.148665236849170e-01,1.113142522248926e-09
2.150795158773090e-01,1.112987099901145e-09
2.152925080697010e-01,1.112831848686492e-09
2.155055002620930e-01,1.112676768895712e-09
2.157184924544850e-01,1.112521860819550e-09
2.159314846468760e-01,1.112367124748751e-09
2.161444768392680e-01,1.112212560974058e-09
2.163574690316600e-01,1.112058169786216e-09
2.165704612240520e-01,1.111903951310189e-09
2.167834534164440e-01,1.111749905007528e-09
2.169964456088360e-01,1.111596030173858e-09
2.172094378012280e-01,1.111442326104803e-09
2.174224299936190e-01,1.111288792095991e-09
2.176354221860110e-01,1.111135427443044e-09
2.178484143784030e-01,1.110982231441588e-09
2.180614065707950e-01,1.110829203387250e-09
2.182743987631870e-01,1.110676342575654e-09
2.184873909555790e-01,1.110523648302424e-09
2.187003831479710e-01,1.110371119919417e-09
2.189133753403630e-01,1.110218757003439e-09
2.191263675327540e-01,1.110066559187540e-09
2.193393597251460e-01,1.109914526104769e-09
2.195523519175380e-01,1.109762657388177e-09
2.197653441099300e-01,1.109610952670814e-09
2.199783363023220e-01,1.109459411585731e-09
2.201913284947140e-01,1.109308033765978e-09
2.204043206871060e-01,1.109156818844605e-09
2.206173128794970e-01,1.109005766454663e-09
2.208303050718890e-01,1.108854876270572e-09
2.210432972642810e-01,1.108704148132210e-09
2.212562894566730e-01,1.108553581920807e-09
2.214692816490650e-01,1.108403177517595e-09
2.216822738414570e-01,1.108252934803808e-09
2.218952660338490e-01,1.108102853660677e-09
2.221082582262410e-01,1.107952933969434e-09
2.223212504186320e-01,1.107803175611311e-09
2.225342426110240e-01,1.107653578467540e-09
2.227472348034160e-01,1.107504142419354e-09
2.229602269958080e-01,1.107354867252951e-09
2.231732191882000e-01,1.107205752374586e-09
2.233862113805920e-01,1.107056797095576e-09
2.235992035729840e-01,1.106908000727235e-09
2.238121957653760e-01,1.106759362580879e-09
2.240251879577670e-01,1.106610881967825e-09
2.242381801501590e-01,1.106462558199386e-09
2.244511723425510e-01,1.106314390586878e-09
2.246641645349430e-01,1.106166378441618e-09
2.248771567273350e-01,1.106018521074920e-09
2.250901489197270e-01,1.105870817941912e-09
2.253031411121190e-01,1.105723269073325e-09
2.255161333045100e-01,1.105575874643876e-09
2.257291254969020e-01,1.105428634828282e-09
2.259421176892940e-01,1.105281549801262e-09
2.261551098816860e-01,1.105134619737532e-09
2.263681020740780e-01,1.104987844811811e-09
2.265810942664700e-01,1.104841225198816e-09
2.267940864588620e-01,1.104694761073265e-09
2.270070786512540e-01,1.104548452609875e-09
2.272200708436450e-01,1.104402299833400e-09
2.274330630360370e-01,1.104256302168548e-09
2.276460552284290e-01,1.104110458889974e-09
2.278590474208210e-01,1.103964769272332e-09
2.280720396132130e-01,1.103819232590277e-09
2.282850318056050e-01,1.103673848118463e-09
2.284980239979970e-01,1.103528615131544e-09
2.287110161903880e-01,1.103383532904176e-09
2.289240083827800e-01,1.103238600711011e-09
2.291370005751720e-01,1.103093817826704e-09
2.293499927675640e-01,1.102949183639374e-09
2.295629849599560e-01,1.102804697990993e-09
2.297759771523480e-01,1.102660360836996e-09
2.299889693447400e-01,1.102516172132818e-09
2.302019615371320e-01,1.102372131833893e-09
2.304149537295230e-01,1.102228239895656e-09
2.306279459219150e-01,1.102084496273542e-09
2.308409381143070e-01,1.101940900922985e-09
2.310539303066990e-01,1.101797453799420e-09
2.312669224990910e-01,1.101654154858282e-09
2.314799146914830e-01,1.101511004013051e-09
2.316929068838750e-01,1.101368001009442e-09
2.319058990762670e-01,1.101225145551243e-09
2.321188912686580e-01,1.101082437342241e-09
2.323318834610500e-01,1.100939876086222e-09
2.325448756534420e-01,1.100797461486973e-09
2.327578678458340e-01,1.100655193248283e-09
2.329708600382260e-01,1.100513071073937e-09
2.331838522306180e-01,1.100371094667724e-09
2.333968444230100e-01,1.100229263733430e-09
2.336098366154010e-01,1.100087577970687e-09
2.338228288077930e-01,1.099946037062502e-09
2.340358210001850e-01,1.099804640687735e-09
2.342488131925770e-01,1.099663388525244e-09
2.344618053849690e-01,1.099522280253888e-09
2.346747975773610e-01,1.099381315552525e-09
2.348877897697530e-01,1.099240494100012e-09
2.351007819621450e-01,1.099099815575209e-09
2.353137741545360e-01,1.098959279656974e-09
2.355267663469280e-01,1.098818886024164e-09
2.357397585393200e-01,1.098678634344794e-09
2.359527507317120e-01,1.098538524243483e-09
2.361657429241040e-01,1.098398555333995e-09
2.363787351164960e-01,1.098258727230093e-09
2.365917273088880e-01,1.098119039545543e-09
2.368047195012800e-01,1.097979491894108e-09
2.370177116936710e-01,1.097840083889554e-09
2.372307038860630e-01,1.097700815145642e-09
2.374436960784550e-01,1.097561685276139e-09
2.376566882708470e-01,1.097422693894808e-09
2.378696804632390e-01,1.097283840676749e-09
2.380826726556310e-01,1.097145125542447e-09
2.382956648480230e-01,1.097006548473740e-09
2.385086570404140e-01,1.096868109452469e-09
2.387216492328060e-01,1.096729808460474e-09
2.389346414251980e-01,1.096591645479593e-09
2.391476336175900e-01,1.096453620491667e-09
2.393606258099820e-01,1.096315733478536e-09
2.395736180023740e-01,1.096177984422039e-09
2.397866101947660e-01,1.096040373304016e-09
2.399996023871580e-01,1.095902900028754e-09
2.402125945795490e-01,1.095765564190363e-09
2.404255867719410e-01,1.095628365305423e-09
2.406385789643330e-01,1.095491302890514e-09
2.408515711567250e-01,1.095354376462217e-09
2.410645633491170e-01,1.095217585537110e-09
2.412775555415090e-01,1.095080929631774e-09
2.414905477339010e-01,1.094944408262789e-09
2.417035399262920e-01,1.094808020946734e-09
2.419165321186840e-01,1.094671767200190e-09
2.421295243110760e-01,1.094535646602393e-09
2.423425165034680e-01,1.094399658983105e-09
2.425555086958600e-01,1.094263804234684e-09
2.427685008882520e-01,1.094128082249492e-09
2.429814930806440e-01,1.093992492919889e-09
2.431944852730360e-01,1.093857036138236e-09
2.434074774654270e-01,1.093721711796895e-09
2.436204696578190e-01,1.093586519788224e-09
2.438334618502110e-01,1.093451460004584e-09
2.440464540426030e-01,1.093316532338337e-09
2.442594462349950e-01,1.093181736659744e-09
2.444724384273870e-01,1.093047072750609e-09
2.446854306197790e-01,1.092912540370610e-09
2.448984228121710e-01,1.092778139279425e-09
2.451114150045620e-01,1.092643869236731e-09
2.453244071969540e-01,1.092509730002203e-09
2.455373993893460e-01,1.092375721335521e-09
2.457503915817380e-01,1.092241842996360e-09
2.459633837741300e-01,1.092108094744399e-09
2.461763759665220e-01,1.091974476339313e-09
2.463893681589140e-01,1.091840987521949e-09
2.466023603513050e-01,1.091707627957792e-09
2.468153525436970e-01,1.091574397293482e-09
2.470283447360890e-01,1.091441295175660e-09
2.472413369284810e-01,1.091308321250967e-09
2.474543291208730e-01,1.091175475166044e-09
2.476673213132650e-01,1.091042756567530e-09
2.478803135056570e-01,1.090910165102067e-09
2.480933056980490e-01,1.090777700416296e-09
2.483062978904400e-01,1.090645362156857e-09
2.485192900828320e-01,1.090513150013308e-09
2.487322822752240e-01,1.090381063846885e-09
2.489452744676160e-01,1.090249103561744e-09
2.491582666600080e-01,1.090117269062041e-09
2.493712588524000e-01,1.089985560251931e-09
2.495842510447920e-01,1.089853977035571e-09
2.497972432371830e-01,1.089722519317116e-09
2.500102354295750e-01,1.089591187000723e-09
2.502232276219670e-01,1.089459979990547e-09
2.504362198143590e-01,1.089328898190743e-09
2.506492120067510e-01,1.089197941480624e-09
2.508622041991430e-01,1.089067109640151e-09
2.510751963915350e-01,1.088936402424452e-09
2.512881885839270e-01,1.088805819588658e-09
2.515011807763180e-01,1.088675360887900e-09
2.517141729687100e-01,1.088545026077307e-09
2.519271651611020e-01,1.088414814912008e-09
2.521401573534940e-01,1.088284727147135e-09
2.523531495458860e-01,1.088154762537816e-09
2.525661417382780e-01,1.088024920839183e-09
2.527791339306700e-01,1.087895201811106e-09
2.529921261230620e-01,1.087765605232413e-09
2.532051183154530e-01,1.087636130886670e-09
2.534181105078450e-01,1.087506778557437e-09
2.536311027002370e-01,1.087377548028281e-09
2.538440948926290e-01,1.087248439082764e-09
2.540570870850210e-01,1.087119451504450e-09
2.542700792774130e-01,1.086990585076904e-09
2.544830714698050e-01,1.086861839583689e-09
2.546960636621960e-01,1.086733214808368e-09
2.549090558545880e-01,1.086604710504896e-09
2.551220480469800e-01,1.086476326308721e-09
2.553350402393720e-01,1.086348061825652e-09
2.555480324317640e-01,1.086219916661500e-09
2.557610246241560e-01,1.086091890422071e-09
2.559740168165480e-01,1.085963982713177e-09
2.561870090089400e-01,1.085836193140624e-09
2.564000012013310e-01,1.085708521310223e-09
2.566129933937230e-01,1.085580966827781e-09
2.568259855861150e-01,1.085453529299109e-09
2.570389777785070e-01,1.085326208406846e-09
2.572519699708990e-01,1.085199004141021e-09
2.574649621632910e-01,1.085071916568526e-09
2.576779543556830e-01,1.084944945756253e-09
2.578909465480740e-01,1.084818091771093e-09
2.581039387404660e-01,1.084691354679939e-09
2.583169309328580e-01,1.084564734549681e-09
2.585299231252500e-01,1.084438231447212e-09
2.587429153176420e-01,1.084311845439424e-09
2.589559075100340e-01,1.084185576593207e-09
2.591688997024260e-01,1.084059424914001e-09
2.593818918948180e-01,1.083933390161457e-09
2.595948840872090e-01,1.083807472033787e-09
2.598078762796010e-01,1.083681670229200e-09
2.600208684719930e-01,1.083555984445909e-09
2.602338606643850e-01,1.083430414382125e-09
2.604468528567770e-01,1.083304959736059e-09
2.606598450491690e-01,1.083179620205922e-09
2.608728372415610e-01,1.083054395489925e-09
2.610858294339530e-01,1.082929285286279e-09
2.612988216263440e-01,1.082804289304538e-09
2.615118138187360e-01,1.082679407299604e-09
2.617248060111280e-01,1.082554639037710e-09
2.619377982035200e-01,1.082429984285092e-09
2.621507903959120e-01,1.082305442807984e-09
2.623637825883040e-01,1.082181014372621e-09
2.625767747806960e-01,1.082056698745237e-09
2.627897669730870e-01,1.081932495692068e-09
2.630027591654790e-01,1.081808404979346e-09
2.632157513578710e-01,1.081684426373306e-09
2.634287435502630e-01,1.081560559664013e-09
2.636417357426550e-01,1.081436804736914e-09
2.638547279350470e-01,1.081313161501315e-09
2.640677201274390e-01,1.081189629866526e-09
2.642807123198310e-01,1.081066209741854e-09
2.644937045122220e-01,1.080942901036608e-09
2.647066967046140e-01,1.080819703660096e-09
2.649196888970060e-01,1.080696617521626e-09
2.651326810893980e-01,1.080573642530507e-09
2.653456732817900e-01,1.080450778596046e-09
2.655586654741820e-01,1.080328025588303e-09
2.657716576665740e-01,1.080205383220279e-09
2.659846498589660e-01,1.080082851165697e-09
2.661976420513570e-01,1.079960429098281e-09
2.664106342437490e-01,1.079838116691752e-09
2.666236264361410e-01,1.079715913619834e-09
2.668366186285330e-01,1.079593819556249e-09
2.670496108209250e-01,1.079471834174721e-09
2.672626030133170e-01,1.079349957148973e-09
2.674755952057090e-01,1.079228188152726e-09
2.676885873981000e-01,1.079106526893423e-09
2.679015795904920e-01,1.078984973213389e-09
2.681145717828840e-01,1.078863526988670e-09
2.683275639752760e-01,1.078742188095314e-09
2.685405561676680e-01,1.078620956409370e-09
2.687535483600600e-01,1.078499831806885e-09
2.689665405524520e-01,1.078378814163906e-09
2.691795327448440e-01,1.078257903356482e-09
2.693925249372350e-01,1.078137099260661e-09
2.696055171296270e-01,1.078016401752489e-09
2.698185093220190e-01,1.077895810723664e-09
2.700315015144110e-01,1.077775326128474e-09
2.702444937068030e-01,1.077654947936846e-09
2.704574858991950e-01,1.077534676118709e-09
2.706704780915870e-01,1.077414510643992e-09
2.708834702839780e-01,1.077294451482624e-09
2.710964624763700e-01,1.077174498604533e-09
2.713094546687620e-01,1.077054651979647e-09
2.715224468611540e-01,1.076934911577896e-09
2.717354390535460e-01,1.076815277369209e-09
2.719484312459380e-01,1.076695749273146e-09
2.721614234383300e-01,1.076576327007914e-09
2.723744156307220e-01,1.076457010241404e-09
2.725874078231130e-01,1.076337798641511e-09
2.728004000155050e-01,1.076218691876126e-09
2.730133922078970e-01,1.076099689613143e-09
2.732263844002890e-01,1.075980791520455e-09
2.734393765926810e-01,1.075861997265956e-09
2.736523687850730e-01,1.075743306517537e-09
2.738653609774650e-01,1.075624718943094e-09
2.740783531698570e-01,1.075506234146749e-09
2.742913453622480e-01,1.075387851477417e-09
2.745043375546400e-01,1.075269570220171e-09
2.747173297470320e-01,1.075151389660084e-09
2.749303219394240e-01,1.075033309082232e-09
2.751433141318160e-01,1.074915327771689e-09
2.753563063242080e-01,1.074797445013528e-09
2.755692985166000e-01,1.074679660092824e-09
2.757822907089910e-01,1.074561972294651e-09
2.759952829013830e-01,1.074444380904084e-09
2.762082750937750e-01,1.074326885824904e-09
2.764212672861670e-01,1.074209489436325e-09
2.766342594785590e-01,1.074092194736567e-09
2.768472516709510e-01,1.073975004723851e-09
2.770602438633430e-01,1.073857922396394e-09
2.772732360557350e-01,1.073740950752418e-09
2.774862282481260e-01,1.073624092790143e-09
2.776992204405180e-01,1.073507351507787e-09
2.779122126329100e-01,1.073390729903572e-09
2.781252048253020e-01,1.073274230975716e-09
2.783381970176940e-01,1.073157855127963e-09
2.785511892100860e-01,1.073041592386856e-09
