7.791356504680618e-06,4.171702416618467e-09
8.610780621332552e-06,4.128947319591908e-09
9.516384324626089e-06,4.086621503944576e-09
1.051723120080771e-05,4.044719249896520e-09
1.162333806181051e-05,4.003235637257452e-09
1.284577519687474e-05,3.962166050890374e-09
1.419677716772344e-05,3.921505130407049e-09
1.568986525616830e-05,3.881248303399926e-09
1.733998278964274e-05,3.841390366188381e-09
1.916364469904539e-05,3.801927026791781e-09
2.117910280571951e-05,3.762853253798355e-09
2.340652849181556e-05,3.724164520469905e-09
2.586821458226360e-05,3.685856949701848e-09
2.858879845885812e-05,3.647926367686773e-09
3.159550863945590e-05,3.610369202569781e-09
3.491843729013453e-05,3.573182029228136e-09
3.859084139770492e-05,3.536361447649707e-09
4.264947561681323e-05,3.499904862172169e-09
4.713496012287843e-05,3.463808308634126e-09
5.209218715246060e-05,3.428068958366447e-09
5.757077029985334e-05,3.392682776607813e-09
6.362554106661115e-05,3.357645573374680e-09
7.031709763364645e-05,3.322953039103037e-09
7.771241134819200e-05,3.288600889672239e-09
8.588549699555374e-05,3.254585658402649e-09
9.491815356395940e-05,3.220903803893641e-09
1.049007829163263e-04,3.187552235843873e-09
1.159332945624905e-04,3.154526614061641e-09
1.281261055871622e-04,3.121823149670899e-09
1.416012457412214e-04,3.089438371984103e-09
1.564935787564811e-04,3.057369114151431e-09
1.729521521072439e-04,3.025610812768995e-09
1.911416887275217e-04,2.994161029808221e-09
2.112442356135248e-04,2.963015816989967e-09
2.334609858111876e-04,2.932171575764825e-09
2.580142920237960e-04,2.901625176419158e-09
2.851498919925769e-04,2.871372890177396e-09
3.151393679226079e-04,2.841411944872770e-09
3.482828645688079e-04,2.811738531727570e-09
3.849120931855259e-04,2.782349491126000e-09
4.253936514042669e-04,2.753241781387654e-09
4.701326922660057e-04,2.724412149516126e-09
5.195769791289974e-04,2.695857464667731e-09
5.742213670349657e-04,2.667574332198238e-09
6.346127553846864e-04,2.639560317304403e-09
7.013555614910102e-04,2.611812123857288e-09
7.751177697904812e-04,2.584326707714057e-09
8.566376172560946e-04,2.557101623206118e-09
9.467309819210534e-04,2.530134284305537e-09
1.046299548460350e-03,2.503422347926843e-09
1.156339832554060e-03,2.476962948543595e-09
1.277953154351212e-03,2.450631161157552e-09
1.405748469786333e-03,2.425763117654580e-09
1.533543785221454e-03,2.403367802885062e-09
1.661339100656575e-03,2.383039674743832e-09
1.789134416091696e-03,2.364373191125721e-09
1.916929731526817e-03,2.347017512656836e-09
2.000000000000000e-03,2.336372862467618e-09
2.044725046961939e-03,2.330840286402381e-09
2.172520362397060e-03,2.315746649510230e-09
2.300315677832181e-03,2.301616218435577e-09
2.428110993267302e-03,2.288326544204151e-09
2.555906308702423e-03,2.275766503916321e-09
2.683701624137544e-03,2.263870278978186e-09
2.811496939572665e-03,2.252583376874064e-09
2.939292255007787e-03,2.241851305088275e-09
3.067087570442908e-03,2.231619571105140e-09
3.194882885878029e-03,2.221837973131584e-09
3.322678201313150e-03,2.212473472438020e-09
3.450473516748271e-03,2.203497321104004e-09
3.578268832183392e-03,2.194880771209090e-09
3.706064147618514e-03,2.186595074832832e-09
3.833859463053635e-03,2.178613452629828e-09
3.961654778488756e-03,2.170916999527554e-09
4.089450093923877e-03,2.163488779014884e-09
4.217245409358998e-03,2.156311854580695e-09
4.345040724794119e-03,2.149369289713861e-09
4.472836040229241e-03,2.142645174969581e-09
4.600631355664362e-03,2.136127709194898e-09
4.728426671099482e-03,2.129806118316449e-09
4.856221986534604e-03,2.123669628260870e-09
4.984017301969726e-03,2.117707464954801e-09
5.111812617404846e-03,2.111909440633083e-09
5.239607932839968e-03,2.106267712746769e-09
5.367403248275089e-03,2.100775025046806e-09
5.495198563710209e-03,2.095424121284138e-09
5.622993879145331e-03,2.090207745209711e-09
5.750789194580453e-03,2.085118997976125e-09
5.878584510015573e-03,2.080152410346641e-09
6.006379825450694e-03,2.075302870488203e-09
6.134175140885816e-03,2.070565266567753e-09
6.261970456320937e-03,2.065934486752235e-09
6.389765771756058e-03,2.061405649942566e-09
6.517561087191179e-03,2.056974797965677e-09
6.645356402626300e-03,2.052638203377530e-09
6.773151718061422e-03,2.048392138734088e-09
6.900947033496543e-03,2.044232876591314e-09
7.028742348931663e-03,2.040156843040294e-09
7.156537664366785e-03,2.036161078312133e-09
7.284332979801906e-03,2.032242776172819e-09
7.412128295237027e-03,2.028399130388340e-09
7.539923610672148e-03,2.024627334724685e-09
7.667718926107269e-03,2.020924691991169e-09
7.795514241542391e-03,2.017288941174402e-09
7.923309556977513e-03,2.013717930306314e-09
8.051104872412632e-03,2.010209507418837e-09
8.178900187847754e-03,2.006761520543901e-09
8.306695503282877e-03,2.003371893181774e-09
8.434490818717996e-03,2.000038850704746e-09
8.562286134153118e-03,1.996760693952779e-09
8.690081449588239e-03,1.993535723765836e-09
8.817876765023359e-03,1.990362240983877e-09
8.945672080458482e-03,1.987238605354642e-09
9.073467395893601e-03,1.984163412258278e-09
9.201262711328723e-03,1.981135315983356e-09
9.329058026763846e-03,1.978152970818451e-09
9.456853342198965e-03,1.975215031052135e-09
9.584648657634087e-03,1.972320186321047e-09
9.712443973069206e-03,1.969467267652954e-09
9.840239288504329e-03,1.966655141423120e-09
9.968034603939451e-03,1.963882674006809e-09
1.009582991937457e-02,1.961148731779286e-09
1.022362523480969e-02,1.958452231464952e-09
1.035142055024482e-02,1.955792291185138e-09
1.047921586567993e-02,1.953168079410504e-09
1.060701118111506e-02,1.950578764611706e-09
1.073480649655018e-02,1.948023515259405e-09
1.086260181198530e-02,1.945501499824258e-09
1.099039712742042e-02,1.943011886776925e-09
1.111819244285554e-02,1.940553844588064e-09
1.124598775829066e-02,1.938126541728332e-09
1.137378307372578e-02,1.935729146668391e-09
1.150157838916090e-02,1.933360870671771e-09
1.162937370459603e-02,1.931021096161149e-09
1.175716902003114e-02,1.928709248345903e-09
1.188496433546627e-02,1.926424752435406e-09
1.201275965090139e-02,1.924167033639036e-09
1.214055496633651e-02,1.921935517166167e-09
1.226835028177163e-02,1.919729628226177e-09
1.239614559720675e-02,1.917548792028440e-09
1.252394091264187e-02,1.915392433782332e-09
1.265173622807700e-02,1.913259978697230e-09
1.277953154351211e-02,1.911150876785255e-09
1.290732685894724e-02,1.909064677278295e-09
1.303512217438236e-02,1.907000954215378e-09
1.316291748981748e-02,1.904959281635531e-09
1.329071280525260e-02,1.902939233577783e-09
1.341850812068772e-02,1.900940384081158e-09
1.354630343612284e-02,1.898962307184687e-09
1.367409875155796e-02,1.897004576927395e-09
1.380189406699308e-02,1.895066767348310e-09
1.392968938242821e-02,1.893148452486460e-09
1.405748469786333e-02,1.891249224444001e-09
1.418528001329845e-02,1.889368747576663e-09
1.431307532873357e-02,1.887506704303826e-09
1.444087064416869e-02,1.885662777044873e-09
1.456866595960381e-02,1.883836648219185e-09
1.469646127503893e-02,1.882028000246145e-09
1.482425659047405e-02,1.880236515545134e-09
1.495205190590917e-02,1.878461876535534e-09
1.507984722134430e-02,1.876703765636728e-09
1.520764253677942e-02,1.874961865268096e-09
1.533543785221454e-02,1.873235869541859e-09
1.546323316764966e-02,1.871525519338808e-09
1.559102848308478e-02,1.869830567231178e-09
1.571882379851990e-02,1.868150765791204e-09
1.584661911395502e-02,1.866485867591122e-09
1.597441442939014e-02,1.864835625203168e-09
1.610220974482527e-02,1.863199791199577e-09
1.623000506026039e-02,1.861578118152586e-09
1.635780037569551e-02,1.859970358634430e-09
1.648559569113063e-02,1.858376265217344e-09
1.661339100656575e-02,1.856795599492939e-09
1.674118632200087e-02,1.855228159133979e-09
1.686898163743599e-02,1.853673750834424e-09
1.699677695287111e-02,1.852132181288237e-09
1.712457226830624e-02,1.850603257189381e-09
1.725236758374135e-02,1.849086785231817e-09
1.738016289917648e-02,1.847582572109508e-09
1.750795821461160e-02,1.846090424516417e-09
1.763575353004672e-02,1.844610149146504e-09
1.776354884548184e-02,1.843141552693733e-09
1.789134416091696e-02,1.841684448215541e-09
1.801913947635208e-02,1.840238674223954e-09
1.814693479178720e-02,1.838804075594818e-09
1.827473010722232e-02,1.837380497203980e-09
1.840252542265745e-02,1.835967783927286e-09
1.853032073809257e-02,1.834565780640582e-09
1.865811605352769e-02,1.833174332219715e-09
1.878591136896281e-02,1.831793283540531e-09
1.891370668439793e-02,1.830422479478876e-09
1.904150199983305e-02,1.829061764910597e-09
1.916929731526817e-02,1.827710989490146e-09
1.929709263070329e-02,1.826370021985512e-09
1.942488794613842e-02,1.825038735942840e-09
1.955268326157353e-02,1.823717004908275e-09
1.968047857700866e-02,1.822404702427964e-09
1.980827389244378e-02,1.821101702048051e-09
1.993606920787890e-02,1.819807877314683e-09
2.006386452331402e-02,1.818523101774006e-09
2.019165983874914e-02,1.817247248972164e-09
2.031945515418426e-02,1.815980192455305e-09
2.044725046961939e-02,1.814721809633555e-09
2.057504578505450e-02,1.813471993374729e-09
2.070284110048963e-02,1.812230640411501e-09
2.083063641592475e-02,1.810997647476550e-09
2.095843173135987e-02,1.809772911302548e-09
2.108622704679499e-02,1.808556328622172e-09
2.121402236223011e-02,1.807347796168097e-09
2.134181767766523e-02,1.806147210673000e-09
2.146961299310035e-02,1.804954468869555e-09
2.159740830853547e-02,1.803769467490438e-09
2.172520362397060e-02,1.802592105971430e-09
2.185299893940572e-02,1.801422294561167e-09
2.198079425484084e-02,1.800259946211606e-09
2.210858957027596e-02,1.799104973874701e-09
2.223638488571108e-02,1.797957290502408e-09
2.236418020114620e-02,1.796816809046685e-09
2.249197551658132e-02,1.795683442459486e-09
2.261977083201644e-02,1.794557103692769e-09
2.274756614745157e-02,1.793437705698488e-09
2.287536146288669e-02,1.792325161428600e-09
2.300315677832181e-02,1.791219386255141e-09
2.313095209375693e-02,1.790120305230134e-09
2.325874740919205e-02,1.789027845825517e-09
2.338654272462717e-02,1.787941935513227e-09
2.351433804006229e-02,1.786862501765201e-09
2.364213335549741e-02,1.785789472053376e-09
2.376992867093253e-02,1.784722773849690e-09
2.389772398636766e-02,1.783662334626080e-09
2.402551930180278e-02,1.782608081854483e-09
2.415331461723790e-02,1.781559943006837e-09
2.428110993267302e-02,1.780517847424078e-09
2.440890524810814e-02,1.779481731922337e-09
2.453670056354326e-02,1.778451535186335e-09
2.466449587897838e-02,1.777427195900797e-09
2.479229119441350e-02,1.776408652750447e-09
2.492008650984863e-02,1.775395844420008e-09
2.504788182528375e-02,1.774388709594203e-09
2.517567714071887e-02,1.773387186957757e-09
2.530347245615399e-02,1.772391215195393e-09
2.543126777158911e-02,1.771400732991835e-09
2.555906308702423e-02,1.770415680329659e-09
2.568685840245935e-02,1.769436002383128e-09
2.581465371789447e-02,1.768461645624493e-09
2.594244903332960e-02,1.767492556526005e-09
2.607024434876471e-02,1.766528681559916e-09
2.619803966419984e-02,1.765569967198476e-09
2.632583497963496e-02,1.764616359913938e-09
2.645363029507008e-02,1.763667806178552e-09
2.658142561050520e-02,1.762724252464569e-09
2.670922092594032e-02,1.761785645244242e-09
2.683701624137544e-02,1.760851932317418e-09
2.696481155681056e-02,1.759923066794224e-09
2.709260687224568e-02,1.758999003112324e-09
2.722040218768081e-02,1.758079695709383e-09
2.734819750311593e-02,1.757165099023068e-09
2.747599281855105e-02,1.756255167491043e-09
2.760378813398617e-02,1.755349855550974e-09
2.773158344942129e-02,1.754449117640526e-09
2.785937876485641e-02,1.753552908197364e-09
2.798717408029153e-02,1.752661181659153e-09
2.811496939572665e-02,1.751773893584263e-09
2.824276471116178e-02,1.750891004013447e-09
2.837056002659689e-02,1.750012474107948e-09
2.849835534203202e-02,1.749138265029007e-09
2.862615065746714e-02,1.748268337937869e-09
2.875394597290226e-02,1.747402653995775e-09
2.888174128833738e-02,1.746541174363968e-09
2.900953660377250e-02,1.745683860203690e-09
2.913733191920762e-02,1.744830672676185e-09
2.926512723464274e-02,1.743981572942694e-09
2.939292255007787e-02,1.743136522669819e-09
2.952071786551299e-02,1.742295485545723e-09
2.964851318094811e-02,1.741458425763995e-09
2.977630849638323e-02,1.740625307518223e-09
2.990410381181835e-02,1.739796095001996e-09
3.003189912725347e-02,1.738970752408901e-09
3.015969444268859e-02,1.738149243932527e-09
3.028748975812371e-02,1.737331533766462e-09
3.041528507355883e-02,1.736517586104294e-09
3.054308038899396e-02,1.735707365139611e-09
3.067087570442908e-02,1.734900836200058e-09
3.079867101986420e-02,1.734097969149468e-09
3.092646633529932e-02,1.733298734985709e-09
3.105426165073444e-02,1.732503104706649e-09
3.118205696616956e-02,1.731711049310155e-09
3.130985228160468e-02,1.730922539794097e-09
3.143764759703981e-02,1.730137547156343e-09
3.156544291247493e-02,1.729356042394761e-09
3.169323822791005e-02,1.728577996507218e-09
3.182103354334517e-02,1.727803380491584e-09
3.194882885878029e-02,1.727032165471637e-09
3.207662417421541e-02,1.726264323074755e-09
3.220441948965053e-02,1.725499825054206e-09
3.233221480508566e-02,1.724738643163257e-09
3.246001012052077e-02,1.723980749155176e-09
3.258780543595589e-02,1.723226114783230e-09
3.271560075139102e-02,1.722474711800687e-09
3.284339606682614e-02,1.721726511960814e-09
3.297119138226126e-02,1.720981487016880e-09
3.309898669769638e-02,1.720239608722151e-09
3.322678201313150e-02,1.719500849755671e-09
3.335457732856662e-02,1.718765186499874e-09
3.348237264400174e-02,1.718032596263111e-09
3.361016795943687e-02,1.717303056353737e-09
3.373796327487198e-02,1.716576544080102e-09
3.386575859030710e-02,1.715853036750561e-09
3.399355390574223e-02,1.715132511673465e-09
3.412134922117735e-02,1.714414946157168e-09
3.424914453661247e-02,1.713700317510022e-09
3.437693985204759e-02,1.712988603040380e-09
3.450473516748271e-02,1.712279780139820e-09
3.463253048291783e-02,1.711573826532826e-09
3.476032579835295e-02,1.710870720027109e-09
3.488812111378808e-02,1.710170438430378e-09
3.501591642922319e-02,1.709472959550344e-09
3.514371174465832e-02,1.708778261194716e-09
3.527150706009344e-02,1.708086321171205e-09
3.539930237552856e-02,1.707397117287521e-09
3.552709769096368e-02,1.706710627351375e-09
3.565489300639881e-02,1.706026829170476e-09
3.578268832183392e-02,1.705345701296945e-09
3.591048363726904e-02,1.704667225260338e-09
3.603827895270417e-02,1.703991383334515e-09
3.616607426813929e-02,1.703318157793336e-09
3.629386958357441e-02,1.702647530910664e-09
3.642166489900953e-02,1.701979484960358e-09
3.654946021444465e-02,1.701314002216278e-09
3.667725552987977e-02,1.700651064952287e-09
3.680505084531489e-02,1.699990655442245e-09
3.693284616075002e-02,1.699332755960013e-09
3.706064147618514e-02,1.698677348640869e-09
3.718843679162025e-02,1.698024415065716e-09
3.731623210705538e-02,1.697373936676850e-09
3.744402742249050e-02,1.696725894916566e-09
3.757182273792562e-02,1.696080271227161e-09
3.769961805336074e-02,1.695437047050929e-09
3.782741336879586e-02,1.694796203830167e-09
3.795520868423098e-02,1.694157723007171e-09
3.808300399966610e-02,1.693521586024236e-09
3.821079931510123e-02,1.692887774323657e-09
3.833859463053635e-02,1.692256270038334e-09
3.846638994597146e-02,1.691627058063623e-09
3.859418526140659e-02,1.691000123985502e-09
3.872198057684171e-02,1.690375453389952e-09
3.884977589227683e-02,1.689753031862954e-09
3.897757120771195e-02,1.689132844990489e-09
3.910536652314707e-02,1.688514878358535e-09
3.923316183858219e-02,1.687899117553075e-09
3.936095715401731e-02,1.687285548160088e-09
3.948875246945244e-02,1.686674155765554e-09
3.961654778488756e-02,1.686064926035002e-09
3.974434310032268e-02,1.685457844952140e-09
3.987213841575780e-02,1.684852898580213e-09
3.999993373119292e-02,1.684250072982468e-09
4.012772904662804e-02,1.683649354222150e-09
4.025552436206317e-02,1.683050728362506e-09
4.038331967749829e-02,1.682454181466782e-09
4.051111499293340e-02,1.681859699598224e-09
4.063891030836853e-02,1.681267268820078e-09
4.076670562380365e-02,1.680676875195591e-09
4.089450093923877e-02,1.680088504892640e-09
4.102229625467389e-02,1.679502144497675e-09
4.115009157010902e-02,1.678917780701800e-09
4.127788688554413e-02,1.678335400196119e-09
4.140568220097925e-02,1.677754989671733e-09
4.153347751641438e-02,1.677176535819747e-09
4.166127283184950e-02,1.676600025331263e-09
4.178906814728462e-02,1.676025444897387e-09
4.191686346271974e-02,1.675452781209219e-09
4.204465877815486e-02,1.674882020957864e-09
4.217245409358998e-02,1.674313151217236e-09
4.230024940902510e-02,1.673746160592537e-09
4.242804472446023e-02,1.673181038071801e-09
4.255584003989534e-02,1.672617772643062e-09
4.268363535533046e-02,1.672056353294354e-09
4.281143067076559e-02,1.671496769013713e-09
4.293922598620071e-02,1.670939008789172e-09
4.306702130163583e-02,1.670383061608766e-09
4.319481661707095e-02,1.669828916460530e-09
4.332261193250607e-02,1.669276562332497e-09
4.345040724794119e-02,1.668725988277146e-09
4.357820256337631e-02,1.668177183604723e-09
4.370599787881144e-02,1.667630137689911e-09
4.383379319424656e-02,1.667084839907394e-09
4.396158850968167e-02,1.666541279631856e-09
4.408938382511680e-02,1.665999446237980e-09
4.421717914055192e-02,1.665459329100450e-09
4.434497445598704e-02,1.664920917593950e-09
4.447276977142216e-02,1.664384201093164e-09
4.460056508685728e-02,1.663849168972774e-09
4.472836040229240e-02,1.663315810798771e-09
4.485615571772752e-02,1.662784116902452e-09
4.498395103316265e-02,1.662254077806467e-09
4.511174634859777e-02,1.661725684033463e-09
4.523954166403289e-02,1.661198926106088e-09
4.536733697946801e-02,1.660673794546992e-09
4.549513229490313e-02,1.660150279878821e-09
4.562292761033825e-02,1.659628372624225e-09
4.575072292577338e-02,1.659108063305852e-09
4.587851824120850e-02,1.658589342446350e-09
4.600631355664361e-02,1.658072200635577e-09
4.613410887207874e-02,1.657556628732247e-09
4.626190418751386e-02,1.657042617662291e-09
4.638969950294898e-02,1.656530158351638e-09
4.651749481838410e-02,1.656019241726218e-09
4.664529013381922e-02,1.655509858711961e-09
4.677308544925434e-02,1.655002000234796e-09
4.690088076468946e-02,1.654495657220654e-09
4.702867608012459e-02,1.653990820595464e-09
4.715647139555971e-02,1.653487481285156e-09
4.728426671099482e-02,1.652985630417942e-09
4.741206202642995e-02,1.652485259931138e-09
4.753985734186507e-02,1.651986361964330e-09
4.766765265730019e-02,1.651488928657100e-09
4.779544797273531e-02,1.650992952149035e-09
4.792324328817044e-02,1.650498424579720e-09
4.805103860360555e-02,1.650005338088738e-09
4.817883391904067e-02,1.649513684815675e-09
4.830662923447580e-02,1.649023456900115e-09
4.843442454991092e-02,1.648534646481644e-09
4.856221986534604e-02,1.648047245731628e-09
4.869001518078116e-02,1.647561246948550e-09
4.881781049621628e-02,1.647076642462668e-09
4.894560581165140e-02,1.646593424604241e-09
4.907340112708652e-02,1.646111585703526e-09
4.920119644252165e-02,1.645631118090782e-09
4.932899175795677e-02,1.645152014096267e-09
4.945678707339188e-02,1.644674266050238e-09
4.958458238882701e-02,1.644197866282955e-09
4.971237770426213e-02,1.643722807124674e-09
4.984017301969725e-02,1.643249081290336e-09
4.996796833513237e-02,1.642776683033680e-09
5.000000000000000e-02,1.642658484713591e-09
5.009576365056749e-02,1.642305606833651e-09
5.022355896600261e-02,1.641835845777778e-09
5.035135428143774e-02,1.641367392235882e-09
5.047914959687286e-02,1.640900238571815e-09
5.060694491230798e-02,1.640434377149428e-09
5.073474022774310e-02,1.639969800332574e-09
5.086253554317822e-02,1.639506500485103e-09
5.099033085861334e-02,1.639044469970869e-09
5.111812617404846e-02,1.638583701438051e-09
5.124592148948359e-02,1.638124188672124e-09
5.137371680491870e-02,1.637665925742879e-09
5.150151212035382e-02,1.637208906720110e-09
5.162930743578895e-02,1.636753125673608e-09
5.175710275122407e-02,1.636298576673163e-09
5.188489806665919e-02,1.635845253788570e-09
5.201269338209431e-02,1.635393151089620e-09
5.214048869752943e-02,1.634942262646104e-09
5.226828401296455e-02,1.634492582527815e-09
5.239607932839967e-02,1.634044104780124e-09
5.252387464383480e-02,1.633596823350733e-09
5.265166995926992e-02,1.633150732162929e-09
5.277946527470503e-02,1.632705825139998e-09
5.290726059014016e-02,1.632262096205226e-09
5.303505590557528e-02,1.631819539281899e-09
5.316285122101040e-02,1.631378148293304e-09
5.329064653644552e-02,1.630937917162726e-09
5.341844185188065e-02,1.630498839813453e-09
5.354623716731576e-02,1.630060910168771e-09
5.367403248275088e-02,1.629624122222291e-09
5.380182779818601e-02,1.629188470248952e-09
5.392962311362113e-02,1.628753948594024e-09
5.405741842905625e-02,1.628320551602781e-09
5.418521374449137e-02,1.627888273620495e-09
5.431300905992649e-02,1.627457108992438e-09
5.444080437536161e-02,1.627027052063882e-09
5.456859969079673e-02,1.626598097180100e-09
5.469639500623186e-02,1.626170238686365e-09
5.482419032166697e-02,1.625743470927947e-09
5.495198563710210e-02,1.625317788408969e-09
5.507978095253722e-02,1.624893186268938e-09
5.520757626797234e-02,1.624469659806210e-09
5.533537158340746e-02,1.624047204319139e-09
5.546316689884258e-02,1.623625815106079e-09
5.559096221427770e-02,1.623205487465386e-09
5.571875752971282e-02,1.622786216695413e-09
5.584655284514795e-02,1.622367998094516e-09
5.597434816058307e-02,1.621950826961049e-09
5.610214347601819e-02,1.621534698593367e-09
5.622993879145331e-02,1.621119608222351e-09
5.635773410688843e-02,1.620705550809016e-09
5.648552942232355e-02,1.620292521246913e-09
5.661332473775867e-02,1.619880514429594e-09
5.674112005319380e-02,1.619469525250611e-09
5.686891536862891e-02,1.619059548603517e-09
5.699671068406403e-02,1.618650579381862e-09
5.712450599949916e-02,1.618242612479200e-09
5.725230131493428e-02,1.617835642789082e-09
5.738009663036940e-02,1.617429665205060e-09
5.750789194580452e-02,1.617024674698263e-09
5.763568726123964e-02,1.616620666550152e-09
5.776348257667476e-02,1.616217636119778e-09
5.789127789210988e-02,1.615815578766191e-09
5.801907320754501e-02,1.615414489848441e-09
5.814686852298013e-02,1.615014364725578e-09
5.827466383841524e-02,1.614615198756653e-09
5.840245915385037e-02,1.614216987300717e-09
5.853025446928549e-02,1.613819725716819e-09
5.865804978472061e-02,1.613423409364010e-09
5.878584510015573e-02,1.613028033767463e-09
5.891364041559085e-02,1.612633595116846e-09
5.904143573102597e-02,1.612240089767951e-09
5.916923104646109e-02,1.611847514076570e-09
5.929702636189622e-02,1.611455864398496e-09
5.942482167733134e-02,1.611065137089522e-09
5.955261699276646e-02,1.610675328505438e-09
5.968041230820158e-02,1.610286435002037e-09
5.980820762363670e-02,1.609898452935112e-09
5.993600293907182e-02,1.609511378660455e-09
6.006379825450694e-02,1.609125208421448e-09
6.019159356994207e-02,1.608739938011866e-09
6.031938888537718e-02,1.608355563113087e-09
6.044718420081231e-02,1.607972079406493e-09
6.057497951624743e-02,1.607589482573462e-09
6.070277483168255e-02,1.607207768295375e-09
6.083057014711767e-02,1.606826932253611e-09
6.095836546255279e-02,1.606446970129550e-09
6.108616077798791e-02,1.606067877604572e-09
6.121395609342303e-02,1.605689650360056e-09
6.134175140885816e-02,1.605312284258102e-09
6.146954672429328e-02,1.604935775883753e-09
6.159734203972840e-02,1.604560122002806e-09
6.172513735516352e-02,1.604185319381056e-09
6.185293267059864e-02,1.603811364784299e-09
6.198072798603376e-02,1.603438254978331e-09
6.210852330146888e-02,1.603065986728949e-09
6.223631861690401e-02,1.602694556801948e-09
6.236411393233912e-02,1.602323961963124e-09
6.249190924777424e-02,1.601954198978274e-09
6.261970456320937e-02,1.601585264528071e-09
6.274749987864449e-02,1.601217154952696e-09
6.287529519407961e-02,1.600849866507207e-09
6.300309050951473e-02,1.600483395446657e-09
6.313088582494986e-02,1.600117738026105e-09
6.325868114038498e-02,1.599752890500604e-09
6.338647645582010e-02,1.599388849125213e-09
6.351427177125522e-02,1.599025610154986e-09
6.364206708669033e-02,1.598663169844980e-09
6.376986240212545e-02,1.598301524450251e-09
6.389765771756058e-02,1.597940670277886e-09
6.402545303299570e-02,1.597580603843086e-09
6.415324834843082e-02,1.597221321713078e-09
6.428104366386594e-02,1.596862820455088e-09
6.440883897930107e-02,1.596505096636341e-09
6.453663429473619e-02,1.596148146824065e-09
6.466442961017131e-02,1.595791967585487e-09
6.479222492560642e-02,1.595436555487832e-09
6.492002024104154e-02,1.595081907098326e-09
6.504781555647667e-02,1.594728018984197e-09
6.517561087191179e-02,1.594374887887345e-09
6.530340618734691e-02,1.594022511248442e-09
6.543120150278203e-02,1.593670886682872e-09
6.555899681821716e-02,1.593320011806019e-09
6.568679213365228e-02,1.592969884233266e-09
6.581458744908740e-02,1.592620501579996e-09
6.594238276452252e-02,1.592271861461594e-09
6.607017807995763e-02,1.591923961493443e-09
6.619797339539275e-02,1.591576799290925e-09
6.632576871082788e-02,1.591230372469426e-09
6.645356402626300e-02,1.590884678474503e-09
6.658135934169812e-02,1.590539714072396e-09
6.670915465713324e-02,1.590195475859511e-09
6.683694997256837e-02,1.589851960432252e-09
6.696474528800349e-02,1.589509164387024e-09
6.709254060343861e-02,1.589167084320233e-09
6.722033591887373e-02,1.588825716828283e-09
6.734813123430886e-02,1.588485058507579e-09
6.747592654974396e-02,1.588145105954526e-09
6.760372186517909e-02,1.587805855765530e-09
6.773151718061421e-02,1.587467304667742e-09
6.785931249604933e-02,1.587129449911284e-09
6.798710781148445e-02,1.586792288877014e-09
6.811490312691958e-02,1.586455818945788e-09
6.824269844235470e-02,1.586120037498465e-09
6.837049375778982e-02,1.585784941915901e-09
6.849828907322494e-02,1.585450529578954e-09
6.862608438866007e-02,1.585116797868482e-09
6.875387970409517e-02,1.584783744165342e-09
6.888167501953030e-02,1.584451365850391e-09
6.900947033496542e-02,1.584119660364200e-09
6.913726565040054e-02,1.583788625386220e-09
6.926506096583566e-02,1.583458258655629e-09
6.939285628127079e-02,1.583128557911604e-09
6.952065159670591e-02,1.582799520893323e-09
6.964844691214103e-02,1.582471145339965e-09
6.977624222757615e-02,1.582143428990707e-09
6.990403754301128e-02,1.581816369584728e-09
7.003183285844640e-02,1.581489964861204e-09
7.015962817388151e-02,1.581164212559315e-09
7.028742348931663e-02,1.580839110353166e-09
7.041521880475175e-02,1.580514655656564e-09
7.054301412018688e-02,1.580190845818241e-09
7.067080943562200e-02,1.579867678186926e-09
7.079860475105712e-02,1.579545150111351e-09
7.092640006649224e-02,1.579223258940244e-09
7.105419538192737e-02,1.578902002022338e-09
7.118199069736249e-02,1.578581376706361e-09
7.130978601279761e-02,1.578261380341044e-09
7.152277820518949e-02,1.577729443532672e-09
7.173577039758135e-02,1.577199234508231e-09
7.194876258997322e-02,1.576670742682358e-09
7.216175478236508e-02,1.576143957807503e-09
7.237474697475696e-02,1.575618869636117e-09
7.258773916714882e-02,1.575095467920652e-09
7.280073135954070e-02,1.574573742413559e-09
7.301372355193256e-02,1.574053682867289e-09
7.322671574432443e-02,1.573535279034293e-09
7.343970793671629e-02,1.573018520667022e-09
7.365270012910817e-02,1.572503397517927e-09
7.386569232150003e-02,1.571989899537356e-09
7.407868451389191e-02,1.571478017467239e-09
7.429167670628377e-02,1.570967742247398e-09
7.450466889867564e-02,1.570459064817659e-09
7.471766109106751e-02,1.569951976117846e-09
7.493065328345938e-02,1.569446467087783e-09
7.514364547585124e-02,1.568942528667296e-09
7.535663766824312e-02,1.568440151796208e-09
7.556962986063498e-02,1.567939327414344e-09
7.578262205302685e-02,1.567440046461528e-09
7.599561424541872e-02,1.566942299886786e-09
7.620860643781059e-02,1.566446078675941e-09
7.642159863020245e-02,1.565951373824018e-09
7.663459082259433e-02,1.565458176326042e-09
7.684758301498619e-02,1.564966477177036e-09
7.706057520737807e-02,1.564476267372026e-09
7.727356739976993e-02,1.563987537906034e-09
7.748655959216180e-02,1.563500279774087e-09
7.769955178455366e-02,1.563014483971209e-09
7.791254397694554e-02,1.562530141492422e-09
7.812553616933740e-02,1.562047243568205e-09
7.833852836172928e-02,1.561565782370785e-09
7.855152055412114e-02,1.561085750307819e-09
7.876451274651301e-02,1.560607139786960e-09
7.897750493890487e-02,1.560129943215864e-09
7.919049713129675e-02,1.559654153002185e-09
7.940348932368861e-02,1.559179761553577e-09
7.961648151608049e-02,1.558706761277697e-09
7.982947370847235e-02,1.558235144582198e-09
8.004246590086422e-02,1.557764903874736e-09
8.025545809325609e-02,1.557296031513659e-09
8.046845028564796e-02,1.556828519660083e-09
8.068144247803982e-02,1.556362360425810e-09
8.089443467043170e-02,1.555897545922645e-09
8.110742686282357e-02,1.555434068262390e-09
8.132041905521543e-02,1.554971919556850e-09
8.153341124760730e-02,1.554511091917828e-09
8.174640343999917e-02,1.554051577457127e-09
8.195939563239105e-02,1.553593368286552e-09
8.217238782478291e-02,1.553136456517904e-09
8.238538001717477e-02,1.552680834570463e-09
8.259837220956665e-02,1.552226496093443e-09
8.281136440195852e-02,1.551773435043553e-09
8.302435659435038e-02,1.551321645377499e-09
8.323734878674224e-02,1.550871121051991e-09
8.345034097913412e-02,1.550421856023735e-09
8.366333317152599e-02,1.549973844249441e-09
8.387632536391786e-02,1.549527079685816e-09
8.408931755630973e-02,1.549081556289568e-09
8.430230974870159e-02,1.548637268017405e-09
8.451530194109347e-02,1.548194208714800e-09
8.472829413348533e-02,1.547752371782289e-09
8.494128632587720e-02,1.547311750509168e-09
8.515427851826907e-02,1.546872338184737e-09
8.536727071066094e-02,1.546434128098295e-09
8.558026290305280e-02,1.545997113539140e-09
8.579325509544468e-02,1.545561287796571e-09
8.600624728783654e-02,1.545126644159886e-09
8.621923948022842e-02,1.544693175918385e-09
8.643223167262028e-02,1.544260876361365e-09
8.664522386501215e-02,1.543829738941978e-09
8.685821605740401e-02,1.543399757768775e-09
8.707120824979589e-02,1.542970927114148e-09
8.728420044218775e-02,1.542543241250493e-09
8.749719263457963e-02,1.542116694450205e-09
8.771018482697149e-02,1.541691280985677e-09
8.792317701936336e-02,1.541266995129305e-09
8.813616921175522e-02,1.540843831153483e-09
8.834916140414710e-02,1.540421783330605e-09
8.856215359653896e-02,1.540000845933066e-09
8.877514578893084e-02,1.539581013342596e-09
8.898813798132270e-02,1.539162280378243e-09
8.920113017371457e-02,1.538744641968381e-09
8.941412236610644e-02,1.538328093041381e-09
8.962711455849831e-02,1.537912628525616e-09
8.984010675089017e-02,1.537498243349459e-09
9.005309894328205e-02,1.537084932441282e-09
9.026609113567391e-02,1.536672690729459e-09
9.047908332806578e-02,1.536261513142361e-09
9.069207552045766e-02,1.535851394608362e-09
9.090506771284952e-02,1.535442330021892e-09
9.111805990524138e-02,1.535034314141612e-09
9.133105209763326e-02,1.534627341692236e-09
9.154404429002513e-02,1.534221407398476e-09
9.175703648241700e-02,1.533816505985048e-09
9.197002867480886e-02,1.533412632176666e-09
9.218302086720073e-02,1.533009780698042e-09
9.239601305959261e-02,1.532607946273892e-09
9.260900525198447e-02,1.532207123628929e-09
9.282199744437633e-02,1.531807307487868e-09
9.303498963676821e-02,1.531408492682391e-09
9.324798182916008e-02,1.531010674472074e-09
9.346097402155194e-02,1.530613848223469e-09
9.367396621394380e-02,1.530218009303128e-09
9.388695840633568e-02,1.529823153077603e-09
9.409995059872756e-02,1.529429274913447e-09
9.431294279111942e-02,1.529036370177212e-09
9.452593498351128e-02,1.528644434235450e-09
9.473892717590315e-02,1.528253462454713e-09
9.495191936829503e-02,1.527863450201553e-09
9.516491156068689e-02,1.527474392921556e-09
9.537790375307875e-02,1.527086286376440e-09
9.559089594547063e-02,1.526699126406960e-09
9.580388813786250e-02,1.526312908853868e-09
9.601688033025436e-02,1.525927629557917e-09
9.622987252264624e-02,1.525543284359862e-09
9.644286471503810e-02,1.525159869100456e-09
9.665585690742998e-02,1.524777379620452e-09
9.686884909982184e-02,1.524395811760603e-09
9.708184129221371e-02,1.524015161361664e-09
9.729483348460558e-02,1.523635424242704e-09
9.750782567699745e-02,1.523256596136062e-09
9.772081786938931e-02,1.522878672752395e-09
9.793381006178119e-02,1.522501649802357e-09
9.814680225417305e-02,1.522125522996607e-09
9.835979444656492e-02,1.521750288045801e-09
9.857278663895679e-02,1.521375940660594e-09
9.878577883134866e-02,1.521002476551642e-09
9.899877102374052e-02,1.520629891429603e-09
9.921176321613240e-02,1.520258181005133e-09
9.942475540852426e-02,1.519887341113169e-09
9.963774760091614e-02,1.519517368085753e-09
9.985073979330800e-02,1.519148258379197e-09
1.000637319857000e-01,1.518780008449813e-09
1.002767241780920e-01,1.518412614753914e-09
1.004897163704840e-01,1.518046073747811e-09
1.007027085628750e-01,1.517680381887819e-09
1.009157007552670e-01,1.517315535630245e-09
1.011286929476590e-01,1.516951531431404e-09
1.013416851400510e-01,1.516588365747608e-09
1.015546773324430e-01,1.516226034975639e-09
1.017676695248350e-01,1.515864535274112e-09
1.019806617172270e-01,1.515503862742088e-09
1.021936539096190e-01,1.515144013478627e-09
1.024066461020100e-01,1.514784983582792e-09
1.026196382944020e-01,1.514426769153640e-09
1.028326304867940e-01,1.514069366290232e-09
1.030456226791860e-01,1.513712771091629e-09
1.032586148715780e-01,1.513356979656892e-09
1.034716070639700e-01,1.513001988085082e-09
1.036845992563620e-01,1.512647792671266e-09
1.038975914487540e-01,1.512294390494468e-09
1.041105836411450e-01,1.511941778829677e-09
1.043235758335370e-01,1.511589954951883e-09
1.045365680259290e-01,1.511238916136077e-09
1.047495602183210e-01,1.510888659657250e-09
1.049625524107130e-01,1.510539182790392e-09
1.051755446031050e-01,1.510190482810495e-09
1.053885367954970e-01,1.509842556992548e-09
1.056015289878880e-01,1.509495402611544e-09
1.058145211802800e-01,1.509149016752002e-09
1.060275133726720e-01,1.508803395736882e-09
1.062405055650640e-01,1.508458535698830e-09
1.064534977574560e-01,1.508114432770493e-09
1.066664899498480e-01,1.507771083084517e-09
1.068794821422400e-01,1.507428482773547e-09
1.070924743346320e-01,1.507086627970229e-09
1.073054665270230e-01,1.506745514807212e-09
1.075184587194150e-01,1.506405139417138e-09
1.077314509118070e-01,1.506065497932654e-09
1.079444431041990e-01,1.505726586753473e-09
1.081574352965910e-01,1.505388403348306e-09
1.083704274889830e-01,1.505050945453300e-09
1.085834196813750e-01,1.504714210804604e-09
1.087964118737660e-01,1.504378197138366e-09
1.090094040661580e-01,1.504042902190730e-09
1.092223962585500e-01,1.503708323697845e-09
1.094353884509420e-01,1.503374459395859e-09
1.096483806433340e-01,1.503041307020918e-09
1.098613728357260e-01,1.502708864309171e-09
1.100743650281180e-01,1.502377128795617e-09
1.102873572205100e-01,1.502046097210360e-09
1.105003494129010e-01,1.501715766082206e-09
1.107133416052930e-01,1.501386131939953e-09
1.109263337976850e-01,1.501057191312407e-09
1.111393259900770e-01,1.500728940728371e-09
1.113523181824690e-01,1.500401376716647e-09
1.115653103748610e-01,1.500074495806040e-09
1.117783025672530e-01,1.499748294525351e-09
1.119912947596450e-01,1.499422769403383e-09
1.122042869520360e-01,1.499097917211699e-09
1.124172791444280e-01,1.498773735692953e-09
1.126302713368200e-01,1.498450222832597e-09
1.128432635292120e-01,1.498127376616081e-09
1.130562557216040e-01,1.497805195028855e-09
1.132692479139960e-01,1.497483676056371e-09
1.134822401063880e-01,1.497162817684078e-09
1.136952322987790e-01,1.496842617897429e-09
1.139082244911710e-01,1.496523074681870e-09
1.141212166835630e-01,1.496204186022854e-09
1.143342088759550e-01,1.495885949790385e-09
1.145472010683470e-01,1.495568363392786e-09
1.147601932607390e-01,1.495251424122989e-09
1.149731854531310e-01,1.494935129273928e-09
1.151861776455230e-01,1.494619476138532e-09
1.153991698379140e-01,1.494304462009736e-09
1.156121620303060e-01,1.493990084180469e-09
1.158251542226980e-01,1.493676339943663e-09
1.160381464150900e-01,1.493363226592251e-09
1.162511386074820e-01,1.493050741419164e-09
1.164641307998740e-01,1.492738881758661e-09
1.166771229922660e-01,1.492427645110215e-09
1.168901151846570e-01,1.492117029014583e-09
1.171031073770490e-01,1.491807031012516e-09
1.173160995694410e-01,1.491497648644771e-09
1.175290917618330e-01,1.491188879452103e-09
1.177420839542250e-01,1.490880720975266e-09
1.179550761466170e-01,1.490573170755016e-09
1.181680683390090e-01,1.490266226332106e-09
1.183810605314010e-01,1.489959885247293e-09
1.185940527237920e-01,1.489654145151277e-09
1.188070449161840e-01,1.489349004134774e-09
1.190200371085760e-01,1.489044460398572e-09
1.192330293009680e-01,1.488740512143456e-09
1.194460214933600e-01,1.488437157570214e-09
1.196590136857520e-01,1.488134394879630e-09
1.198720058781440e-01,1.487832222272491e-09
1.200849980705360e-01,1.487530637949583e-09
1.202979902629270e-01,1.487229640111692e-09
1.205109824553190e-01,1.486929226959604e-09
1.207239746477110e-01,1.486629396536110e-09
1.209369668401030e-01,1.486330146251872e-09
1.211499590324950e-01,1.486031473359478e-09
1.213629512248870e-01,1.485733375111516e-09
1.215759434172790e-01,1.485435848760576e-09
1.217889356096700e-01,1.485138891559247e-09
1.220019278020620e-01,1.484842500760114e-09
1.222149199944540e-01,1.484546673615769e-09
1.224279121868460e-01,1.484251407378799e-09
1.226409043792380e-01,1.483956699301793e-09
1.228538965716300e-01,1.483662546906739e-09
1.230668887640220e-01,1.483368948793160e-09
1.232798809564140e-01,1.483075903829942e-09
1.234928731488050e-01,1.482783410885976e-09
1.237058653411970e-01,1.482491468830146e-09
1.239188575335890e-01,1.482200076531343e-09
1.241318497259810e-01,1.481909232858455e-09
1.243448419183730e-01,1.481618936680369e-09
1.245578341107650e-01,1.481329186865975e-09
1.247708263031570e-01,1.481039982284158e-09
1.249838184955480e-01,1.480751321531110e-09
1.251968106879400e-01,1.480463202112619e-09
1.254098028803320e-01,1.480175621261977e-09
1.256227950727240e-01,1.479888576212476e-09
1.258357872651160e-01,1.479602064197411e-09
1.260487794575080e-01,1.479316082450072e-09
1.262617716499000e-01,1.479030628203753e-09
1.264747638422920e-01,1.478745698691745e-09
1.266877560346830e-01,1.478461291147342e-09
1.269007482270750e-01,1.478177402803834e-09
1.271137404194670e-01,1.477894031157854e-09
1.273267326118590e-01,1.477611174758677e-09
1.275397248042510e-01,1.477328832418559e-09
1.277527169966430e-01,1.477047002949756e-09
1.279657091890350e-01,1.476765685164525e-09
1.281787013814270e-01,1.476484877875121e-09
1.283916935738180e-01,1.476204579893804e-09
1.286046857662100e-01,1.475924790032826e-09
1.288176779586020e-01,1.475645507104446e-09
1.290306701509940e-01,1.475366729920919e-09
1.292436623433860e-01,1.475088457172189e-09
1.294566545357780e-01,1.474810687058740e-09
1.296696467281700e-01,1.474533417658641e-09
1.298826389205610e-01,1.474256647049961e-09
1.300956311129530e-01,1.473980373310767e-09
1.303086233053450e-01,1.473704594519126e-09
1.305216154977370e-01,1.473429308753109e-09
1.307346076901290e-01,1.473154514090783e-09
1.309475998825210e-01,1.472880208610216e-09
1.311605920749130e-01,1.472606390389478e-09
1.313735842673050e-01,1.472333057579111e-09
1.315865764596960e-01,1.472060208619599e-09
1.317995686520880e-01,1.471787842023912e-09
1.320125608444800e-01,1.471515956305024e-09
1.322255530368720e-01,1.471244549975909e-09
1.324385452292640e-01,1.470973621549539e-09
1.326515374216560e-01,1.470703169538887e-09
1.328645296140480e-01,1.470433192456928e-09
1.330775218064400e-01,1.470163688816633e-09
1.332905139988310e-01,1.469894657130977e-09
1.335035061912230e-01,1.469626095898915e-09
1.337164983836150e-01,1.469358003563358e-09
1.339294905760070e-01,1.469090378553202e-09
1.341424827683990e-01,1.468823219297347e-09
1.343554749607910e-01,1.468556524224692e-09
1.345684671531830e-01,1.468290291764133e-09
1.347814593455740e-01,1.468024520344571e-09
1.349944515379660e-01,1.467759208394902e-09
1.352074437303580e-01,1.467494354344025e-09
1.354204359227500e-01,1.467229956620840e-09
1.356334281151420e-01,1.466966013637157e-09
1.358464203075340e-01,1.466702523736484e-09
1.360594124999260e-01,1.466439485245257e-09
1.362724046923180e-01,1.466176896489913e-09
1.364853968847090e-01,1.465914755796891e-09
1.366983890771010e-01,1.465653061492625e-09
1.369113812694930e-01,1.465391811903553e-09
1.371243734618850e-01,1.465131005356114e-09
1.373373656542770e-01,1.464870640176743e-09
1.375503578466690e-01,1.464610714691878e-09
1.377633500390610e-01,1.464351227355998e-09
1.379763422314520e-01,1.464092177136059e-09
1.381893344238440e-01,1.463833563127207e-09
1.384023266162360e-01,1.463575384424592e-09
1.386153188086280e-01,1.463317640123361e-09
1.388283110010200e-01,1.463060329318664e-09
1.390413031934120e-01,1.462803451105649e-09
1.392542953858040e-01,1.462547004579465e-09
1.394672875781960e-01,1.462290988835259e-09
1.396802797705870e-01,1.462035402968182e-09
1.398932719629790e-01,1.461780245863167e-09
1.401062641553710e-01,1.461525515564053e-09
1.403192563477630e-01,1.461271209904348e-09
1.405322485401550e-01,1.461017326717557e-09
1.407452407325470e-01,1.460763863837186e-09
1.409582329249390e-01,1.460510819096743e-09
1.411712251173300e-01,1.460258190329734e-09
1.413842173097220e-01,1.460005975369663e-09
1.415972095021140e-01,1.459754172050037e-09
1.418102016945060e-01,1.459502778204364e-09
1.420231938868980e-01,1.459251791997265e-09
1.422361860792900e-01,1.459001212917804e-09
1.424491782716820e-01,1.458751040786146e-09
1.426621704640740e-01,1.458501275422453e-09
1.428751626564650e-01,1.458251916646891e-09
1.430881548488570e-01,1.458002964279621e-09
1.433011470412490e-01,1.457754418140810e-09
1.435141392336410e-01,1.457506278050620e-09
1.437271314260330e-01,1.457258543829216e-09
1.439401236184250e-01,1.457011215296762e-09
1.441531158108170e-01,1.456764291964469e-09
1.443661080032090e-01,1.456517772108151e-09
1.445791001956000e-01,1.456271653694875e-09
1.447920923879920e-01,1.456025934691705e-09
1.450050845803840e-01,1.455780613065708e-09
1.452180767727760e-01,1.455535686783950e-09
1.454310689651680e-01,1.455291153813498e-09
1.456440611575600e-01,1.455047012121418e-09
1.458570533499520e-01,1.454803259674775e-09
1.460700455423430e-01,1.454559894440638e-09
1.462830377347350e-01,1.454316914588285e-09
1.464960299271270e-01,1.454074319095343e-09
1.467090221195190e-01,1.453832107141392e-09
1.469220143119110e-01,1.453590277906014e-09
1.471350065043030e-01,1.453348830568788e-09
1.473479986966950e-01,1.453107764309296e-09
1.475609908890870e-01,1.452867078307119e-09
1.477739830814780e-01,1.452626771741839e-09
1.479869752738700e-01,1.452386843793034e-09
1.481999674662620e-01,1.452147293640287e-09
1.484129596586540e-01,1.451908120397739e-09
1.486259518510460e-01,1.451669322917658e-09
1.488389440434380e-01,1.451430899986816e-09
1.490519362358300e-01,1.451192850391979e-09
1.492649284282220e-01,1.450955172919920e-09
1.494779206206130e-01,1.450717866357406e-09
1.496909128130050e-01,1.450480929491207e-09
1.499039050053970e-01,1.450244361108093e-09
1.501168971977890e-01,1.450008159994833e-09
1.503298893901810e-01,1.449772324938196e-09
1.505428815825730e-01,1.449536854765097e-09
1.507558737749650e-01,1.449301748463051e-09
1.509688659673560e-01,1.449067005059728e-09
1.511818581597480e-01,1.448832623582800e-09
1.513948503521400e-01,1.448598603059938e-09
1.516078425445320e-01,1.448364942518812e-09
1.518208347369240e-01,1.448131640987095e-09
1.520338269293160e-01,1.447898697492457e-09
1.522468191217080e-01,1.447666111062570e-09
1.524598113141000e-01,1.447433880725104e-09
1.526728035064910e-01,1.447202005454177e-09
1.528857956988830e-01,1.446970484009715e-09
1.530987878912750e-01,1.446739315098109e-09
1.533117800836670e-01,1.446508497425749e-09
1.535247722760590e-01,1.446278029699025e-09
1.537377644684510e-01,1.446047910624328e-09
1.539507566608430e-01,1.445818138908047e-09
1.541637488532340e-01,1.445588713256573e-09
1.543767410456260e-01,1.445359632376295e-09
1.545897332380180e-01,1.445130894973603e-09
1.548027254304100e-01,1.444902499876254e-09
1.550157176228020e-01,1.444674446397237e-09
1.552287098151940e-01,1.444446733970797e-09
1.554417020075860e-01,1.444219362031176e-09
1.556546941999780e-01,1.443992330012617e-09
1.558676863923690e-01,1.443765637349363e-09
1.560806785847610e-01,1.443539283475655e-09
1.562936707771530e-01,1.443313267825738e-09
1.565066629695450e-01,1.443087589833855e-09
1.567196551619370e-01,1.442862248934247e-09
1.569326473543290e-01,1.442637244465442e-09
1.571456395467210e-01,1.442412575382858e-09
1.573586317391130e-01,1.442188240546076e-09
1.575716239315040e-01,1.441964238814678e-09
1.577846161238960e-01,1.441740569048243e-09
1.579976083162880e-01,1.441517230106352e-09
1.582106005086800e-01,1.441294220848588e-09
1.584235927010720e-01,1.441071540134530e-09
1.586365848934640e-01,1.440849186823760e-09
1.588495770858560e-01,1.440627159775859e-09
1.590625692782470e-01,1.440405457906432e-09
1.592755614706390e-01,1.440184080355246e-09
1.594885536630310e-01,1.439963026318129e-09
1.597015458554230e-01,1.439742294990911e-09
1.599145380478150e-01,1.439521885569420e-09
1.601275302402070e-01,1.439301797249482e-09
1.603405224325990e-01,1.439082029226927e-09
1.605535146249910e-01,1.438862580697584e-09
1.607665068173820e-01,1.438643450857280e-09
1.609794990097740e-01,1.438424638901842e-09
1.611924912021660e-01,1.438206143986199e-09
1.614054833945580e-01,1.437987965101680e-09
1.616184755869500e-01,1.437770101198711e-09
1.618314677793420e-01,1.437552551227718e-09
1.620444599717340e-01,1.437335314139128e-09
1.622574521641260e-01,1.437118388883367e-09
1.624704443565170e-01,1.436901774410864e-09
1.626834365489090e-01,1.436685469672043e-09
1.628964287413010e-01,1.436469473617331e-09
1.631094209336930e-01,1.436253785197155e-09
1.633224131260850e-01,1.436038403507999e-09
1.635354053184770e-01,1.435823328230405e-09
1.637483975108690e-01,1.435608559190885e-09
1.639613897032600e-01,1.435394096215955e-09
1.641743818956520e-01,1.435179939132123e-09
1.643873740880440e-01,1.434966087765905e-09
1.646003662804360e-01,1.434752541943813e-09
1.648133584728280e-01,1.434539301492361e-09
1.650263506652200e-01,1.434326366238060e-09
1.652393428576120e-01,1.434113736007425e-09
1.654523350500040e-01,1.433901410056509e-09
1.656653272423950e-01,1.433689385360909e-09
1.658783194347870e-01,1.433477658326449e-09
1.660913116271790e-01,1.433266225358954e-09
1.663043038195710e-01,1.433055082864251e-09
1.665172960119630e-01,1.432844227248164e-09
1.667302882043550e-01,1.432633654916520e-09
1.669432803967470e-01,1.432423362275143e-09
1.671562725891380e-01,1.432213345729860e-09
1.673692647815300e-01,1.432003601686493e-09
1.675822569739220e-01,1.431794128849489e-09
1.677952491663140e-01,1.431584935122326e-09
1.680082413587060e-01,1.431376030709381e-09
1.682212335510980e-01,1.431167425815035e-09
1.684342257434900e-01,1.430959130643664e-09
1.686472179358820e-01,1.430751155399648e-09
1.688602101282730e-01,1.430543510287367e-09
1.690732023206650e-01,1.430336205511196e-09
1.692861945130570e-01,1.430129251275515e-09
1.694991867054490e-01,1.429922657784704e-09
1.697121788978410e-01,1.429716426479899e-09
1.699251710902330e-01,1.429510523742705e-09
1.701381632826250e-01,1.429304907188207e-09
1.703511554750170e-01,1.429099534431486e-09
1.705641476674080e-01,1.428894363087626e-09
1.707771398598000e-01,1.428689350771706e-09
1.709901320521920e-01,1.428484455098811e-09
1.712031242445840e-01,1.428279633684023e-09
1.714161164369760e-01,1.428074844142425e-09
1.716291086293680e-01,1.427870044089098e-09
1.718421008217600e-01,1.427665224249180e-09
1.720550930141510e-01,1.427460507771931e-09
1.722680852065430e-01,1.427256050908616e-09
1.724810773989350e-01,1.427052009910501e-09
1.726940695913270e-01,1.426848541028854e-09
1.729070617837190e-01,1.426645800514940e-09
1.731200539761110e-01,1.426443944620025e-09
1.733330461685030e-01,1.426243129595377e-09
1.735460383608950e-01,1.426043511692261e-09
1.737590305532860e-01,1.425845247161944e-09
1.739720227456780e-01,1.425648368108669e-09
1.741850149380700e-01,1.425452410262254e-09
1.743980071304620e-01,1.425256785312297e-09
1.746109993228540e-01,1.425060904948399e-09
1.748239915152460e-01,1.424864180860160e-09
1.750369837076380e-01,1.424666024737180e-09
1.752499759000290e-01,1.424465848269059e-09
1.754629680924210e-01,1.424263063145397e-09
1.756759602848130e-01,1.424057081055792e-09
1.758889524772050e-01,1.423847313689847e-09
1.761019446695970e-01,1.423633636131561e-09
1.763149368619890e-01,1.423417778283664e-09
1.765279290543810e-01,1.423201934064058e-09
1.767409212467730e-01,1.422988297390644e-09
1.769539134391640e-01,1.422779062181325e-09
1.771669056315560e-01,1.422576422354000e-09
1.773798978239480e-01,1.422382571826572e-09
1.775928900163400e-01,1.422199704516941e-09
1.778058822087320e-01,1.422030014343009e-09
1.780188744011240e-01,1.421875695222678e-09
1.782318665935160e-01,1.421737210784655e-09
1.784448587859070e-01,1.421608101004930e-09
1.786578509782990e-01,1.421480174322095e-09
1.788708431706910e-01,1.421345239174749e-09
1.790838353630830e-01,1.421195104001486e-09
1.792968275554750e-01,1.421021577240902e-09
1.795098197478670e-01,1.420816467331593e-09
1.797228119402590e-01,1.420571582712155e-09
1.799358041326510e-01,1.420278731821182e-09
1.801487963250420e-01,1.419929723097273e-09
1.803617885174340e-01,1.419522824629699e-09
1.805747807098260e-01,1.419082144447946e-09
1.807877729022180e-01,1.418638250900936e-09
1.810007650946100e-01,1.418221712337595e-09
1.812137572870020e-01,1.417863097106846e-09
1.814267494793940e-01,1.417592973557614e-09
1.816397416717860e-01,1.417441910038823e-09
1.818527338641770e-01,1.417440474899397e-09
1.820657260565690e-01,1.417619236488260e-09
1.822787182489610e-01,1.418008763154337e-09
1.824917104413530e-01,1.418626495496327e-09
1.827047026337450e-01,1.419437376607573e-09
1.829176948261370e-01,1.420393228578093e-09
1.831306870185290e-01,1.421445873497906e-09
1.833436792109200e-01,1.422547133457027e-09
1.835566714033120e-01,1.423648830545484e-09
1.837696635957040e-01,1.424702786853293e-09
1.839826557880960e-01,1.425660824470473e-09
1.841956479804880e-01,1.426474765487041e-09
1.844086401728800e-01,1.427096431993018e-09
1.846216323652720e-01,1.427490768959428e-09
1.848346245576640e-01,1.427675183188119e-09
1.850476167500550e-01,1.427680189519550e-09
1.852606089424470e-01,1.427536302794181e-09
1.854736011348390e-01,1.427274037852467e-09
1.856865933272310e-01,1.426923909534869e-09
1.858995855196230e-01,1.426516432681845e-09
1.861125777120150e-01,1.426082122133851e-09
1.863255699044070e-01,1.425651492731348e-09
1.865385620967990e-01,1.425255059314793e-09
1.867515542891900e-01,1.424916891402543e-09
1.869645464815820e-01,1.424635263457074e-09
1.871775386739740e-01,1.424401997733191e-09
1.873905308663660e-01,1.424208916485698e-09
1.876035230587580e-01,1.424047841969401e-09
1.878165152511500e-01,1.423910596439104e-09
1.880295074435420e-01,1.423789002149610e-09
1.882424996359330e-01,1.423674881355725e-09
1.884554918283250e-01,1.423560056312253e-09
1.886684840207170e-01,1.423436349273997e-09
1.888814762131090e-01,1.423297310207141e-09
1.890944684055010e-01,1.423143401478966e-09
1.893074605978930e-01,1.422976813946013e-09
1.895204527902850e-01,1.422799738464824e-09
1.897334449826770e-01,1.422614365891940e-09
1.899464371750680e-01,1.422422887083904e-09
1.901594293674600e-01,1.422227492897255e-09
1.903724215598520e-01,1.422030374188536e-09
1.905854137522440e-01,1.421833721814287e-09
1.907984059446360e-01,1.421639726631051e-09
1.910113981370280e-01,1.421450116332754e-09
1.912243903294200e-01,1.421264766117974e-09
1.914373825218110e-01,1.421083088100232e-09
1.916503747142030e-01,1.420904494393045e-09
1.918633669065950e-01,1.420728397109934e-09
1.920763590989870e-01,1.420554208364417e-09
1.922893512913790e-01,1.420381340270013e-09
1.925023434837710e-01,1.420209204940242e-09
1.927153356761630e-01,1.420037214488622e-09
1.929283278685550e-01,1.419864781028673e-09
1.931413200609460e-01,1.419691440843794e-09
1.933543122533380e-01,1.419517226701980e-09
1.935673044457300e-01,1.419342295443666e-09
1.937802966381220e-01,1.419166803909287e-09
1.939932888305140e-01,1.418990908939274e-09
1.942062810229060e-01,1.418814767374064e-09
1.944192732152980e-01,1.418638536054089e-09
1.946322654076900e-01,1.418462371819783e-09
1.948452576000810e-01,1.418286431511582e-09
1.950582497924730e-01,1.418110871969918e-09
1.952712419848650e-01,1.417935816829277e-09
1.954842341772570e-01,1.417761256993472e-09
1.956972263696490e-01,1.417587150206914e-09
1.959102185620410e-01,1.417413454214011e-09
1.961232107544330e-01,1.417240126759174e-09
1.963362029468240e-01,1.417067125586811e-09
1.965491951392160e-01,1.416894408441331e-09
1.967621873316080e-01,1.416721933067144e-09
1.969751795240000e-01,1.416549657208660e-09
1.971881717163920e-01,1.416377538610287e-09
1.974011639087840e-01,1.416205543792722e-09
1.976141561011760e-01,1.416033674395795e-09
1.978271482935680e-01,1.415861940842617e-09
1.980401404859590e-01,1.415690353556301e-09
1.982531326783510e-01,1.415518922959957e-09
1.984661248707430e-01,1.415347659476699e-09
1.986791170631350e-01,1.415176573529637e-09
1.988921092555270e-01,1.415005675541883e-09
1.991051014479190e-01,1.414834975936550e-09
1.993180936403110e-01,1.414664485136749e-09
1.995310858327020e-01,1.414494211282223e-09
1.997440780250940e-01,1.414324153378412e-09
1.999570702174860e-01,1.414154308146980e-09
2.001700624098780e-01,1.413984672309590e-09
2.003830546022700e-01,1.413815242587904e-09
2.005960467946620e-01,1.413646015703586e-09
2.008090389870540e-01,1.413476988378299e-09
2.010220311794460e-01,1.413308157333705e-09
2.012350233718370e-01,1.413139519291469e-09
2.014480155642290e-01,1.412971070973251e-09
2.016610077566210e-01,1.412802809706865e-09
2.018739999490130e-01,1.412634735244193e-09
2.020869921414050e-01,1.412466847943002e-09
2.022999843337970e-01,1.412299148161057e-09
2.025129765261890e-01,1.412131636256125e-09
2.027259687185810e-01,1.411964312585971e-09
2.029389609109720e-01,1.411797177508364e-09
2.031519531033640e-01,1.411630231381066e-09
2.033649452957560e-01,1.411463474561845e-09
2.035779374881480e-01,1.411296907408469e-09
2.037909296805400e-01,1.411130530136246e-09
2.040039218729320e-01,1.410964342390972e-09
2.042169140653240e-01,1.410798343676134e-09
2.044299062577150e-01,1.410632533495221e-09
2.046428984501070e-01,1.410466911351722e-09
2.048558906424990e-01,1.410301476749126e-09
2.050688828348910e-01,1.410136229190920e-09
2.052818750272830e-01,1.409971168180594e-09
2.054948672196750e-01,1.409806293221637e-09
2.057078594120670e-01,1.409641603817536e-09
2.059208516044590e-01,1.409477099452037e-09
2.061338437968500e-01,1.409312779529863e-09
2.063468359892420e-01,1.409148643435966e-09
2.065598281816340e-01,1.408984690555302e-09
2.067728203740260e-01,1.408820920272827e-09
2.069858125664180e-01,1.408657331973495e-09
2.071988047588100e-01,1.408493925042262e-09
2.074117969512020e-01,1.408330698864083e-09
2.076247891435940e-01,1.408167652823912e-09
2.078377813359850e-01,1.408004786306706e-09
2.080507735283770e-01,1.407842098766319e-09
2.082637657207690e-01,1.407679589932283e-09
2.084767579131610e-01,1.407517259603066e-09
2.086897501055530e-01,1.407355107577137e-09
2.089027422979450e-01,1.407193133652964e-09
2.091157344903370e-01,1.407031337629017e-09
2.093287266827280e-01,1.406869719303763e-09
2.095417188751200e-01,1.406708278475671e-09
2.097547110675120e-01,1.406547014943209e-09
2.099677032599040e-01,1.406385928504845e-09
2.101806954522960e-01,1.406225018931284e-09
2.103936876446880e-01,1.406064285882176e-09
2.106066798370800e-01,1.405903728989409e-09
2.108196720294720e-01,1.405743347884871e-09
2.110326642218630e-01,1.405583142200452e-09
2.112456564142550e-01,1.405423111568039e-09
2.114586486066470e-01,1.405263255619519e-09
2.116716407990390e-01,1.405103573986783e-09
2.118846329914310e-01,1.404944066301717e-09
2.120976251838230e-01,1.404784732196210e-09
2.123106173762150e-01,1.404625571281989e-09
2.125236095686060e-01,1.404466583090162e-09
2.127366017609980e-01,1.404307767131687e-09
2.129495939533900e-01,1.404149122917523e-09
2.131625861457820e-01,1.403990649958632e-09
2.133755783381740e-01,1.403832347765972e-09
2.135885705305660e-01,1.403674215850504e-09
2.138015627229580e-01,1.403516253723187e-09
2.140145549153500e-01,1.403358460894980e-09
2.142275471077410e-01,1.403200836876845e-09
2.144405393001330e-01,1.403043381228326e-09
2.146535314925250e-01,1.402886093703186e-09
2.148665236849170e-01,1.402728974103711e-09
2.150795158773090e-01,1.402572022232185e-09
2.152925080697010e-01,1.402415237890894e-09
2.155055002620930e-01,1.402258620882122e-09
2.157184924544850e-01,1.402102171008155e-09
2.159314846468760e-01,1.401945888071279e-09
2.161444768392680e-01,1.401789771873776e-09
2.163574690316600e-01,1.401633822217933e-09
2.165704612240520e-01,1.401478038905882e-09
2.167834534164440e-01,1.401322421739147e-09
2.169964456088360e-01,1.401166970519100e-09
2.172094378012280e-01,1.401011685047111e-09
2.174224299936190e-01,1.400856565124554e-09
2.176354221860110e-01,1.400701610552797e-09
2.178484143784030e-01,1.400546821133214e-09
2.180614065707950e-01,1.400392196667176e-09
2.182743987631870e-01,1.400237736956053e-09
2.184873909555790e-01,1.400083441801218e-09
2.187003831479710e-01,1.399929310897089e-09
2.189133753403630e-01,1.399775343510224e-09
2.191263675327540e-01,1.399621538800201e-09
2.193393597251460e-01,1.399467895926596e-09
2.195523519175380e-01,1.399314414048987e-09
2.197653441099300e-01,1.399161092326953e-09
2.199783363023220e-01,1.399007929920070e-09
2.201913284947140e-01,1.398854925987916e-09
2.204043206871060e-01,1.398702079690068e-09
2.206173128794970e-01,1.398549390186105e-09
2.208303050718890e-01,1.398396856828703e-09
2.210432972642810e-01,1.398244479742790e-09
2.212562894566730e-01,1.398092259246328e-09
2.214692816490650e-01,1.397940195657275e-09
2.216822738414570e-01,1.397788289293590e-09
2.218952660338490e-01,1.397636540473231e-09
2.221082582262410e-01,1.397484949514159e-09
2.223212504186320e-01,1.397333516734332e-09
2.225342426110240e-01,1.397182242451708e-09
2.227472348034160e-01,1.397031126984248e-09
2.229602269958080e-01,1.396880170460508e-09
2.231732191882000e-01,1.396729372251817e-09
2.233862113805920e-01,1.396578731540285e-09
2.235992035729840e-01,1.396428247508024e-09
2.238121957653760e-01,1.396277919337147e-09
2.240251879577670e-01,1.396127746209764e-09
2.242381801501590e-01,1.395977727307987e-09
2.244511723425510e-01,1.395827861813927e-09
2.246641645349430e-01,1.395678148909697e-09
2.248771567273350e-01,1.395528587777407e-09
2.250901489197270e-01,1.395379177718835e-09
2.253031411121190e-01,1.395229918514707e-09
2.255161333045100e-01,1.395080810065562e-09
2.257291254969020e-01,1.394931852271938e-09
2.259421176892940e-01,1.394783045034371e-09
2.261551098816860e-01,1.394634388253401e-09
2.263681020740780e-01,1.394485881829566e-09
2.265810942664700e-01,1.394337525663403e-09
2.267940864588620e-01,1.394189319655450e-09
2.270070786512540e-01,1.394041263706247e-09
2.272200708436450e-01,1.393893357723833e-09
2.274330630360370e-01,1.393745601646274e-09
2.276460552284290e-01,1.393597995419144e-09
2.278590474208210e-01,1.393450538988014e-09
2.280720396132130e-01,1.393303232298458e-09
2.282850318056050e-01,1.393156075296049e-09
2.284980239979970e-01,1.393009067926361e-09
2.287110161903880e-01,1.392862210134966e-09
2.289240083827800e-01,1.392715501867438e-09
2.291370005751720e-01,1.392568943069347e-09
2.293499927675640e-01,1.392422533522463e-09
2.295629849599560e-01,1.392276272353328e-09
2.297759771523480e-01,1.392130158524685e-09
2.299889693447400e-01,1.391984190999272e-09
2.302019615371320e-01,1.391838368739830e-09
2.304149537295230e-01,1.391692690709101e-09
2.306279459219150e-01,1.391547155869823e-09
2.308409381143070e-01,1.391401763184738e-09
2.310539303066990e-01,1.391256511616586e-09
2.312669224990910e-01,1.391111400128108e-09
2.314799146914830e-01,1.390966427987214e-09
2.316929068838750e-01,1.390821595682108e-09
2.319058990762670e-01,1.390676904005971e-09
2.321188912686580e-01,1.390532353751983e-09
2.323318834610500e-01,1.390387945713326e-09
2.325448756534420e-01,1.390243680683179e-09
2.327578678458340e-01,1.390099559454724e-09
2.329708600382260e-01,1.389955582821141e-09
2.331838522306180e-01,1.389811751575611e-09
2.333968444230100e-01,1.389668066511314e-09
2.336098366154010e-01,1.389524528092114e-09
2.338228288077930e-01,1.389381135465416e-09
2.340358210001850e-01,1.389237887449723e-09
2.342488131925770e-01,1.389094782863535e-09
2.344618053849690e-01,1.388951820525353e-09
2.346747975773610e-01,1.388808999253679e-09
2.348877897697530e-01,1.388666317867013e-09
2.351007819621450e-01,1.388523775183856e-09
2.353137741545360e-01,1.388381370022710e-09
2.355267663469280e-01,1.388239101202074e-09
2.357397585393200e-01,1.388096967777892e-09
2.359527507317120e-01,1.387954969756320e-09
2.361657429241040e-01,1.387813107381183e-09
2.363787351164960e-01,1.387671380896305e-09
2.365917273088880e-01,1.387529790545510e-09
2.368047195012800e-01,1.387388336572622e-09
2.370177116936710e-01,1.387247019221465e-09
2.372307038860630e-01,1.387105838735863e-09
2.374436960784550e-01,1.386964795359640e-09
2.376566882708470e-01,1.386823889336619e-09
2.378696804632390e-01,1.386683120807008e-09
2.380826726556310e-01,1.386542489496478e-09
2.382956648480230e-01,1.386401995027045e-09
2.385086570404140e-01,1.386261637020730e-09
2.387216492328060e-01,1.386121415099550e-09
2.389346414251980e-01,1.385981328885524e-09
2.391476336175900e-01,1.385841378000670e-09
2.393606258099820e-01,1.385701562067008e-09
2.395736180023740e-01,1.385561880706556e-09
2.397866101947660e-01,1.385422333541332e-09
2.399996023871580e-01,1.385282920186315e-09
2.402125945795490e-01,1.385143640228325e-09
2.404255867719410e-01,1.385004493247145e-09
2.406385789643330e-01,1.384865478822556e-09
2.408515711567250e-01,1.384726596534342e-09
2.410645633491170e-01,1.384587845962283e-09
2.412775555415090e-01,1.384449226686165e-09
2.414905477339010e-01,1.384310738285767e-09
2.417035399262920e-01,1.384172380340873e-09
2.419165321186840e-01,1.384034152431264e-09
2.421295243110760e-01,1.383896054227805e-09
2.423425165034680e-01,1.383758085765521e-09
2.425555086958600e-01,1.383620247170437e-09
2.427685008882520e-01,1.383482538568578e-09
2.429814930806440e-01,1.383344960085968e-09
2.431944852730360e-01,1.383207511848633e-09
2.434074774654270e-01,1.383070193982597e-09
2.436204696578190e-01,1.382933006613884e-09
2.438334618502110e-01,1.382795949868520e-09
2.440464540426030e-01,1.382659023872529e-09
2.442594462349950e-01,1.382522228607110e-09
2.444724384273870e-01,1.382385563473783e-09
2.446854306197790e-01,1.382249027729057e-09
2.448984228121710e-01,1.382112620629438e-09
2.451114150045620e-01,1.381976341431433e-09
2.453244071969540e-01,1.381840189391549e-09
2.455373993893460e-01,1.381704163766293e-09
2.457503915817380e-01,1.381568263812173e-09
2.459633837741300e-01,1.381432488785695e-09
2.461763759665220e-01,1.381296837943368e-09
2.463893681589140e-01,1.381161310751838e-09
2.466023603513050e-01,1.381025907518609e-09
2.468153525436970e-01,1.380890628761462e-09
2.470283447360890e-01,1.380755474998183e-09
2.472413369284810e-01,1.380620446746557e-09
2.474543291208730e-01,1.380485544524367e-09
2.476673213132650e-01,1.380350768849398e-09
2.478803135056570e-01,1.380216120239435e-09
2.480933056980490e-01,1.380081599212262e-09
2.483062978904400e-01,1.379947206285664e-09
2.485192900828320e-01,1.379812941733909e-09
2.487322822752240e-01,1.379678804857179e-09
2.489452744676160e-01,1.379544794712127e-09
2.491582666600080e-01,1.379410910355403e-09
2.493712588524000e-01,1.379277150843660e-09
2.495842510447920e-01,1.379143515233550e-09
2.497972432371830e-01,1.379010002581724e-09
2.500102354295750e-01,1.378876611944834e-09
2.502232276219670e-01,1.378743342379533e-09
2.504362198143590e-01,1.378610192942471e-09
2.506492120067510e-01,1.378477162865371e-09
2.508622041991430e-01,1.378344252080039e-09
2.510751963915350e-01,1.378211460693254e-09
2.512881885839270e-01,1.378078788811796e-09
2.515011807763180e-01,1.377946236542443e-09
2.517141729687100e-01,1.377813803991973e-09
2.519271651611020e-01,1.377681491267166e-09
2.521401573534940e-01,1.377549298474800e-09
2.523531495458860e-01,1.377417225721655e-09
2.525661417382780e-01,1.377285273114509e-09
2.527791339306700e-01,1.377153440707847e-09
2.529921261230620e-01,1.377021728347095e-09
2.532051183154530e-01,1.376890135825448e-09
2.534181105078450e-01,1.376758662936098e-09
2.536311027002370e-01,1.376627309472239e-09
2.538440948926290e-01,1.376496075227066e-09
2.540570870850210e-01,1.376364959993772e-09
2.542700792774130e-01,1.376233963565551e-09
2.544830714698050e-01,1.376103085735597e-09
2.546960636621960e-01,1.375972326297103e-09
2.549090558545880e-01,1.375841685007958e-09
2.551220480469800e-01,1.375711161484760e-09
2.553350402393720e-01,1.375580755308765e-09
2.555480324317640e-01,1.375450466061230e-09
2.557610246241560e-01,1.375320293323412e-09
2.559740168165480e-01,1.375190236676568e-09
2.561870090089400e-01,1.375060295701953e-09
2.564000012013310e-01,1.374930469980826e-09
2.566129933937230e-01,1.374800759094441e-09
2.568259855861150e-01,1.374671162624057e-09
2.570389777785070e-01,1.374541680266495e-09
2.572519699708990e-01,1.374412312180940e-09
2.574649621632910e-01,1.374283058642187e-09
2.576779543556830e-01,1.374153919925033e-09
2.578909465480740e-01,1.374024896304274e-09
2.581039387404660e-01,1.373895988054706e-09
2.583169309328580e-01,1.373767195451126e-09
2.585299231252500e-01,1.373638518768330e-09
2.587429153176420e-01,1.373509958281115e-09
2.589559075100340e-01,1.373381514264276e-09
2.591688997024260e-01,1.373253186805509e-09
2.593818918948180e-01,1.373124975244189e-09
2.595948840872090e-01,1.372996878732627e-09
2.598078762796010e-01,1.372868896423136e-09
2.600208684719930e-01,1.372741027468027e-09
2.602338606643850e-01,1.372613271019614e-09
2.604468528567770e-01,1.372485626230208e-09
2.606598450491690e-01,1.372358092252122e-09
2.608728372415610e-01,1.372230668237669e-09
2.610858294339530e-01,1.372103353339160e-09
2.612988216263440e-01,1.371976146929894e-09
2.615118138187360e-01,1.371849049266743e-09
2.617248060111280e-01,1.371722060827380e-09
2.619377982035200e-01,1.371595182089482e-09
2.621507903959120e-01,1.371468413530721e-09
2.623637825883040e-01,1.371341755628774e-09
2.625767747806960e-01,1.371215208861313e-09
2.627897669730870e-01,1.371088773706015e-09
2.630027591654790e-01,1.370962450640552e-09
2.632157513578710e-01,1.370836240142601e-09
2.634287435502630e-01,1.370710142512955e-09
2.636417357426550e-01,1.370584157344410e-09
2.638547279350470e-01,1.370458284052639e-09
2.640677201274390e-01,1.370332522053315e-09
2.642807123198310e-01,1.370206870762112e-09
2.644937045122220e-01,1.370081329594703e-09
2.647066967046140e-01,1.369955897966761e-09
2.649196888970060e-01,1.369830575293958e-09
2.651326810893980e-01,1.369705360991969e-09
2.653456732817900e-01,1.369580254476467e-09
2.655586654741820e-01,1.369455255233048e-09
2.657716576665740e-01,1.369330363027109e-09
2.659846498589660e-01,1.369205577694024e-09
2.661976420513570e-01,1.369080899069167e-09
2.664106342437490e-01,1.368956326987910e-09
2.666236264361410e-01,1.368831861285627e-09
2.668366186285330e-01,1.368707501797692e-09
2.670496108209250e-01,1.368583248359478e-09
2.672626030133170e-01,1.368459100806358e-09
2.674755952057090e-01,1.368335058973706e-09
2.676885873981000e-01,1.368211122722648e-09
2.679015795904920e-01,1.368087292017321e-09
2.681145717828840e-01,1.367963566847621e-09
2.683275639752760e-01,1.367839947203442e-09
2.685405561676680e-01,1.367716433074678e-09
2.687535483600600e-01,1.367593024451224e-09
2.689665405524520e-01,1.367469721322974e-09
2.691795327448440e-01,1.367346523679823e-09
2.693925249372350e-01,1.367223431511665e-09
2.696055171296270e-01,1.367100444808394e-09
2.698185093220190e-01,1.366977563483357e-09
2.700315015144110e-01,1.366854787143785e-09
2.702444937068030e-01,1.366732115320398e-09
2.704574858991950e-01,1.366609547543915e-09
2.706704780915870e-01,1.366487083345058e-09
2.708834702839780e-01,1.366364722254545e-09
2.710964624763700e-01,1.366242463803097e-09
2.713094546687620e-01,1.366120307521434e-09
2.715224468611540e-01,1.365998252940275e-09
2.717354390535460e-01,1.365876299590341e-09
2.719484312459380e-01,1.365754447157684e-09
2.721614234383300e-01,1.365632695949339e-09
2.723744156307220e-01,1.365511046427504e-09
2.725874078231130e-01,1.365389499054376e-09
2.728004000155050e-01,1.365268054292152e-09
2.730133922078970e-01,1.365146712603028e-09
2.732263844002890e-01,1.365025474449203e-09
2.734393765926810e-01,1.364904340292872e-09
2.736523687850730e-01,1.364783310596233e-09
2.738653609774650e-01,1.364662385821484e-09
2.740783531698570e-01,1.364541566108511e-09
2.742913453622480e-01,1.364420850307256e-09
2.745043375546400e-01,1.364300236944993e-09
2.747173297470320e-01,1.364179724548999e-09
2.749303219394240e-01,1.364059311646550e-09
2.751433141318160e-01,1.363938996764922e-09
2.753563063242080e-01,1.363818778431392e-09
2.755692985166000e-01,1.363698655173236e-09
2.757822907089910e-01,1.363578625517730e-09
2.759952829013830e-01,1.363458687992150e-09
2.762082750937750e-01,1.363338841934158e-09
2.764212672861670e-01,1.363219089923744e-09
2.766342594785590e-01,1.363099435351676e-09
2.768472516709510e-01,1.362979881608720e-09
2.770602438633430e-01,1.362860432085644e-09
2.772732360557350e-01,1.362741090173213e-09
2.774862282481260e-01,1.362621859262197e-09
2.776992204405180e-01,1.362502742743359e-09
2.779122126329100e-01,1.362383744007468e-09
2.781252048253020e-01,1.362264866445292e-09
2.783381970176940e-01,1.362146110806193e-09
2.785511892100860e-01,1.362027467274648e-09
