7.791356504680618e-06,4.963310923769081e-09
8.610780621332552e-06,4.897475228693876e-09
9.516384324626089e-06,4.832115336656148e-09
1.051723120080771e-05,4.767250682050930e-09
1.162333806181051e-05,4.702901426657576e-09
1.284577519687474e-05,4.639086797305320e-09
1.419677716772344e-05,4.575826556465541e-09
1.568986525616830e-05,4.513137509829314e-09
1.733998278964274e-05,4.451035909848142e-09
1.916364469904539e-05,4.389536895353751e-09
2.117910280571951e-05,4.328652919289402e-09
2.340652849181556e-05,4.268395441190623e-09
2.586821458226360e-05,4.208773884486892e-09
2.858879845885812e-05,4.149795878386353e-09
3.159550863945590e-05,4.091467208073384e-09
3.491843729013453e-05,4.033792561253824e-09
3.859084139770492e-05,3.976774373072565e-09
4.264947561681323e-05,3.920414815445258e-09
4.713496012287843e-05,3.864713920281802e-09
5.209218715246060e-05,3.809670967811583e-09
5.757077029985334e-05,3.755284100219064e-09
6.362554106661115e-05,3.701551105882331e-09
7.031709763364645e-05,3.648469011495468e-09
7.771241134819200e-05,3.596034261911916e-09
8.588549699555374e-05,3.544243486617262e-09
9.491815356395940e-05,3.493092773187966e-09
1.049007829163263e-04,3.442578514809811e-09
1.159332945624905e-04,3.392696586355596e-09
1.281261055871622e-04,3.343444077073012e-09
1.416012457412214e-04,3.294817097433043e-09
1.564935787564811e-04,3.246811521995081e-09
1.729521521072439e-04,3.199423009566299e-09
1.911416887275217e-04,3.152645910570812e-09
2.112442356135248e-04,3.106473337150852e-09
2.334609858111876e-04,3.060897147222345e-09
2.580142920237960e-04,3.015909086326031e-09
2.851498919925769e-04,2.971502411994837e-09
3.151393679226079e-04,2.927670042550976e-09
3.482828645688079e-04,2.884406616809937e-09
3.849120931855259e-04,2.841704344177605e-09
4.253936514042669e-04,2.799555167850520e-09
4.701326922660057e-04,2.757951909504913e-09
5.195769791289974e-04,2.716888195038210e-09
5.742213670349657e-04,2.676356400206927e-09
6.346127553846864e-04,2.636348910697653e-09
7.013555614910102e-04,2.596859668927792e-09
7.751177697904812e-04,2.557880704880771e-09
8.566376172560946e-04,2.519405677224535e-09
9.467309819210534e-04,2.481427333242695e-09
1.046299548460350e-03,2.443939097419786e-09
1.156339832554060e-03,2.406934062415614e-09
1.277953154351212e-03,2.370225369663875e-09
1.405748469786333e-03,2.335673476968743e-09
1.533543785221454e-03,2.304664040483552e-09
1.661339100656575e-03,2.276607477322121e-09
1.789134416091696e-03,2.250914204598268e-09
1.916929731526817e-03,2.227074884492978e-09
2.000000000000000e-03,2.212478695619272e-09
2.044725046961939e-03,2.204900674090326e-09
2.172520362397060e-03,2.184257225629494e-09
2.300315677832181e-03,2.164972012659121e-09
2.428110993267302e-03,2.146869418866861e-09
2.555906308702423e-03,2.129790215549378e-09
2.683701624137544e-03,2.113640724449732e-09
2.811496939572665e-03,2.098343654925175e-09
2.939292255007787e-03,2.083821716332955e-09
3.067087570442908e-03,2.069997618030322e-09
3.194882885878029e-03,2.056800198027034e-09
3.322678201313150e-03,2.044182809190077e-09
3.450473516748271e-03,2.032104933162548e-09
3.578268832183392e-03,2.020526051587541e-09
3.706064147618514e-03,2.009405646108155e-09
3.833859463053635e-03,1.998705992937325e-09
3.961654778488756e-03,1.988400546528620e-09
4.089450093923877e-03,1.978465555886082e-09
4.217245409358998e-03,1.968877270013751e-09
4.345040724794119e-03,1.959611937915668e-09
4.472836040229241e-03,1.950647262478499e-09
4.600631355664362e-03,1.941966762156974e-09
4.728426671099482e-03,1.933555409307234e-09
4.856221986534604e-03,1.925398176285420e-09
4.984017301969726e-03,1.917480035447674e-09
5.111812617404846e-03,1.909786783714762e-09
5.239607932839968e-03,1.902307516242585e-09
5.367403248275089e-03,1.895032152739981e-09
5.495198563710209e-03,1.887950612915786e-09
5.622993879145331e-03,1.881052816478837e-09
5.750789194580453e-03,1.874329183689213e-09
5.878584510015573e-03,1.867772137017629e-09
6.006379825450694e-03,1.861374599488884e-09
6.134175140885816e-03,1.855129494127775e-09
6.261970456320937e-03,1.849029743959098e-09
6.389765771756058e-03,1.843068594264717e-09
6.517561087191179e-03,1.837240579340957e-09
6.645356402626300e-03,1.831540555734300e-09
6.773151718061422e-03,1.825963379991232e-09
6.900947033496543e-03,1.820503908658238e-09
7.028742348931663e-03,1.815157213094603e-09
7.156537664366785e-03,1.809919223910136e-09
7.284332979801906e-03,1.804786086527107e-09
7.412128295237027e-03,1.799753946367788e-09
7.539923610672148e-03,1.794818948854448e-09
7.667718926107269e-03,1.789977389205244e-09
7.795514241542391e-03,1.785226161827342e-09
7.923309556977513e-03,1.780562310926529e-09
8.051104872412632e-03,1.775982880708596e-09
8.178900187847754e-03,1.771484915379331e-09
8.306695503282877e-03,1.767065564775190e-09
8.434490818717996e-03,1.762722401253437e-09
8.562286134153118e-03,1.758453102801072e-09
8.690081449588239e-03,1.754255347405094e-09
8.817876765023359e-03,1.750126813052503e-09
8.945672080458482e-03,1.746065258792549e-09
9.073467395893601e-03,1.742068767925281e-09
9.201262711328723e-03,1.738135504813890e-09
9.329058026763846e-03,1.734263633821571e-09
9.456853342198965e-03,1.730451319311515e-09
9.584648657634087e-03,1.726696774421670e-09
9.712443973069206e-03,1.722998407387425e-09
9.840239288504329e-03,1.719354675218141e-09
9.968034603939451e-03,1.715764034923178e-09
1.009582991937457e-02,1.712224943511898e-09
1.022362523480969e-02,1.708735927047184e-09
1.035142055024482e-02,1.705295787806541e-09
1.047921586567993e-02,1.701903397121257e-09
1.060701118111506e-02,1.698557626322622e-09
1.073480649655018e-02,1.695257346741925e-09
1.086260181198530e-02,1.692001429710457e-09
1.099039712742042e-02,1.688788746559506e-09
1.111819244285554e-02,1.685618168620361e-09
1.124598775829066e-02,1.682488567224312e-09
1.137378307372578e-02,1.679398813702648e-09
1.150157838916090e-02,1.676347837908188e-09
1.162937370459603e-02,1.673334803762974e-09
1.175716902003114e-02,1.670358933702135e-09
1.188496433546627e-02,1.667419450160798e-09
1.201275965090139e-02,1.664515575574091e-09
1.214055496633651e-02,1.661646532377142e-09
1.226835028177163e-02,1.658811543005077e-09
1.239614559720675e-02,1.656009829893025e-09
1.252394091264187e-02,1.653240615476113e-09
1.265173622807700e-02,1.650503122189469e-09
1.277953154351211e-02,1.647796606722653e-09
1.290732685894724e-02,1.645120462795089e-09
1.303512217438236e-02,1.642474118386700e-09
1.316291748981748e-02,1.639857001477411e-09
1.329071280525260e-02,1.637268540047144e-09
1.341850812068772e-02,1.634708162075823e-09
1.354630343612284e-02,1.632175295543371e-09
1.367409875155796e-02,1.629669368429712e-09
1.380189406699308e-02,1.627189808714769e-09
1.392968938242821e-02,1.624736044378466e-09
1.405748469786333e-02,1.622307527335353e-09
1.418528001329845e-02,1.619903805239878e-09
1.431307532873357e-02,1.617524449681811e-09
1.444087064416869e-02,1.615169032250919e-09
1.456866595960381e-02,1.612837124536974e-09
1.469646127503893e-02,1.610528298129742e-09
1.482425659047405e-02,1.608242124618994e-09
1.495205190590917e-02,1.605978175594499e-09
1.507984722134430e-02,1.603736022646024e-09
1.520764253677942e-02,1.601515237363341e-09
1.533543785221454e-02,1.599315407815834e-09
1.546323316764966e-02,1.597136187987432e-09
1.559102848308478e-02,1.594977248339716e-09
1.571882379851990e-02,1.592838259334268e-09
1.584661911395502e-02,1.590718891432672e-09
1.597441442939014e-02,1.588618815096507e-09
1.610220974482527e-02,1.586537700787357e-09
1.623000506026039e-02,1.584475218966804e-09
1.635780037569551e-02,1.582431040096429e-09
1.648559569113063e-02,1.580404834637815e-09
1.661339100656575e-02,1.578396284809971e-09
1.674118632200087e-02,1.576405119866376e-09
1.686898163743599e-02,1.574431080820316e-09
1.699677695287111e-02,1.572473908685075e-09
1.712457226830624e-02,1.570533344473937e-09
1.725236758374135e-02,1.568609129200190e-09
1.738016289917648e-02,1.566701003877117e-09
1.750795821461160e-02,1.564808709518003e-09
1.763575353004672e-02,1.562931987136134e-09
1.776354884548184e-02,1.561070577744795e-09
1.789134416091696e-02,1.559224231134912e-09
1.801913947635208e-02,1.557392732208934e-09
1.814693479178720e-02,1.555575874647424e-09
1.827473010722232e-02,1.553773452130946e-09
1.840252542265745e-02,1.551985258340067e-09
1.853032073809257e-02,1.550211086955349e-09
1.865811605352769e-02,1.548450731657359e-09
1.878591136896281e-02,1.546703986126660e-09
1.891370668439793e-02,1.544970644043817e-09
1.904150199983305e-02,1.543250499089396e-09
1.916929731526817e-02,1.541543351322142e-09
1.929709263070329e-02,1.539849026312333e-09
1.942488794613842e-02,1.538167356007830e-09
1.955268326157353e-02,1.536498172356494e-09
1.968047857700866e-02,1.534841307306184e-09
1.980827389244378e-02,1.533196592804764e-09
1.993606920787890e-02,1.531563860800092e-09
2.006386452331402e-02,1.529942943240030e-09
2.019165983874914e-02,1.528333672072438e-09
2.031945515418426e-02,1.526735879245178e-09
2.044725046961939e-02,1.525149401892592e-09
2.057504578505450e-02,1.523574097897317e-09
2.070284110048963e-02,1.522009830329652e-09
2.083063641592475e-02,1.520456462259895e-09
2.095843173135987e-02,1.518913856758345e-09
2.108622704679499e-02,1.517381876895302e-09
2.121402236223011e-02,1.515860385741063e-09
2.134181767766523e-02,1.514349246365928e-09
2.146961299310035e-02,1.512848321840195e-09
2.159740830853547e-02,1.511357475234164e-09
2.172520362397060e-02,1.509876573275833e-09
2.185299893940572e-02,1.508405497324582e-09
2.198079425484084e-02,1.506944132397782e-09
2.210858957027596e-02,1.505492363512804e-09
2.223638488571108e-02,1.504050075687017e-09
2.236418020114620e-02,1.502617153937793e-09
2.249197551658132e-02,1.501193483282502e-09
2.261977083201644e-02,1.499778948738514e-09
2.274756614745157e-02,1.498373435323201e-09
2.287536146288669e-02,1.496976828053932e-09
2.300315677832181e-02,1.495589015150465e-09
2.313095209375693e-02,1.494209897641664e-09
2.325874740919205e-02,1.492839379758560e-09
2.338654272462717e-02,1.491477365732183e-09
2.351433804006229e-02,1.490123759793565e-09
2.364213335549741e-02,1.488778466173735e-09
2.376992867093253e-02,1.487441389103725e-09
2.389772398636766e-02,1.486112432814565e-09
2.402551930180278e-02,1.484791501537287e-09
2.415331461723790e-02,1.483478499502920e-09
2.428110993267302e-02,1.482173333322744e-09
2.440890524810814e-02,1.480875919127997e-09
2.453670056354326e-02,1.479586175429648e-09
2.466449587897838e-02,1.478304020738669e-09
2.479229119441350e-02,1.477029373566030e-09
2.492008650984863e-02,1.475762152422701e-09
2.504788182528375e-02,1.474502275819652e-09
2.517567714071887e-02,1.473249662267853e-09
2.530347245615399e-02,1.472004230278274e-09
2.543126777158911e-02,1.470765898361887e-09
2.555906308702423e-02,1.469534587028918e-09
2.568685840245935e-02,1.468310224787043e-09
2.581465371789447e-02,1.467092742143403e-09
2.594244903332960e-02,1.465882069605140e-09
2.607024434876471e-02,1.464678137679396e-09
2.619803966419984e-02,1.463480876873311e-09
2.632583497963496e-02,1.462290217694028e-09
2.645363029507008e-02,1.461106090648688e-09
2.658142561050520e-02,1.459928426244432e-09
2.670922092594032e-02,1.458757154988404e-09
2.683701624137544e-02,1.457592208979313e-09
2.696481155681056e-02,1.456433526682017e-09
2.709260687224568e-02,1.455281048152873e-09
2.722040218768081e-02,1.454134713448237e-09
2.734819750311593e-02,1.452994462624467e-09
2.747599281855105e-02,1.451860235737921e-09
2.760378813398617e-02,1.450731972844954e-09
2.773158344942129e-02,1.449609614001925e-09
2.785937876485641e-02,1.448493099265191e-09
2.798717408029153e-02,1.447382368691109e-09
2.811496939572665e-02,1.446277363696467e-09
2.824276471116178e-02,1.445178031139258e-09
2.837056002659689e-02,1.444084319237646e-09
2.849835534203202e-02,1.442996176209794e-09
2.862615065746714e-02,1.441913550273866e-09
2.875394597290226e-02,1.440836389648025e-09
2.888174128833738e-02,1.439764642550435e-09
2.900953660377250e-02,1.438698257199259e-09
2.913733191920762e-02,1.437637181812661e-09
2.926512723464274e-02,1.436581364608804e-09
2.939292255007787e-02,1.435530754845968e-09
2.952071786551299e-02,1.434485305943174e-09
2.964851318094811e-02,1.433444972359690e-09
2.977630849638323e-02,1.432409708554788e-09
2.990410381181835e-02,1.431379468987739e-09
3.003189912725347e-02,1.430354208117813e-09
3.015969444268859e-02,1.429333880404281e-09
3.028748975812371e-02,1.428318440306414e-09
3.041528507355883e-02,1.427307842283482e-09
3.054308038899396e-02,1.426302040794755e-09
3.067087570442908e-02,1.425300991325365e-09
3.079867101986420e-02,1.424304653463837e-09
3.092646633529932e-02,1.423312987824537e-09
3.105426165073444e-02,1.422325955021832e-09
3.118205696616956e-02,1.421343515670090e-09
3.130985228160468e-02,1.420365630383675e-09
3.143764759703981e-02,1.419392259776956e-09
3.156544291247493e-02,1.418423364464299e-09
3.169323822791005e-02,1.417458905060069e-09
3.182103354334517e-02,1.416498842178635e-09
3.194882885878029e-02,1.415543137092075e-09
3.207662417421541e-02,1.414591753703108e-09
3.220441948965053e-02,1.413644656572052e-09
3.233221480508566e-02,1.412701810259231e-09
3.246001012052077e-02,1.411763179324963e-09
3.258780543595589e-02,1.410828728329571e-09
3.271560075139102e-02,1.409898421833375e-09
3.284339606682614e-02,1.408972224396695e-09
3.297119138226126e-02,1.408050100579854e-09
3.309898669769638e-02,1.407132014943171e-09
3.322678201313150e-02,1.406217932854628e-09
3.335457732856662e-02,1.405307822913100e-09
3.348237264400174e-02,1.404401654525245e-09
3.361016795943687e-02,1.403499397097723e-09
3.373796327487198e-02,1.402601020037196e-09
3.386575859030710e-02,1.401706492750320e-09
3.399355390574223e-02,1.400815784643758e-09
3.412134922117735e-02,1.399928865124167e-09
3.424914453661247e-02,1.399045703598210e-09
3.437693985204759e-02,1.398166269472543e-09
3.450473516748271e-02,1.397290532583853e-09
3.463253048291783e-02,1.396418464488928e-09
3.476032579835295e-02,1.395550037174584e-09
3.488812111378808e-02,1.394685222627637e-09
3.501591642922319e-02,1.393823992834903e-09
3.514371174465832e-02,1.392966319783199e-09
3.527150706009344e-02,1.392112175459341e-09
3.539930237552856e-02,1.391261531850144e-09
3.552709769096368e-02,1.390414360942426e-09
3.565489300639881e-02,1.389570634723003e-09
3.578268832183392e-02,1.388730325746419e-09
3.591048363726904e-02,1.387893408837979e-09
3.603827895270417e-02,1.387059859390636e-09
3.616607426813929e-02,1.386229652797341e-09
3.629386958357441e-02,1.385402764451049e-09
3.642166489900953e-02,1.384579169744712e-09
3.654946021444465e-02,1.383758844071282e-09
3.667725552987977e-02,1.382941762823712e-09
3.680505084531489e-02,1.382127901394956e-09
3.693284616075002e-02,1.381317235177966e-09
3.706064147618514e-02,1.380509739988768e-09
3.718843679162025e-02,1.379705393335840e-09
3.731623210705538e-02,1.378904173150806e-09
3.744402742249050e-02,1.378106057365292e-09
3.757182273792562e-02,1.377311023910925e-09
3.769961805336074e-02,1.376519050719331e-09
3.782741336879586e-02,1.375730115722136e-09
3.795520868423098e-02,1.374944196850965e-09
3.808300399966610e-02,1.374161272037445e-09
3.821079931510123e-02,1.373381319213201e-09
3.833859463053635e-02,1.372604316650011e-09
3.846638994597146e-02,1.371830243980278e-09
3.859418526140659e-02,1.371059081176565e-09
3.872198057684171e-02,1.370290808211439e-09
3.884977589227683e-02,1.369525405057464e-09
3.897757120771195e-02,1.368762851687204e-09
3.910536652314707e-02,1.368003128073225e-09
3.923316183858219e-02,1.367246214188090e-09
3.936095715401731e-02,1.366492090004365e-09
3.948875246945244e-02,1.365740735494615e-09
3.961654778488756e-02,1.364992130986591e-09
3.974434310032268e-02,1.364246258228707e-09
3.987213841575780e-02,1.363503099324523e-09
3.999993373119292e-02,1.362762636377599e-09
4.012772904662804e-02,1.362024851491494e-09
4.025552436206317e-02,1.361289726769768e-09
4.038331967749829e-02,1.360557244315981e-09
4.051111499293340e-02,1.359827386233693e-09
4.063891030836853e-02,1.359100134626463e-09
4.076670562380365e-02,1.358375471597851e-09
4.089450093923877e-02,1.357653379462507e-09
4.102229625467389e-02,1.356933841379519e-09
4.115009157010902e-02,1.356216840719112e-09
4.127788688554413e-02,1.355502360851508e-09
4.140568220097925e-02,1.354790385146930e-09
4.153347751641438e-02,1.354080896975602e-09
4.166127283184950e-02,1.353373879707746e-09
4.178906814728462e-02,1.352669316713585e-09
4.191686346271974e-02,1.351967191363342e-09
4.204465877815486e-02,1.351267487027241e-09
4.217245409358998e-02,1.350570187396117e-09
4.230024940902510e-02,1.349875277443306e-09
4.242804472446023e-02,1.349182742462771e-09
4.255584003989534e-02,1.348492567748479e-09
4.268363535533046e-02,1.347804738594396e-09
4.281143067076559e-02,1.347119240294488e-09
4.293922598620071e-02,1.346436058142719e-09
4.306702130163583e-02,1.345755177433057e-09
4.319481661707095e-02,1.345076583459466e-09
4.332261193250607e-02,1.344400261515912e-09
4.345040724794119e-02,1.343726197068372e-09
4.357820256337631e-02,1.343054376270824e-09
4.370599787881144e-02,1.342384785449245e-09
4.383379319424656e-02,1.341717410929608e-09
4.396158850968167e-02,1.341052239037889e-09
4.408938382511680e-02,1.340389256100063e-09
4.421717914055192e-02,1.339728448442102e-09
4.434497445598704e-02,1.339069802389983e-09
4.447276977142216e-02,1.338413304269681e-09
4.460056508685728e-02,1.337758940407169e-09
4.472836040229240e-02,1.337106697394328e-09
4.485615571772752e-02,1.336456562886783e-09
4.498395103316265e-02,1.335808524806125e-09
4.511174634859777e-02,1.335162571073947e-09
4.523954166403289e-02,1.334518689611841e-09
4.536733697946801e-02,1.333876868341398e-09
4.549513229490313e-02,1.333237095184210e-09
4.562292761033825e-02,1.332599358061869e-09
4.575072292577338e-02,1.331963644895967e-09
4.587851824120850e-02,1.331329943608096e-09
4.600631355664361e-02,1.330698242154260e-09
4.613410887207874e-02,1.330068528628120e-09
4.626190418751386e-02,1.329440791157751e-09
4.638969950294898e-02,1.328815017871229e-09
4.651749481838410e-02,1.328191196896631e-09
4.664529013381922e-02,1.327569316362031e-09
4.677308544925434e-02,1.326949364395507e-09
4.690088076468946e-02,1.326331329125133e-09
4.702867608012459e-02,1.325715198678986e-09
4.715647139555971e-02,1.325100961185142e-09
4.728426671099482e-02,1.324488605080468e-09
4.741206202642995e-02,1.323878120036967e-09
4.753985734186507e-02,1.323269496035410e-09
4.766765265730019e-02,1.322662723056571e-09
4.779544797273531e-02,1.322057791081223e-09
4.792324328817044e-02,1.321454690090139e-09
4.805103860360555e-02,1.320853410064093e-09
4.817883391904067e-02,1.320253940983856e-09
4.830662923447580e-02,1.319656272830203e-09
4.843442454991092e-02,1.319060395583907e-09
4.856221986534604e-02,1.318466299302761e-09
4.869001518078116e-02,1.317873974352611e-09
4.881781049621628e-02,1.317283411176308e-09
4.894560581165140e-02,1.316694600216701e-09
4.907340112708652e-02,1.316107531916641e-09
4.920119644252165e-02,1.315522196718978e-09
4.932899175795677e-02,1.314938585066562e-09
4.945678707339188e-02,1.314356687402243e-09
4.958458238882701e-02,1.313776494168871e-09
4.971237770426213e-02,1.313197995809297e-09
4.984017301969725e-02,1.312621182168288e-09
4.996796833513237e-02,1.312046040698156e-09
5.000000000000000e-02,1.311902143072238e-09
5.009576365056749e-02,1.311472558672857e-09
5.022355896600261e-02,1.310900727027989e-09
5.035135428143774e-02,1.310330538587870e-09
5.047914959687286e-02,1.309761986192526e-09
5.060694491230798e-02,1.309195062681981e-09
5.073474022774310e-02,1.308629760896264e-09
5.086253554317822e-02,1.308066073675398e-09
5.099033085861334e-02,1.307503993859411e-09
5.111812617404846e-02,1.306943513955457e-09
5.124592148948359e-02,1.306384625139235e-09
5.137371680491870e-02,1.305827318253586e-09
5.150151212035382e-02,1.305271584141351e-09
5.162930743578895e-02,1.304717413645370e-09
5.175710275122407e-02,1.304164797608485e-09
5.188489806665919e-02,1.303613726873536e-09
5.201269338209431e-02,1.303064192283365e-09
5.214048869752943e-02,1.302516184680812e-09
5.226828401296455e-02,1.301969694908719e-09
5.239607932839967e-02,1.301424714191351e-09
5.252387464383480e-02,1.300881235278534e-09
5.265166995926992e-02,1.300339251301446e-09
5.277946527470503e-02,1.299798755391265e-09
5.290726059014016e-02,1.299259740679170e-09
5.303505590557528e-02,1.298722200296339e-09
5.316285122101040e-02,1.298186127373950e-09
5.329064653644552e-02,1.297651515043182e-09
5.341844185188065e-02,1.297118356435212e-09
5.354623716731576e-02,1.296586644681221e-09
5.367403248275088e-02,1.296056372823285e-09
5.380182779818601e-02,1.295527533547061e-09
5.392962311362113e-02,1.295000119449093e-09
5.405741842905625e-02,1.294474123125925e-09
5.418521374449137e-02,1.293949537174102e-09
5.431300905992649e-02,1.293426354190166e-09
5.444080437536161e-02,1.292904566770663e-09
5.456859969079673e-02,1.292384167512137e-09
5.469639500623186e-02,1.291865149011132e-09
5.482419032166697e-02,1.291347503864191e-09
5.495198563710210e-02,1.290831224779993e-09
5.507978095253722e-02,1.290316304915746e-09
5.520757626797234e-02,1.289802737540789e-09
5.533537158340746e-02,1.289290515924463e-09
5.546316689884258e-02,1.288779633336106e-09
5.559096221427770e-02,1.288270083045061e-09
5.571875752971282e-02,1.287761858320665e-09
5.584655284514795e-02,1.287254952432260e-09
5.597434816058307e-02,1.286749358649184e-09
5.610214347601819e-02,1.286245070240778e-09
5.622993879145331e-02,1.285742080675676e-09
5.635773410688843e-02,1.285240384219623e-09
5.648552942232355e-02,1.284739975337625e-09
5.661332473775867e-02,1.284240848494688e-09
5.674112005319380e-02,1.283742998155818e-09
5.686891536862891e-02,1.283246418786023e-09
5.699671068406403e-02,1.282751104850308e-09
5.712450599949916e-02,1.282257050813679e-09
5.725230131493428e-02,1.281764251141143e-09
5.738009663036940e-02,1.281272700297707e-09
5.750789194580452e-02,1.280782392636992e-09
5.763568726123964e-02,1.280293322067045e-09
5.776348257667476e-02,1.279805482384511e-09
5.789127789210988e-02,1.279318867386034e-09
5.801907320754501e-02,1.278833470868260e-09
5.814686852298013e-02,1.278349286627833e-09
5.827466383841524e-02,1.277866308461399e-09
5.840245915385037e-02,1.277384530165601e-09
5.853025446928549e-02,1.276903945537085e-09
5.865804978472061e-02,1.276424548372494e-09
5.878584510015573e-02,1.275946332646329e-09
5.891364041559085e-02,1.275469293044504e-09
5.904143573102597e-02,1.274993424430790e-09
5.916923104646109e-02,1.274518721668958e-09
5.929702636189622e-02,1.274045179622778e-09
5.942482167733134e-02,1.273572793156021e-09
5.955261699276646e-02,1.273101557132458e-09
5.968041230820158e-02,1.272631466415861e-09
5.980820762363670e-02,1.272162515869999e-09
5.993600293907182e-02,1.271694700358643e-09
6.006379825450694e-02,1.271228014779493e-09
6.019159356994207e-02,1.270762454165955e-09
6.031938888537718e-02,1.270298013585360e-09
6.044718420081231e-02,1.269834688105038e-09
6.057497951624743e-02,1.269372472792319e-09
6.070277483168255e-02,1.268911362714533e-09
6.083057014711767e-02,1.268451352939012e-09
6.095836546255279e-02,1.267992438533084e-09
6.108616077798791e-02,1.267534614564081e-09
6.121395609342303e-02,1.267077876099332e-09
6.134175140885816e-02,1.266622218244453e-09
6.146954672429328e-02,1.266167636258206e-09
6.159734203972840e-02,1.265714125437645e-09
6.172513735516352e-02,1.265261681079824e-09
6.185293267059864e-02,1.264810298481797e-09
6.198072798603376e-02,1.264359972940619e-09
6.210852330146888e-02,1.263910699753344e-09
6.223631861690401e-02,1.263462474217024e-09
6.236411393233912e-02,1.263015291628715e-09
6.249190924777424e-02,1.262569147285471e-09
6.261970456320937e-02,1.262124036540771e-09
6.274749987864449e-02,1.261679954973800e-09
6.287529519407961e-02,1.261236898220172e-09
6.300309050951473e-02,1.260794861915499e-09
6.313088582494986e-02,1.260353841695394e-09
6.325868114038498e-02,1.259913833195471e-09
6.338647645582010e-02,1.259474832051342e-09
6.351427177125522e-02,1.259036833898620e-09
6.364206708669033e-02,1.258599834372919e-09
6.376986240212545e-02,1.258163829109851e-09
6.389765771756058e-02,1.257728813797401e-09
6.402545303299570e-02,1.257294784333033e-09
6.415324834843082e-02,1.256861736666576e-09
6.428104366386594e-02,1.256429666747859e-09
6.440883897930107e-02,1.255998570526713e-09
6.453663429473619e-02,1.255568443952966e-09
6.466442961017131e-02,1.255139282976448e-09
6.479222492560642e-02,1.254711083546989e-09
6.492002024104154e-02,1.254283841614417e-09
6.504781555647667e-02,1.253857553128564e-09
6.517561087191179e-02,1.253432214050891e-09
6.530340618734691e-02,1.253007820389399e-09
6.543120150278203e-02,1.252584368163727e-09
6.555899681821716e-02,1.252161853393512e-09
6.568679213365228e-02,1.251740272098390e-09
6.581458744908740e-02,1.251319620298000e-09
6.594238276452252e-02,1.250899894011978e-09
6.607017807995763e-02,1.250481089259962e-09
6.619797339539275e-02,1.250063202061589e-09
6.632576871082788e-02,1.249646228436496e-09
6.645356402626300e-02,1.249230164515966e-09
6.658135934169812e-02,1.248815006877870e-09
6.670915465713324e-02,1.248400752211733e-09
6.683694997256837e-02,1.247987397207079e-09
6.696474528800349e-02,1.247574938553432e-09
6.709254060343861e-02,1.247163372940316e-09
6.722033591887373e-02,1.246752697057254e-09
6.734813123430886e-02,1.246342907593771e-09
6.747592654974396e-02,1.245934001239391e-09
6.760372186517909e-02,1.245525974683638e-09
6.773151718061421e-02,1.245118824504913e-09
6.785931249604933e-02,1.244712546837152e-09
6.798710781148445e-02,1.244307137703176e-09
6.811490312691958e-02,1.243902593125808e-09
6.824269844235470e-02,1.243498909127869e-09
6.837049375778982e-02,1.243096081732182e-09
6.849828907322494e-02,1.242694106961570e-09
6.862608438866007e-02,1.242292980838854e-09
6.875387970409517e-02,1.241892699386857e-09
6.888167501953030e-02,1.241493258628401e-09
6.900947033496542e-02,1.241094654805684e-09
6.913726565040054e-02,1.240696885038517e-09
6.926506096583566e-02,1.240299946666135e-09
6.939285628127079e-02,1.239903837027777e-09
6.952065159670591e-02,1.239508553462680e-09
6.964844691214103e-02,1.239114093310081e-09
6.977624222757615e-02,1.238720453909217e-09
6.990403754301128e-02,1.238327632599325e-09
7.003183285844640e-02,1.237935626719643e-09
7.015962817388151e-02,1.237544433609407e-09
7.028742348931663e-02,1.237154050497479e-09
7.041521880475175e-02,1.236764474171189e-09
7.054301412018688e-02,1.236375701307482e-09
7.067080943562200e-02,1.235987728583302e-09
7.079860475105712e-02,1.235600552675596e-09
7.092640006649224e-02,1.235214170261307e-09
7.105419538192737e-02,1.234828578017380e-09
7.118199069736249e-02,1.234443772620760e-09
7.130978601279761e-02,1.234059750748392e-09
7.152277820518949e-02,1.233421446433868e-09
7.173577039758135e-02,1.232785294349156e-09
7.194876258997322e-02,1.232151281053688e-09
7.216175478236508e-02,1.231519393495696e-09
7.237474697475696e-02,1.230889618623414e-09
7.258773916714882e-02,1.230261943385072e-09
7.280073135954070e-02,1.229636354728904e-09
7.301372355193256e-02,1.229012839603143e-09
7.322671574432443e-02,1.228391384956020e-09
7.343970793671629e-02,1.227771977735767e-09
7.365270012910817e-02,1.227154604890618e-09
7.386569232150003e-02,1.226539253593502e-09
7.407868451389191e-02,1.225925911916134e-09
7.429167670628377e-02,1.225314568154927e-09
7.450466889867564e-02,1.224705210606291e-09
7.471766109106751e-02,1.224097827566640e-09
7.493065328345938e-02,1.223492407332384e-09
7.514364547585124e-02,1.222888938199936e-09
7.535663766824312e-02,1.222287408465708e-09
7.556962986063498e-02,1.221687806426111e-09
7.578262205302685e-02,1.221090120377558e-09
7.599561424541872e-02,1.220494338673727e-09
7.620860643781059e-02,1.219900449897362e-09
7.642159863020245e-02,1.219308442688469e-09
7.663459082259433e-02,1.218718305687055e-09
7.684758301498619e-02,1.218130027533128e-09
7.706057520737807e-02,1.217543596866693e-09
7.727356739976993e-02,1.216959002327759e-09
7.748655959216180e-02,1.216376232556333e-09
7.769955178455366e-02,1.215795276192420e-09
7.791254397694554e-02,1.215216121876028e-09
7.812553616933740e-02,1.214638758563895e-09
7.833852836172928e-02,1.214063176479604e-09
7.855152055412114e-02,1.213489366163436e-09
7.876451274651301e-02,1.212917318155671e-09
7.897750493890487e-02,1.212347022996588e-09
7.919049713129675e-02,1.211778471226466e-09
7.940348932368861e-02,1.211211653385586e-09
7.961648151608049e-02,1.210646560014226e-09
7.982947370847235e-02,1.210083181652668e-09
8.004246590086422e-02,1.209521508841190e-09
8.025545809325609e-02,1.208961532106314e-09
8.046845028564796e-02,1.208403241919530e-09
8.068144247803982e-02,1.207846628738569e-09
8.089443467043170e-02,1.207291683021161e-09
8.110742686282357e-02,1.206738395225038e-09
8.132041905521543e-02,1.206186755807929e-09
8.153341124760730e-02,1.205636755227565e-09
8.174640343999917e-02,1.205088383941678e-09
8.195939563239105e-02,1.204541632407997e-09
8.217238782478291e-02,1.203996491084253e-09
8.238538001717477e-02,1.203452950591548e-09
8.259837220956665e-02,1.202911002204483e-09
8.281136440195852e-02,1.202370637361043e-09
8.302435659435038e-02,1.201831847499209e-09
8.323734878674224e-02,1.201294624056966e-09
8.345034097913412e-02,1.200758958472296e-09
8.366333317152599e-02,1.200224842183182e-09
8.387632536391786e-02,1.199692266627608e-09
8.408931755630973e-02,1.199161223243556e-09
8.430230974870159e-02,1.198631703469010e-09
8.451530194109347e-02,1.198103698916548e-09
8.472829413348533e-02,1.197577201897138e-09
8.494128632587720e-02,1.197052204896343e-09
8.515427851826907e-02,1.196528700399728e-09
8.536727071066094e-02,1.196006680892857e-09
8.558026290305280e-02,1.195486138861294e-09
8.579325509544468e-02,1.194967066790602e-09
8.600624728783654e-02,1.194449457166347e-09
8.621923948022842e-02,1.193933302474093e-09
8.643223167262028e-02,1.193418595199402e-09
8.664522386501215e-02,1.192905327778877e-09
8.685821605740401e-02,1.192393492453265e-09
8.707120824979589e-02,1.191883081414355e-09
8.728420044218775e-02,1.191374086853934e-09
8.749719263457963e-02,1.190866500963790e-09
8.771018482697149e-02,1.190360315935711e-09
8.792317701936336e-02,1.189855523961484e-09
8.813616921175522e-02,1.189352117232896e-09
8.834916140414710e-02,1.188850087941736e-09
8.856215359653896e-02,1.188349428279792e-09
8.877514578893084e-02,1.187850130717115e-09
8.898813798132270e-02,1.187352188836765e-09
8.920113017371457e-02,1.186855596500036e-09
8.941412236610644e-02,1.186360347568224e-09
8.962711455849831e-02,1.185866435902623e-09
8.984010675089017e-02,1.185373855364529e-09
9.005309894328205e-02,1.184882599815238e-09
9.026609113567391e-02,1.184392663116043e-09
9.047908332806578e-02,1.183904039128241e-09
9.069207552045766e-02,1.183416721713126e-09
9.090506771284952e-02,1.182930704636487e-09
9.111805990524138e-02,1.182445981282056e-09
9.133105209763326e-02,1.181962544938048e-09
9.154404429002513e-02,1.181480388892676e-09
9.175703648241700e-02,1.180999506434154e-09
9.197002867480886e-02,1.180519890850695e-09
9.218302086720073e-02,1.180041535430514e-09
9.239601305959261e-02,1.179564433461825e-09
9.260900525198447e-02,1.179088578232840e-09
9.282199744437633e-02,1.178613963031775e-09
9.303498963676821e-02,1.178140581315025e-09
9.324798182916008e-02,1.177668427211740e-09
9.346097402155194e-02,1.177197495019264e-09
9.367396621394380e-02,1.176727779034943e-09
9.388695840633568e-02,1.176259273556120e-09
9.409995059872756e-02,1.175791972880141e-09
9.431294279111942e-02,1.175325871304349e-09
9.452593498351128e-02,1.174860963126090e-09
9.473892717590315e-02,1.174397242642707e-09
9.495191936829503e-02,1.173934704151545e-09
9.516491156068689e-02,1.173473342008629e-09
9.537790375307875e-02,1.173013150804702e-09
9.559089594547063e-02,1.172554125189190e-09
9.580388813786250e-02,1.172096259811516e-09
9.601688033025436e-02,1.171639549321106e-09
9.622987252264624e-02,1.171183988367385e-09
9.644286471503810e-02,1.170729571599777e-09
9.665585690742998e-02,1.170276293667706e-09
9.686884909982184e-02,1.169824149220599e-09
9.708184129221371e-02,1.169373132907879e-09
9.729483348460558e-02,1.168923239400379e-09
9.750782567699745e-02,1.168474463454562e-09
9.772081786938931e-02,1.168026799848297e-09
9.793381006178119e-02,1.167580243359454e-09
9.814680225417305e-02,1.167134788765902e-09
9.835979444656492e-02,1.166690430845511e-09
9.857278663895679e-02,1.166247164376151e-09
9.878577883134866e-02,1.165804984135690e-09
9.899877102374052e-02,1.165363884901999e-09
9.921176321613240e-02,1.164923861452947e-09
9.942475540852426e-02,1.164484908661848e-09
9.963774760091614e-02,1.164047021783770e-09
9.985073979330800e-02,1.163610196169217e-09
1.000637319857000e-01,1.163174427168694e-09
1.002767241780920e-01,1.162739710132704e-09
1.004897163704840e-01,1.162306040411751e-09
1.007027085628750e-01,1.161873413356342e-09
1.009157007552670e-01,1.161441824316976e-09
1.011286929476590e-01,1.161011268644160e-09
1.013416851400510e-01,1.160581741688398e-09
1.015546773324430e-01,1.160153238836094e-09
1.017676695248350e-01,1.159725755617290e-09
1.019806617172270e-01,1.159299287597943e-09
1.021936539096190e-01,1.158873830344010e-09
1.024066461020100e-01,1.158449379421451e-09
1.026196382944020e-01,1.158025930396217e-09
1.028326304867940e-01,1.157603478834269e-09
1.030456226791860e-01,1.157182020301564e-09
1.032586148715780e-01,1.156761550364059e-09
1.034716070639700e-01,1.156342064587710e-09
1.036845992563620e-01,1.155923558557809e-09
1.038975914487540e-01,1.155506027936968e-09
1.041105836411450e-01,1.155089468407130e-09
1.043235758335370e-01,1.154673875650235e-09
1.045365680259290e-01,1.154259245348226e-09
1.047495602183210e-01,1.153845573183045e-09
1.049625524107130e-01,1.153432854836635e-09
1.051755446031050e-01,1.153021085990936e-09
1.053885367954970e-01,1.152610262327892e-09
1.056015289878880e-01,1.152200379529447e-09
1.058145211802800e-01,1.151791433375438e-09
1.060275133726720e-01,1.151383420037156e-09
1.062405055650640e-01,1.150976335783708e-09
1.064534977574560e-01,1.150570176884201e-09
1.066664899498480e-01,1.150164939607745e-09
1.068794821422400e-01,1.149760620223446e-09
1.070924743346320e-01,1.149357215000413e-09
1.073054665270230e-01,1.148954720207755e-09
1.075184587194150e-01,1.148553132114577e-09
1.077314509118070e-01,1.148152446989988e-09
1.079444431041990e-01,1.147752661142774e-09
1.081574352965910e-01,1.147353771040545e-09
1.083704274889830e-01,1.146955773190642e-09
1.085834196813750e-01,1.146558664100407e-09
1.087964118737660e-01,1.146162440277184e-09
1.090094040661580e-01,1.145767098228312e-09
1.092223962585500e-01,1.145372634461134e-09
1.094353884509420e-01,1.144979045482992e-09
1.096483806433340e-01,1.144586327801228e-09
1.098613728357260e-01,1.144194477923184e-09
1.100743650281180e-01,1.143803492276466e-09
1.102873572205100e-01,1.143413366969606e-09
1.105003494129010e-01,1.143024098031345e-09
1.107133416052930e-01,1.142635681490412e-09
1.109263337976850e-01,1.142248113375548e-09
1.111393259900770e-01,1.141861389715488e-09
1.113523181824690e-01,1.141475506538968e-09
1.115653103748610e-01,1.141090459874724e-09
1.117783025672530e-01,1.140706245751493e-09
1.119912947596450e-01,1.140322860198010e-09
1.122042869520360e-01,1.139940299429810e-09
1.124172791444280e-01,1.139558560409667e-09
1.126302713368200e-01,1.139177640287182e-09
1.128432635292120e-01,1.138797536211957e-09
1.130562557216040e-01,1.138418245333592e-09
1.132692479139960e-01,1.138039764801688e-09
1.134822401063880e-01,1.137662091765844e-09
1.136952322987790e-01,1.137285223375665e-09
1.139082244911710e-01,1.136909156780747e-09
1.141212166835630e-01,1.136533889130692e-09
1.143342088759550e-01,1.136159417504955e-09
1.145472010683470e-01,1.135785738702470e-09
1.147601932607390e-01,1.135412849452057e-09
1.149731854531310e-01,1.135040746482535e-09
1.151861776455230e-01,1.134669426522727e-09
1.153991698379140e-01,1.134298886301453e-09
1.156121620303060e-01,1.133929122547531e-09
1.158251542226980e-01,1.133560131989783e-09
1.160381464150900e-01,1.133191911357029e-09
1.162511386074820e-01,1.132824457378088e-09
1.164641307998740e-01,1.132457766841388e-09
1.166771229922660e-01,1.132091836773639e-09
1.168901151846570e-01,1.131726664261098e-09
1.171031073770490e-01,1.131362246390013e-09
1.173160995694410e-01,1.130998580246640e-09
1.175290917618330e-01,1.130635662917230e-09
1.177420839542250e-01,1.130273491488038e-09
1.179550761466170e-01,1.129912063045316e-09
1.181680683390090e-01,1.129551374675316e-09
1.183810605314010e-01,1.129191423464293e-09
1.185940527237920e-01,1.128832206576216e-09
1.188070449161840e-01,1.128473721486089e-09
1.190200371085760e-01,1.128115965746721e-09
1.192330293009680e-01,1.127758936910922e-09
1.194460214933600e-01,1.127402632531499e-09
1.196590136857520e-01,1.127047050161262e-09
1.198720058781440e-01,1.126692187353020e-09
1.200849980705360e-01,1.126338041659580e-09
1.202979902629270e-01,1.125984610633754e-09
1.205109824553190e-01,1.125631891828346e-09
1.207239746477110e-01,1.125279882692756e-09
1.209369668401030e-01,1.124928580262626e-09
1.211499590324950e-01,1.124577981470141e-09
1.213629512248870e-01,1.124228083247480e-09
1.215759434172790e-01,1.123878882526825e-09
1.217889356096700e-01,1.123530376240360e-09
1.220019278020620e-01,1.123182561320264e-09
1.222149199944540e-01,1.122835434698719e-09
1.224279121868460e-01,1.122488993307906e-09
1.226409043792380e-01,1.122143234080009e-09
1.228538965716300e-01,1.121798154094519e-09
1.230668887640220e-01,1.121453751020140e-09
1.232798809564140e-01,1.121110022672870e-09
1.234928731488050e-01,1.120766966868707e-09
1.237058653411970e-01,1.120424581423644e-09
1.239188575335890e-01,1.120082864153680e-09
1.241318497259810e-01,1.119741812874812e-09
1.243448419183730e-01,1.119401425403037e-09
1.245578341107650e-01,1.119061699554351e-09
1.247708263031570e-01,1.118722633144752e-09
1.249838184955480e-01,1.118384223988736e-09
1.251968106879400e-01,1.118046469894785e-09
1.254098028803320e-01,1.117709368669884e-09
1.256227950727240e-01,1.117372918121016e-09
1.258357872651160e-01,1.117037116055167e-09
1.260487794575080e-01,1.116701960279319e-09
1.262617716499000e-01,1.116367448600456e-09
1.264747638422920e-01,1.116033578825563e-09
1.266877560346830e-01,1.115700348761624e-09
1.269007482270750e-01,1.115367756215620e-09
1.271137404194670e-01,1.115035798969995e-09
1.273267326118590e-01,1.114704474709090e-09
1.275397248042510e-01,1.114373781092736e-09
1.277527169966430e-01,1.114043715780765e-09
1.279657091890350e-01,1.113714276433011e-09
1.281787013814270e-01,1.113385460709304e-09
1.283916935738180e-01,1.113057266269479e-09
1.286046857662100e-01,1.112729690773365e-09
1.288176779586020e-01,1.112402731880795e-09
1.290306701509940e-01,1.112076387251601e-09
1.292436623433860e-01,1.111750654536742e-09
1.294566545357780e-01,1.111425531351663e-09
1.296696467281700e-01,1.111101015302930e-09
1.298826389205610e-01,1.110777103997107e-09
1.300956311129530e-01,1.110453795040757e-09
1.303086233053450e-01,1.110131086040444e-09
1.305216154977370e-01,1.109808974602735e-09
1.307346076901290e-01,1.109487458334193e-09
1.309475998825210e-01,1.109166534841382e-09
1.311605920749130e-01,1.108846201730868e-09
1.313735842673050e-01,1.108526456749379e-09
1.315865764596960e-01,1.108207298204373e-09
1.317995686520880e-01,1.107888724543499e-09
1.320125608444800e-01,1.107570734214410e-09
1.322255530368720e-01,1.107253325664758e-09
1.324385452292640e-01,1.106936497342195e-09
1.326515374216560e-01,1.106620247694374e-09
1.328645296140480e-01,1.106304575168945e-09
1.330775218064400e-01,1.105989478213562e-09
1.332905139988310e-01,1.105674955275877e-09
1.335035061912230e-01,1.105361004693352e-09
1.337164983836150e-01,1.105047624362783e-09
1.339294905760070e-01,1.104734812070823e-09
1.341424827683990e-01,1.104422565604123e-09
1.343554749607910e-01,1.104110882749335e-09
1.345684671531830e-01,1.103799761293109e-09
1.347814593455740e-01,1.103489199022098e-09
1.349944515379660e-01,1.103179193722952e-09
1.352074437303580e-01,1.102869743182323e-09
1.354204359227500e-01,1.102560845186862e-09
1.356334281151420e-01,1.102252497647404e-09
1.358464203075340e-01,1.101944698971262e-09
1.360594124999260e-01,1.101637447689807e-09
1.362724046923180e-01,1.101330742334411e-09
1.364853968847090e-01,1.101024581436445e-09
1.366983890771010e-01,1.100718963527279e-09
1.369113812694930e-01,1.100413887138283e-09
1.371243734618850e-01,1.100109350800830e-09
1.373373656542770e-01,1.099805353046289e-09
1.375503578466690e-01,1.099501892406033e-09
1.377633500390610e-01,1.099198967314468e-09
1.379763422314520e-01,1.098896575817917e-09
1.381893344238440e-01,1.098594715865621e-09
1.384023266162360e-01,1.098293385406823e-09
1.386153188086280e-01,1.097992582390765e-09
1.388283110010200e-01,1.097692304766691e-09
1.390413031934120e-01,1.097392550483843e-09
1.392542953858040e-01,1.097093317491464e-09
1.394672875781960e-01,1.096794603738796e-09
1.396802797705870e-01,1.096496407175083e-09
1.398932719629790e-01,1.096198725844318e-09
1.401062641553710e-01,1.095901558169616e-09
1.403192563477630e-01,1.095604902668896e-09
1.405322485401550e-01,1.095308757860078e-09
1.407452407325470e-01,1.095013122261082e-09
1.409582329249390e-01,1.094717994389829e-09
1.411712251173300e-01,1.094423372764239e-09
1.413842173097220e-01,1.094129255902229e-09
1.415972095021140e-01,1.093835642321721e-09
1.418102016945060e-01,1.093542530540635e-09
1.420231938868980e-01,1.093249919028098e-09
1.422361860792900e-01,1.092957806058070e-09
1.424491782716820e-01,1.092666189855721e-09
1.426621704640740e-01,1.092375068646221e-09
1.428751626564650e-01,1.092084440654742e-09
1.430881548488570e-01,1.091794304106450e-09
1.433011470412490e-01,1.091504657226518e-09
1.435141392336410e-01,1.091215498240115e-09
1.437271314260330e-01,1.090926825372411e-09
1.439401236184250e-01,1.090638636848576e-09
1.441531158108170e-01,1.090350930996742e-09
1.443661080032090e-01,1.090063706556752e-09
1.445791001956000e-01,1.089776962371344e-09
1.447920923879920e-01,1.089490697283252e-09
1.450050845803840e-01,1.089204910135214e-09
1.452180767727760e-01,1.088919599769966e-09
1.454310689651680e-01,1.088634765030245e-09
1.456440611575600e-01,1.088350404758787e-09
1.458570533499520e-01,1.088066517798328e-09
1.460700455423430e-01,1.087783102991608e-09
1.462830377347350e-01,1.087500159165588e-09
1.464960299271270e-01,1.087217685084195e-09
1.467090221195190e-01,1.086935679495599e-09
1.469220143119110e-01,1.086654141147976e-09
1.471350065043030e-01,1.086373068789498e-09
1.473479986966950e-01,1.086092461168338e-09
1.475609908890870e-01,1.085812317032669e-09
1.477739830814780e-01,1.085532635130666e-09
1.479869752738700e-01,1.085253414210499e-09
1.481999674662620e-01,1.084974653020342e-09
1.484129596586540e-01,1.084696349904392e-09
1.486259518510460e-01,1.084418501590200e-09
1.488389440434380e-01,1.084141104400969e-09
1.490519362358300e-01,1.083864154659905e-09
1.492649284282220e-01,1.083587648690211e-09
1.494779206206130e-01,1.083311582815091e-09
1.496909128130050e-01,1.083035953357749e-09
1.499039050053970e-01,1.082760756641388e-09
1.501168971977890e-01,1.082485988989213e-09
1.503298893901810e-01,1.082211646724427e-09
1.505428815825730e-01,1.081937728208894e-09
1.507558737749650e-01,1.081664239960324e-09
1.509688659673560e-01,1.081391190535697e-09
1.511818581597480e-01,1.081118588491989e-09
1.513948503521400e-01,1.080846442386182e-09
1.516078425445320e-01,1.080574760775252e-09
1.518208347369240e-01,1.080303552216180e-09
1.520338269293160e-01,1.080032825265944e-09
1.522468191217080e-01,1.079762588481522e-09
1.524598113141000e-01,1.079492850419894e-09
1.526728035064910e-01,1.079223611748385e-09
1.528857956988830e-01,1.078954841580719e-09
1.530987878912750e-01,1.078686501143485e-09
1.533117800836670e-01,1.078418551663272e-09
1.535247722760590e-01,1.078150954366666e-09
1.537377644684510e-01,1.077883670480253e-09
1.539507566608430e-01,1.077616661230623e-09
1.541637488532340e-01,1.077349887844362e-09
1.543767410456260e-01,1.077083311548055e-09
1.545897332380180e-01,1.076816893568292e-09
1.548027254304100e-01,1.076550624768204e-09
1.550157176228020e-01,1.076284614501618e-09
1.552287098151940e-01,1.076019001731169e-09
1.554417020075860e-01,1.075753925419495e-09
1.556546941999780e-01,1.075489524529229e-09
1.558676863923690e-01,1.075225938023010e-09
1.560806785847610e-01,1.074963304863470e-09
1.562936707771530e-01,1.074701764013247e-09
1.565066629695450e-01,1.074441454434976e-09
1.567196551619370e-01,1.074182515091292e-09
1.569326473543290e-01,1.073924974423071e-09
1.571456395467210e-01,1.073668418504852e-09
1.573586317391130e-01,1.073412322749726e-09
1.575716239315040e-01,1.073156162570788e-09
1.577846161238960e-01,1.072899413381125e-09
1.579976083162880e-01,1.072641550593831e-09
1.582106005086800e-01,1.072382049621998e-09
1.584235927010720e-01,1.072120385878716e-09
1.586365848934640e-01,1.071856034777078e-09
1.588495770858560e-01,1.071588471730175e-09
1.590625692782470e-01,1.071317585017921e-09
1.592755614706390e-01,1.071044914920592e-09
1.594885536630310e-01,1.070772414851882e-09
1.597015458554230e-01,1.070502038225479e-09
1.599145380478150e-01,1.070235738455073e-09
1.601275302402070e-01,1.069975468954354e-09
1.603405224325990e-01,1.069723183137011e-09
1.605535146249910e-01,1.069480834416734e-09
1.607665068173820e-01,1.069250376207214e-09
1.609794990097740e-01,1.069033761922139e-09
1.611924912021660e-01,1.068831403393761e-09
1.614054833945580e-01,1.068637546042582e-09
1.616184755869500e-01,1.068444893664663e-09
1.618314677793420e-01,1.068246150056063e-09
1.620444599717340e-01,1.068034019012844e-09
1.622574521641260e-01,1.067801204331066e-09
1.624704443565170e-01,1.067540409806792e-09
1.626834365489090e-01,1.067244339236080e-09
1.628964287413010e-01,1.066905696414991e-09
1.631094209336930e-01,1.066517185139587e-09
1.633224131260850e-01,1.066077264419084e-09
1.635354053184770e-01,1.065607407328589e-09
1.637483975108690e-01,1.065134838763500e-09
1.639613897032600e-01,1.064686783619214e-09
1.641743818956520e-01,1.064290466791123e-09
1.643873740880440e-01,1.063973113174627e-09
1.646003662804360e-01,1.063761947665122e-09
1.648133584728280e-01,1.063684195158004e-09
1.650263506652200e-01,1.063767080548670e-09
1.652393428576120e-01,1.064037828732516e-09
1.654523350500040e-01,1.064511969742990e-09
1.656653272423950e-01,1.065158282395653e-09
1.658783194347870e-01,1.065933864754821e-09
1.660913116271790e-01,1.066795814884806e-09
1.663043038195710e-01,1.067701230849918e-09
1.665172960119630e-01,1.068607210714472e-09
1.667302882043550e-01,1.069470852542778e-09
1.669432803967470e-01,1.070249254399149e-09
1.671562725891380e-01,1.070899514347895e-09
1.673692647815300e-01,1.071378730453334e-09
1.675822569739220e-01,1.071655673769192e-09
1.677952491663140e-01,1.071745830474300e-09
1.680082413587060e-01,1.071676371323493e-09
1.682212335510980e-01,1.071474467071607e-09
1.684342257434900e-01,1.071167288473478e-09
1.686472179358820e-01,1.070782006283943e-09
1.688602101282730e-01,1.070345791257838e-09
1.690732023206650e-01,1.069885814149996e-09
1.692861945130570e-01,1.069429245715255e-09
1.694991867054490e-01,1.069003256708451e-09
1.697121788978410e-01,1.068629276911935e-09
1.699251710902330e-01,1.068305767917631e-09
1.701381632826250e-01,1.068025448194536e-09
1.703511554750170e-01,1.067781036211648e-09
1.705641476674080e-01,1.067565250437963e-09
1.707771398598000e-01,1.067370809342475e-09
1.709901320521920e-01,1.067190431394183e-09
1.712031242445840e-01,1.067016835062084e-09
1.714161164369760e-01,1.066842738815173e-09
1.716291086293680e-01,1.066660861122447e-09
1.718421008217600e-01,1.066465459198632e-09
1.720550930141510e-01,1.066256944493303e-09
1.722680852065430e-01,1.066037266827755e-09
1.724810773989350e-01,1.065808376023285e-09
1.726940695913270e-01,1.065572221901190e-09
1.729070617837190e-01,1.065330754282766e-09
1.731200539761110e-01,1.065085922989309e-09
1.733330461685030e-01,1.064839677842115e-09
1.735460383608950e-01,1.064593968662480e-09
1.737590305532860e-01,1.064350745271703e-09
1.739720227456780e-01,1.064111545125904e-09
1.741850149380700e-01,1.063876256930207e-09
1.743980071304620e-01,1.063644357379326e-09
1.746109993228540e-01,1.063415323167975e-09
1.748239915152460e-01,1.063188630990868e-09
1.750369837076380e-01,1.062963757542720e-09
1.752499759000290e-01,1.062740179518245e-09
1.754629680924210e-01,1.062517373612157e-09
1.756759602848130e-01,1.062294816519170e-09
1.758889524772050e-01,1.062071984933999e-09
1.761019446695970e-01,1.061848465874756e-09
1.763149368619890e-01,1.061624287948622e-09
1.765279290543810e-01,1.061399590233969e-09
1.767409212467730e-01,1.061174511809168e-09
1.769539134391640e-01,1.060949191752591e-09
1.771669056315560e-01,1.060723769142607e-09
1.773798978239480e-01,1.060498383057587e-09
1.775928900163400e-01,1.060273172575902e-09
1.778058822087320e-01,1.060048276775924e-09
1.780188744011240e-01,1.059823834736023e-09
1.782318665935160e-01,1.059599956009010e-09
1.784448587859070e-01,1.059376632002864e-09
1.786578509782990e-01,1.059153824578699e-09
1.788708431706910e-01,1.058931495597637e-09
1.790838353630830e-01,1.058709606920794e-09
1.792968275554750e-01,1.058488120409289e-09
1.795098197478670e-01,1.058266997924239e-09
1.797228119402590e-01,1.058046201326764e-09
1.799358041326510e-01,1.057825692477980e-09
1.801487963250420e-01,1.057605433239008e-09
1.803617885174340e-01,1.057385393369962e-09
1.805747807098260e-01,1.057165574228591e-09
1.807877729022180e-01,1.056945985072461e-09
1.810007650946100e-01,1.056726635159136e-09
1.812137572870020e-01,1.056507533746182e-09
1.814267494793940e-01,1.056288690091163e-09
1.816397416717860e-01,1.056070113451645e-09
1.818527338641770e-01,1.055851813085194e-09
1.820657260565690e-01,1.055633798249372e-09
1.822787182489610e-01,1.055416078201746e-09
1.824917104413530e-01,1.055198660109367e-09
1.827047026337450e-01,1.054981542779379e-09
1.829176948261370e-01,1.054764722929488e-09
1.831306870185290e-01,1.054548197277398e-09
1.833436792109200e-01,1.054331962540815e-09
1.835566714033120e-01,1.054116015437443e-09
1.837696635957040e-01,1.053900352684987e-09
1.839826557880960e-01,1.053684971001153e-09
1.841956479804880e-01,1.053469867103645e-09
1.844086401728800e-01,1.053255037710169e-09
1.846216323652720e-01,1.053040480081812e-09
1.848346245576640e-01,1.052826193651962e-09
1.850476167500550e-01,1.052612178396776e-09
1.852606089424470e-01,1.052398434292408e-09
1.854736011348390e-01,1.052184961315014e-09
1.856865933272310e-01,1.051971759440751e-09
1.858995855196230e-01,1.051758828645775e-09
1.861125777120150e-01,1.051546168906241e-09
1.863255699044070e-01,1.051333780198305e-09
1.865385620967990e-01,1.051121662498123e-09
1.867515542891900e-01,1.050909815625346e-09
1.869645464815820e-01,1.050698238773256e-09
1.871775386739740e-01,1.050486930978465e-09
1.873905308663660e-01,1.050275891277584e-09
1.876035230587580e-01,1.050065118707224e-09
1.878165152511500e-01,1.049854612303997e-09
1.880295074435420e-01,1.049644371104513e-09
1.882424996359330e-01,1.049434394145384e-09
1.884554918283250e-01,1.049224680463219e-09
1.886684840207170e-01,1.049015229094631e-09
1.888814762131090e-01,1.048806039186263e-09
1.890944684055010e-01,1.048597110324999e-09
1.893074605978930e-01,1.048388442207805e-09
1.895204527902850e-01,1.048180034531646e-09
1.897334449826770e-01,1.047971886993488e-09
1.899464371750680e-01,1.047763999290297e-09
1.901594293674600e-01,1.047556371119040e-09
1.903724215598520e-01,1.047349002176680e-09
1.905854137522440e-01,1.047141892160186e-09
1.907984059446360e-01,1.046935040766522e-09
1.910113981370280e-01,1.046728447602609e-09
1.912243903294200e-01,1.046522111915210e-09
1.914373825218110e-01,1.046316032861060e-09
1.916503747142030e-01,1.046110209596890e-09
1.918633669065950e-01,1.045904641279433e-09
1.920763590989870e-01,1.045699327065424e-09
1.922893512913790e-01,1.045494266111594e-09
1.925023434837710e-01,1.045289457574678e-09
1.927153356761630e-01,1.045084900611408e-09
1.929283278685550e-01,1.044880594378517e-09
1.931413200609460e-01,1.044676538084110e-09
1.933543122533380e-01,1.044472731141684e-09
1.935673044457300e-01,1.044269173016072e-09
1.937802966381220e-01,1.044065863172104e-09
1.939932888305140e-01,1.043862801074610e-09
1.942062810229060e-01,1.043659986188420e-09
1.944192732152980e-01,1.043457417978365e-09
1.946322654076900e-01,1.043255095909276e-09
1.948452576000810e-01,1.043053019445982e-09
1.950582497924730e-01,1.042851188053314e-09
1.952712419848650e-01,1.042649601203530e-09
1.954842341772570e-01,1.042448258398575e-09
1.956972263696490e-01,1.042247159147813e-09
1.959102185620410e-01,1.042046302960607e-09
1.961232107544330e-01,1.041845689346320e-09
1.963362029468240e-01,1.041645317814316e-09
1.965491951392160e-01,1.041445187873957e-09
1.967621873316080e-01,1.041245299034605e-09
1.969751795240000e-01,1.041045650805625e-09
1.971881717163920e-01,1.040846242696379e-09
1.974011639087840e-01,1.040647074192738e-09
1.976141561011760e-01,1.040448144686561e-09
1.978271482935680e-01,1.040249453546196e-09
1.980401404859590e-01,1.040051000139994e-09
1.982531326783510e-01,1.039852783836299e-09
1.984661248707430e-01,1.039654804003462e-09
1.986791170631350e-01,1.039457060009830e-09
1.988921092555270e-01,1.039259551223751e-09
1.991051014479190e-01,1.039062277013575e-09
1.993180936403110e-01,1.038865236747648e-09
1.995310858327020e-01,1.038668429821293e-09
1.997440780250940e-01,1.038471855737730e-09
1.999570702174860e-01,1.038275514027156e-09
2.001700624098780e-01,1.038079404219771e-09
2.003830546022700e-01,1.037883525845773e-09
2.005960467946620e-01,1.037687878435360e-09
2.008090389870540e-01,1.037492461518732e-09
2.010220311794460e-01,1.037297274626086e-09
2.012350233718370e-01,1.037102317287621e-09
2.014480155642290e-01,1.036907589033534e-09
2.016610077566210e-01,1.036713089371229e-09
2.018739999490130e-01,1.036518817716946e-09
2.020869921414050e-01,1.036324773464137e-09
2.022999843337970e-01,1.036130956006258e-09
2.025129765261890e-01,1.035937364736761e-09
2.027259687185810e-01,1.035743999049101e-09
2.029389609109720e-01,1.035550858336732e-09
2.031519531033640e-01,1.035357941993106e-09
2.033649452957560e-01,1.035165249411679e-09
2.035779374881480e-01,1.034972779985903e-09
2.037909296805400e-01,1.034780533172455e-09
2.040039218729320e-01,1.034588508680766e-09
2.042169140653240e-01,1.034396706283425e-09
2.044299062577150e-01,1.034205125753019e-09
2.046428984501070e-01,1.034013766862134e-09
2.048558906424990e-01,1.033822629383358e-09
2.050688828348910e-01,1.033631713089277e-09
2.052818750272830e-01,1.033441017752480e-09
2.054948672196750e-01,1.033250543145555e-09
2.057078594120670e-01,1.033060289041087e-09
2.059208516044590e-01,1.032870255119103e-09
2.061338437968500e-01,1.032680440689168e-09
2.063468359892420e-01,1.032490844968180e-09
2.065598281816340e-01,1.032301467173036e-09
2.067728203740260e-01,1.032112306520635e-09
2.069858125664180e-01,1.031923362227875e-09
2.071988047588100e-01,1.031734633511652e-09
2.074117969512020e-01,1.031546119588866e-09
2.076247891435940e-01,1.031357819676413e-09
2.078377813359850e-01,1.031169732991193e-09
2.080507735283770e-01,1.030981858803089e-09
2.082637657207690e-01,1.030794196593995e-09
2.084767579131610e-01,1.030606745898818e-09
2.086897501055530e-01,1.030419506252465e-09
2.089027422979450e-01,1.030232477189846e-09
2.091157344903370e-01,1.030045658245867e-09
2.093287266827280e-01,1.029859048955437e-09
2.095417188751200e-01,1.029672648853463e-09
2.097547110675120e-01,1.029486457474853e-09
2.099677032599040e-01,1.029300474354515e-09
2.101806954522960e-01,1.029114699084304e-09
2.103936876446880e-01,1.028929131483862e-09
2.106066798370800e-01,1.028743771429771e-09
2.108196720294720e-01,1.028558618798614e-09
2.110326642218630e-01,1.028373673466975e-09
2.112456564142550e-01,1.028188935311436e-09
2.114586486066470e-01,1.028004404208580e-09
2.116716407990390e-01,1.027820080034990e-09
2.118846329914310e-01,1.027635962667250e-09
2.120976251838230e-01,1.027452051981942e-09
2.123106173762150e-01,1.027268347742794e-09
2.125236095686060e-01,1.027084849262272e-09
2.127366017609980e-01,1.026901555740062e-09
2.129495939533900e-01,1.026718466375854e-09
2.131625861457820e-01,1.026535580369338e-09
2.133755783381740e-01,1.026352896920202e-09
2.135885705305660e-01,1.026170415228134e-09
2.138015627229580e-01,1.025988134492825e-09
2.140145549153500e-01,1.025806053913963e-09
2.142275471077410e-01,1.025624172691237e-09
2.144405393001330e-01,1.025442490134109e-09
2.146535314925250e-01,1.025261005990854e-09
2.148665236849170e-01,1.025079720119370e-09
2.150795158773090e-01,1.024898632377561e-09
2.152925080697010e-01,1.024717742623326e-09
2.155055002620930e-01,1.024537050714568e-09
2.157184924544850e-01,1.024356556509187e-09
2.159314846468760e-01,1.024176259865085e-09
2.161444768392680e-01,1.023996160640162e-09
2.163574690316600e-01,1.023816258692320e-09
2.165704612240520e-01,1.023636553811560e-09
2.167834534164440e-01,1.023457045516164e-09
2.169964456088360e-01,1.023277733256453e-09
2.172094378012280e-01,1.023098616482751e-09
2.174224299936190e-01,1.022919694645380e-09
2.176354221860110e-01,1.022740967194660e-09
2.178484143784030e-01,1.022562433580916e-09
2.180614065707950e-01,1.022384093254468e-09
2.182743987631870e-01,1.022205945665641e-09
2.184873909555790e-01,1.022027990264754e-09
2.187003831479710e-01,1.021850226523968e-09
2.189133753403630e-01,1.021672654002796e-09
2.191263675327540e-01,1.021495272282593e-09
2.193393597251460e-01,1.021318080944712e-09
2.195523519175380e-01,1.021141079570510e-09
2.197653441099300e-01,1.020964267741342e-09
2.199783363023220e-01,1.020787645038563e-09
2.201913284947140e-01,1.020611211043528e-09
2.204043206871060e-01,1.020434965337592e-09
2.206173128794970e-01,1.020258907502111e-09
2.208303050718890e-01,1.020083037130875e-09
2.210432972642810e-01,1.019907353867414e-09
2.212562894566730e-01,1.019731857367691e-09
2.214692816490650e-01,1.019556547287666e-09
2.216822738414570e-01,1.019381423283303e-09
2.218952660338490e-01,1.019206485010563e-09
2.221082582262410e-01,1.019031732125407e-09
2.223212504186320e-01,1.018857164283798e-09
2.225342426110240e-01,1.018682781141697e-09
2.227472348034160e-01,1.018508582355065e-09
2.229602269958080e-01,1.018334567595416e-09
2.231732191882000e-01,1.018160736596433e-09
2.233862113805920e-01,1.017987089107335e-09
2.235992035729840e-01,1.017813624877341e-09
2.238121957653760e-01,1.017640343655669e-09
2.240251879577670e-01,1.017467245191539e-09
2.242381801501590e-01,1.017294329234169e-09
2.244511723425510e-01,1.017121595532778e-09
2.246641645349430e-01,1.016949043836586e-09
2.248771567273350e-01,1.016776673894810e-09
2.250901489197270e-01,1.016604485402737e-09
2.253031411121190e-01,1.016432477839784e-09
2.255161333045100e-01,1.016260650631373e-09
2.257291254969020e-01,1.016089003202920e-09
2.259421176892940e-01,1.015917534979846e-09
2.261551098816860e-01,1.015746245387570e-09
2.263681020740780e-01,1.015575133851511e-09
2.265810942664700e-01,1.015404199797088e-09
2.267940864588620e-01,1.015233442649721e-09
2.270070786512540e-01,1.015062861834829e-09
2.272200708436450e-01,1.014892456833782e-09
2.274330630360370e-01,1.014722227351814e-09
2.276460552284290e-01,1.014552173150145e-09
2.278590474208210e-01,1.014382293989995e-09
2.280720396132130e-01,1.014212589632584e-09
2.282850318056050e-01,1.014043059839130e-09
2.284980239979970e-01,1.013873704370854e-09
2.287110161903880e-01,1.013704522988975e-09
2.289240083827800e-01,1.013535515454712e-09
2.291370005751720e-01,1.013366681529285e-09
2.293499927675640e-01,1.013198020970703e-09
2.295629849599560e-01,1.013029533524136e-09
2.297759771523480e-01,1.012861218931547e-09
2.299889693447400e-01,1.012693076934894e-09
2.302019615371320e-01,1.012525107276139e-09
2.304149537295230e-01,1.012357309697243e-09
2.306279459219150e-01,1.012189683940166e-09
2.308409381143070e-01,1.012022229746868e-09
2.310539303066990e-01,1.011854946859311e-09
2.312669224990910e-01,1.011687835019454e-09
2.314799146914830e-01,1.011520893921314e-09
2.316929068838750e-01,1.011354123067188e-09
2.319058990762670e-01,1.011187521911455e-09
2.321188912686580e-01,1.011021089908500e-09
2.323318834610500e-01,1.010854826512701e-09
2.325448756534420e-01,1.010688731178442e-09
2.327578678458340e-01,1.010522803360104e-09
2.329708600382260e-01,1.010357042512068e-09
2.331838522306180e-01,1.010191448088717e-09
2.333968444230100e-01,1.010026019544431e-09
2.336098366154010e-01,1.009860756413814e-09
2.338228288077930e-01,1.009695658552152e-09
2.340358210001850e-01,1.009530725894852e-09
2.342488131925770e-01,1.009365958377322e-09
2.344618053849690e-01,1.009201355934970e-09
2.346747975773610e-01,1.009036918503202e-09
2.348877897697530e-01,1.008872646017425e-09
2.351007819621450e-01,1.008708538413048e-09
2.353137741545360e-01,1.008544595625479e-09
2.355267663469280e-01,1.008380817590123e-09
2.357397585393200e-01,1.008217204143626e-09
2.359527507317120e-01,1.008053754727399e-09
2.361657429241040e-01,1.007890468683994e-09
2.363787351164960e-01,1.007727345355965e-09
2.365917273088880e-01,1.007564384085867e-09
2.368047195012800e-01,1.007401584216253e-09
2.370177116936710e-01,1.007238945089678e-09
2.372307038860630e-01,1.007076466048694e-09
2.374436960784550e-01,1.006914146435855e-09
2.376566882708470e-01,1.006751985593715e-09
2.378696804632390e-01,1.006589983000423e-09
2.380826726556310e-01,1.006428138676594e-09
2.382956648480230e-01,1.006266452778483e-09
2.385086570404140e-01,1.006104925462345e-09
2.387216492328060e-01,1.005943556884433e-09
2.389346414251980e-01,1.005782347201004e-09
2.391476336175900e-01,1.005621296568311e-09
2.393606258099820e-01,1.005460405142610e-09
2.395736180023740e-01,1.005299673080154e-09
2.397866101947660e-01,1.005139100537200e-09
2.399996023871580e-01,1.004978687527737e-09
2.402125945795490e-01,1.004818433496776e-09
2.404255867719410e-01,1.004658337747106e-09
2.406385789643330e-01,1.004498399581514e-09
2.408515711567250e-01,1.004338618302788e-09
2.410645633491170e-01,1.004178993213717e-09
2.412775555415090e-01,1.004019523617088e-09
2.414905477339010e-01,1.003860208815688e-09
2.417035399262920e-01,1.003701048112307e-09
2.419165321186840e-01,1.003542040809731e-09
2.421295243110760e-01,1.003383186322841e-09
2.423425165034680e-01,1.003224484514685e-09
2.425555086958600e-01,1.003065935360302e-09
2.427685008882520e-01,1.002907538834730e-09
2.429814930806440e-01,1.002749294913009e-09
2.431944852730360e-01,1.002591203570177e-09
2.434074774654270e-01,1.002433264781275e-09
2.436204696578190e-01,1.002275478521338e-09
2.438334618502110e-01,1.002117844765409e-09
2.440464540426030e-01,1.001960363488523e-09
2.442594462349950e-01,1.001803034581460e-09
2.444724384273870e-01,1.001645857597720e-09
2.446854306197790e-01,1.001488832006438e-09
2.448984228121710e-01,1.001331957276746e-09
2.451114150045620e-01,1.001175232877775e-09
2.453244071969540e-01,1.001018658278657e-09
2.455373993893460e-01,1.000862232948524e-09
2.457503915817380e-01,1.000705956356508e-09
2.459633837741300e-01,1.000549827971741e-09
2.461763759665220e-01,1.000393847263356e-09
2.463893681589140e-01,1.000238013784632e-09
2.466023603513050e-01,1.000082327425553e-09
2.468153525436970e-01,9.999267881603082e-10
2.470283447360890e-01,9.997713959630865e-10
2.472413369284810e-01,9.996161508080770e-10
2.474543291208730e-01,9.994610526694687e-10
2.476673213132650e-01,9.993061015214504e-10
2.478803135056570e-01,9.991512973382116e-10
2.480933056980490e-01,9.989966400939407e-10
2.483062978904400e-01,9.988421297628279e-10
2.485192900828320e-01,9.986877662594675e-10
2.487322822752240e-01,9.985335492600780e-10
2.489452744676160e-01,9.983794783812807e-10
2.491582666600080e-01,9.982255532396971e-10
2.493712588524000e-01,9.980717734519480e-10
2.495842510447920e-01,9.979181386346555e-10
2.497972432371830e-01,9.977646484044407e-10
2.500102354295750e-01,9.976113023779241e-10
2.502232276219670e-01,9.974581001717275e-10
2.504362198143590e-01,9.973050414024721e-10
2.506492120067510e-01,9.971521257070685e-10
2.508622041991430e-01,9.969993528035626e-10
2.510751963915350e-01,9.968467224302777e-10
2.512881885839270e-01,9.966942343255373e-10
2.515011807763180e-01,9.965418882276662e-10
2.517141729687100e-01,9.963896838749860e-10
2.519271651611020e-01,9.962376210058217e-10
2.521401573534940e-01,9.960856993584961e-10
2.523531495458860e-01,9.959339186713333e-10
2.525661417382780e-01,9.957822786826566e-10
2.527791339306700e-01,9.956307791478021e-10
2.529921261230620e-01,9.954794198901137e-10
2.532051183154530e-01,9.953282007499287e-10
2.534181105078450e-01,9.951771215675822e-10
2.536311027002370e-01,9.950261821834110e-10
2.538440948926290e-01,9.948753824377520e-10
2.540570870850210e-01,9.947247221709411e-10
2.542700792774130e-01,9.945742012233150e-10
2.544830714698050e-01,9.944238194352104e-10
2.546960636621960e-01,9.942735766469638e-10
2.549090558545880e-01,9.941234726607795e-10
2.551220480469800e-01,9.939735071262620e-10
2.553350402393720e-01,9.938236796548451e-10
2.555480324317640e-01,9.936739898579625e-10
2.557610246241560e-01,9.935244373470480e-10
2.559740168165480e-01,9.933750217335353e-10
2.561870090089400e-01,9.932257426288583e-10
2.564000012013310e-01,9.930765996444511e-10
2.566129933937230e-01,9.929275923917462e-10
2.568259855861150e-01,9.927787204821783e-10
2.570389777785070e-01,9.926299835609410e-10
2.572519699708990e-01,9.924813814082938e-10
2.574649621632910e-01,9.923329138382706e-10
2.576779543556830e-01,9.921845806649051e-10
2.578909465480740e-01,9.920363817022312e-10
2.581039387404660e-01,9.918883167642811e-10
2.583169309328580e-01,9.917403856650893e-10
2.585299231252500e-01,9.915925882186891e-10
2.587429153176420e-01,9.914449242391144e-10
2.589559075100340e-01,9.912973935403980e-10
2.591688997024260e-01,9.911499959269294e-10
2.593818918948180e-01,9.910027311645203e-10
2.595948840872090e-01,9.908555990093415e-10
2.598078762796010e-01,9.907085992175607e-10
2.600208684719930e-01,9.905617315453485e-10
2.602338606643850e-01,9.904149957488744e-10
2.604468528567770e-01,9.902683915843079e-10
2.606598450491690e-01,9.901219188078185e-10
2.608728372415610e-01,9.899755771755758e-10
2.610858294339530e-01,9.898293664437491e-10
2.612988216263440e-01,9.896832864198782e-10
2.615118138187360e-01,9.895373371168909e-10
2.617248060111280e-01,9.893915185990439e-10
2.619377982035200e-01,9.892458309305934e-10
2.621507903959120e-01,9.891002741757951e-10
2.623637825883040e-01,9.889548483989054e-10
2.625767747806960e-01,9.888095536641798e-10
2.627897669730870e-01,9.886643900358755e-10
2.630027591654790e-01,9.885193575782466e-10
2.632157513578710e-01,9.883744563555502e-10
2.634287435502630e-01,9.882296862978592e-10
2.636417357426550e-01,9.880850467981467e-10
2.638547279350470e-01,9.879405371150194e-10
2.640677201274390e-01,9.877961565070833e-10
2.642807123198310e-01,9.876519042329454e-10
2.644937045122220e-01,9.875077795512120e-10
2.647066967046140e-01,9.873637817204882e-10
2.649196888970060e-01,9.872199099993815e-10
2.651326810893980e-01,9.870761636464979e-10
2.653456732817900e-01,9.869325419204439e-10
2.655586654741820e-01,9.867890442342089e-10
2.657716576665740e-01,9.866456706185477e-10
2.659846498589660e-01,9.865024212587150e-10
2.661976420513570e-01,9.863592963399653e-10
2.664106342437490e-01,9.862162960475517e-10
2.666236264361410e-01,9.860734205667292e-10
2.668366186285330e-01,9.859306700827520e-10
2.670496108209250e-01,9.857880447808741e-10
2.672626030133170e-01,9.856455448463505e-10
2.674755952057090e-01,9.855031704644346e-10
2.676885873981000e-01,9.853609217307364e-10
2.679015795904920e-01,9.852187983822569e-10
2.681145717828840e-01,9.850768000663410e-10
2.683275639752760e-01,9.849349264303338e-10
2.685405561676680e-01,9.847931771215798e-10
2.687535483600600e-01,9.846515517874238e-10
2.689665405524520e-01,9.845100500752099e-10
2.691795327448440e-01,9.843686716322836e-10
2.693925249372350e-01,9.842274161059901e-10
2.696055171296270e-01,9.840862831436724e-10
2.698185093220190e-01,9.839452723998461e-10
2.700315015144110e-01,9.838043835577006e-10
2.702444937068030e-01,9.836636163075914e-10
2.704574858991950e-01,9.835229703398746e-10
2.706704780915870e-01,9.833824453449058e-10
2.708834702839780e-01,9.832420410130417e-10
2.710964624763700e-01,9.831017570346369e-10
2.713094546687620e-01,9.829615931000479e-10
2.715224468611540e-01,9.828215488996302e-10
2.717354390535460e-01,9.826816241237399e-10
2.719484312459380e-01,9.825418185538561e-10
2.721614234383300e-01,9.824021323357484e-10
2.723744156307220e-01,9.822625657062098e-10
2.725874078231130e-01,9.821231189020337e-10
2.728004000155050e-01,9.819837921600119e-10
2.730133922078970e-01,9.818445857169375e-10
2.732263844002890e-01,9.817054998096038e-10
2.734393765926810e-01,9.815665346748032e-10
2.736523687850730e-01,9.814276905493288e-10
2.738653609774650e-01,9.812889676699730e-10
2.740783531698570e-01,9.811503660033227e-10
2.742913453622480e-01,9.810118844345436e-10
2.745043375546400e-01,9.808735215782969e-10
2.747173297470320e-01,9.807352760492447e-10
2.749303219394240e-01,9.805971464620493e-10
2.751433141318160e-01,9.804591314313728e-10
2.753563063242080e-01,9.803212295718766e-10
2.755692985166000e-01,9.801834394982232e-10
2.757822907089910e-01,9.800457598250750e-10
2.759952829013830e-01,9.799081891670924e-10
2.762082750937750e-01,9.797707269836906e-10
2.764212672861670e-01,9.796333761141063e-10
2.766342594785590e-01,9.794961402427363e-10
2.768472516709510e-01,9.793590230539763e-10
2.770602438633430e-01,9.792220282322228e-10
2.772732360557350e-01,9.790851594618720e-10
2.774862282481260e-01,9.789484204273209e-10
2.776992204405180e-01,9.788118148129643e-10
2.779122126329100e-01,9.786753463031993e-10
2.781252048253020e-01,9.785390185824219e-10
2.783381970176940e-01,9.784028323128442e-10
2.785511892100860e-01,9.782667760687608e-10
