7.791356504680618e-06,4.360783120225158e-09
8.610780621332552e-06,4.311182638595230e-09
9.516384324626089e-06,4.261832062779564e-09
1.051723120080771e-05,4.212729746974536e-09
1.162333806181051e-05,4.163878490890502e-09
1.284577519687474e-05,4.115284205407658e-09
1.419677716772344e-05,4.066955726618647e-09
1.568986525616830e-05,4.018903611435780e-09
1.733998278964274e-05,3.971140076984064e-09
1.916364469904539e-05,3.923677751407728e-09
2.117910280571951e-05,3.876530224367083e-09
2.340652849181556e-05,3.829710367872407e-09
2.586821458226360e-05,3.783231443041475e-09
2.858879845885812e-05,3.737105429346077e-09
3.159550863945590e-05,3.691344340880469e-09
3.491843729013453e-05,3.645958776520753e-09
3.859084139770492e-05,3.600958816397794e-09
4.264947561681323e-05,3.556352974589865e-09
4.713496012287843e-05,3.512149361011955e-09
5.209218715246060e-05,3.468354442873541e-09
5.757077029985334e-05,3.424973979543488e-09
6.362554106661115e-05,3.382012533479466e-09
7.031709763364645e-05,3.339473887137900e-09
7.771241134819200e-05,3.297360504878733e-09
8.588549699555374e-05,3.255674468838906e-09
9.491815356395940e-05,3.214416619366796e-09
1.049007829163263e-04,3.173587406404638e-09
1.159332945624905e-04,3.133186280708554e-09
1.281261055871622e-04,3.093212280136157e-09
1.416012457412214e-04,3.053664117072554e-09
1.564935787564811e-04,3.014539644844059e-09
1.729521521072439e-04,2.975836604221608e-09
1.911416887275217e-04,2.937552850569813e-09
2.112442356135248e-04,2.899685426386783e-09
2.334609858111876e-04,2.862231591498029e-09
2.580142920237960e-04,2.825188767934312e-09
2.851498919925769e-04,2.788554386757379e-09
3.151393679226079e-04,2.752325873171018e-09
3.482828645688079e-04,2.716501046126059e-09
3.849120931855259e-04,2.681077905394248e-09
4.253936514042669e-04,2.646054252934702e-09
4.701326922660057e-04,2.611427711623738e-09
5.195769791289974e-04,2.577195601574449e-09
5.742213670349657e-04,2.543354450604002e-09
6.346127553846864e-04,2.509899855628201e-09
7.013555614910102e-04,2.476827207570634e-09
7.751177697904812e-04,2.444131912662572e-09
8.566376172560946e-04,2.411810047258285e-09
9.467309819210534e-04,2.379858215966260e-09
1.046299548460350e-03,2.348273033030231e-09
1.156339832554060e-03,2.317049852383225e-09
1.277953154351212e-03,2.286035366426940e-09
1.405748469786333e-03,2.256802374554222e-09
1.533543785221454e-03,2.230529122578343e-09
1.661339100656575e-03,2.206726163824998e-09
1.789134416091696e-03,2.184904051619887e-09
1.916929731526817e-03,2.164639665059904e-09
2.000000000000000e-03,2.152223753419052e-09
2.044725046961939e-03,2.145774789526761e-09
2.172520362397060e-03,2.128196486392208e-09
2.300315677832181e-03,2.111760607114113e-09
2.428110993267302e-03,2.096320477283328e-09
2.555906308702423e-03,2.081743052369394e-09
2.683701624137544e-03,2.067949807365244e-09
2.811496939572665e-03,2.054875847146811e-09
2.939292255007787e-03,2.042456276590028e-09
3.067087570442908e-03,2.030626200570827e-09
3.194882885878029e-03,2.019325859081885e-09
3.322678201313150e-03,2.008516032789970e-09
3.450473516748271e-03,1.998162637582159e-09
3.578268832183392e-03,1.988231589345527e-09
3.706064147618514e-03,1.978688803967151e-09
3.833859463053635e-03,1.969502540344462e-09
3.961654778488756e-03,1.960650429383839e-09
4.089450093923877e-03,1.952112444985775e-09
4.217245409358998e-03,1.943868561050765e-09
4.345040724794119e-03,1.935898751479302e-09
4.472836040229241e-03,1.928184213080185e-09
4.600631355664362e-03,1.920711034327035e-09
4.728426671099482e-03,1.913466526617576e-09
4.856221986534604e-03,1.906438001349534e-09
4.984017301969726e-03,1.899612769920635e-09
5.111812617404846e-03,1.892978836603405e-09
5.239607932839968e-03,1.886526977149930e-09
5.367403248275089e-03,1.880248660177276e-09
5.495198563710209e-03,1.874135354302505e-09
5.622993879145331e-03,1.868178528142683e-09
5.750789194580453e-03,1.862370073691634e-09
5.878584510015573e-03,1.856703576455034e-09
6.006379825450694e-03,1.851173045317717e-09
6.134175140885816e-03,1.845772489164523e-09
6.261970456320937e-03,1.840495916880287e-09
6.389765771756058e-03,1.835337608708450e-09
6.517561087191179e-03,1.830292930315241e-09
6.645356402626300e-03,1.825357518719678e-09
6.773151718061422e-03,1.820527010940777e-09
6.900947033496543e-03,1.815797043997557e-09
7.028742348931663e-03,1.811163436443835e-09
7.156537664366785e-03,1.806622732972045e-09
7.284332979801906e-03,1.802171659809135e-09
7.412128295237027e-03,1.797806943182053e-09
7.539923610672148e-03,1.793525309317746e-09
7.667718926107269e-03,1.789323612036509e-09
7.795514241542391e-03,1.785199215536685e-09
7.923309556977513e-03,1.781149611612293e-09
8.051104872412632e-03,1.777172292057356e-09
8.178900187847754e-03,1.773264748665893e-09
8.306695503282877e-03,1.769424561183209e-09
8.434490818717996e-03,1.765649661158191e-09
8.562286134153118e-03,1.761938068090231e-09
8.690081449588239e-03,1.758287801478723e-09
8.817876765023359e-03,1.754696880823062e-09
8.945672080458482e-03,1.751163396125471e-09
9.073467395893601e-03,1.747685719401054e-09
9.201262711328723e-03,1.744262293168520e-09
9.329058026763846e-03,1.740891559946581e-09
9.456853342198965e-03,1.737571962253948e-09
9.584648657634087e-03,1.734301982263704e-09
9.712443973069206e-03,1.731080260765155e-09
9.840239288504329e-03,1.727905478201339e-09
9.968034603939451e-03,1.724776315015296e-09
1.009582991937457e-02,1.721691451650067e-09
1.022362523480969e-02,1.718649627930397e-09
1.035142055024482e-02,1.715649821208310e-09
1.047921586567993e-02,1.712691068217758e-09
1.060701118111506e-02,1.709772405692695e-09
1.073480649655018e-02,1.706892870367075e-09
1.086260181198530e-02,1.704051498974850e-09
1.099039712742042e-02,1.701247328249975e-09
1.111819244285554e-02,1.698479394926403e-09
1.124598775829066e-02,1.695746735738087e-09
1.137378307372578e-02,1.693048387418981e-09
1.150157838916090e-02,1.690383436353673e-09
1.162937370459603e-02,1.687751167514964e-09
1.175716902003114e-02,1.685150915519124e-09
1.188496433546627e-02,1.682582014982423e-09
1.201275965090139e-02,1.680043800521133e-09
1.214055496633651e-02,1.677535606751522e-09
1.226835028177163e-02,1.675056768289863e-09
1.239614559720675e-02,1.672606619752425e-09
1.252394091264187e-02,1.670184495755479e-09
1.265173622807700e-02,1.667789730915294e-09
1.277953154351211e-02,1.665421689047299e-09
1.290732685894724e-02,1.663079850773879e-09
1.303512217438236e-02,1.660763725921751e-09
1.316291748981748e-02,1.658472824317630e-09
1.329071280525260e-02,1.656206655788230e-09
1.341850812068772e-02,1.653964730160266e-09
1.354630343612284e-02,1.651746557260454e-09
1.367409875155796e-02,1.649551646915509e-09
1.380189406699308e-02,1.647379508952146e-09
1.392968938242821e-02,1.645229653197079e-09
1.405748469786333e-02,1.643101609950912e-09
1.418528001329845e-02,1.640994991410987e-09
1.431307532873357e-02,1.638909430249126e-09
1.444087064416869e-02,1.636844559137153e-09
1.456866595960381e-02,1.634800010746891e-09
1.469646127503893e-02,1.632775417750164e-09
1.482425659047405e-02,1.630770412818795e-09
1.495205190590917e-02,1.628784628624607e-09
1.507984722134430e-02,1.626817697839423e-09
1.520764253677942e-02,1.624869253135067e-09
1.533543785221454e-02,1.622938941110954e-09
1.546323316764966e-02,1.621026464073556e-09
1.559102848308478e-02,1.619131538255275e-09
1.571882379851990e-02,1.617253879888515e-09
1.584661911395502e-02,1.615393205205681e-09
1.597441442939014e-02,1.613549230439177e-09
1.610220974482527e-02,1.611721671821405e-09
1.623000506026039e-02,1.609910245584772e-09
1.635780037569551e-02,1.608114667961680e-09
1.648559569113063e-02,1.606334655184533e-09
1.661339100656575e-02,1.604569933762298e-09
1.674118632200087e-02,1.602820271314357e-09
1.686898163743599e-02,1.601085445738732e-09
1.699677695287111e-02,1.599365234933445e-09
1.712457226830624e-02,1.597659416796520e-09
1.725236758374135e-02,1.595967769225979e-09
1.738016289917648e-02,1.594290070119846e-09
1.750795821461160e-02,1.592626097376142e-09
1.763575353004672e-02,1.590975628892892e-09
1.776354884548184e-02,1.589338442568118e-09
1.789134416091696e-02,1.587714323581749e-09
1.801913947635208e-02,1.586103086242139e-09
1.814693479178720e-02,1.584504552139939e-09
1.827473010722232e-02,1.582918542865803e-09
1.840252542265745e-02,1.581344880010385e-09
1.853032073809257e-02,1.579783385164337e-09
1.865811605352769e-02,1.578233879918314e-09
1.878591136896281e-02,1.576696185862968e-09
1.891370668439793e-02,1.575170124588954e-09
1.904150199983305e-02,1.573655517686923e-09
1.916929731526817e-02,1.572152192436438e-09
1.929709263070329e-02,1.570659998871616e-09
1.942488794613842e-02,1.569178792714950e-09
1.955268326157353e-02,1.567708429688933e-09
1.968047857700866e-02,1.566248765516055e-09
1.980827389244378e-02,1.564799655918810e-09
1.993606920787890e-02,1.563360956619690e-09
2.006386452331402e-02,1.561932523341186e-09
2.019165983874914e-02,1.560514211805791e-09
2.031945515418426e-02,1.559105877735997e-09
2.044725046961939e-02,1.557707381113855e-09
2.057504578505450e-02,1.556318598961601e-09
2.070284110048963e-02,1.554939412561995e-09
2.083063641592475e-02,1.553569703197800e-09
2.095843173135987e-02,1.552209352151779e-09
2.108622704679499e-02,1.550858240706694e-09
2.121402236223011e-02,1.549516250145308e-09
2.134181767766523e-02,1.548183261750384e-09
2.146961299310035e-02,1.546859156804682e-09
2.159740830853547e-02,1.545543816590968e-09
2.172520362397060e-02,1.544237125682507e-09
2.185299893940572e-02,1.542938981815115e-09
2.198079425484084e-02,1.541649286015375e-09
2.210858957027596e-02,1.540367939309866e-09
2.223638488571108e-02,1.539094842725171e-09
2.236418020114620e-02,1.537829897287872e-09
2.249197551658132e-02,1.536573004024550e-09
2.261977083201644e-02,1.535324063961787e-09
2.274756614745157e-02,1.534082978126165e-09
2.287536146288669e-02,1.532849647544264e-09
2.300315677832181e-02,1.531623975912343e-09
2.313095209375693e-02,1.530405877604997e-09
2.325874740919205e-02,1.529195269666312e-09
2.338654272462717e-02,1.527992069140375e-09
2.351433804006229e-02,1.526796193071274e-09
2.364213335549741e-02,1.525607558503096e-09
2.376992867093253e-02,1.524426082479928e-09
2.389772398636766e-02,1.523251682045857e-09
2.402551930180278e-02,1.522084274244971e-09
2.415331461723790e-02,1.520923776121355e-09
2.428110993267302e-02,1.519770106811106e-09
2.440890524810814e-02,1.518623193817441e-09
2.453670056354326e-02,1.517482966735132e-09
2.466449587897838e-02,1.516349355158950e-09
2.479229119441350e-02,1.515222288683669e-09
2.492008650984863e-02,1.514101696904059e-09
2.504788182528375e-02,1.512987509414892e-09
2.517567714071887e-02,1.511879655810941e-09
2.530347245615399e-02,1.510778065686977e-09
2.543126777158911e-02,1.509682668637773e-09
2.555906308702423e-02,1.508593395938524e-09
2.568685840245935e-02,1.507510185586474e-09
2.581465371789447e-02,1.506432977259467e-09
2.594244903332960e-02,1.505361710635346e-09
2.607024434876471e-02,1.504296325391955e-09
2.619803966419984e-02,1.503236761207137e-09
2.632583497963496e-02,1.502182957758737e-09
2.645363029507008e-02,1.501134854724598e-09
2.658142561050520e-02,1.500092391782564e-09
2.670922092594032e-02,1.499055508610477e-09
2.683701624137544e-02,1.498024146298375e-09
2.696481155681056e-02,1.496998251584937e-09
2.709260687224568e-02,1.495977772620973e-09
2.722040218768081e-02,1.494962657557295e-09
2.734819750311593e-02,1.493952854544714e-09
2.747599281855105e-02,1.492948311734040e-09
2.760378813398617e-02,1.491948977276084e-09
2.773158344942129e-02,1.490954799321657e-09
2.785937876485641e-02,1.489965726021569e-09
2.798717408029153e-02,1.488981705526632e-09
2.811496939572665e-02,1.488002687118058e-09
2.824276471116178e-02,1.487028624598235e-09
2.837056002659689e-02,1.486059472899736e-09
2.849835534203202e-02,1.485095186955136e-09
2.862615065746714e-02,1.484135721697006e-09
2.875394597290226e-02,1.483181032057921e-09
2.888174128833738e-02,1.482231072970455e-09
2.900953660377250e-02,1.481285799367179e-09
2.913733191920762e-02,1.480345166180669e-09
2.926512723464274e-02,1.479409128343496e-09
2.939292255007787e-02,1.478477641748485e-09
2.952071786551299e-02,1.477550666129712e-09
2.964851318094811e-02,1.476628162181627e-09
2.977630849638323e-02,1.475710090598680e-09
2.990410381181835e-02,1.474796412075322e-09
3.003189912725347e-02,1.473887087306003e-09
3.015969444268859e-02,1.472982076985175e-09
3.028748975812371e-02,1.472081341807287e-09
3.041528507355883e-02,1.471184842466790e-09
3.054308038899396e-02,1.470292539658135e-09
3.067087570442908e-02,1.469404394908003e-09
3.079867101986420e-02,1.468520373071977e-09
3.092646633529932e-02,1.467640439837853e-09
3.105426165073444e-02,1.466764560893428e-09
3.118205696616956e-02,1.465892701926501e-09
3.130985228160468e-02,1.465024828624868e-09
3.143764759703981e-02,1.464160906676327e-09
3.156544291247493e-02,1.463300901768675e-09
3.169323822791005e-02,1.462444779589711e-09
3.182103354334517e-02,1.461592505827230e-09
3.194882885878029e-02,1.460744046746158e-09
3.207662417421541e-02,1.459899370919737e-09
3.220441948965053e-02,1.459058447498237e-09
3.233221480508566e-02,1.458221245631931e-09
3.246001012052077e-02,1.457387734471093e-09
3.258780543595589e-02,1.456557883165993e-09
3.271560075139102e-02,1.455731660866903e-09
3.284339606682614e-02,1.454909036724097e-09
3.297119138226126e-02,1.454089979887846e-09
3.309898669769638e-02,1.453274459508422e-09
3.322678201313150e-02,1.452462445445639e-09
3.335457732856662e-02,1.451653910397691e-09
3.348237264400174e-02,1.450848827772424e-09
3.361016795943687e-02,1.450047170977686e-09
3.373796327487198e-02,1.449248913421321e-09
3.386575859030710e-02,1.448454028511175e-09
3.399355390574223e-02,1.447662489655094e-09
3.412134922117735e-02,1.446874270260925e-09
3.424914453661247e-02,1.446089343736514e-09
3.437693985204759e-02,1.445307683489705e-09
3.450473516748271e-02,1.444529263319435e-09
3.463253048291783e-02,1.443754058588995e-09
3.476032579835295e-02,1.442982045052772e-09
3.488812111378808e-02,1.442213198465148e-09
3.501591642922319e-02,1.441447494580510e-09
3.514371174465832e-02,1.440684909153241e-09
3.527150706009344e-02,1.439925417937726e-09
3.539930237552856e-02,1.439168996688350e-09
3.552709769096368e-02,1.438415621159497e-09
3.565489300639881e-02,1.437665267105551e-09
3.578268832183392e-02,1.436917910735920e-09
3.591048363726904e-02,1.436173530079971e-09
3.603827895270417e-02,1.435432103622029e-09
3.616607426813929e-02,1.434693609846420e-09
3.629386958357441e-02,1.433958027237468e-09
3.642166489900953e-02,1.433225334279498e-09
3.654946021444465e-02,1.432495509456836e-09
3.667725552987977e-02,1.431768531253807e-09
3.680505084531489e-02,1.431044378154737e-09
3.693284616075002e-02,1.430323028643950e-09
3.706064147618514e-02,1.429604461572191e-09
3.718843679162025e-02,1.428888657256021e-09
3.731623210705538e-02,1.428175596378482e-09
3.744402742249050e-02,1.427465259622622e-09
3.757182273792562e-02,1.426757627671483e-09
3.769961805336074e-02,1.426052681208111e-09
3.782741336879586e-02,1.425350400915551e-09
3.795520868423098e-02,1.424650767476848e-09
3.808300399966610e-02,1.423953761575047e-09
3.821079931510123e-02,1.423259363893192e-09
3.833859463053635e-02,1.422567555453347e-09
3.846638994597146e-02,1.421878318633673e-09
3.859418526140659e-02,1.421191636151360e-09
3.872198057684171e-02,1.420507490723597e-09
3.884977589227683e-02,1.419825865067575e-09
3.897757120771195e-02,1.419146741900485e-09
3.910536652314707e-02,1.418470103939515e-09
3.923316183858219e-02,1.417795933901857e-09
3.936095715401731e-02,1.417124214504700e-09
3.948875246945244e-02,1.416454928465235e-09
3.961654778488756e-02,1.415788058734334e-09
3.974434310032268e-02,1.415123589197550e-09
3.987213841575780e-02,1.414461503974090e-09
3.999993373119292e-02,1.413801787183162e-09
4.012772904662804e-02,1.413144422943974e-09
4.025552436206317e-02,1.412489395375733e-09
4.038331967749829e-02,1.411836688597647e-09
4.051111499293340e-02,1.411186286728924e-09
4.063891030836853e-02,1.410538173888772e-09
4.076670562380365e-02,1.409892334196398e-09
4.089450093923877e-02,1.409248752064665e-09
4.102229625467389e-02,1.408607413081172e-09
4.115009157010902e-02,1.407968303127232e-09
4.127788688554413e-02,1.407331408084161e-09
4.140568220097925e-02,1.406696713833272e-09
4.153347751641438e-02,1.406064206255878e-09
4.166127283184950e-02,1.405433871233295e-09
4.178906814728462e-02,1.404805694646836e-09
4.191686346271974e-02,1.404179662377815e-09
4.204465877815486e-02,1.403555760307546e-09
4.217245409358998e-02,1.402933974480291e-09
4.230024940902510e-02,1.402314291592116e-09
4.242804472446023e-02,1.401696698502046e-09
4.255584003989534e-02,1.401081182069104e-09
4.268363535533046e-02,1.400467729152315e-09
4.281143067076559e-02,1.399856326610702e-09
4.293922598620071e-02,1.399246961303289e-09
4.306702130163583e-02,1.398639620089101e-09
4.319481661707095e-02,1.398034289827160e-09
4.332261193250607e-02,1.397430957376491e-09
4.345040724794119e-02,1.396829609822076e-09
4.357820256337631e-02,1.396230235152687e-09
4.370599787881144e-02,1.395632821583033e-09
4.383379319424656e-02,1.395037357327826e-09
4.396158850968167e-02,1.394443830601775e-09
4.408938382511680e-02,1.393852229619590e-09
4.421717914055192e-02,1.393262542595981e-09
4.434497445598704e-02,1.392674757745658e-09
4.447276977142216e-02,1.392088863283331e-09
4.460056508685728e-02,1.391504847423710e-09
4.472836040229240e-02,1.390922698550717e-09
4.485615571772752e-02,1.390342405725199e-09
4.498395103316265e-02,1.389763958177254e-09
4.511174634859777e-02,1.389187345136983e-09
4.523954166403289e-02,1.388612555834482e-09
4.536733697946801e-02,1.388039579499850e-09
4.549513229490313e-02,1.387468405363186e-09
4.562292761033825e-02,1.386899022654589e-09
4.575072292577338e-02,1.386331420604156e-09
4.587851824120850e-02,1.385765588441987e-09
4.600631355664361e-02,1.385201515548151e-09
4.613410887207874e-02,1.384639191902625e-09
4.626190418751386e-02,1.384078607635369e-09
4.638969950294898e-02,1.383519752876344e-09
4.651749481838410e-02,1.382962617755510e-09
4.664529013381922e-02,1.382407192402828e-09
4.677308544925434e-02,1.381853466948259e-09
4.690088076468946e-02,1.381301431521763e-09
4.702867608012459e-02,1.380751076253300e-09
4.715647139555971e-02,1.380202391272830e-09
4.728426671099482e-02,1.379655366793829e-09
4.741206202642995e-02,1.379109993363810e-09
4.753985734186507e-02,1.378566261613797e-09
4.766765265730019e-02,1.378024162174812e-09
4.779544797273531e-02,1.377483685677880e-09
4.792324328817044e-02,1.376944822754023e-09
4.805103860360555e-02,1.376407564034263e-09
4.817883391904067e-02,1.375871900149624e-09
4.830662923447580e-02,1.375337821731130e-09
4.843442454991092e-02,1.374805319409802e-09
4.856221986534604e-02,1.374274384011011e-09
4.869001518078116e-02,1.373745007137430e-09
4.881781049621628e-02,1.373217180586038e-09
4.894560581165140e-02,1.372690896153814e-09
4.907340112708652e-02,1.372166145637737e-09
4.920119644252165e-02,1.371642920834786e-09
4.932899175795677e-02,1.371121213541938e-09
4.945678707339188e-02,1.370601015556174e-09
4.958458238882701e-02,1.370082318674472e-09
4.971237770426213e-02,1.369565114693811e-09
4.984017301969725e-02,1.369049395557224e-09
4.996796833513237e-02,1.368535153791993e-09
5.000000000000000e-02,1.368406490719142e-09
5.009576365056749e-02,1.368022382014528e-09
5.022355896600261e-02,1.367511072344546e-09
5.035135428143774e-02,1.367001216645568e-09
5.047914959687286e-02,1.366492806778982e-09
5.060694491230798e-02,1.365985834606177e-09
5.073474022774310e-02,1.365480291988541e-09
5.086253554317822e-02,1.364976170787464e-09
5.099033085861334e-02,1.364473462864334e-09
5.111812617404846e-02,1.363972160273997e-09
5.124592148948359e-02,1.363472255845115e-09
5.137371680491870e-02,1.362973742599798e-09
5.150151212035382e-02,1.362476613560157e-09
5.162930743578895e-02,1.361980861748303e-09
5.175710275122407e-02,1.361486480186346e-09
5.188489806665919e-02,1.360993461896398e-09
5.201269338209431e-02,1.360501799900570e-09
5.214048869752943e-02,1.360011487220972e-09
5.226828401296455e-02,1.359522516879715e-09
5.239607932839967e-02,1.359034881938023e-09
5.252387464383480e-02,1.358548575613555e-09
5.265166995926992e-02,1.358063591163077e-09
5.277946527470503e-02,1.357579921843355e-09
5.290726059014016e-02,1.357097560911153e-09
5.303505590557528e-02,1.356616501623237e-09
5.316285122101040e-02,1.356136737236372e-09
5.329064653644552e-02,1.355658261007324e-09
5.341844185188065e-02,1.355181066192858e-09
5.354623716731576e-02,1.354705146049738e-09
5.367403248275088e-02,1.354230493935167e-09
5.380182779818601e-02,1.353757103608108e-09
5.392962311362113e-02,1.353284968927977e-09
5.405741842905625e-02,1.352814083754188e-09
5.418521374449137e-02,1.352344441946154e-09
5.431300905992649e-02,1.351876037363291e-09
5.444080437536161e-02,1.351408863865013e-09
5.456859969079673e-02,1.350942915310733e-09
5.469639500623186e-02,1.350478185559866e-09
5.482419032166697e-02,1.350014668471826e-09
5.495198563710210e-02,1.349552357979791e-09
5.507978095253722e-02,1.349091248311990e-09
5.520757626797234e-02,1.348631333770415e-09
5.533537158340746e-02,1.348172608657056e-09
5.546316689884258e-02,1.347715067273907e-09
5.559096221427770e-02,1.347258703922957e-09
5.571875752971282e-02,1.346803512906199e-09
5.584655284514795e-02,1.346349488525624e-09
5.597434816058307e-02,1.345896625083224e-09
5.610214347601819e-02,1.345444916880990e-09
5.622993879145331e-02,1.344994358264492e-09
5.635773410688843e-02,1.344544943753599e-09
5.648552942232355e-02,1.344096667911750e-09
5.661332473775867e-02,1.343649525302386e-09
5.674112005319380e-02,1.343203510488946e-09
5.686891536862891e-02,1.342758618034871e-09
5.699671068406403e-02,1.342314842503599e-09
5.712450599949916e-02,1.341872178458572e-09
5.725230131493428e-02,1.341430620463228e-09
5.738009663036940e-02,1.340990163081008e-09
5.750789194580452e-02,1.340550800950128e-09
5.763568726123964e-02,1.340112529007935e-09
5.776348257667476e-02,1.339675342266565e-09
5.789127789210988e-02,1.339239235738153e-09
5.801907320754501e-02,1.338804204434835e-09
5.814686852298013e-02,1.338370243368745e-09
5.827466383841524e-02,1.337937347552020e-09
5.840245915385037e-02,1.337505511996795e-09
5.853025446928549e-02,1.337074731715204e-09
5.865804978472061e-02,1.336645001719385e-09
5.878584510015573e-02,1.336216317099458e-09
5.891364041559085e-02,1.335788673257489e-09
5.904143573102597e-02,1.335362065673534e-09
5.916923104646109e-02,1.334936489827645e-09
5.929702636189622e-02,1.334511941199875e-09
5.942482167733134e-02,1.334088415270280e-09
5.955261699276646e-02,1.333665907518911e-09
5.968041230820158e-02,1.333244413425824e-09
5.980820762363670e-02,1.332823928471071e-09
5.993600293907182e-02,1.332404448134707e-09
6.006379825450694e-02,1.331985967893746e-09
6.019159356994207e-02,1.331568483213045e-09
6.031938888537718e-02,1.331151989554425e-09
6.044718420081231e-02,1.330736482379705e-09
6.057497951624743e-02,1.330321957150704e-09
6.070277483168255e-02,1.329908409329243e-09
6.083057014711767e-02,1.329495834377139e-09
6.095836546255279e-02,1.329084227756214e-09
6.108616077798791e-02,1.328673584928285e-09
6.121395609342303e-02,1.328263901355173e-09
6.134175140885816e-02,1.327855172577087e-09
6.146954672429328e-02,1.327447394447826e-09
6.159734203972840e-02,1.327040562899592e-09
6.172513735516352e-02,1.326634673864589e-09
6.185293267059864e-02,1.326229723275018e-09
6.198072798603376e-02,1.325825707063084e-09
6.210852330146888e-02,1.325422621160988e-09
6.223631861690401e-02,1.325020461500934e-09
6.236411393233912e-02,1.324619224015124e-09
6.249190924777424e-02,1.324218904635761e-09
6.261970456320937e-02,1.323819499366874e-09
6.274749987864449e-02,1.323421004499794e-09
6.287529519407961e-02,1.323023416397682e-09
6.300309050951473e-02,1.322626731423697e-09
6.313088582494986e-02,1.322230945941000e-09
6.325868114038498e-02,1.321836056312751e-09
6.338647645582010e-02,1.321442058902109e-09
6.351427177125522e-02,1.321048950072236e-09
6.364206708669033e-02,1.320656726186290e-09
6.376986240212545e-02,1.320265383607431e-09
6.389765771756058e-02,1.319874918671628e-09
6.402545303299570e-02,1.319485327606080e-09
6.415324834843082e-02,1.319096606610800e-09
6.428104366386594e-02,1.318708751885798e-09
6.440883897930107e-02,1.318321759631087e-09
6.453663429473619e-02,1.317935626046676e-09
6.466442961017131e-02,1.317550347332578e-09
6.479222492560642e-02,1.317165919688803e-09
6.492002024104154e-02,1.316782339315363e-09
6.504781555647667e-02,1.316399602412270e-09
6.517561087191179e-02,1.316017705247283e-09
6.530340618734691e-02,1.315636644359185e-09
6.543120150278203e-02,1.315256416354525e-09
6.555899681821716e-02,1.314877017839848e-09
6.568679213365228e-02,1.314498445421700e-09
6.581458744908740e-02,1.314120695706630e-09
6.594238276452252e-02,1.313743765301183e-09
6.607017807995763e-02,1.313367650811906e-09
6.619797339539275e-02,1.312992348845346e-09
6.632576871082788e-02,1.312617856008049e-09
6.645356402626300e-02,1.312244168954576e-09
6.658135934169812e-02,1.311871284531549e-09
6.670915465713324e-02,1.311499199633607e-09
6.683694997256837e-02,1.311127911155390e-09
6.696474528800349e-02,1.310757415991535e-09
6.709254060343861e-02,1.310387711036682e-09
6.722033591887373e-02,1.310018793185470e-09
6.734813123430886e-02,1.309650659332539e-09
6.747592654974396e-02,1.309283306372525e-09
6.760372186517909e-02,1.308916731200070e-09
6.773151718061421e-02,1.308550930726291e-09
6.785931249604933e-02,1.308185901928218e-09
6.798710781148445e-02,1.307821641799362e-09
6.811490312691958e-02,1.307458147333232e-09
6.824269844235470e-02,1.307095415523336e-09
6.837049375778982e-02,1.306733443363184e-09
6.849828907322494e-02,1.306372227846285e-09
6.862608438866007e-02,1.306011765966147e-09
6.875387970409517e-02,1.305652054716280e-09
6.888167501953030e-02,1.305293091090194e-09
6.900947033496542e-02,1.304934872091140e-09
6.913726565040054e-02,1.304577394761353e-09
6.926506096583566e-02,1.304220656152811e-09
6.939285628127079e-02,1.303864653317494e-09
6.952065159670591e-02,1.303509383307383e-09
6.964844691214103e-02,1.303154843174455e-09
6.977624222757615e-02,1.302801029970690e-09
6.990403754301128e-02,1.302447940748069e-09
7.003183285844640e-02,1.302095572558570e-09
7.015962817388151e-02,1.301743922454173e-09
7.028742348931663e-02,1.301392987547194e-09
7.041521880475175e-02,1.301042765191310e-09
7.054301412018688e-02,1.300693252800540e-09
7.067080943562200e-02,1.300344447788901e-09
7.079860475105712e-02,1.299996347570413e-09
7.092640006649224e-02,1.299648949559094e-09
7.105419538192737e-02,1.299302251168962e-09
7.118199069736249e-02,1.298956249814037e-09
7.130978601279761e-02,1.298610942908337e-09
7.152277820518949e-02,1.298036967595683e-09
7.173577039758135e-02,1.297464902199645e-09
7.194876258997322e-02,1.296894734980139e-09
7.216175478236508e-02,1.296326454243491e-09
7.237474697475696e-02,1.295760048296027e-09
7.258773916714882e-02,1.295195505444076e-09
7.280073135954070e-02,1.294632813993963e-09
7.301372355193256e-02,1.294071962252016e-09
7.322671574432443e-02,1.293512938524561e-09
7.343970793671629e-02,1.292955731117925e-09
7.365270012910817e-02,1.292400328338435e-09
7.386569232150003e-02,1.291846718713188e-09
7.407868451389191e-02,1.291294891652359e-09
7.429167670628377e-02,1.290744836786892e-09
7.450466889867564e-02,1.290196543747732e-09
7.471766109106751e-02,1.289650002165824e-09
7.493065328345938e-02,1.289105201672112e-09
7.514364547585124e-02,1.288562131897539e-09
7.535663766824312e-02,1.288020782473052e-09
7.556962986063498e-02,1.287481143029594e-09
7.578262205302685e-02,1.286943203198110e-09
7.599561424541872e-02,1.286406952703796e-09
7.620860643781059e-02,1.285872381648850e-09
7.642159863020245e-02,1.285339480229713e-09
7.663459082259433e-02,1.284808238642831e-09
7.684758301498619e-02,1.284278647084646e-09
7.706057520737807e-02,1.283750695751602e-09
7.727356739976993e-02,1.283224374840142e-09
7.748655959216180e-02,1.282699674546709e-09
7.769955178455366e-02,1.282176585067747e-09
7.791254397694554e-02,1.281655096599700e-09
7.812553616933740e-02,1.281135199541703e-09
7.833852836172928e-02,1.280616885103618e-09
7.855152055412114e-02,1.280100144697976e-09
7.876451274651301e-02,1.279584969737309e-09
7.897750493890487e-02,1.279071351634149e-09
7.919049713129675e-02,1.278559281801028e-09
7.940348932368861e-02,1.278048751650476e-09
7.961648151608049e-02,1.277539752595025e-09
7.982947370847235e-02,1.277032276047207e-09
8.004246590086422e-02,1.276526313419554e-09
8.025545809325609e-02,1.276021856184265e-09
8.046845028564796e-02,1.275518896052228e-09
8.068144247803982e-02,1.275017424794005e-09
8.089443467043170e-02,1.274517434180158e-09
8.110742686282357e-02,1.274018915981250e-09
8.132041905521543e-02,1.273521861967843e-09
8.153341124760730e-02,1.273026263910501e-09
8.174640343999917e-02,1.272532113579784e-09
8.195939563239105e-02,1.272039402746256e-09
8.217238782478291e-02,1.271548123180480e-09
8.238538001717477e-02,1.271058266753458e-09
8.259837220956665e-02,1.270569825737969e-09
8.281136440195852e-02,1.270082792507242e-09
8.302435659435038e-02,1.269597159434501e-09
8.323734878674224e-02,1.269112918892975e-09
8.345034097913412e-02,1.268630063255888e-09
8.366333317152599e-02,1.268148584896469e-09
8.387632536391786e-02,1.267668476187942e-09
8.408931755630973e-02,1.267189729503536e-09
8.430230974870159e-02,1.266712337216476e-09
8.451530194109347e-02,1.266236291837211e-09
8.472829413348533e-02,1.265761586425076e-09
8.494128632587720e-02,1.265288214176630e-09
8.515427851826907e-02,1.264816168288431e-09
8.536727071066094e-02,1.264345441957038e-09
8.558026290305280e-02,1.263876028379008e-09
8.579325509544468e-02,1.263407920750901e-09
8.600624728783654e-02,1.262941112269274e-09
8.621923948022842e-02,1.262475596130686e-09
8.643223167262028e-02,1.262011365531695e-09
8.664522386501215e-02,1.261548413731945e-09
8.685821605740401e-02,1.261086734243420e-09
8.707120824979589e-02,1.260626320641184e-09
8.728420044218775e-02,1.260167166500303e-09
8.749719263457963e-02,1.259709265395842e-09
8.771018482697149e-02,1.259252610902867e-09
8.792317701936336e-02,1.258797196596444e-09
8.813616921175522e-02,1.258343016051637e-09
8.834916140414710e-02,1.257890062843513e-09
8.856215359653896e-02,1.257438330547137e-09
8.877514578893084e-02,1.256987812799387e-09
8.898813798132270e-02,1.256538503484390e-09
8.920113017371457e-02,1.256090396548074e-09
8.941412236610644e-02,1.255643485936373e-09
8.962711455849831e-02,1.255197765595218e-09
8.984010675089017e-02,1.254753229470540e-09
9.005309894328205e-02,1.254309871508271e-09
9.026609113567391e-02,1.253867685654343e-09
9.047908332806578e-02,1.253426665854687e-09
9.069207552045766e-02,1.252986806055235e-09
9.090506771284952e-02,1.252548100306636e-09
9.111805990524138e-02,1.252110543078439e-09
9.133105209763326e-02,1.251674128944924e-09
9.154404429002513e-02,1.251238852480369e-09
9.175703648241700e-02,1.250804708259054e-09
9.197002867480886e-02,1.250371690855260e-09
9.218302086720073e-02,1.249939794843265e-09
9.239601305959261e-02,1.249509014797350e-09
9.260900525198447e-02,1.249079345291793e-09
9.282199744437633e-02,1.248650780900874e-09
9.303498963676821e-02,1.248223316238042e-09
9.324798182916008e-02,1.247796946073429e-09
9.346097402155194e-02,1.247371665216336e-09
9.367396621394380e-02,1.246947468476067e-09
9.388695840633568e-02,1.246524350661925e-09
9.409995059872756e-02,1.246102306583213e-09
9.431294279111942e-02,1.245681331049234e-09
9.452593498351128e-02,1.245261418869291e-09
9.473892717590315e-02,1.244842564852687e-09
9.495191936829503e-02,1.244424763808724e-09
9.516491156068689e-02,1.244008010601400e-09
9.537790375307875e-02,1.243592300313484e-09
9.559089594547063e-02,1.243177628082440e-09
9.580388813786250e-02,1.242763989045735e-09
9.601688033025436e-02,1.242351378340831e-09
9.622987252264624e-02,1.241939791105193e-09
9.644286471503810e-02,1.241529222476287e-09
9.665585690742998e-02,1.241119667591576e-09
9.686884909982184e-02,1.240711121588526e-09
9.708184129221371e-02,1.240303579604600e-09
9.729483348460558e-02,1.239897036841608e-09
9.750782567699745e-02,1.239491488758733e-09
9.772081786938931e-02,1.239086930879501e-09
9.793381006178119e-02,1.238683358727437e-09
9.814680225417305e-02,1.238280767826068e-09
9.835979444656492e-02,1.237879153698919e-09
9.857278663895679e-02,1.237478511869515e-09
9.878577883134866e-02,1.237078837861383e-09
9.899877102374052e-02,1.236680127198048e-09
9.921176321613240e-02,1.236282375403036e-09
9.942475540852426e-02,1.235885578070693e-09
9.963774760091614e-02,1.235489731078637e-09
9.985073979330800e-02,1.235094830375303e-09
1.000637319857000e-01,1.234700871909121e-09
1.002767241780920e-01,1.234307851628525e-09
1.004897163704840e-01,1.233915765481948e-09
1.007027085628750e-01,1.233524609417824e-09
1.009157007552670e-01,1.233134379384583e-09
1.011286929476590e-01,1.232745071330659e-09
1.013416851400510e-01,1.232356681204486e-09
1.015546773324430e-01,1.231969204941780e-09
1.017676695248350e-01,1.231582638427392e-09
1.019806617172270e-01,1.231196977533450e-09
1.021936539096190e-01,1.230812218132083e-09
1.024066461020100e-01,1.230428356095423e-09
1.026196382944020e-01,1.230045387295595e-09
1.028326304867940e-01,1.229663307604731e-09
1.030456226791860e-01,1.229282112894958e-09
1.032586148715780e-01,1.228901799038407e-09
1.034716070639700e-01,1.228522361907206e-09
1.036845992563620e-01,1.228143797456136e-09
1.038975914487540e-01,1.227766101970553e-09
1.041105836411450e-01,1.227389271818448e-09
1.043235758335370e-01,1.227013303367807e-09
1.045365680259290e-01,1.226638192986624e-09
1.047495602183210e-01,1.226263937042886e-09
1.049625524107130e-01,1.225890531904586e-09
1.051755446031050e-01,1.225517973939713e-09
1.053885367954970e-01,1.225146259516257e-09
1.056015289878880e-01,1.224775385002210e-09
1.058145211802800e-01,1.224405346808612e-09
1.060275133726720e-01,1.224036141518652e-09
1.062405055650640e-01,1.223667765758536e-09
1.064534977574560e-01,1.223300216154468e-09
1.066664899498480e-01,1.222933489332655e-09
1.068794821422400e-01,1.222567581919301e-09
1.070924743346320e-01,1.222202490540613e-09
1.073054665270230e-01,1.221838211822797e-09
1.075184587194150e-01,1.221474742392056e-09
1.077314509118070e-01,1.221112078874595e-09
1.079444431041990e-01,1.220750217911528e-09
1.081574352965910e-01,1.220389156203633e-09
1.083704274889830e-01,1.220028890466615e-09
1.085834196813750e-01,1.219669417416180e-09
1.087964118737660e-01,1.219310733768035e-09
1.090094040661580e-01,1.218952836237882e-09
1.092223962585500e-01,1.218595721541429e-09
1.094353884509420e-01,1.218239386394381e-09
1.096483806433340e-01,1.217883827512443e-09
1.098613728357260e-01,1.217529041611321e-09
1.100743650281180e-01,1.217175025416823e-09
1.102873572205100e-01,1.216821775695182e-09
1.105003494129010e-01,1.216469289222741e-09
1.107133416052930e-01,1.216117562775841e-09
1.109263337976850e-01,1.215766593130825e-09
1.111393259900770e-01,1.215416377064036e-09
1.113523181824690e-01,1.215066911351817e-09
1.115653103748610e-01,1.214718192770511e-09
1.117783025672530e-01,1.214370218096459e-09
1.119912947596450e-01,1.214022984106005e-09
1.122042869520360e-01,1.213676487664639e-09
1.124172791444280e-01,1.213330725994453e-09
1.126302713368200e-01,1.212985696406704e-09
1.128432635292120e-01,1.212641396212647e-09
1.130562557216040e-01,1.212297822723537e-09
1.132692479139960e-01,1.211954973250629e-09
1.134822401063880e-01,1.211612845105178e-09
1.136952322987790e-01,1.211271435598441e-09
1.139082244911710e-01,1.210930742041669e-09
1.141212166835630e-01,1.210590761746118e-09
1.143342088759550e-01,1.210251491996513e-09
1.145472010683470e-01,1.209912929971475e-09
1.147601932607390e-01,1.209575072823106e-09
1.149731854531310e-01,1.209237917703509e-09
1.151861776455230e-01,1.208901461764786e-09
1.153991698379140e-01,1.208565702159042e-09
1.156121620303060e-01,1.208230636038376e-09
1.158251542226980e-01,1.207896260554893e-09
1.160381464150900e-01,1.207562572860694e-09
1.162511386074820e-01,1.207229570107882e-09
1.164641307998740e-01,1.206897249509408e-09
1.166771229922660e-01,1.206565608521487e-09
1.168901151846570e-01,1.206234644661114e-09
1.171031073770490e-01,1.205904355445282e-09
1.173160995694410e-01,1.205574738390990e-09
1.175290917618330e-01,1.205245791015232e-09
1.177420839542250e-01,1.204917510835004e-09
1.179550761466170e-01,1.204589895367302e-09
1.181680683390090e-01,1.204262942129122e-09
1.183810605314010e-01,1.203936648637459e-09
1.185940527237920e-01,1.203611012405395e-09
1.188070449161840e-01,1.203286030930336e-09
1.190200371085760e-01,1.202961701705770e-09
1.192330293009680e-01,1.202638022225187e-09
1.194460214933600e-01,1.202314989982073e-09
1.196590136857520e-01,1.201992602469919e-09
1.198720058781440e-01,1.201670857182211e-09
1.200849980705360e-01,1.201349751612438e-09
1.202979902629270e-01,1.201029283254091e-09
1.205109824553190e-01,1.200709449600653e-09
1.207239746477110e-01,1.200390248181222e-09
1.209369668401030e-01,1.200071676667360e-09
1.211499590324950e-01,1.199753732766250e-09
1.213629512248870e-01,1.199436414185079e-09
1.215759434172790e-01,1.199119718631033e-09
1.217889356096700e-01,1.198803643811298e-09
1.220019278020620e-01,1.198488187433058e-09
1.222149199944540e-01,1.198173347203498e-09
1.224279121868460e-01,1.197859120829805e-09
1.226409043792380e-01,1.197545506019164e-09
1.228538965716300e-01,1.197232500499201e-09
1.230668887640220e-01,1.196920102079295e-09
1.232798809564140e-01,1.196608308589263e-09
1.234928731488050e-01,1.196297117858922e-09
1.237058653411970e-01,1.195986527718088e-09
1.239188575335890e-01,1.195676535996577e-09
1.241318497259810e-01,1.195367140524207e-09
1.243448419183730e-01,1.195058339130794e-09
1.245578341107650e-01,1.194750129646155e-09
1.247708263031570e-01,1.194442509900107e-09
1.249838184955480e-01,1.194135477748589e-09
1.251968106879400e-01,1.193829031151983e-09
1.254098028803320e-01,1.193523168096777e-09
1.256227950727240e-01,1.193217886569456e-09
1.258357872651160e-01,1.192913184556508e-09
1.260487794575080e-01,1.192609060044419e-09
1.262617716499000e-01,1.192305511019674e-09
1.264747638422920e-01,1.192002535468761e-09
1.266877560346830e-01,1.191700131378167e-09
1.269007482270750e-01,1.191398296734376e-09
1.271137404194670e-01,1.191097029521818e-09
1.273267326118590e-01,1.190796327716698e-09
1.275397248042510e-01,1.190496189293167e-09
1.277527169966430e-01,1.190196612225376e-09
1.279657091890350e-01,1.189897594487475e-09
1.281787013814270e-01,1.189599134053615e-09
1.283916935738180e-01,1.189301228897949e-09
1.286046857662100e-01,1.189003876994623e-09
1.288176779586020e-01,1.188707076317791e-09
1.290306701509940e-01,1.188410824841603e-09
1.292436623433860e-01,1.188115120554521e-09
1.294566545357780e-01,1.187819961502277e-09
1.296696467281700e-01,1.187525345744930e-09
1.298826389205610e-01,1.187231271342536e-09
1.300956311129530e-01,1.186937736355149e-09
1.303086233053450e-01,1.186644738842828e-09
1.305216154977370e-01,1.186352276865629e-09
1.307346076901290e-01,1.186060348483608e-09
1.309475998825210e-01,1.185768951756822e-09
1.311605920749130e-01,1.185478084745328e-09
1.313735842673050e-01,1.185187745575489e-09
1.315865764596960e-01,1.184897932638925e-09
1.317995686520880e-01,1.184608644393573e-09
1.320125608444800e-01,1.184319879297375e-09
1.322255530368720e-01,1.184031635808271e-09
1.324385452292640e-01,1.183743912384202e-09
1.326515374216560e-01,1.183456707483108e-09
1.328645296140480e-01,1.183170019562929e-09
1.330775218064400e-01,1.182883847081604e-09
1.332905139988310e-01,1.182598188497077e-09
1.335035061912230e-01,1.182313042103631e-09
1.337164983836150e-01,1.182028405541074e-09
1.339294905760070e-01,1.181744276285623e-09
1.341424827683990e-01,1.181460651813496e-09
1.343554749607910e-01,1.181177529600910e-09
1.345684671531830e-01,1.180894907124084e-09
1.347814593455740e-01,1.180612781859235e-09
1.349944515379660e-01,1.180331151282579e-09
1.352074437303580e-01,1.180050012870335e-09
1.354204359227500e-01,1.179769364098721e-09
1.356334281151420e-01,1.179489203217807e-09
1.358464203075340e-01,1.179209531571513e-09
1.360594124999260e-01,1.178930351276829e-09
1.362724046923180e-01,1.178651664450745e-09
1.364853968847090e-01,1.178373473210252e-09
1.366983890771010e-01,1.178095779672339e-09
1.369113812694930e-01,1.177818585953997e-09
1.371243734618850e-01,1.177541894172215e-09
1.373373656542770e-01,1.177265706443985e-09
1.375503578466690e-01,1.176990024886296e-09
1.377633500390610e-01,1.176714848545455e-09
1.379763422314520e-01,1.176440164177747e-09
1.381893344238440e-01,1.176165955465120e-09
1.384023266162360e-01,1.175892206089527e-09
1.386153188086280e-01,1.175618899732919e-09
1.388283110010200e-01,1.175346020077248e-09
1.390413031934120e-01,1.175073550804465e-09
1.392542953858040e-01,1.174801475596522e-09
1.394672875781960e-01,1.174529778135369e-09
1.396802797705870e-01,1.174258442102960e-09
1.398932719629790e-01,1.173987462948666e-09
1.401062641553710e-01,1.173716883204972e-09
1.403192563477630e-01,1.173446757178490e-09
1.405322485401550e-01,1.173177139175833e-09
1.407452407325470e-01,1.172908083503615e-09
1.409582329249390e-01,1.172639644468450e-09
1.411712251173300e-01,1.172371876376951e-09
1.413842173097220e-01,1.172104833535729e-09
1.415972095021140e-01,1.171838570251400e-09
1.418102016945060e-01,1.171573140830575e-09
1.420231938868980e-01,1.171308555594604e-09
1.422361860792900e-01,1.171044648927969e-09
1.424491782716820e-01,1.170781211231989e-09
1.426621704640740e-01,1.170518032907983e-09
1.428751626564650e-01,1.170254904357270e-09
1.430881548488570e-01,1.169991615981166e-09
1.433011470412490e-01,1.169727958180989e-09
1.435141392336410e-01,1.169463721358059e-09
1.437271314260330e-01,1.169198695913694e-09
1.439401236184250e-01,1.168932672249211e-09
1.441531158108170e-01,1.168665605016610e-09
1.443661080032090e-01,1.168398105652095e-09
1.445791001956000e-01,1.168130949733306e-09
1.447920923879920e-01,1.167864912837880e-09
1.450050845803840e-01,1.167600770543457e-09
1.452180767727760e-01,1.167339298427676e-09
1.454310689651680e-01,1.167081272068178e-09
1.456440611575600e-01,1.166827467042602e-09
1.458570533499520e-01,1.166578658928586e-09
1.460700455423430e-01,1.166335623303772e-09
1.462830377347350e-01,1.166098522676818e-09
1.464960299271270e-01,1.165865068853018e-09
1.467090221195190e-01,1.165632361354705e-09
1.469220143119110e-01,1.165397499704213e-09
1.471350065043030e-01,1.165157583423876e-09
1.473479986966950e-01,1.164909712036028e-09
1.475609908890870e-01,1.164650985063003e-09
1.477739830814780e-01,1.164378502027135e-09
1.479869752738700e-01,1.164089362450757e-09
1.481999674662620e-01,1.163780665856204e-09
1.484129596586540e-01,1.163451797360067e-09
1.486259518510460e-01,1.163111288646325e-09
1.488389440434380e-01,1.162769959088868e-09
1.490519362358300e-01,1.162438628061586e-09
1.492649284282220e-01,1.162128114938370e-09
1.494779206206130e-01,1.161849239093112e-09
1.496909128130050e-01,1.161612819899700e-09
1.499039050053970e-01,1.161429676732026e-09
1.501168971977890e-01,1.161310628963979e-09
1.503298893901810e-01,1.161266495969452e-09
1.505428815825730e-01,1.161303458761614e-09
1.507558737749650e-01,1.161409142137933e-09
1.509688659673560e-01,1.161566531148639e-09
1.511818581597480e-01,1.161758610843964e-09
1.513948503521400e-01,1.161968366274139e-09
1.516078425445320e-01,1.162178782489394e-09
1.518208347369240e-01,1.162372844539961e-09
1.520338269293160e-01,1.162533537476070e-09
1.522468191217080e-01,1.162643846347953e-09
1.524598113141000e-01,1.162686756205840e-09
1.526728035064910e-01,1.162649880354779e-09
1.528857956988830e-01,1.162539342169093e-09
1.530987878912750e-01,1.162365891803045e-09
1.533117800836670e-01,1.162140279410898e-09
1.535247722760590e-01,1.161873255146914e-09
1.537377644684510e-01,1.161575569165357e-09
1.539507566608430e-01,1.161257971620489e-09
1.541637488532340e-01,1.160931212666577e-09
1.543767410456260e-01,1.160606042457878e-09
1.545897332380180e-01,1.160293211148658e-09
1.548027254304100e-01,1.160001195895599e-09
1.550157176228020e-01,1.159729386120557e-09
1.552287098151940e-01,1.159474900375058e-09
1.554417020075860e-01,1.159234857210624e-09
1.556546941999780e-01,1.159006375178782e-09
1.558676863923690e-01,1.158786572831056e-09
1.560806785847610e-01,1.158572568718970e-09
1.562936707771530e-01,1.158361481394048e-09
1.565066629695450e-01,1.158150429407816e-09
1.567196551619370e-01,1.157936531311797e-09
1.569326473543290e-01,1.157717513967932e-09
1.571456395467210e-01,1.157493539017001e-09
1.573586317391130e-01,1.157265377179037e-09
1.575716239315040e-01,1.157033799174075e-09
1.577846161238960e-01,1.156799575722144e-09
1.579976083162880e-01,1.156563477543277e-09
1.582106005086800e-01,1.156326275357508e-09
1.584235927010720e-01,1.156088739884870e-09
1.586365848934640e-01,1.155851641845393e-09
1.588495770858560e-01,1.155615751959112e-09
1.590625692782470e-01,1.155381677924725e-09
1.592755614706390e-01,1.155149375145097e-09
1.594885536630310e-01,1.154918635896500e-09
1.597015458554230e-01,1.154689252455202e-09
1.599145380478150e-01,1.154461017097475e-09
1.601275302402070e-01,1.154233722099588e-09
1.603405224325990e-01,1.154007159737811e-09
1.605535146249910e-01,1.153781122288413e-09
1.607665068173820e-01,1.153555402027666e-09
1.609794990097740e-01,1.153329791231837e-09
1.611924912021660e-01,1.153104125862374e-09
1.614054833945580e-01,1.152878416623870e-09
1.616184755869500e-01,1.152652717907312e-09
1.618314677793420e-01,1.152427084103688e-09
1.620444599717340e-01,1.152201569603985e-09
1.622574521641260e-01,1.151976228799192e-09
1.624704443565170e-01,1.151751116080297e-09
1.626834365489090e-01,1.151526285838285e-09
1.628964287413010e-01,1.151301792464147e-09
1.631094209336930e-01,1.151077690348869e-09
1.633224131260850e-01,1.150854022216553e-09
1.635354053184770e-01,1.150630784137517e-09
1.637483975108690e-01,1.150407960522071e-09
1.639613897032600e-01,1.150185535780526e-09
1.641743818956520e-01,1.149963494323189e-09
1.643873740880440e-01,1.149741820560371e-09
1.646003662804360e-01,1.149520498902383e-09
1.648133584728280e-01,1.149299513759533e-09
1.650263506652200e-01,1.149078849542133e-09
1.652393428576120e-01,1.148858490660490e-09
1.654523350500040e-01,1.148638424606863e-09
1.656653272423950e-01,1.148418651193857e-09
1.658783194347870e-01,1.148199173312302e-09
1.660913116271790e-01,1.147979993853034e-09
1.663043038195710e-01,1.147761115706883e-09
1.665172960119630e-01,1.147542541764685e-09
1.667302882043550e-01,1.147324274917271e-09
1.669432803967470e-01,1.147106318055475e-09
1.671562725891380e-01,1.146888674070130e-09
1.673692647815300e-01,1.146671345852068e-09
1.675822569739220e-01,1.146454335545319e-09
1.677952491663140e-01,1.146237642305223e-09
1.680082413587060e-01,1.146021264539574e-09
1.682212335510980e-01,1.145805200656166e-09
1.684342257434900e-01,1.145589449062794e-09
1.686472179358820e-01,1.145374008167253e-09
1.688602101282730e-01,1.145158876377339e-09
1.690732023206650e-01,1.144944052100844e-09
1.692861945130570e-01,1.144729533745563e-09
1.694991867054490e-01,1.144515319719292e-09
1.697121788978410e-01,1.144301408569002e-09
1.699251710902330e-01,1.144087799398477e-09
1.701381632826250e-01,1.143874491450728e-09
1.703511554750170e-01,1.143661483968770e-09
1.705641476674080e-01,1.143448776195616e-09
1.707771398598000e-01,1.143236367374276e-09
1.709901320521920e-01,1.143024256747764e-09
1.712031242445840e-01,1.142812443559094e-09
1.714161164369760e-01,1.142600927051277e-09
1.716291086293680e-01,1.142389706467326e-09
1.718421008217600e-01,1.142178781055115e-09
1.720550930141510e-01,1.141968150081956e-09
1.722680852065430e-01,1.141757812820017e-09
1.724810773989350e-01,1.141547768541469e-09
1.726940695913270e-01,1.141338016518483e-09
1.729070617837190e-01,1.141128556023230e-09
1.731200539761110e-01,1.140919386327880e-09
1.733330461685030e-01,1.140710506704602e-09
1.735460383608950e-01,1.140501916425569e-09
1.737590305532860e-01,1.140293614762950e-09
1.739720227456780e-01,1.140085600977393e-09
1.741850149380700e-01,1.139877874283484e-09
1.743980071304620e-01,1.139670433884295e-09
1.746109993228540e-01,1.139463278982898e-09
1.748239915152460e-01,1.139256408782366e-09
1.750369837076380e-01,1.139049822485772e-09
1.752499759000290e-01,1.138843519296190e-09
1.754629680924210e-01,1.138637498416690e-09
1.756759602848130e-01,1.138431759050346e-09
1.758889524772050e-01,1.138226300400230e-09
1.761019446695970e-01,1.138021121696729e-09
1.763149368619890e-01,1.137816222279552e-09
1.765279290543810e-01,1.137611601515760e-09
1.767409212467730e-01,1.137407258772412e-09
1.769539134391640e-01,1.137203193416570e-09
1.771669056315560e-01,1.136999404815291e-09
1.773798978239480e-01,1.136795892335636e-09
1.775928900163400e-01,1.136592655344665e-09
1.778058822087320e-01,1.136389693209438e-09
1.780188744011240e-01,1.136187005297015e-09
1.782318665935160e-01,1.135984590955534e-09
1.784448587859070e-01,1.135782449457414e-09
1.786578509782990e-01,1.135580580056137e-09
1.788708431706910e-01,1.135378982005187e-09
1.790838353630830e-01,1.135177654558047e-09
1.792968275554750e-01,1.134976596968201e-09
1.795098197478670e-01,1.134775808489131e-09
1.797228119402590e-01,1.134575288374321e-09
1.799358041326510e-01,1.134375035877254e-09
1.801487963250420e-01,1.134175050251415e-09
1.803617885174340e-01,1.133975330778182e-09
1.805747807098260e-01,1.133775876850535e-09
1.807877729022180e-01,1.133576687889357e-09
1.810007650946100e-01,1.133377763315526e-09
1.812137572870020e-01,1.133179102549923e-09
1.814267494793940e-01,1.132980705013429e-09
1.816397416717860e-01,1.132782570126925e-09
1.818527338641770e-01,1.132584697311291e-09
1.820657260565690e-01,1.132387085987407e-09
1.822787182489610e-01,1.132189735576154e-09
1.824917104413530e-01,1.131992645472129e-09
1.827047026337450e-01,1.131795814964830e-09
1.829176948261370e-01,1.131599243317484e-09
1.831306870185290e-01,1.131402929793318e-09
1.833436792109200e-01,1.131206873655561e-09
1.835566714033120e-01,1.131011074167439e-09
1.837696635957040e-01,1.130815530592180e-09
1.839826557880960e-01,1.130620242193012e-09
1.841956479804880e-01,1.130425208233162e-09
1.844086401728800e-01,1.130230427975858e-09
1.846216323652720e-01,1.130035900715950e-09
1.848346245576640e-01,1.129841625874702e-09
1.850476167500550e-01,1.129647602904969e-09
1.852606089424470e-01,1.129453831259601e-09
1.854736011348390e-01,1.129260310391450e-09
1.856865933272310e-01,1.129067039753368e-09
1.858995855196230e-01,1.128874018798207e-09
1.861125777120150e-01,1.128681246978819e-09
1.863255699044070e-01,1.128488723748057e-09
1.865385620967990e-01,1.128296448558772e-09
1.867515542891900e-01,1.128104420851406e-09
1.869645464815820e-01,1.127912640016725e-09
1.871775386739740e-01,1.127721105433074e-09
1.873905308663660e-01,1.127529816478798e-09
1.876035230587580e-01,1.127338772532239e-09
1.878165152511500e-01,1.127147972971743e-09
1.880295074435420e-01,1.126957417175652e-09
1.882424996359330e-01,1.126767104522313e-09
1.884554918283250e-01,1.126577034390065e-09
1.886684840207170e-01,1.126387206157256e-09
1.888814762131090e-01,1.126197619208607e-09
1.890944684055010e-01,1.126008272954366e-09
1.893074605978930e-01,1.125819166811160e-09
1.895204527902850e-01,1.125630300195620e-09
1.897334449826770e-01,1.125441672524373e-09
1.899464371750680e-01,1.125253283214050e-09
1.901594293674600e-01,1.125065131681276e-09
1.903724215598520e-01,1.124877217342683e-09
1.905854137522440e-01,1.124689539614898e-09
1.907984059446360e-01,1.124502097914551e-09
1.910113981370280e-01,1.124314891679983e-09
1.912243903294200e-01,1.124127920436383e-09
1.914373825218110e-01,1.123941183730649e-09
1.916503747142030e-01,1.123754681109677e-09
1.918633669065950e-01,1.123568412120365e-09
1.920763590989870e-01,1.123382376309612e-09
1.922893512913790e-01,1.123196573224314e-09
1.925023434837710e-01,1.123011002411371e-09
1.927153356761630e-01,1.122825663417678e-09
1.929283278685550e-01,1.122640555790134e-09
1.931413200609460e-01,1.122455679035307e-09
1.933543122533380e-01,1.122271032498509e-09
1.935673044457300e-01,1.122086615484753e-09
1.937802966381220e-01,1.121902427299054e-09
1.939932888305140e-01,1.121718467246425e-09
1.942062810229060e-01,1.121534734631880e-09
1.944192732152980e-01,1.121351228760433e-09
1.946322654076900e-01,1.121167948937098e-09
1.948452576000810e-01,1.120984894466890e-09
1.950582497924730e-01,1.120802064654821e-09
1.952712419848650e-01,1.120619458869347e-09
1.954842341772570e-01,1.120437076732513e-09
1.956972263696490e-01,1.120254917929718e-09
1.959102185620410e-01,1.120072982146358e-09
1.961232107544330e-01,1.119891269067832e-09
1.963362029468240e-01,1.119709778379539e-09
1.965491951392160e-01,1.119528509766874e-09
1.967621873316080e-01,1.119347462915237e-09
1.969751795240000e-01,1.119166637510025e-09
1.971881717163920e-01,1.118986033236635e-09
1.974011639087840e-01,1.118805649718565e-09
1.976141561011760e-01,1.118625486331608e-09
1.978271482935680e-01,1.118445542389604e-09
1.980401404859590e-01,1.118265817206396e-09
1.982531326783510e-01,1.118086310095825e-09
1.984661248707430e-01,1.117907020371733e-09
1.986791170631350e-01,1.117727947347963e-09
1.988921092555270e-01,1.117549090338355e-09
1.991051014479190e-01,1.117370448656751e-09
1.993180936403110e-01,1.117192021616994e-09
1.995310858327020e-01,1.117013808588943e-09
1.997440780250940e-01,1.116835809166544e-09
1.999570702174860e-01,1.116658022999773e-09
2.001700624098780e-01,1.116480449738605e-09
2.003830546022700e-01,1.116303089033014e-09
2.005960467946620e-01,1.116125940532975e-09
2.008090389870540e-01,1.115949003888465e-09
2.010220311794460e-01,1.115772278749456e-09
2.012350233718370e-01,1.115595764765925e-09
2.014480155642290e-01,1.115419461587846e-09
2.016610077566210e-01,1.115243368825794e-09
2.018739999490130e-01,1.115067485932785e-09
2.020869921414050e-01,1.114891812322450e-09
2.022999843337970e-01,1.114716347408421e-09
2.025129765261890e-01,1.114541090604332e-09
2.027259687185810e-01,1.114366041323814e-09
2.029389609109720e-01,1.114191198980501e-09
2.031519531033640e-01,1.114016562988024e-09
2.033649452957560e-01,1.113842132760014e-09
2.035779374881480e-01,1.113667907710106e-09
2.037909296805400e-01,1.113493887291708e-09
2.040039218729320e-01,1.113320071117252e-09
2.042169140653240e-01,1.113146458838903e-09
2.044299062577150e-01,1.112973050108829e-09
2.046428984501070e-01,1.112799844579195e-09
2.048558906424990e-01,1.112626841902167e-09
2.050688828348910e-01,1.112454041729912e-09
2.052818750272830e-01,1.112281443714595e-09
2.054948672196750e-01,1.112109047508384e-09
2.057078594120670e-01,1.111936852763445e-09
2.059208516044590e-01,1.111764859116042e-09
2.061338437968500e-01,1.111593066138804e-09
2.063468359892420e-01,1.111421473388439e-09
2.065598281816340e-01,1.111250080421655e-09
2.067728203740260e-01,1.111078886795160e-09
2.069858125664180e-01,1.110907892065664e-09
2.071988047588100e-01,1.110737095789875e-09
2.074117969512020e-01,1.110566497524501e-09
2.076247891435940e-01,1.110396096826251e-09
2.078377813359850e-01,1.110225893251834e-09
2.080507735283770e-01,1.110055886350969e-09
2.082637657207690e-01,1.109886075645412e-09
2.084767579131610e-01,1.109716460649926e-09
2.086897501055530e-01,1.109547040879276e-09
2.089027422979450e-01,1.109377815848226e-09
2.091157344903370e-01,1.109208785071539e-09
2.093287266827280e-01,1.109039948063979e-09
2.095417188751200e-01,1.108871304340308e-09
2.097547110675120e-01,1.108702853415292e-09
2.099677032599040e-01,1.108534594803693e-09
2.101806954522960e-01,1.108366528044308e-09
2.103936876446880e-01,1.108198652772056e-09
2.106066798370800e-01,1.108030968645887e-09
2.108196720294720e-01,1.107863475324752e-09
2.110326642218630e-01,1.107696172467600e-09
2.112456564142550e-01,1.107529059733380e-09
2.114586486066470e-01,1.107362136781043e-09
2.116716407990390e-01,1.107195403269537e-09
2.118846329914310e-01,1.107028858857814e-09
2.120976251838230e-01,1.106862503204823e-09
2.123106173762150e-01,1.106696335950582e-09
2.125236095686060e-01,1.106530356659411e-09
2.127366017609980e-01,1.106364564876709e-09
2.129495939533900e-01,1.106198960147876e-09
2.131625861457820e-01,1.106033542018314e-09
2.133755783381740e-01,1.105868310033424e-09
2.135885705305660e-01,1.105703263738605e-09
2.138015627229580e-01,1.105538402679259e-09
2.140145549153500e-01,1.105373726400786e-09
2.142275471077410e-01,1.105209234448587e-09
2.144405393001330e-01,1.105044926379465e-09
2.146535314925250e-01,1.104880801795804e-09
2.148665236849170e-01,1.104716860311377e-09
2.150795158773090e-01,1.104553101539957e-09
2.152925080697010e-01,1.104389525095316e-09
2.155055002620930e-01,1.104226130591226e-09
2.157184924544850e-01,1.104062917641459e-09
2.159314846468760e-01,1.103899885859790e-09
2.161444768392680e-01,1.103737034859988e-09
2.163574690316600e-01,1.103574364255827e-09
2.165704612240520e-01,1.103411873673559e-09
2.167834534164440e-01,1.103249562789376e-09
2.169964456088360e-01,1.103087431291961e-09
2.172094378012280e-01,1.102925478869997e-09
2.174224299936190e-01,1.102763705212168e-09
2.176354221860110e-01,1.102602110007156e-09
2.178484143784030e-01,1.102440692943643e-09
2.180614065707950e-01,1.102279453710314e-09
2.182743987631870e-01,1.102118391995850e-09
2.184873909555790e-01,1.101957507488935e-09
2.187003831479710e-01,1.101796799862407e-09
2.189133753403630e-01,1.101636268725714e-09
2.191263675327540e-01,1.101475913672460e-09
2.193393597251460e-01,1.101315734296241e-09
2.195523519175380e-01,1.101155730190659e-09
2.197653441099300e-01,1.100995900949315e-09
2.199783363023220e-01,1.100836246165809e-09
2.201913284947140e-01,1.100676765433741e-09
2.204043206871060e-01,1.100517458346711e-09
2.206173128794970e-01,1.100358324498321e-09
2.208303050718890e-01,1.100199363488177e-09
2.210432972642810e-01,1.100040574939913e-09
2.212562894566730e-01,1.099881958483168e-09
2.214692816490650e-01,1.099723513747581e-09
2.216822738414570e-01,1.099565240362791e-09
2.218952660338490e-01,1.099407137958436e-09
2.221082582262410e-01,1.099249206164156e-09
2.223212504186320e-01,1.099091444609590e-09
2.225342426110240e-01,1.098933852924375e-09
2.227472348034160e-01,1.098776430738151e-09
2.229602269958080e-01,1.098619177698961e-09
2.231732191882000e-01,1.098462093528428e-09
2.233862113805920e-01,1.098305177966562e-09
2.235992035729840e-01,1.098148430753373e-09
2.238121957653760e-01,1.097991851628870e-09
2.240251879577670e-01,1.097835440333063e-09
2.242381801501590e-01,1.097679196605961e-09
2.244511723425510e-01,1.097523120187573e-09
2.246641645349430e-01,1.097367210817910e-09
2.248771567273350e-01,1.097211468236980e-09
2.250901489197270e-01,1.097055892154823e-09
2.253031411121190e-01,1.096900482161518e-09
2.255161333045100e-01,1.096745237817139e-09
2.257291254969020e-01,1.096590158681756e-09
2.259421176892940e-01,1.096435244315442e-09
2.261551098816860e-01,1.096280494278271e-09
2.263681020740780e-01,1.096125908130313e-09
2.265810942664700e-01,1.095971485431641e-09
2.267940864588620e-01,1.095817225742329e-09
2.270070786512540e-01,1.095663128622448e-09
2.272200708436450e-01,1.095509193679242e-09
2.274330630360370e-01,1.095355420708698e-09
2.276460552284290e-01,1.095201809554002e-09
2.278590474208210e-01,1.095048360058342e-09
2.280720396132130e-01,1.094895072064904e-09
2.282850318056050e-01,1.094741945416875e-09
2.284980239979970e-01,1.094588979957442e-09
2.287110161903880e-01,1.094436175529792e-09
2.289240083827800e-01,1.094283531977111e-09
2.291370005751720e-01,1.094131049142587e-09
2.293499927675640e-01,1.093978726810099e-09
2.295629849599560e-01,1.093826564526309e-09
2.297759771523480e-01,1.093674561778570e-09
2.299889693447400e-01,1.093522718054238e-09
2.302019615371320e-01,1.093371032840667e-09
2.304149537295230e-01,1.093219505625213e-09
2.306279459219150e-01,1.093068135895230e-09
2.308409381143070e-01,1.092916923138072e-09
2.310539303066990e-01,1.092765866841095e-09
2.312669224990910e-01,1.092614966491654e-09
2.314799146914830e-01,1.092464221631167e-09
2.316929068838750e-01,1.092313632017235e-09
2.319058990762670e-01,1.092163197461490e-09
2.321188912686580e-01,1.092012917775563e-09
2.323318834610500e-01,1.091862792771083e-09
2.325448756534420e-01,1.091712822259683e-09
2.327578678458340e-01,1.091563006052993e-09
2.329708600382260e-01,1.091413343962644e-09
2.331838522306180e-01,1.091263835800267e-09
2.333968444230100e-01,1.091114481377493e-09
2.336098366154010e-01,1.090965280483712e-09
2.338228288077930e-01,1.090816232819410e-09
2.340358210001850e-01,1.090667338062857e-09
2.342488131925770e-01,1.090518595892327e-09
2.344618053849690e-01,1.090370005986091e-09
2.346747975773610e-01,1.090221568022423e-09
2.348877897697530e-01,1.090073281679593e-09
2.351007819621450e-01,1.089925146635874e-09
2.353137741545360e-01,1.089777162569539e-09
2.355267663469280e-01,1.089629329158858e-09
2.357397585393200e-01,1.089481646100272e-09
2.359527507317120e-01,1.089334113162922e-09
2.361657429241040e-01,1.089186730134133e-09
2.363787351164960e-01,1.089039496801231e-09
2.365917273088880e-01,1.088892412951541e-09
2.368047195012800e-01,1.088745478372390e-09
2.370177116936710e-01,1.088598692851103e-09
2.372307038860630e-01,1.088452056175004e-09
2.374436960784550e-01,1.088305568131421e-09
2.376566882708470e-01,1.088159228507677e-09
2.378696804632390e-01,1.088013037045646e-09
2.380826726556310e-01,1.087866993305355e-09
2.382956648480230e-01,1.087721096801362e-09
2.385086570404140e-01,1.087575347048227e-09
2.387216492328060e-01,1.087429743560507e-09
2.389346414251980e-01,1.087284285852761e-09
2.391476336175900e-01,1.087138973439548e-09
2.393606258099820e-01,1.086993805835427e-09
2.395736180023740e-01,1.086848782554956e-09
2.397866101947660e-01,1.086703903112694e-09
2.399996023871580e-01,1.086559167115425e-09
2.402125945795490e-01,1.086414574538773e-09
2.404255867719410e-01,1.086270125450559e-09
2.406385789643330e-01,1.086125819918609e-09
2.408515711567250e-01,1.085981658010744e-09
2.410645633491170e-01,1.085837639794788e-09
2.412775555415090e-01,1.085693765338563e-09
2.414905477339010e-01,1.085550034709892e-09
2.417035399262920e-01,1.085406447976599e-09
2.419165321186840e-01,1.085263005206505e-09
2.421295243110760e-01,1.085119706348516e-09
2.423425165034680e-01,1.084976550876081e-09
2.425555086958600e-01,1.084833538143843e-09
2.427685008882520e-01,1.084690667506439e-09
2.429814930806440e-01,1.084547938318510e-09
2.431944852730360e-01,1.084405349934697e-09
2.434074774654270e-01,1.084262901709639e-09
2.436204696578190e-01,1.084120592997976e-09
2.438334618502110e-01,1.083978423154348e-09
2.440464540426030e-01,1.083836391533395e-09
2.442594462349950e-01,1.083694497604472e-09
2.444724384273870e-01,1.083552741296083e-09
2.446854306197790e-01,1.083411122651596e-09
2.448984228121710e-01,1.083269641714379e-09
2.451114150045620e-01,1.083128298527800e-09
2.453244071969540e-01,1.082987093135225e-09
2.455373993893460e-01,1.082846025580024e-09
2.457503915817380e-01,1.082705095905563e-09
2.459633837741300e-01,1.082564304155211e-09
2.461763759665220e-01,1.082423650372335e-09
2.463893681589140e-01,1.082283134527809e-09
2.466023603513050e-01,1.082142756302437e-09
2.468153525436970e-01,1.082002515304477e-09
2.470283447360890e-01,1.081862411142191e-09
2.472413369284810e-01,1.081722443423839e-09
2.474543291208730e-01,1.081582611757681e-09
2.476673213132650e-01,1.081442915751976e-09
2.478803135056570e-01,1.081303355014986e-09
2.480933056980490e-01,1.081163929154971e-09
2.483062978904400e-01,1.081024637780190e-09
2.485192900828320e-01,1.080885480526841e-09
2.487322822752240e-01,1.080746457142876e-09
2.489452744676160e-01,1.080607567404185e-09
2.491582666600080e-01,1.080468811086658e-09
2.493712588524000e-01,1.080330187966187e-09
2.495842510447920e-01,1.080191697818660e-09
2.497972432371830e-01,1.080053340419971e-09
2.500102354295750e-01,1.079915115546007e-09
2.502232276219670e-01,1.079777022972660e-09
2.504362198143590e-01,1.079639062475819e-09
2.506492120067510e-01,1.079501233829829e-09
2.508622041991430e-01,1.079363536802842e-09
2.510751963915350e-01,1.079225971161464e-09
2.512881885839270e-01,1.079088536672301e-09
2.515011807763180e-01,1.078951233101960e-09
2.517141729687100e-01,1.078814060217045e-09
2.519271651611020e-01,1.078677017784164e-09
2.521401573534940e-01,1.078540105569923e-09
2.523531495458860e-01,1.078403323340926e-09
2.525661417382780e-01,1.078266670863782e-09
2.527791339306700e-01,1.078130147908362e-09
2.529921261230620e-01,1.077993754257597e-09
2.532051183154530e-01,1.077857489697682e-09
2.534181105078450e-01,1.077721354014810e-09
2.536311027002370e-01,1.077585346995175e-09
2.538440948926290e-01,1.077449468424970e-09
2.540570870850210e-01,1.077313718090391e-09
2.542700792774130e-01,1.077178095777629e-09
2.544830714698050e-01,1.077042601272881e-09
2.546960636621960e-01,1.076907234362339e-09
2.549090558545880e-01,1.076771994833774e-09
2.551220480469800e-01,1.076636882481268e-09
2.553350402393720e-01,1.076501897100483e-09
2.555480324317640e-01,1.076367038487079e-09
2.557610246241560e-01,1.076232306436718e-09
2.559740168165480e-01,1.076097700745060e-09
2.561870090089400e-01,1.075963221207767e-09
2.564000012013310e-01,1.075828867620501e-09
2.566129933937230e-01,1.075694639778920e-09
2.568259855861150e-01,1.075560537478687e-09
2.570389777785070e-01,1.075426560488509e-09
2.572519699708990e-01,1.075292708469259e-09
2.574649621632910e-01,1.075158981054845e-09
2.576779543556830e-01,1.075025377879174e-09
2.578909465480740e-01,1.074891898576156e-09
2.581039387404660e-01,1.074758542779697e-09
2.583169309328580e-01,1.074625310123706e-09
2.585299231252500e-01,1.074492200242092e-09
2.587429153176420e-01,1.074359212768761e-09
2.589559075100340e-01,1.074226347337623e-09
2.591688997024260e-01,1.074093603656693e-09
2.593818918948180e-01,1.073960981730384e-09
2.595948840872090e-01,1.073828481637201e-09
2.598078762796010e-01,1.073696103455648e-09
2.600208684719930e-01,1.073563847264232e-09
2.602338606643850e-01,1.073431713141457e-09
2.604468528567770e-01,1.073299701165828e-09
2.606598450491690e-01,1.073167811415850e-09
2.608728372415610e-01,1.073036043970028e-09
2.610858294339530e-01,1.072904398906867e-09
2.612988216263440e-01,1.072772876210339e-09
2.615118138187360e-01,1.072641475486432e-09
2.617248060111280e-01,1.072510196246682e-09
2.619377982035200e-01,1.072379038002621e-09
2.621507903959120e-01,1.072248000265786e-09
2.623637825883040e-01,1.072117082547708e-09
2.625767747806960e-01,1.071986284359924e-09
2.627897669730870e-01,1.071855605213967e-09
2.630027591654790e-01,1.071725044621370e-09
2.632157513578710e-01,1.071594602093669e-09
2.634287435502630e-01,1.071464277220560e-09
2.636417357426550e-01,1.071334069904602e-09
2.638547279350470e-01,1.071203980126626e-09
2.640677201274390e-01,1.071074007867459e-09
2.642807123198310e-01,1.070944153107934e-09
2.644937045122220e-01,1.070814415828878e-09
2.647066967046140e-01,1.070684796011121e-09
2.649196888970060e-01,1.070555293635492e-09
2.651326810893980e-01,1.070425908682822e-09
2.653456732817900e-01,1.070296641133938e-09
2.655586654741820e-01,1.070167490904942e-09
2.657716576665740e-01,1.070038457652912e-09
2.659846498589660e-01,1.069909540970149e-09
2.661976420513570e-01,1.069780740448956e-09
2.664106342437490e-01,1.069652055681632e-09
2.666236264361410e-01,1.069523486260478e-09
2.668366186285330e-01,1.069395031777797e-09
2.670496108209250e-01,1.069266691825888e-09
2.672626030133170e-01,1.069138465997052e-09
2.674755952057090e-01,1.069010353883591e-09
2.676885873981000e-01,1.068882355165562e-09
2.679015795904920e-01,1.068754469874059e-09
2.681145717828840e-01,1.068626698127949e-09
2.683275639752760e-01,1.068499040046096e-09
2.685405561676680e-01,1.068371495747364e-09
2.687535483600600e-01,1.068244065350618e-09
2.689665405524520e-01,1.068116748974721e-09
2.691795327448440e-01,1.067989546738539e-09
2.693925249372350e-01,1.067862458760935e-09
2.696055171296270e-01,1.067735485160774e-09
2.698185093220190e-01,1.067608625944987e-09
2.700315015144110e-01,1.067481880672886e-09
2.702444937068030e-01,1.067355248791902e-09
2.704574858991950e-01,1.067228729749466e-09
2.706704780915870e-01,1.067102322993012e-09
2.708834702839780e-01,1.066976027969970e-09
2.710964624763700e-01,1.066849844127774e-09
2.713094546687620e-01,1.066723770913853e-09
2.715224468611540e-01,1.066597807775642e-09
2.717354390535460e-01,1.066471954160571e-09
2.719484312459380e-01,1.066346209655977e-09
2.721614234383300e-01,1.066220574408510e-09
2.723744156307220e-01,1.066095048704569e-09
2.725874078231130e-01,1.065969632830555e-09
2.728004000155050e-01,1.065844327072866e-09
2.730133922078970e-01,1.065719131717904e-09
2.732263844002890e-01,1.065594047052068e-09
2.734393765926810e-01,1.065469073361759e-09
2.736523687850730e-01,1.065344210933375e-09
2.738653609774650e-01,1.065219460053318e-09
2.740783531698570e-01,1.065094820753480e-09
2.742913453622480e-01,1.064970292047174e-09
2.745043375546400e-01,1.064845872692922e-09
2.747173297470320e-01,1.064721561449250e-09
2.749303219394240e-01,1.064597357074681e-09
2.751433141318160e-01,1.064473258327741e-09
2.753563063242080e-01,1.064349263966953e-09
2.755692985166000e-01,1.064225372750843e-09
2.757822907089910e-01,1.064101583437935e-09
2.759952829013830e-01,1.063977894786753e-09
2.762082750937750e-01,1.063854306329457e-09
2.764212672861670e-01,1.063730820693492e-09
2.766342594785590e-01,1.063607441280314e-09
2.768472516709510e-01,1.063484171491376e-09
2.770602438633430e-01,1.063361014728133e-09
2.772732360557350e-01,1.063237974392038e-09
2.774862282481260e-01,1.063115053884546e-09
2.776992204405180e-01,1.062992256607111e-09
2.779122126329100e-01,1.062869585961187e-09
2.781252048253020e-01,1.062747045348227e-09
2.783381970176940e-01,1.062624635378660e-09
2.785511892100860e-01,1.062502345499561e-09
