9.464953e-01,1.007973e-07,1.000000e+00,-4.949688e+00,2.086429e-01,-8.946137e-02,-3.446411e-02,4.772123e-02,1.000000e-08,8.085153e-16,4.042576e-16
9.393772e-01,1.033256e-07,9.291175e-01,-4.632705e+00,1.940586e-01,-8.186074e-02,-2.905822e-02,4.018779e-02,2.570441e-02,8.796932e-16,3.946811e-16
9.273153e-01,1.075411e-07,8.235165e-01,-4.157999e+00,1.722263e-01,-7.077652e-02,-2.186798e-02,3.033407e-02,7.143799e-02,1.001532e-15,3.789497e-16
9.149748e-01,1.117662e-07,7.313056e-01,-3.740678e+00,1.530464e-01,-6.134620e-02,-1.643068e-02,2.301696e-02,1.211134e-01,1.127605e-15,3.634795e-16
9.018255e-01,1.161722e-07,6.474317e-01,-3.358379e+00,1.354927e-01,-5.298423e-02,-1.216214e-02,1.735587e-02,1.773264e-01,1.263302e-15,3.476632e-16
8.879100e-01,1.207294e-07,5.718567e-01,-3.011272e+00,1.195750e-01,-4.563884e-02,-8.864998e-03,1.302933e-02,2.405873e-01,1.408187e-15,3.316447e-16
8.732100e-01,1.254280e-07,5.040078e-01,-2.697107e+00,1.051920e-01,-3.920911e-02,-6.345215e-03,9.741831e-03,3.117334e-01,1.562401e-15,3.154906e-16
8.577101e-01,1.302567e-07,4.433073e-01,-2.413606e+00,9.224026e-02,-3.359971e-02,-4.441244e-03,7.257223e-03,3.916810e-01,1.725992e-15,2.992714e-16
8.413906e-01,1.352047e-07,3.891544e-01,-2.158361e+00,8.061055e-02,-2.871904e-02,-3.019507e-03,5.387815e-03,4.814792e-01,1.899000e-15,2.830517e-16
8.242271e-01,1.402618e-07,3.409539e-01,-1.928970e+00,7.019341e-02,-2.448179e-02,-1.971571e-03,3.986691e-03,5.823280e-01,2.081445e-15,2.668915e-16
8.061914e-01,1.454178e-07,2.981346e-01,-1.723112e+00,6.088297e-02,-2.081008e-02,-1.210654e-03,2.940137e-03,6.956008e-01,2.273313e-15,2.508464e-16
7.872525e-01,1.506624e-07,2.601599e-01,-1.538597e+00,5.257925e-02,-1.763394e-02,-6.680912e-04,2.160909e-03,8.228669e-01,2.474544e-15,2.349689e-16
7.673771e-01,1.559845e-07,2.265337e-01,-1.373398e+00,4.518939e-02,-1.489110e-02,-2.900619e-04,1.582504e-03,9.659185e-01,2.685011e-15,2.193087e-16
7.465311e-01,1.613723e-07,1.968012e-01,-1.225651e+00,3.862807e-02,-1.252653e-02,-3.472135e-05,1.154482e-03,1.126800e+00,2.904503e-15,2.039133e-16
7.246798e-01,1.668125e-07,1.705488e-01,-1.093662e+00,3.281745e-02,-1.049185e-02,1.302236e-04,8.387442e-04,1.307842e+00,3.132705e-15,1.888278e-16
7.017896e-01,1.722906e-07,1.474019e-01,-9.758967e-01,2.768687e-02,-8.744611e-03,2.295125e-04,6.066038e-04,1.511703e+00,3.369178e-15,1.740951e-16
6.778290e-01,1.777903e-07,1.270221e-01,-8.709705e-01,2.317236e-02,-7.247680e-03,2.819538e-04,4.365271e-04,1.741410e+00,3.613337e-15,1.597554e-16
6.527699e-01,1.832932e-07,1.091048e-01,-7.776373e-01,1.921613e-02,-5.968598e-03,3.017277e-04,3.123933e-04,2.000412e+00,3.864426e-15,1.458466e-16
6.265901e-01,1.887786e-07,9.337605e-02,-6.947784e-01,1.576601e-02,-4.879034e-03,2.994244e-04,2.221666e-04,2.292635e+00,4.121493e-15,1.324040e-16
5.992754e-01,1.942235e-07,7.959042e-02,-6.213906e-01,1.277490e-02,-3.954284e-03,2.828671e-04,1.568846e-04,2.622536e+00,4.383364e-15,1.194606e-16
5.708232e-01,1.996018e-07,6.752817e-02,-5.565756e-01,1.020022e-02,-3.172827e-03,2.577603e-04,1.098920e-04,2.995174e+00,4.648610e-15,1.070469e-16
5.412461e-01,2.048845e-07,5.699334e-02,-4.995288e-01,8.003342e-03,-2.515934e-03,2.281989e-04,7.626052e-05,3.416266e+00,4.915522e-15,9.519246e-17
5.105775e-01,2.100392e-07,4.781173e-02,-4.495292e-01,6.149048e-03,-1.967310e-03,1.970653e-04,5.235150e-05,3.892250e+00,5.182089e-15,8.392575e-17
4.788775e-01,2.150302e-07,3.982920e-02,-4.059291e-01,4.604928e-03,-1.512779e-03,1.663378e-04,3.548659e-05,4.430330e+00,5.445979e-15,7.327583e-17
4.462408e-01,2.198189e-07,3.291013e-02,-3.681441e-01,3.340766e-03,-1.139990e-03,1.373278e-04,2.370035e-05,5.038504e+00,5.704545e-15,6.327321e-17
4.128043e-01,2.243640e-07,2.693592e-02,-3.356431e-01,2.327901e-03,-8.381385e-04,1.108601e-04,1.555504e-05,5.725545e+00,5.954852e-15,5.395088e-17
3.787574e-01,2.286230e-07,2.180353e-02,-3.079380e-01,1.538566e-03,-5.976972e-04,8.740760e-05,1.000217e-05,6.500918e+00,6.193745e-15,4.534473e-17
3.442996e-01,2.325590e-07,1.741793e-02,-2.845430e-01,9.445447e-04,-4.099214e-04,6.716153e-05,6.275102e-06,7.375931e+00,6.418284e-15,3.748204e-17
3.097179e-01,2.361343e-07,1.370161e-02,-2.650265e-01,5.185026e-04,-2.671495e-04,5.015352e-05,3.824237e-06,8.362130e+00,6.625391e-15,3.039834e-17
2.753574e-01,2.393172e-07,1.058664e-02,-2.489724e-01,2.327728e-04,-1.623031e-04,3.627660e-05,2.252696e-06,9.471758e+00,6.812303e-15,2.412492e-17
2.416217e-01,2.420853e-07,8.012564e-03,-2.359762e-01,5.953281e-05,-8.874981e-05,2.531736e-05,1.275661e-06,1.071739e+01,6.976806e-15,1.868394e-17
2.089638e-01,2.444286e-07,5.923708e-03,-2.256419e-01,-2.862633e-05,-4.022746e-05,1.697796e-05,6.905514e-07,1.211132e+01,7.117491e-15,1.408178e-17
1.778704e-01,2.463522e-07,4.266490e-03,-2.175826e-01,-5.766990e-05,-1.086569e-05,1.089644e-05,3.554231e-07,1.366462e+01,7.233962e-15,1.030253e-17
1.488343e-01,2.478776e-07,2.987210e-03,-2.114247e-01,-5.075396e-05,4.694514e-06,6.670594e-06,1.731630e-07,1.538548e+01,7.326951e-15,7.302987e-18
1.223155e-01,2.490419e-07,2.030756e-03,-2.068149e-01,-2.680716e-05,1.111313e-05,3.887657e-06,7.965331e-08,1.727716e+01,7.398305e-15,5.011444e-18
9.868742e-02,2.498951e-07,1.340722e-03,-2.034290e-01,5.256018e-07,1.215676e-05,2.157524e-06,3.460033e-08,1.933579e+01,7.450799e-15,3.331305e-18
7.817749e-02,2.504950e-07,8.611770e-04,-2.009810e-01,2.315678e-05,1.057874e-05,1.143296e-06,1.424120e-08,2.154957e+01,7.487810e-15,2.150060e-18
6.082024e-02,2.509005e-07,5.397730e-04,-1.992292e-01,3.783920e-05,8.139553e-06,5.812080e-07,5.585751e-09,2.390094e+01,7.512876e-15,1.351992e-18
4.645367e-02,2.511653e-07,3.311693e-04,-1.979802e-01,4.466881e-05,5.777700e-06,2.848958e-07,2.100396e-09,2.637181e+01,7.529267e-15,8.312458e-19
3.477082e-02,2.513334e-07,1.993381e-04,-1.970871e-01,4.540215e-05,3.868671e-06,1.351861e-07,7.604862e-10,2.894877e+01,7.539682e-15,5.010153e-19
2.539860e-02,2.514377e-07,1.178392e-04,-1.964441e-01,4.217908e-05,2.475246e-06,6.223180e-08,2.656501e-10,3.162486e+01,7.546145e-15,2.964222e-19
1.796235e-02,2.515011e-07,6.842112e-05,-1.959774e-01,3.685129e-05,1.525021e-06,2.781200e-08,8.953678e-11,3.439832e+01,7.550075e-15,1.721988e-19
1.211989e-02,2.515389e-07,3.900185e-05,-1.956360e-01,3.076703e-05,9.090206e-07,1.206414e-08,2.908884e-11,3.727054e+01,7.552419e-15,9.818739e-20
7.573048e-03,2.515610e-07,2.180896e-05,-1.953852e-01,2.478932e-05,5.257225e-07,5.075475e-09,9.094683e-12,4.024473e+01,7.553791e-15,5.491383e-20
4.068381e-03,2.515737e-07,1.195144e-05,-1.952002e-01,1.939857e-05,2.955012e-07,2.068703e-09,2.731093e-12,4.332517e+01,7.554579e-15,3.009615e-20
1.393707e-03,2.515809e-07,6.411545e-06,-1.950639e-01,1.480715e-05,1.615711e-07,8.157728e-10,7.859763e-13,4.651696e+01,7.555022e-15,1.614649e-20
0.000000e+00,2.515837e-07,4.203945e-06,-1.949944e-01,1.224638e-05,1.069830e-07,4.339318e-10,3.379039e-13,4.868126e+01,7.555198e-15,1.058723e-20
