5.629896e+00,1.686066e-08,1.000000e+00,-6.010826e+00,1.127904e+00,-5.721905e-01,1.701584e-01,-6.082826e-03,1.000000e-08,2.262243e-17,1.131122e-17
5.620486e+00,1.741378e-08,8.767838e-01,-5.381846e+00,1.005367e+00,-4.809362e-01,1.351000e-01,-4.527640e-03,3.448558e-02,2.561773e-17,1.057886e-17
5.606808e+00,1.818555e-08,7.298422e-01,-4.616049e+00,8.567349e-01,-3.777745e-01,9.807817e-02,-3.004080e-03,8.873525e-02,2.987233e-17,9.603776e-18
5.592643e+00,1.894660e-08,6.088815e-01,-3.968635e+00,7.317750e-01,-2.978925e-01,7.160458e-02,-2.006848e-03,1.502782e-01,3.415259e-17,8.696717e-18
5.577371e+00,1.972616e-08,5.054066e-01,-3.397989e+00,6.224192e-01,-2.335392e-01,5.190943e-02,-1.328065e-03,2.230187e-01,3.862291e-17,7.825033e-18
5.560991e+00,2.051812e-08,4.179200e-01,-2.898658e+00,5.276200e-01,-1.822925e-01,3.744736e-02,-8.730292e-04,3.087358e-01,4.325187e-17,7.000488e-18
5.543403e+00,2.132135e-08,3.443492e-01,-2.461831e+00,4.456837e-01,-1.416825e-01,2.689213e-02,-5.703788e-04,4.100512e-01,4.803531e-17,6.228575e-18
5.524503e+00,2.213445e-08,2.829029e-01,-2.079946e+00,3.751570e-01,-1.096977e-01,1.924313e-02,-3.708395e-04,5.300791e-01,5.296669e-17,5.514867e-18
5.504170e+00,2.295675e-08,2.319614e-01,-1.746099e+00,3.147123e-01,-8.466404e-02,1.373934e-02,-2.403815e-04,6.726308e-01,5.804345e-17,4.864037e-18
5.482252e+00,2.378863e-08,1.900797e-01,-1.454076e+00,2.631498e-01,-6.520117e-02,9.807527e-03,-1.557694e-04,8.423680e-01,6.326927e-17,4.279910e-18
5.458559e+00,2.463201e-08,1.559779e-01,-1.198312e+00,2.193867e-01,-5.017661e-02,7.019226e-03,-1.012993e-04,1.045013e+00,6.865827e-17,3.765503e-18
5.432841e+00,2.549120e-08,1.285366e-01,-9.738712e-01,1.824466e-01,-3.866722e-02,5.057022e-03,-6.647265e-05,1.287610e+00,7.424105e-17,3.323284e-18
5.404761e+00,2.637398e-08,1.067945e-01,-7.764427e-01,1.514488e-01,-2.992587e-02,3.688121e-03,-4.435088e-05,1.578856e+00,8.007388e-17,2.955702e-18
5.373848e+00,2.729346e-08,8.995378e-02,-6.023712e-01,1.255970e-01,-2.335300e-02,2.743930e-03,-3.040607e-05,1.929496e+00,8.625359e-17,2.666225e-18
5.339425e+00,2.827113e-08,7.739444e-02,-4.487505e-01,1.041654e-01,-1.847238e-02,2.104561e-03,-2.172983e-05,2.352807e+00,9.294299e-17,2.461252e-18
5.300491e+00,2.934243e-08,6.870931e-02,-3.136454e-01,8.647861e-02,-1.490988e-02,1.687473e-03,-1.650118e-05,2.865110e+00,1.004179e-16,2.353791e-18
5.255529e+00,3.056744e-08,6.377412e-02,-1.965685e-01,7.187981e-02,-1.237287e-02,1.439883e-03,-1.364614e-05,3.486273e+00,1.091611e-16,2.370952e-18
5.202177e+00,3.205289e-08,6.288094e-02,-9.945978e-02,5.967368e-02,-1.062383e-02,1.334866e-03,-1.265176e-05,4.240083e+00,1.200649e-16,2.570476e-18
5.136677e+00,3.400012e-08,6.696037e-02,-2.856077e-02,4.903749e-02,-9.429770e-03,1.370706e-03,-1.352494e-05,5.154298e+00,1.349084e-16,3.079915e-18
5.053390e+00,3.680117e-08,7.773047e-02,2.813411e-03,3.898782e-02,-8.445455e-03,1.566052e-03,-1.683841e-05,6.255915e+00,1.574721e-16,4.188657e-18
4.953024e+00,4.085313e-08,9.530022e-02,-2.036039e-02,2.940418e-02,-7.135364e-03,1.888844e-03,-2.280040e-05,7.468863e+00,1.928911e-16,6.328558e-18
4.821676e+00,4.758425e-08,1.190610e-01,-1.023846e-01,1.993855e-02,-4.625486e-03,2.223269e-03,-3.055315e-05,8.891793e+00,2.595497e-16,1.072645e-17
4.683159e+00,5.676924e-08,1.379884e-01,-1.970867e-01,1.407044e-02,-1.449962e-03,2.279681e-03,-3.439948e-05,1.025854e+01,3.669929e-16,1.769411e-17
4.513007e+00,7.139829e-08,1.488558e-01,-2.774036e-01,1.213695e-02,1.892433e-03,1.981120e-03,-3.182905e-05,1.184553e+01,5.783024e-16,3.019267e-17
4.354249e+00,8.877068e-08,1.495484e-01,-3.090547e-01,1.369566e-02,3.836889e-03,1.566947e-03,-2.583891e-05,1.329984e+01,8.937434e-16,4.689009e-17
4.173911e+00,1.134938e-07,1.454988e-01,-3.103899e-01,1.709648e-02,4.864136e-03,1.144102e-03,-1.913050e-05,1.496325e+01,1.462968e-15,7.456994e-17
4.001009e+00,1.431423e-07,1.415415e-01,-2.960508e-01,2.062664e-02,5.150679e-03,8.469881e-04,-1.435422e-05,1.658192e+01,2.330387e-15,1.153931e-16
3.768935e+00,1.948230e-07,1.401675e-01,-2.756849e-01,2.477856e-02,5.070240e-03,5.905408e-04,-1.034271e-05,1.877754e+01,4.318981e-15,2.116840e-16
3.507369e+00,2.763312e-07,1.450075e-01,-2.685612e-01,2.805357e-02,4.741752e-03,4.190986e-04,-7.804242e-06,2.123749e+01,8.674113e-15,4.405655e-16
3.207602e+00,4.170222e-07,1.553519e-01,-2.848174e-01,2.941598e-02,4.174844e-03,2.919450e-04,-5.935457e-06,2.398166e+01,1.968371e-14,1.074967e-15
2.952387e+00,5.986149e-07,1.634840e-01,-3.092423e-01,2.841141e-02,3.540439e-03,2.093126e-04,-4.579129e-06,2.624611e+01,4.044273e-14,2.330937e-15
2.692147e+00,8.717098e-07,1.675986e-01,-3.314392e-01,2.574358e-02,2.820275e-03,1.417510e-04,-3.304827e-06,2.851057e+01,8.563647e-14,5.067273e-15
2.437836e+00,1.260567e-06,1.663704e-01,-3.428809e-01,2.224855e-02,2.144763e-03,9.197102e-05,-2.251987e-06,3.071388e+01,1.791577e-13,1.051885e-14
2.254938e+00,1.639912e-06,1.625640e-01,-3.436507e-01,1.958283e-02,1.718585e-03,6.562628e-05,-1.652753e-06,3.231176e+01,3.036178e-13,1.739504e-14
2.075441e+00,2.115067e-06,1.569960e-01,-3.389498e-01,1.704922e-02,1.362871e-03,4.637216e-05,-1.195179e-06,3.390302e+01,5.060411e-13,2.794453e-14
1.885775e+00,2.752384e-06,1.497411e-01,-3.293203e-01,1.458013e-02,1.055313e-03,3.174166e-05,-8.355129e-07,3.561945e+01,8.591372e-13,4.513561e-14
1.686784e+00,3.602287e-06,1.412359e-01,-3.155747e-01,1.228521e-02,8.012293e-04,2.115004e-05,-5.679267e-07,3.746869e+01,1.476029e-12,7.292256e-14
1.468930e+00,4.791059e-06,1.314970e-01,-2.979412e-01,1.013911e-02,5.904705e-04,1.349780e-05,-3.701519e-07,3.956021e+01,2.619863e-12,1.200989e-13
1.205817e+00,6.667940e-06,1.198204e-01,-2.750876e-01,8.025782e-03,4.085208e-04,7.840757e-06,-2.208257e-07,4.219244e+01,5.095221e-12,2.119699e-13
9.714087e-01,8.836157e-06,1.099070e-01,-2.546583e-01,6.525193e-03,2.953605e-04,4.846479e-06,-1.402062e-07,4.464535e+01,8.978397e-12,3.414384e-13
7.467952e-01,1.144272e-05,1.010372e-01,-2.357772e-01,5.366539e-03,2.176492e-04,3.069514e-06,-9.149842e-08,4.709827e+01,1.510292e-11,5.263805e-13
5.179225e-01,1.472841e-05,9.271143e-02,-2.176366e-01,4.414560e-03,1.605338e-04,1.936656e-06,-5.985364e-08,4.970642e+01,2.509344e-11,8.002125e-13
2.980139e-01,1.858448e-05,8.540161e-02,-2.014297e-01,3.675157e-03,1.206703e-04,1.249561e-06,-4.024961e-08,5.232004e+01,4.005344e-11,1.173619e-12
7.908104e-02,2.321039e-05,7.877427e-02,-1.865405e-01,3.075933e-03,9.146845e-05,8.105243e-07,-2.741993e-08,5.503025e+01,6.261669e-11,1.688532e-12
0.000000e+00,2.509617e-05,7.653259e-02,-1.814663e-01,2.887680e-03,8.290312e-05,6.935946e-07,-2.393677e-08,5.603632e+01,7.326107e-11,1.917880e-12
