5.508512e+00,9.409992e-09,1.000000e+00,-4.113539e+00,5.521740e-02,-5.887397e-03,1.124579e-01,-6.714046e-03,1.000000e-08,7.046422e-18,3.523211e-18
5.497261e+00,9.784873e-09,9.207409e-01,-3.787923e+00,5.081984e-02,-1.246340e-03,9.532233e-02,-5.473854e-03,4.072380e-02,7.920984e-18,3.507583e-18
5.473776e+00,1.056482e-08,7.829374e-01,-3.220783e+00,4.361672e-02,5.515631e-03,6.888159e-02,-3.665774e-03,1.311494e-01,9.846047e-18,3.477050e-18
5.449720e+00,1.136034e-08,6.716011e-01,-2.761318e+00,3.830072e-02,9.682115e-03,5.063108e-02,-2.508448e-03,2.313667e-01,1.195639e-17,3.448689e-18
5.423058e+00,1.223843e-08,5.739931e-01,-2.357167e+00,3.411440e-02,1.230053e-02,3.692215e-02,-1.700831e-03,3.514086e-01,1.445785e-17,3.420727e-18
5.393784e+00,1.319874e-08,4.896995e-01,-2.006631e+00,3.095651e-02,1.371877e-02,2.680809e-02,-1.147891e-03,4.940480e-01,1.740006e-17,3.394334e-18
5.361534e+00,1.425274e-08,4.170299e-01,-1.702674e+00,2.867512e-02,1.426076e-02,1.937348e-02,-7.709207e-04,6.642549e-01,2.087738e-17,3.370728e-18
5.325941e+00,1.541230e-08,3.546380e-01,-1.439597e+00,2.714434e-02,1.417994e-02,1.394043e-02,-5.155572e-04,8.678959e-01,2.500230e-17,3.351816e-18
5.286563e+00,1.669226e-08,3.013156e-01,-1.212169e+00,2.625590e-02,1.367645e-02,9.993120e-03,-3.436382e-04,1.112281e+00,2.991870e-17,3.340506e-18
5.242867e+00,1.811140e-08,2.560098e-01,-1.015675e+00,2.592085e-02,1.290706e-02,7.143026e-03,-2.286309e-04,1.406502e+00,3.581348e-17,3.341340e-18
5.194195e+00,1.969444e-08,2.178183e-01,-8.458577e-01,2.607189e-02,1.199427e-02,5.098953e-03,-1.522015e-04,1.761945e+00,4.293712e-17,3.361568e-18
5.139712e+00,2.147575e-08,1.859924e-01,-6.988795e-01,2.666838e-02,1.103440e-02,3.644010e-03,-1.017691e-04,2.192975e+00,5.163950e-17,3.413124e-18
5.078302e+00,2.350586e-08,1.599530e-01,-5.713071e-01,2.770593e-02,1.010505e-02,2.617769e-03,-6.876730e-05,2.717885e+00,6.243642e-17,3.516453e-18
5.008404e+00,2.586432e-08,1.393301e-01,-4.601499e-01,2.923435e-02,9.273006e-03,1.902650e-03,-4.742008e-05,3.360251e+00,7.614301e-17,3.708576e-18
4.927697e+00,2.868628e-08,1.240562e-01,-3.630390e-01,3.139114e-02,8.603798e-03,1.413740e-03,-3.389504e-05,4.150917e+00,9.416489e-17,4.061879e-18
4.832471e+00,3.222330e-08,1.145813e-01,-2.787900e-01,3.446323e-02,8.175684e-03,1.091493e-03,-2.574133e-05,5.131088e+00,1.192090e-16,4.733843e-18
4.716232e+00,3.700450e-08,1.123946e-01,-2.090594e-01,3.899675e-02,8.102106e-03,8.968784e-04,-2.156800e-05,6.358358e+00,1.573284e-16,6.123710e-18
4.564448e+00,4.444517e-08,1.215550e-01,-1.633534e-01,4.601169e-02,8.566626e-03,8.074416e-04,-2.100365e-05,7.938710e+00,2.262389e-16,9.553935e-18
4.304751e+00,6.261202e-08,1.596677e-01,-1.911441e-01,5.807361e-02,9.907369e-03,8.036007e-04,-2.572468e-05,1.041569e+01,4.430418e-16,2.490535e-17
4.091921e+00,8.618066e-08,1.992365e-01,-2.855313e-01,6.345110e-02,1.031565e-02,7.646088e-04,-2.910057e-05,1.219918e+01,8.276682e-16,5.887741e-17
3.899571e+00,1.182214e-07,2.290839e-01,-3.840084e-01,6.259985e-02,9.596969e-03,6.472587e-04,-2.804571e-05,1.367056e+01,1.540905e-15,1.273935e-16
3.725197e+00,1.598493e-07,2.454116e-01,-4.561841e-01,5.781233e-02,8.247383e-03,5.010770e-04,-2.380416e-05,1.493729e+01,2.800517e-15,2.495034e-16
3.546915e+00,2.191034e-07,2.506109e-01,-5.014295e-01,5.067361e-02,6.606263e-03,3.543819e-04,-1.811025e-05,1.620402e+01,5.251634e-15,4.786942e-16
3.385529e+00,2.915549e-07,2.469953e-01,-5.178160e-01,4.360727e-02,5.184177e-03,2.453573e-04,-1.321997e-05,1.734969e+01,9.311245e-15,8.353903e-16
3.226270e+00,3.850748e-07,2.379909e-01,-5.158175e-01,3.690137e-02,3.979157e-03,1.649498e-04,-9.292854e-06,1.849536e+01,1.629579e-14,1.404141e-15
3.060358e+00,5.111052e-07,2.251216e-01,-5.004217e-01,3.064105e-02,2.972759e-03,1.065675e-04,-6.264660e-06,1.971715e+01,2.884195e-14,2.339903e-15
2.878239e+00,6.904997e-07,2.090269e-01,-4.741217e-01,2.480812e-02,2.138780e-03,6.492961e-05,-3.997738e-06,2.110274e+01,5.294718e-14,3.965421e-15
2.661674e+00,9.726150e-07,1.893412e-01,-4.368761e-01,1.924881e-02,1.441897e-03,3.563158e-05,-2.328750e-06,2.282351e+01,1.057913e-13,7.126678e-15
2.455641e+00,1.326171e-06,1.713811e-01,-4.000676e-01,1.515332e-02,9.947045e-04,2.003502e-05,-1.399265e-06,2.454427e+01,1.979399e-13,1.199284e-14
2.273700e+00,1.721860e-06,1.566681e-01,-3.685701e-01,1.231727e-02,7.211283e-04,1.201956e-05,-9.006103e-07,2.613768e+01,3.354156e-13,1.848146e-14
2.095044e+00,2.200372e-06,1.434362e-01,-3.394702e-01,1.009764e-02,5.295977e-04,7.251787e-06,-5.907383e-07,2.777357e+01,5.502960e-13,2.763194e-14
1.916855e+00,2.780705e-06,1.314575e-01,-3.126208e-01,8.325764e-03,3.922485e-04,4.350685e-06,-3.926351e-07,2.947839e+01,8.825337e-13,4.044411e-14
1.736621e+00,3.488195e-06,1.205264e-01,-2.877720e-01,6.887656e-03,2.918478e-04,2.560575e-06,-2.631099e-07,3.127949e+01,1.394038e-12,5.835040e-14
1.553002e+00,4.351493e-06,1.105243e-01,-2.647874e-01,5.710423e-03,2.177223e-04,1.455198e-06,-1.773580e-07,3.319576e+01,2.176986e-12,8.327111e-14
1.365041e+00,5.404804e-06,1.013593e-01,-2.435463e-01,4.741316e-03,1.626464e-04,7.775977e-07,-1.200939e-07,3.524418e+01,3.369104e-12,1.178104e-13
1.172057e+00,6.688721e-06,9.295753e-02,-2.239408e-01,3.940673e-03,1.215647e-04,3.687125e-07,-8.162056e-08,3.744035e+01,5.174850e-12,1.654744e-13
9.735505e-01,8.251328e-06,8.525586e-02,-2.058695e-01,3.277657e-03,9.084985e-05,1.283960e-07,-5.565423e-08,3.979923e+01,7.896020e-12,2.309575e-13
7.691594e-01,1.014929e-05,7.819862e-02,-1.892351e-01,2.727777e-03,6.785635e-05,-6.932371e-09,-3.806589e-08,4.233534e+01,1.197519e-11,3.205021e-13
5.586293e-01,1.244902e-05,7.173551e-02,-1.739439e-01,2.271283e-03,5.063361e-05,-7.773683e-08,-2.611600e-08,4.506287e+01,1.805681e-11,4.423490e-13
3.417952e-01,1.522785e-05,6.582031e-02,-1.599053e-01,1.892072e-03,3.773255e-05,-1.097077e-07,-1.797442e-08,4.799574e+01,2.707222e-11,6.072912e-13
1.185669e-01,1.857522e-05,6.041008e-02,-1.470316e-01,1.576919e-03,2.807137e-05,-1.190428e-07,-1.241247e-08,5.114762e+01,4.035664e-11,8.293497e-13
0.000000e+00,2.057325e-05,5.778399e-02,-1.407719e-01,1.434709e-03,2.405188e-05,-1.184787e-07,-1.025382e-08,5.287689e+01,4.954962e-11,9.731354e-13
