3.566159e-01,1.041653e-07,1.000000e+00,-7.738053e+00,2.185315e+00,-1.081794e+00,-2.509894e-01,3.667111e-01,1.000000e-08,8.634478e-16,4.317239e-16
3.481178e-01,1.072159e-07,8.423631e-01,-6.874183e+00,1.919462e+00,-8.913867e-01,-1.802269e-01,2.528055e-01,3.145772e-02,9.868635e-16,3.852814e-16
3.386711e-01,1.104073e-07,6.979269e-01,-6.060268e+00,1.667813e+00,-7.223524e-01,-1.252365e-01,1.685269e-01,6.971904e-02,1.116541e-15,3.385052e-16
3.286392e-01,1.135749e-07,5.728091e-01,-5.331879e+00,1.441622e+00,-5.804522e-01,-8.533507e-02,1.103531e-01,1.144641e-01,1.245745e-15,2.939918e-16
3.179613e-01,1.167069e-07,4.649153e-01,-4.679791e+00,1.238376e+00,-4.617378e-01,-5.679650e-02,7.074542e-02,1.671825e-01,1.373870e-15,2.519573e-16
3.066574e-01,1.197658e-07,3.730557e-01,-4.100045e+00,1.057206e+00,-3.635576e-01,-3.686975e-02,4.438761e-02,2.293083e-01,1.499258e-15,2.129115e-16
2.947526e-01,1.227164e-07,2.958115e-01,-3.587482e+00,8.968730e-01,-2.832381e-01,-2.329407e-02,2.723798e-02,3.025673e-01,1.620324e-15,1.772475e-16
2.822862e-01,1.255247e-07,2.316903e-01,-3.136554e+00,7.560038e-01,-2.182595e-01,-1.428571e-02,1.633554e-02,3.889841e-01,1.735535e-15,1.452535e-16
2.693083e-01,1.281608e-07,1.791564e-01,-2.741380e+00,6.330979e-01,-1.662770e-01,-8.474177e-03,9.566570e-03,4.909633e-01,1.843528e-15,1.170855e-16
2.558784e-01,1.305998e-07,1.366886e-01,-2.396008e+00,5.265926e-01,-1.251614e-01,-4.838235e-03,5.464737e-03,6.113759e-01,1.943182e-15,9.276352e-17
2.420656e-01,1.328229e-07,1.028298e-01,-2.094634e+00,4.349233e-01,-9.302059e-02,-2.639765e-03,3.040972e-03,7.536600e-01,2.033667e-15,7.218134e-17
2.279486e-01,1.348181e-07,7.622220e-02,-1.831789e+00,3.565695e-01,-6.820451e-02,-1.361336e-03,1.646122e-03,9.219383e-01,2.114466e-15,5.512364e-17
2.136156e-01,1.365802e-07,5.562904e-02,-1.602449e+00,2.900842e-01,-4.929571e-02,-6.513831e-04,8.654909e-04,1.121155e+00,2.185385e-15,4.128925e-17
1.991634e-01,1.381106e-07,3.994587e-02,-1.402103e+00,2.341068e-01,-3.509179e-02,-2.788429e-04,4.413305e-04,1.357241e+00,2.246538e-15,3.031699e-17
1.846964e-01,1.394170e-07,2.820415e-02,-1.226770e+00,1.873686e-01,-2.458459e-02,-9.732684e-05,2.179503e-04,1.637305e+00,2.298320e-15,2.181246e-17
1.703237e-01,1.405125e-07,1.956995e-02,-1.072993e+00,1.486915e-01,-1.693888e-02,-1.789549e-05,1.041146e-04,1.969875e+00,2.341365e-15,1.537376e-17
1.561564e-01,1.414147e-07,1.333913e-02,-9.378132e-01,1.169875e-01,-1.147191e-02,1.089323e-05,4.806265e-05,2.365172e+00,2.376486e-15,1.061395e-17
1.423039e-01,1.421441e-07,8.929483e-03,-8.187279e-01,9.125681e-02,-7.634139e-03,1.707075e-05,2.142747e-05,2.835450e+00,2.404611e-15,7.178677e-18
1.288698e-01,1.427232e-07,5.870492e-03,-7.136387e-01,7.058790e-02,-4.991121e-03,1.479566e-05,9.223627e-06,3.395390e+00,2.426720e-15,4.757990e-18
1.159491e-01,1.431744e-07,3.791066e-03,-6.207937e-01,5.415832e-02,-3.206268e-03,1.050653e-05,3.834461e-06,4.062562e+00,2.443786e-15,3.092092e-18
1.036238e-01,1.435200e-07,2.405953e-03,-5.387268e-01,4.123502e-02,-2.024589e-03,6.671445e-06,1.540669e-06,4.857975e+00,2.456731e-15,1.971841e-18
9.196083e-02,1.437800e-07,1.501659e-03,-4.661999e-01,3.117412e-02,-1.257504e-03,3.922849e-06,5.990894e-07,5.806734e+00,2.466384e-15,1.235174e-18
8.100928e-02,1.439725e-07,9.226882e-04,-4.021488e-01,2.341908e-02,-7.690388e-04,2.175577e-06,2.258801e-07,6.938840e+00,2.473470e-15,7.609813e-19
7.079906e-02,1.441128e-07,5.588594e-04,-3.456392e-01,1.749713e-02,-4.636767e-04,1.151272e-06,8.278465e-08,8.290211e+00,2.478596e-15,4.618149e-19
6.134050e-02,1.442138e-07,3.341993e-04,-2.958323e-01,1.301389e-02,-2.760602e-04,5.862803e-07,2.958365e-08,9.903995e+00,2.482257e-15,2.765537e-19
5.262491e-02,1.442856e-07,1.976966e-04,-2.519606e-01,9.646322e-03,-1.626121e-04,2.893486e-07,1.034721e-08,1.183228e+01,2.484843e-15,1.637592e-19
4.462613e-02,1.443362e-07,1.159586e-04,-2.133131e-01,7.134583e-03,-9.499193e-05,1.393049e-07,3.558593e-09,1.413833e+01,2.486654e-15,9.612004e-20
3.730245e-02,1.443717e-07,6.763932e-05,-1.792255e-01,5.273108e-03,-5.519384e-05,6.586579e-08,1.210498e-09,1.689947e+01,2.487916e-15,5.609491e-20
3.059839e-02,1.443965e-07,3.938838e-05,-1.490726e-01,3.901773e-03,-3.202174e-05,3.081846e-08,4.104191e-10,2.021099e+01,2.488793e-15,3.267694e-20
2.444563e-02,1.444138e-07,2.302004e-05,-1.222591e-01,2.897567e-03,-1.864841e-05,1.440503e-08,1.401687e-10,2.419138e+01,2.489406e-15,1.910222e-20
1.876225e-02,1.444261e-07,1.360443e-05,-9.820712e-02,2.167231e-03,-1.098346e-05,6.811310e-09,4.895111e-11,2.898976e+01,2.489837e-15,1.129099e-20
1.344912e-02,1.444350e-07,8.221014e-06,-7.633349e-02,1.641090e-03,-6.615382e-06,3.316838e-09,1.787419e-11,3.479671e+01,2.490147e-15,6.823864e-21
8.380576e-03,1.444416e-07,5.167760e-06,-5.601039e-02,1.268257e-03,-4.144978e-06,1.708809e-09,7.062527e-12,4.186064e+01,2.490378e-15,4.289900e-21
3.383007e-03,1.444469e-07,3.474701e-06,-3.648635e-02,1.013474e-03,-2.777802e-06,9.724516e-10,3.192820e-12,5.051318e+01,2.490561e-15,2.884655e-21
0.000000e+00,1.444499e-07,2.836494e-06,-2.355776e-02,8.995348e-04,-2.262387e-06,7.323748e-10,2.127619e-12,5.730339e+01,2.490667e-15,2.354923e-21
