2.810195e+00,2.267738e-07,1.000000e+00,-5.954900e+00,6.510298e-01,-4.509417e-02,-8.861541e-02,2.514983e-02,1.000000e-08,4.092379e-15,2.046189e-15
2.800642e+00,2.343274e-07,8.762665e-01,-5.354327e+00,5.883489e-01,-4.077342e-02,-6.966892e-02,1.868862e-02,3.501393e-02,4.639875e-15,1.914443e-15
2.786347e+00,2.451680e-07,7.236682e-01,-4.601400e+00,5.090240e-01,-3.513933e-02,-4.924935e-02,1.218269e-02,9.183901e-02,5.444063e-15,1.730721e-15
2.771638e+00,2.557615e-07,5.984235e-01,-3.970045e+00,4.417545e-01,-3.022888e-02,-3.496211e-02,7.985644e-03,1.561548e-01,6.250676e-15,1.557540e-15
2.755839e+00,2.665302e-07,4.911532e-01,-3.416052e+00,3.820560e-01,-2.578480e-02,-2.453338e-02,5.161969e-03,2.322674e-01,7.091323e-15,1.388258e-15
2.738991e+00,2.773468e-07,4.003970e-01,-2.934025e+00,3.295194e-01,-2.182376e-02,-1.704250e-02,3.296754e-03,3.220185e-01,7.956341e-15,1.225455e-15
2.721031e+00,2.881515e-07,3.240248e-01,-2.514970e+00,2.833411e-01,-1.832144e-02,-1.170929e-02,2.078086e-03,4.281737e-01,8.840645e-15,1.070484e-15
2.701917e+00,2.988696e-07,2.602062e-01,-2.151207e+00,2.428485e-01,-1.525302e-02,-7.952546e-03,1.292057e-03,5.540075e-01,9.737366e-15,9.247861e-16
2.681607e+00,3.094248e-07,2.072819e-01,-1.835718e+00,2.074315e-01,-1.258991e-02,-5.336089e-03,7.919457e-04,7.035226e-01,1.063892e-14,7.896449e-16
2.660061e+00,3.197408e-07,1.637614e-01,-1.562159e+00,1.765447e-01,-1.030154e-02,-3.535946e-03,4.783577e-04,8.816057e-01,1.153716e-14,6.661435e-16
2.637243e+00,3.297449e-07,1.283080e-01,-1.324796e+00,1.497016e-01,-8.356149e-03,-2.313573e-03,2.847456e-04,1.094244e+00,1.242379e-14,5.550983e-16
2.613114e+00,3.393727e-07,9.972583e-02,-1.118451e+00,1.264692e-01,-6.721544e-03,-1.495066e-03,1.671346e-04,1.348795e+00,1.329086e-14,4.570057e-16
2.587629e+00,3.485732e-07,7.694902e-02,-9.384480e-01,1.064634e-01,-5.365661e-03,-9.550376e-04,9.688134e-05,1.654340e+00,1.413138e-14,3.720071e-16
2.560725e+00,3.573145e-07,5.903221e-02,-7.805671e-01,8.934366e-02,-4.257074e-03,-6.041922e-04,5.562312e-05,2.022128e+00,1.494004e-14,2.998821e-16
2.532302e+00,3.655903e-07,4.514371e-02,-6.409945e-01,7.480868e-02,-3.365514e-03,-3.798290e-04,3.179272e-05,2.466171e+00,1.571397e-14,2.400749e-16
2.502195e+00,3.734271e-07,3.456100e-02,-5.162709e-01,6.259329e-02,-2.662484e-03,-2.386194e-04,1.824294e-05,3.004017e+00,1.645359e-14,1.917600e-16
2.470123e+00,3.808942e-07,2.666950e-02,-4.032302e-01,5.246667e-02,-2.122086e-03,-1.511662e-04,1.065009e-05,3.657783e+00,1.716375e-14,1.539515e-16
2.435603e+00,3.881202e-07,2.096631e-02,-2.989222e-01,4.423372e-02,-1.722308e-03,-9.794883e-05,6.459598e-06,4.455525e+00,1.785534e-14,1.256651e-16
2.397795e+00,3.953248e-07,1.707474e-02,-2.005144e-01,3.774170e-02,-1.447346e-03,-6.635979e-05,4.206126e-06,5.433077e+00,1.854858e-14,1.061750e-16
2.355185e+00,4.028941e-07,1.478710e-02,-1.051960e-01,3.289551e-02,-1.292679e-03,-4.863131e-05,3.095302e-06,6.636528e+00,1.928046e-14,9.550477e-17
2.304921e+00,4.115778e-07,1.419497e-02,-1.025280e-02,2.968495e-02,-1.278574e-03,-4.059884e-05,2.792192e-06,8.125455e+00,2.012451e-14,9.567503e-17
2.241192e+00,4.230931e-07,1.613576e-02,8.566970e-02,2.820102e-02,-1.493402e-03,-4.162238e-05,3.509705e-06,9.975666e+00,2.125255e-14,1.149268e-16
2.151534e+00,4.422654e-07,2.390171e-02,1.739580e-01,2.834339e-02,-2.248271e-03,-5.664039e-05,7.367205e-06,1.226252e+01,2.316185e-14,1.860180e-16
2.042861e+00,4.737628e-07,4.187927e-02,2.027043e-01,2.790710e-02,-3.870840e-03,-8.288622e-05,2.111375e-05,1.443400e+01,2.641788e-14,3.740083e-16
1.895466e+00,5.377907e-07,7.835801e-02,1.156826e-01,2.146408e-02,-6.615628e-03,-6.533473e-05,6.511510e-05,1.660547e+01,3.362124e-14,9.017167e-16
1.776412e+00,6.120567e-07,1.092904e-01,-1.650079e-02,1.188458e-02,-8.137604e-03,4.752673e-05,1.113014e-04,1.798558e+01,4.308717e-14,1.629016e-15
1.639898e+00,7.253612e-07,1.348408e-01,-1.696880e-01,7.646303e-05,-8.275178e-03,2.433620e-04,1.429607e-04,1.936569e+01,5.998153e-14,2.822865e-15
1.497349e+00,8.769590e-07,1.443453e-01,-2.841886e-01,-9.429653e-03,-6.910745e-03,4.031738e-04,1.355048e-04,2.071126e+01,8.738248e-14,4.416940e-15
1.354849e+00,1.061089e-06,1.382003e-01,-3.410168e-01,-1.472515e-02,-4.949425e-03,4.516572e-04,1.026584e-04,2.205020e+01,1.282044e-13,6.191172e-15
1.193121e+00,1.304218e-06,1.194856e-01,-3.516774e-01,-1.645992e-02,-2.905653e-03,3.989543e-04,6.243226e-05,2.364408e+01,1.949533e-13,8.086786e-15
1.058563e+00,1.527438e-06,9.978118e-02,-3.345106e-01,-1.565434e-02,-1.636933e-03,3.160993e-04,3.717592e-05,2.508520e+01,2.692268e-13,9.262670e-15
9.052874e-01,1.794773e-06,7.684146e-02,-3.018508e-01,-1.342136e-02,-6.804374e-04,2.185798e-04,1.876333e-05,2.691825e+01,3.746552e-13,9.848612e-15
7.713871e-01,2.029906e-06,5.822972e-02,-2.701109e-01,-1.096816e-02,-1.866974e-04,1.462269e-04,9.526684e-06,2.875130e+01,4.823037e-13,9.546771e-15
6.439546e-01,2.245904e-06,4.255499e-02,-2.412446e-01,-8.538662e-03,6.852098e-05,9.264009e-05,4.598730e-06,3.077351e+01,5.935526e-13,8.540691e-15
5.215708e-01,2.438141e-06,2.967984e-02,-2.166764e-01,-6.294730e-03,1.757242e-04,5.489385e-05,2.060595e-06,3.307146e+01,7.025562e-13,7.020038e-15
4.049647e-01,2.600537e-06,1.951328e-02,-1.970226e-01,-4.341031e-03,1.931594e-04,2.990719e-05,8.350756e-07,3.573096e+01,8.019983e-13,5.250692e-15
2.993862e-01,2.724979e-06,1.211726e-02,-1.826951e-01,-2.792664e-03,1.637317e-04,1.501131e-05,3.073080e-07,3.874185e+01,8.827748e-13,3.580063e-15
1.791612e-01,2.835372e-06,5.817401e-03,-1.704089e-01,-1.360634e-03,1.034245e-04,5.179462e-06,6.807352e-08,4.336680e+01,9.577638e-13,1.860840e-15
9.587409e-02,2.889929e-06,2.791706e-03,-1.642434e-01,-6.258455e-04,5.837532e-05,1.775293e-06,1.538098e-08,4.799175e+01,9.959819e-13,9.276930e-16
3.542102e-02,2.917522e-06,1.285612e-03,-1.608094e-01,-2.516062e-04,2.997047e-05,5.688564e-07,3.231021e-09,5.288502e+01,1.015602e-12,4.354099e-16
0.000000e+00,2.928861e-06,6.725747e-04,-1.591357e-01,-1.031313e-04,1.666698e-05,2.186842e-07,8.808797e-10,5.698507e+01,1.023721e-12,2.295610e-16
