4.536090e+00,7.241099e-08,1.000000e+00,-4.795673e+00,4.551911e-01,-8.929023e-02,3.494026e-02,-5.285743e-03,1.000000e-08,4.172526e-16,2.086263e-16
4.525705e+00,7.505738e-08,9.042289e-01,-4.352319e+00,4.145904e-01,-7.677317e-02,2.882236e-02,-4.169403e-03,3.776187e-02,4.697760e-16,2.026867e-16
4.507232e+00,7.967368e-08,7.638872e-01,-3.694888e+00,3.544634e-01,-5.952784e-02,2.087305e-02,-2.803200e-03,1.096547e-01,5.647856e-16,1.929386e-16
4.488184e+00,8.431921e-08,6.501642e-01,-3.153353e+00,3.050438e-01,-4.658413e-02,1.532624e-02,-1.918802e-03,1.901505e-01,6.647384e-16,1.839231e-16
4.467261e+00,8.930005e-08,5.520162e-01,-2.677313e+00,2.617283e-01,-3.622208e-02,1.119111e-02,-1.306058e-03,2.860576e-01,7.767336e-16,1.751521e-16
4.444422e+00,9.460586e-08,4.684898e-01,-2.263449e+00,2.242180e-01,-2.804648e-02,8.154000e-03,-8.879586e-04,3.996912e-01,9.015212e-16,1.668385e-16
4.419395e+00,1.002817e-07,3.976989e-01,-1.903846e+00,1.917915e-01,-2.162057e-02,5.931640e-03,-6.036672e-04,5.348518e-01,1.041265e-15,1.591321e-16
4.391887e+00,1.063787e-07,3.380910e-01,-1.592039e+00,1.638556e-01,-1.659733e-02,4.313919e-03,-4.112663e-04,6.960520e-01,1.198568e-15,1.522311e-16
4.361527e+00,1.129681e-07,2.882852e-01,-1.322243e+00,1.398727e-01,-1.269131e-02,3.142112e-03,-2.815783e-04,8.888818e-01,1.376943e-15,1.463843e-16
4.327849e+00,1.201496e-07,2.470813e-01,-1.089416e+00,1.193627e-01,-9.669834e-03,2.297422e-03,-1.944769e-04,1.120248e+00,1.581242e-15,1.419204e-16
4.290254e+00,1.280663e-07,2.134548e-01,-8.892509e-01,1.018959e-01,-7.343835e-03,1.691442e-03,-1.361719e-04,1.398712e+00,1.818428e-15,1.392951e-16
4.247952e+00,1.369292e-07,1.865585e-01,-7.182142e-01,8.708740e-02,-5.560135e-03,1.258811e-03,-9.728472e-05,1.734886e+00,2.098893e-15,1.391771e-16
4.199883e+00,1.470577e-07,1.657321e-01,-5.736385e-01,7.458925e-02,-4.194702e-03,9.515000e-04,-7.148845e-05,2.141897e+00,2.438801e-15,1.426074e-16
4.144604e+00,1.589491e-07,1.505176e-01,-4.538914e-01,6.408097e-02,-3.146727e-03,7.343655e-04,-5.455410e-05,2.635842e+00,2.864455e-15,1.513086e-16
4.080134e+00,1.734018e-07,1.406760e-01,-3.586271e-01,5.525574e-02,-2.333353e-03,5.816108e-04,-4.368148e-05,3.236057e+00,3.420822e-15,1.683012e-16
4.003806e+00,1.917307e-07,1.361700e-01,-2.890436e-01,4.780101e-02,-1.685335e-03,4.737996e-04,-3.701536e-05,3.964682e+00,4.188811e-15,1.991705e-16
3.912274e+00,2.161178e-07,1.370159e-01,-2.477590e-01,4.137907e-02,-1.145325e-03,3.951136e-04,-3.324772e-05,4.843996e+00,5.320594e-15,2.546315e-16
3.802266e+00,2.500190e-07,1.427804e-01,-2.371398e-01,3.563601e-02,-6.733403e-04,3.311089e-04,-3.120865e-05,5.887700e+00,7.106400e-15,3.551196e-16
3.671975e+00,2.984916e-07,1.516904e-01,-2.547242e-01,3.026103e-02,-2.597842e-04,2.687113e-04,-2.950492e-05,7.091618e+00,1.009745e-14,5.377526e-16
3.509782e+00,3.747505e-07,1.608253e-01,-2.919677e-01,2.473092e-02,8.845700e-05,1.957790e-04,-2.641662e-05,8.544685e+00,1.586488e-14,8.986676e-16
3.223122e+00,5.655196e-07,1.642585e-01,-3.401434e-01,1.708540e-02,3.382300e-04,8.812697e-05,-1.826075e-05,1.105425e+01,3.608462e-14,2.090178e-15
3.038533e+00,7.358021e-07,1.585612e-01,-3.475235e-01,1.339111e-02,3.388441e-04,4.274808e-05,-1.307807e-05,1.268100e+01,6.120973e-14,3.415696e-15
2.858353e+00,9.455463e-07,1.494110e-01,-3.403753e-01,1.056082e-02,2.864069e-04,1.549619e-05,-9.036342e-06,1.430775e+01,1.014052e-13,5.315060e-15
2.657164e+00,1.238727e-06,1.372512e-01,-3.221165e-01,8.125290e-03,2.100912e-04,-7.908139e-07,-5.820597e-06,1.619139e+01,1.747811e-13,8.379683e-15
2.437570e+00,1.640707e-06,1.235430e-01,-2.964011e-01,6.128661e-03,1.329144e-04,-8.395421e-06,-3.560540e-06,1.834803e+01,3.080919e-13,1.323246e-14
2.229300e+00,2.112634e-06,1.111648e-01,-2.706407e-01,4.702866e-03,7.506910e-05,-1.052268e-05,-2.238827e-06,2.050466e+01,5.130165e-13,1.974130e-14
2.040235e+00,2.627513e-06,1.008311e-01,-2.479856e-01,3.698223e-03,3.602272e-05,-1.043470e-05,-1.480999e-06,2.256461e+01,7.963856e-13,2.769775e-14
1.856715e+00,3.214899e-06,9.171500e-02,-2.274204e-01,2.921463e-03,8.576101e-06,-9.549461e-06,-1.001438e-06,2.466272e+01,1.196001e-12,3.771682e-14
1.666597e+00,3.923555e-06,8.319979e-02,-2.078859e-01,2.274973e-03,-1.126488e-05,-8.338427e-06,-6.752665e-07,2.694331e+01,1.786596e-12,5.096147e-14
1.461709e+00,4.812140e-06,7.499561e-02,-1.888900e-01,1.717250e-03,-2.528359e-05,-7.004743e-06,-4.473464e-07,2.952798e+01,2.695027e-12,6.909911e-14
1.238783e+00,5.939465e-06,6.708026e-02,-1.705026e-01,1.236217e-03,-3.432082e-05,-5.685638e-06,-2.899698e-07,3.249581e+01,4.116754e-12,9.415633e-14
9.957789e-01,7.375332e-06,5.947780e-02,-1.528785e-01,8.256763e-04,-3.915472e-05,-4.471286e-06,-1.835857e-07,3.592400e+01,6.364258e-12,1.287296e-13
7.319539e-01,9.197912e-06,5.223340e-02,-1.362042e-01,4.816095e-04,-4.059695e-05,-3.415215e-06,-1.135319e-07,3.988610e+01,9.922743e-12,1.758276e-13
4.492926e-01,1.147512e-05,4.542532e-02,-1.207251e-01,2.012277e-04,-3.949739e-05,-2.543683e-06,-6.882549e-08,4.442682e+01,1.547995e-11,2.379977e-13
1.549755e-01,1.421874e-05,3.918379e-02,-1.067816e-01,-1.794655e-05,-3.673868e-05,-1.862479e-06,-4.132970e-08,4.950671e+01,2.381739e-11,3.152021e-13
0.000000e+00,1.581851e-05,3.618645e-02,-1.002002e-01,-1.099007e-04,-3.492008e-05,-1.577255e-06,-3.168378e-08,5.233781e+01,2.950816e-11,3.602776e-13
