1.578250e+00,5.854118e-08,1.000000e+00,-4.632023e+00,4.943995e-01,-3.484254e-01,4.756443e-02,2.783308e-02,1.000000e-08,2.727175e-16,1.363588e-16
1.567761e+00,6.070547e-08,9.088621e-01,-4.209945e+00,4.426472e-01,-3.038136e-01,4.060799e-02,2.217129e-02,3.809458e-02,3.066185e-16,1.332643e-16
1.548739e+00,6.456969e-08,7.727378e-01,-3.573621e+00,3.651887e-01,-2.405110e-01,3.108620e-02,1.506809e-02,1.118160e-01,3.694783e-16,1.281887e-16
1.529092e+00,6.848660e-08,6.623785e-01,-3.051439e+00,3.022228e-01,-1.923427e-01,2.415285e-02,1.043830e-02,1.942225e-01,4.362601e-16,1.236168e-16
1.507431e+00,7.272774e-08,5.668359e-01,-2.593735e+00,2.475614e-01,-1.531265e-01,1.873944e-02,7.198421e-03,2.923948e-01,5.120728e-16,1.192937e-16
1.483707e+00,7.729319e-08,4.852087e-01,-2.197696e+00,2.007271e-01,-1.216111e-01,1.456362e-02,4.962936e-03,4.086312e-01,5.977843e-16,1.153377e-16
1.457622e+00,8.223205e-08,4.156354e-01,-1.855888e+00,1.606911e-01,-9.632501e-02,1.134384e-02,3.422999e-03,5.467406e-01,6.953383e-16,1.118291e-16
1.428866e+00,8.759844e-08,3.565636e-01,-1.562300e+00,1.265996e-01,-7.609367e-02,8.865091e-03,2.364833e-03,7.111904e-01,8.070897e-16,1.088654e-16
1.397065e+00,9.346166e-08,3.065805e-01,-1.311553e+00,9.768129e-02,-5.993965e-02,6.958186e-03,1.638620e-03,9.074404e-01,9.361191e-16,1.065545e-16
1.361777e+00,9.990909e-08,2.644124e-01,-1.098929e+00,7.325379e-02,-4.705728e-02,5.490889e-03,1.140201e-03,1.142114e+00,1.086478e-15,1.050152e-16
1.322485e+00,1.070510e-07,2.289024e-01,-9.202853e-01,5.272002e-02,-3.678428e-02,4.359890e-03,7.975034e-04,1.423226e+00,1.263553e-15,1.043739e-16
1.278587e+00,1.150251e-07,1.989871e-01,-7.719570e-01,3.556904e-02,-2.857871e-02,3.484453e-03,5.608928e-04,1.760423e+00,1.474554e-15,1.047540e-16
1.229400e+00,1.240003e-07,1.736728e-01,-6.506272e-01,2.137914e-02,-2.200026e-02,2.801338e-03,3.963358e-04,2.165235e+00,1.729132e-15,1.062521e-16
1.174176e+00,1.341760e-07,1.520112e-01,-5.531558e-01,9.822360e-03,-1.669607e-02,2.260863e-03,2.806074e-04,2.651333e+00,2.040083e-15,1.088893e-16
1.112145e+00,1.457728e-07,1.330853e-01,-4.763827e-01,6.665318e-04,-1.239099e-02,1.824055e-03,1.979733e-04,3.234827e+00,2.423974e-15,1.125236e-16
1.042594e+00,1.590069e-07,1.160173e-01,-4.169554e-01,-6.232328e-03,-8.881465e-03,1.460931e-03,1.379280e-04,3.934636e+00,2.901246e-15,1.167118e-16
9.650044e-01,1.740322e-07,1.000197e-01,-3.712816e-01,-1.095691e-02,-6.031080e-03,1.149922e-03,9.366214e-05,4.772865e+00,3.494737e-15,1.205327e-16
8.793230e-01,1.908333e-07,8.450728e-02,-3.357175e-01,-1.358401e-02,-3.762844e-03,8.781447e-04,6.097571e-05,5.774474e+00,4.224549e-15,1.224510e-16
7.863985e-01,2.090623e-07,6.925389e-02,-3.070206e-01,-1.427015e-02,-2.041137e-03,6.414506e-04,3.737965e-05,6.964842e+00,5.096709e-15,1.204359e-16
6.882968e-01,2.279226e-07,5.448599e-02,-2.828688e-01,-1.333728e-02,-8.377226e-04,4.422128e-04,2.122292e-05,8.366691e+00,6.088298e-15,1.126211e-16
5.875672e-01,2.463474e-07,4.071661e-02,-2.620054e-01,-1.126818e-02,-9.431806e-05,2.837063e-04,1.096524e-05,1.000979e+01,7.145663e-15,9.831677e-17
4.853953e-01,2.634416e-07,2.838648e-02,-2.438425e-01,-8.565164e-03,2.820150e-04,1.651476e-04,4.983809e-06,1.197043e+01,8.205802e-15,7.838630e-17
3.857796e-01,2.779490e-07,1.821699e-02,-2.287316e-01,-5.773326e-03,3.887345e-04,8.556079e-05,1.945408e-06,1.430617e+01,9.165719e-15,5.599730e-17
3.015884e-01,2.881301e-07,1.124214e-02,-2.178200e-01,-3.562534e-03,3.468827e-04,4.202559e-05,7.147137e-07,1.679417e+01,9.872524e-15,3.713526e-17
2.128187e-01,2.964643e-07,5.650436e-03,-2.078159e-01,-1.615637e-03,2.319106e-04,1.528849e-05,1.754749e-07,2.030108e+01,1.047147e-14,1.976000e-17
1.366101e-01,3.014647e-07,2.370596e-03,-1.998639e-01,-4.344684e-04,1.188195e-04,4.254209e-06,3.037436e-08,2.473287e+01,1.083955e-14,8.572170e-18
8.867075e-02,3.035431e-07,1.037059e-03,-1.947405e-01,4.192081e-06,5.815551e-05,1.252980e-06,5.773224e-09,2.899605e+01,1.099441e-14,3.801931e-18
5.723216e-02,3.044530e-07,4.636435e-04,-1.911366e-01,1.419907e-04,2.787042e-05,3.793900e-07,1.150490e-09,3.320168e+01,1.106254e-14,1.709955e-18
3.577854e-02,3.048684e-07,2.056011e-04,-1.884921e-01,1.614660e-04,1.293878e-05,1.130791e-07,2.259310e-10,3.750180e+01,1.109370e-14,7.603442e-19
2.105980e-02,3.050576e-07,8.937395e-05,-1.865633e-01,1.379080e-04,5.800350e-06,3.262403e-08,4.266594e-11,4.195239e+01,1.110790e-14,3.309290e-19
1.098742e-02,3.051425e-07,3.766970e-05,-1.851800e-01,1.038773e-04,2.496123e-06,8.968688e-09,7.577538e-12,4.660474e+01,1.111428e-14,1.395590e-19
4.167693e-03,3.051795e-07,1.525389e-05,-1.842107e-01,7.239413e-05,1.024979e-06,2.318473e-09,1.242394e-12,5.150162e+01,1.111706e-14,5.652642e-20
0.000000e+00,3.051941e-07,6.488423e-06,-1.836045e-01,4.975249e-05,4.397004e-07,6.444648e-10,2.247815e-13,5.615073e+01,1.111815e-14,2.404648e-20
