5.320952e+00,8.111416e-09,1.000000e+00,-3.540779e+00,-2.042902e-01,1.280562e-01,1.662372e-01,-2.394537e-02,1.000000e-08,5.235806e-18,2.617903e-18
5.308458e+00,8.472477e-09,9.349543e-01,-3.317247e+00,-1.837153e-01,1.211939e-01,1.429620e-01,-2.003958e-02,4.504723e-02,5.898080e-18,2.670370e-18
5.275739e+00,9.434316e-09,7.907521e-01,-2.821461e+00,-1.388782e-01,1.049672e-01,9.818180e-02,-1.287326e-02,1.702306e-01,7.823938e-18,2.800408e-18
5.242685e+00,1.042800e-08,6.751461e-01,-2.422979e+00,-1.038264e-01,9.098816e-02,6.886641e-02,-8.490097e-03,3.074043e-01,1.005908e-17,2.921194e-18
5.205767e+00,1.156127e-08,5.724214e-01,-2.066958e+00,-7.347409e-02,7.788798e-02,4.754091e-02,-5.504834e-03,4.735124e-01,1.291055e-17,3.044299e-18
5.165099e+00,1.283513e-08,4.831797e-01,-1.754672e+00,-4.781362e-02,6.603157e-02,3.247678e-02,-3.532934e-03,6.724643e-01,1.649730e-17,3.167154e-18
5.120137e+00,1.427111e-08,4.060608e-01,-1.480594e+00,-2.624034e-02,5.546704e-02,2.194163e-02,-2.244103e-03,9.121575e-01,2.102012e-17,3.290535e-18
5.070320e+00,1.589262e-08,3.400547e-01,-1.240321e+00,-8.245249e-03,4.621940e-02,1.467168e-02,-1.413254e-03,1.202145e+00,2.673153e-17,3.417432e-18
5.014895e+00,1.773174e-08,2.842271e-01,-1.029558e+00,6.679076e-03,3.826774e-02,9.722337e-03,-8.849078e-04,1.554915e+00,3.397474e-17,3.555725e-18
4.952822e+00,1.983555e-08,2.377859e-01,-8.442207e-01,1.904423e-02,3.156408e-02,6.400725e-03,-5.536639e-04,1.987054e+00,4.324202e-17,3.722500e-18
4.882534e+00,2.228090e-08,2.001354e-01,-6.804411e-01,2.939874e-02,2.604703e-02,4.205477e-03,-3.491673e-04,2.521400e+00,5.530480e-17,3.953209e-18
4.801457e+00,2.520762e-08,1.710196e-01,-5.347065e-01,3.839038e-02,2.165975e-02,2.779668e-03,-2.253608e-04,3.191062e+00,7.152430e-17,4.323840e-18
4.704920e+00,2.890279e-08,1.509038e-01,-4.045394e-01,4.689803e-02,1.837942e-02,1.874587e-03,-1.530308e-04,4.047479e+00,9.469930e-17,5.015795e-18
4.583872e+00,3.403651e-08,1.421132e-01,-2.916797e-01,5.629155e-02,1.627937e-02,1.323610e-03,-1.152504e-04,5.173771e+00,1.317332e-16,6.550657e-18
4.426142e+00,4.211149e-08,1.512241e-01,-2.161582e-01,6.822651e-02,1.558075e-02,1.022654e-03,-1.054775e-04,6.642465e+00,2.010109e-16,1.067044e-17
4.242442e+00,5.488434e-08,1.829863e-01,-2.236541e-01,8.074608e-02,1.591829e-02,8.640355e-04,-1.184969e-04,8.244489e+00,3.376338e-16,2.193186e-17
4.043301e+00,7.559154e-08,2.292343e-01,-3.220210e-01,8.785075e-02,1.562900e-02,6.805455e-04,-1.350220e-04,9.802929e+00,6.299503e-16,5.211781e-17
3.859837e+00,1.045596e-07,2.666097e-01,-4.425670e-01,8.549177e-02,1.381380e-02,4.507957e-04,-1.320403e-04,1.110736e+01,1.189020e-15,1.159748e-16
3.698323e+00,1.413827e-07,2.864638e-01,-5.315542e-01,7.746907e-02,1.130947e-02,2.507128e-04,-1.127357e-04,1.219399e+01,2.158183e-15,2.278361e-16
3.533106e+00,1.938627e-07,2.922512e-01,-5.874050e-01,6.627415e-02,8.568450e-03,9.570339e-05,-8.557298e-05,1.328061e+01,4.049086e-15,4.370236e-16
3.378981e+00,2.602038e-07,2.866230e-01,-6.068310e-01,5.531382e-02,6.299651e-03,6.671347e-06,-6.132345e-05,1.429486e+01,7.309669e-15,7.721444e-16
3.227388e+00,3.459173e-07,2.739852e-01,-6.017001e-01,4.532552e-02,4.512351e-03,-3.858326e-05,-4.215027e-05,1.530912e+01,1.297875e-14,1.304463e-15
3.068664e+00,4.622401e-07,2.564307e-01,-5.790491e-01,3.630393e-02,3.114355e-03,-5.684470e-05,-2.763062e-05,1.640133e+01,2.332444e-14,2.180045e-15
2.888647e+00,6.341072e-07,2.343079e-01,-5.413505e-01,2.799375e-02,2.012061e-03,-5.836213e-05,-1.681626e-05,1.768970e+01,4.424756e-14,3.748629e-15
2.725783e+00,8.334359e-07,2.141587e-01,-5.024776e-01,2.207419e-02,1.342477e-03,-5.213574e-05,-1.068852e-05,1.890934e+01,7.699472e-14,5.918889e-15
2.570101e+00,1.069899e-06,1.957301e-01,-4.645615e-01,1.760140e-02,9.061042e-04,-4.416097e-05,-6.954898e-06,2.012898e+01,1.277220e-13,8.914631e-15
2.402405e+00,1.382890e-06,1.772861e-01,-4.250078e-01,1.382523e-02,5.889837e-04,-3.568491e-05,-4.414485e-06,2.150640e+01,2.147843e-13,1.348995e-14
2.243118e+00,1.744376e-06,1.613004e-01,-3.897335e-01,1.102610e-02,3.874457e-04,-2.862425e-05,-2.897004e-06,2.287965e+01,3.436843e-13,1.952880e-14
2.083494e+00,2.177937e-06,1.467951e-01,-3.570896e-01,8.819058e-03,2.509189e-04,-2.274233e-05,-1.921746e-06,2.432234e+01,5.384976e-13,2.770526e-14
1.922362e+00,2.697023e-06,1.336173e-01,-3.269991e-01,7.062432e-03,1.579444e-04,-1.795776e-05,-1.285758e-06,2.584888e+01,8.295900e-13,3.867159e-14
1.758401e+00,3.319009e-06,1.215996e-01,-2.992535e-01,5.651178e-03,9.448384e-05,-1.411100e-05,-8.653145e-07,2.747710e+01,1.261619e-12,5.329776e-14
1.590853e+00,4.063092e-06,1.106263e-01,-2.737031e-01,4.511937e-03,5.142183e-05,-1.104699e-05,-5.850306e-07,2.922140e+01,1.897917e-12,7.266612e-14
1.419214e+00,4.950903e-06,1.006029e-01,-2.502100e-01,3.589797e-03,2.256452e-05,-8.623883e-06,-3.970592e-07,3.109501e+01,2.827721e-12,9.811595e-14
1.243199e+00,6.006338e-06,9.144987e-02,-2.286472e-01,2.842554e-03,3.619986e-06,-6.718792e-06,-2.704424e-07,3.311005e+01,4.174997e-12,1.312692e-13
1.062714e+00,7.255216e-06,8.309809e-02,-2.088957e-01,2.237062e-03,-8.425490e-06,-5.228251e-06,-1.848630e-07,3.527741e+01,6.109177e-12,1.740411e-13
8.778595e-01,8.724543e-06,7.548662e-02,-1.908441e-01,1.746893e-03,-1.570364e-05,-4.066848e-06,-1.268573e-07,3.760629e+01,8.857254e-12,2.286207e-13
6.889444e-01,1.044126e-05,6.856107e-02,-1.743878e-01,1.350760e-03,-1.972686e-05,-3.165077e-06,-8.744212e-08,4.010353e+01,1.271588e-11,2.974016e-13
4.965194e-01,1.243027e-05,6.227282e-02,-1.594300e-01,1.031392e-03,-2.156767e-05,-2.467013e-06,-6.059472e-08,4.277251e+01,1.806062e-11,3.828422e-13
3.014343e-01,1.471147e-05,5.657897e-02,-1.458826e-01,7.747257e-04,-2.198419e-05,-1.928100e-06,-4.226417e-08,4.561148e+01,2.534688e-11,4.872224e-13
1.049438e-01,1.729505e-05,5.144316e-02,-1.336695e-01,5.693102e-04,-2.150954e-05,-1.513183e-06,-2.972020e-08,4.861074e+01,3.509242e-11,6.122538e-13
0.000000e+00,1.879787e-05,4.891798e-02,-1.276702e-01,4.772798e-04,-2.102490e-05,-1.332558e-06,-2.472559e-08,5.027178e+01,4.149147e-11,6.877745e-13
