7.791356504680618e-06,4.313362878593601e-09
8.610780621332552e-06,4.245460376866419e-09
9.516384324626089e-06,4.178672149055326e-09
1.051723120080771e-05,4.042143791515674e-09
1.162333806181051e-05,3.981254296614460e-09
1.284577519687474e-05,3.921086838386303e-09
1.419677716772344e-05,3.861631353904491e-09
1.568986525616830e-05,3.802878627362635e-09
1.733998278964274e-05,3.744819366972515e-09
1.916364469904539e-05,3.687446188503741e-09
2.117910280571951e-05,3.630754689934591e-09
2.340652849181556e-05,3.574743688205815e-09
2.586821458226360e-05,3.519414444430758e-09
2.858879845885812e-05,3.464767710436712e-09
3.159550863945590e-05,3.410801661195573e-09
3.491843729013453e-05,3.357510159475226e-09
3.859084139770492e-05,3.304887963999599e-09
4.264947561681323e-05,3.252932226199632e-09
4.713496012287843e-05,3.201642852692816e-09
5.209218715246060e-05,3.151015017720724e-09
5.757077029985334e-05,3.101042648643204e-09
6.362554106661115e-05,3.051723920103156e-09
7.031709763364645e-05,3.003054033538658e-09
7.771241134819200e-05,2.955027895343960e-09
8.588549699555374e-05,2.907641867548805e-09
9.491815356395940e-05,2.860890630880638e-09
1.049007829163263e-04,2.814769373101612e-09
1.159332945624905e-04,2.769273442315334e-09
1.281261055871622e-04,2.724397925234326e-09
1.416012457412214e-04,2.680137214936518e-09
1.564935787564811e-04,2.636486493678045e-09
1.729521521072439e-04,2.593440977732875e-09
1.911416887275217e-04,2.550994829565128e-09
2.112442356135248e-04,2.509142945238989e-09
2.334609858111876e-04,2.467880402831760e-09
2.580142920237960e-04,2.427201422124280e-09
2.851498919925769e-04,2.387100499314174e-09
3.151393679226079e-04,2.347570349760613e-09
3.482828645688079e-04,2.308603040184642e-09
3.849120931855259e-04,2.270191247554105e-09
4.253936514042669e-04,2.232327787863183e-09
4.701326922660057e-04,2.195005055637470e-09
5.195769791289974e-04,2.158215859198266e-09
5.742213670349657e-04,2.121953175652076e-09
6.346127553846864e-04,2.086210078135252e-09
7.013555614910102e-04,2.050979355454710e-09
7.751177697904812e-04,2.016254307064594e-09
8.566376172560946e-04,1.982028146786143e-09
9.467309819210534e-04,1.948294204011805e-09
1.046299548460350e-03,1.915045665809015e-09
1.156339832554060e-03,1.882276366590412e-09
1.277953154351212e-03,1.849816590112342e-09
1.405748469786333e-03,1.819310873624558e-09
1.533543785221454e-03,1.791976389746261e-09
1.661339100656575e-03,1.767282385457657e-09
1.789134416091696e-03,1.744698107738951e-09
1.916929731526817e-03,1.723765251583174e-09
2.000000000000000e-03,1.710959614997206e-09
2.044725046961939e-03,1.704314863423739e-09
2.172520362397060e-03,1.686227061323638e-09
2.300315677832181e-03,1.669347303809991e-09
2.428110993267302e-03,1.653518244359615e-09
2.555906308702423e-03,1.638597264008328e-09
2.683701624137544e-03,1.624500654037280e-09
2.811496939572665e-03,1.611159433291281e-09
2.939292255007787e-03,1.598504620615140e-09
3.067087570442908e-03,1.586467234853667e-09
3.194882885878029e-03,1.574983783029452e-09
3.322678201313150e-03,1.564012725097571e-09
3.450473516748271e-03,1.553518009301568e-09
3.578268832183392e-03,1.543463583884986e-09
3.706064147618514e-03,1.533813397091368e-09
3.833859463053635e-03,1.524533896041392e-09
3.961654778488756e-03,1.515601523329634e-09
4.089450093923877e-03,1.506995220410486e-09
4.217245409358998e-03,1.498693928738341e-09
4.345040724794119e-03,1.490676589767590e-09
4.472836040229241e-03,1.482923438723863e-09
4.600631355664362e-03,1.475419885951178e-09
4.728426671099482e-03,1.468152635581507e-09
4.856221986534604e-03,1.461108391746821e-09
4.984017301969726e-03,1.454273858579095e-09
5.111812617404846e-03,1.447636473260981e-09
5.239607932839968e-03,1.441186605157078e-09
5.367403248275089e-03,1.434915356672272e-09
5.495198563710209e-03,1.428813830211451e-09
5.622993879145331e-03,1.422873128179500e-09
5.750789194580453e-03,1.417084796769575e-09
5.878584510015573e-03,1.411442157332943e-09
6.006379825450694e-03,1.405938975011653e-09
6.134175140885816e-03,1.400569014947757e-09
6.261970456320937e-03,1.395326042283306e-09
6.389765771756058e-03,1.390204107408971e-09
6.517561087191179e-03,1.385198401697677e-09
6.645356402626300e-03,1.380304401764853e-09
6.773151718061422e-03,1.375517584225932e-09
6.900947033496543e-03,1.370833425696346e-09
7.028742348931663e-03,1.366247592810655e-09
7.156537664366785e-03,1.361756512279335e-09
7.284332979801906e-03,1.357356800831694e-09
7.412128295237027e-03,1.353045075197038e-09
7.539923610672148e-03,1.348817952104675e-09
7.667718926107269e-03,1.344672180076590e-09
7.795514241542391e-03,1.340605034810307e-09
7.923309556977513e-03,1.336613923798440e-09
8.051104872412632e-03,1.332696254533599e-09
8.178900187847754e-03,1.328849434508398e-09
8.306695503282877e-03,1.325070964198981e-09
8.434490818717996e-03,1.321358716013981e-09
8.562286134153118e-03,1.317710655344743e-09
8.690081449588239e-03,1.314124747582612e-09
8.817876765023359e-03,1.310598958118934e-09
8.945672080458482e-03,1.307131324591203e-09
9.073467395893601e-03,1.303720173623110e-09
9.201262711328723e-03,1.300363904085291e-09
9.329058026763846e-03,1.297060914848384e-09
9.456853342198965e-03,1.293809604783025e-09
9.584648657634087e-03,1.290608414523647e-09
9.712443973069206e-03,1.287455951758523e-09
9.840239288504329e-03,1.284350865939051e-09
9.968034603939451e-03,1.281291806516628e-09
1.009582991937457e-02,1.278277422942652e-09
1.022362523480969e-02,1.275306425757014e-09
1.035142055024482e-02,1.272377769854043e-09
1.047921586567993e-02,1.269490471216794e-09
1.060701118111506e-02,1.266643545828319e-09
1.073480649655018e-02,1.263836009671673e-09
1.086260181198530e-02,1.261066878729912e-09
1.099039712742042e-02,1.258335168986086e-09
1.111819244285554e-02,1.255639896423253e-09
1.124598775829066e-02,1.252980077024465e-09
1.137378307372578e-02,1.250354726772776e-09
1.150157838916090e-02,1.247762912864400e-09
1.162937370459603e-02,1.245203907333411e-09
1.175716902003114e-02,1.242677033419652e-09
1.188496433546627e-02,1.240181614362966e-09
1.201275965090139e-02,1.237716973403197e-09
1.214055496633651e-02,1.235282433780187e-09
1.226835028177163e-02,1.232877318733780e-09
1.239614559720675e-02,1.230500951503819e-09
1.252394091264187e-02,1.228152655330147e-09
1.265173622807700e-02,1.225831753452608e-09
1.277953154351211e-02,1.223537598969214e-09
1.290732685894724e-02,1.221269664421230e-09
1.303512217438236e-02,1.219027452213382e-09
1.316291748981748e-02,1.216810464750392e-09
1.329071280525260e-02,1.214618204436984e-09
1.341850812068772e-02,1.212450173677881e-09
1.354630343612284e-02,1.210305874877808e-09
1.367409875155796e-02,1.208184810441488e-09
1.380189406699308e-02,1.206086482773644e-09
1.392968938242821e-02,1.204010394278999e-09
1.405748469786333e-02,1.201956068414640e-09
1.418528001329845e-02,1.199923112848316e-09
1.431307532873357e-02,1.197911156300750e-09
1.444087064416869e-02,1.195919827492663e-09
1.456866595960381e-02,1.193948755144778e-09
1.469646127503893e-02,1.191997567977817e-09
1.482425659047405e-02,1.190065894712503e-09
1.495205190590917e-02,1.188153364069556e-09
1.507984722134430e-02,1.186259604769701e-09
1.520764253677942e-02,1.184384245533658e-09
1.533543785221454e-02,1.182526929237628e-09
1.546323316764966e-02,1.180687355376357e-09
1.559102848308478e-02,1.178865237598380e-09
1.571882379851990e-02,1.177060289552234e-09
1.584661911395502e-02,1.175272224886457e-09
1.597441442939014e-02,1.173500757249584e-09
1.610220974482527e-02,1.171745600290154e-09
1.623000506026039e-02,1.170006467656703e-09
1.635780037569551e-02,1.168283072997768e-09
1.648559569113063e-02,1.166575129961885e-09
1.661339100656575e-02,1.164882362599765e-09
1.674118632200087e-02,1.163204536575021e-09
1.686898163743599e-02,1.161541427955542e-09
1.699677695287111e-02,1.159892812809219e-09
1.712457226830624e-02,1.158258467203941e-09
1.725236758374135e-02,1.156638167207601e-09
1.738016289917648e-02,1.155031688888086e-09
1.750795821461160e-02,1.153438808313289e-09
1.763575353004672e-02,1.151859301551099e-09
1.776354884548184e-02,1.150292944669406e-09
1.789134416091696e-02,1.148739521239645e-09
1.801913947635208e-02,1.147198844848239e-09
1.814693479178720e-02,1.145670736585564e-09
1.827473010722232e-02,1.144155017541993e-09
1.840252542265745e-02,1.142651508807903e-09
1.853032073809257e-02,1.141160031473666e-09
1.865811605352769e-02,1.139680406629659e-09
1.878591136896281e-02,1.138212455366256e-09
1.891370668439793e-02,1.136755998773831e-09
1.904150199983305e-02,1.135310857942760e-09
1.916929731526817e-02,1.133876859597304e-09
1.929709263070329e-02,1.132453852996217e-09
1.942488794613842e-02,1.131041693031612e-09
1.955268326157353e-02,1.129640234595601e-09
1.968047857700866e-02,1.128249332580297e-09
1.980827389244378e-02,1.126868841877812e-09
1.993606920787890e-02,1.125498617380258e-09
2.006386452331402e-02,1.124138513979748e-09
2.019165983874914e-02,1.122788386568395e-09
2.031945515418426e-02,1.121448090038310e-09
2.044725046961939e-02,1.120117483718618e-09
2.057504578505450e-02,1.118796444688507e-09
2.070284110048963e-02,1.117484854465185e-09
2.083063641592475e-02,1.116182594565864e-09
2.095843173135987e-02,1.114889546507751e-09
2.108622704679499e-02,1.113605591808057e-09
2.121402236223011e-02,1.112330611983990e-09
2.134181767766523e-02,1.111064488552760e-09
2.146961299310035e-02,1.109807103031575e-09
2.159740830853547e-02,1.108558336937647e-09
2.172520362397060e-02,1.107318074996482e-09
2.185299893940572e-02,1.106086214767298e-09
2.198079425484084e-02,1.104862657017863e-09
2.210858957027596e-02,1.103647302515948e-09
2.223638488571108e-02,1.102440052029322e-09
2.236418020114620e-02,1.101240806325757e-09
2.249197551658132e-02,1.100049466173021e-09
2.261977083201644e-02,1.098865932338884e-09
2.274756614745157e-02,1.097690105591117e-09
2.287536146288669e-02,1.096521886697490e-09
2.300315677832181e-02,1.095361179217884e-09
2.313095209375693e-02,1.094207897880244e-09
2.325874740919205e-02,1.093061960204435e-09
2.338654272462717e-02,1.091923283710322e-09
2.351433804006229e-02,1.090791785917770e-09
2.364213335549741e-02,1.089667384346644e-09
2.376992867093253e-02,1.088549996516809e-09
2.389772398636766e-02,1.087439539948130e-09
2.402551930180278e-02,1.086335932160472e-09
2.415331461723790e-02,1.085239090673699e-09
2.428110993267302e-02,1.084148935048754e-09
2.440890524810814e-02,1.083065393009995e-09
2.453670056354326e-02,1.081988394322417e-09
2.466449587897838e-02,1.080917868751013e-09
2.479229119441350e-02,1.079853746060777e-09
2.492008650984863e-02,1.078795956016703e-09
2.504788182528375e-02,1.077744428383785e-09
2.517567714071887e-02,1.076699092927015e-09
2.530347245615399e-02,1.075659879411388e-09
2.543126777158911e-02,1.074626717601898e-09
2.555906308702423e-02,1.073599539029143e-09
2.568685840245935e-02,1.072578282286508e-09
2.581465371789447e-02,1.071562887733169e-09
2.594244903332960e-02,1.070553295728300e-09
2.607024434876471e-02,1.069549446631078e-09
2.619803966419984e-02,1.068551280800677e-09
2.632583497963496e-02,1.067558738596272e-09
2.645363029507008e-02,1.066571760377038e-09
2.658142561050520e-02,1.065590286502151e-09
2.670922092594032e-02,1.064614257330786e-09
2.683701624137544e-02,1.063643614531579e-09
2.696481155681056e-02,1.062678305010897e-09
2.709260687224568e-02,1.061718276984513e-09
2.722040218768081e-02,1.060763478668197e-09
2.734819750311593e-02,1.059813858277723e-09
2.747599281855105e-02,1.058869364028862e-09
2.760378813398617e-02,1.057929944137385e-09
2.773158344942129e-02,1.056995546819064e-09
2.785937876485641e-02,1.056066120289672e-09
2.798717408029153e-02,1.055141612764979e-09
2.811496939572665e-02,1.054221973741076e-09
2.824276471116178e-02,1.053307157834830e-09
2.837056002659689e-02,1.052397120943182e-09
2.849835534203202e-02,1.051491818963072e-09
2.862615065746714e-02,1.050591207791440e-09
2.875394597290226e-02,1.049695243325226e-09
2.888174128833738e-02,1.048803881461371e-09
2.900953660377250e-02,1.047917078096814e-09
2.913733191920762e-02,1.047034789128497e-09
2.926512723464274e-02,1.046156970453360e-09
2.939292255007787e-02,1.045283578762247e-09
2.952071786551299e-02,1.044414573921826e-09
2.964851318094811e-02,1.043549916592774e-09
2.977630849638323e-02,1.042689567435766e-09
2.990410381181835e-02,1.041833487111479e-09
3.003189912725347e-02,1.040981636280587e-09
3.015969444268859e-02,1.040133975603768e-09
3.028748975812371e-02,1.039290465741696e-09
3.041528507355883e-02,1.038451067355048e-09
3.054308038899396e-02,1.037615741104499e-09
3.067087570442908e-02,1.036784448615392e-09
3.079867101986420e-02,1.035957155371697e-09
3.092646633529932e-02,1.035133827822032e-09
3.105426165073444e-02,1.034314432415018e-09
3.118205696616956e-02,1.033498935599272e-09
3.130985228160468e-02,1.032687303823413e-09
3.143764759703981e-02,1.031879503536061e-09
3.156544291247493e-02,1.031075501185834e-09
3.169323822791005e-02,1.030275263221351e-09
3.182103354334517e-02,1.029478756091231e-09
3.194882885878029e-02,1.028685946764726e-09
3.207662417421541e-02,1.027896804293441e-09
3.220441948965053e-02,1.027111298249531e-09
3.233221480508566e-02,1.026329398205148e-09
3.246001012052077e-02,1.025551073732444e-09
3.258780543595589e-02,1.024776294403573e-09
3.271560075139102e-02,1.024005029790687e-09
3.284339606682614e-02,1.023237249465939e-09
3.297119138226126e-02,1.022472923001481e-09
3.309898669769638e-02,1.021712019969468e-09
3.322678201313150e-02,1.020954510639760e-09
3.335457732856662e-02,1.020200368073270e-09
3.348237264400174e-02,1.019449566028730e-09
3.361016795943687e-02,1.018702078264870e-09
3.373796327487198e-02,1.017957878540420e-09
3.386575859030710e-02,1.017216940614112e-09
3.399355390574223e-02,1.016479238244675e-09
3.412134922117735e-02,1.015744745190840e-09
3.424914453661247e-02,1.015013435211338e-09
3.437693985204759e-02,1.014285282064900e-09
3.450473516748271e-02,1.013560259912859e-09
3.463253048291783e-02,1.012838344526966e-09
3.476032579835295e-02,1.012119512081580e-09
3.488812111378808e-02,1.011403738751058e-09
3.501591642922319e-02,1.010691000709756e-09
3.514371174465832e-02,1.009981274132034e-09
3.527150706009344e-02,1.009274535192249e-09
3.539930237552856e-02,1.008570760064756e-09
3.552709769096368e-02,1.007869924923916e-09
3.565489300639881e-02,1.007172005944085e-09
3.578268832183392e-02,1.006476979763773e-09
3.591048363726904e-02,1.005784824877972e-09
3.603827895270417e-02,1.005095520245762e-09
3.616607426813929e-02,1.004409044826220e-09
3.629386958357441e-02,1.003725377578428e-09
3.642166489900953e-02,1.003044497461462e-09
3.654946021444465e-02,1.002366383434404e-09
3.667725552987977e-02,1.001691014456331e-09
3.680505084531489e-02,1.001018369486323e-09
3.693284616075002e-02,1.000348427483458e-09
3.706064147618514e-02,9.996811677537826e-10
3.718843679162025e-02,9.990165709913259e-10
3.731623210705538e-02,9.983546182371469e-10
3.744402742249050e-02,9.976952905323045e-10
3.757182273792562e-02,9.970385689178572e-10
3.769961805336074e-02,9.963844344348638e-10
3.782741336879586e-02,9.957328681243833e-10
3.795520868423098e-02,9.950838510274737e-10
3.808300399966610e-02,9.944373641851943e-10
3.821079931510123e-02,9.937933886386033e-10
3.833859463053635e-02,9.931519057401876e-10
3.846638994597146e-02,9.925128980881637e-10
3.859418526140659e-02,9.918763485921859e-10
3.872198057684171e-02,9.912422401619091e-10
3.884977589227683e-02,9.906105557069876e-10
3.897757120771195e-02,9.899812781370760e-10
3.910536652314707e-02,9.893543903618287e-10
3.923316183858219e-02,9.887298752909001e-10
3.936095715401731e-02,9.881077158339450e-10
3.948875246945244e-02,9.874878949006175e-10
3.961654778488756e-02,9.868703957021201e-10
3.974434310032268e-02,9.862552026557750e-10
3.987213841575780e-02,9.856423004804178e-10
3.999993373119292e-02,9.850316738948834e-10
4.012772904662804e-02,9.844233076180069e-10
4.025552436206317e-02,9.838171863686239e-10
4.038331967749829e-02,9.832132948655694e-10
4.051111499293340e-02,9.826116178276785e-10
4.063891030836853e-02,9.820121399737865e-10
4.076670562380365e-02,9.814148460227284e-10
4.089450093923877e-02,9.808197208745846e-10
4.102229625467389e-02,9.802267501544886e-10
4.115009157010902e-02,9.796359196688564e-10
4.127788688554413e-02,9.790472152241036e-10
4.140568220097925e-02,9.784606226266463e-10
4.153347751641438e-02,9.778761276829003e-10
4.166127283184950e-02,9.772937161992813e-10
4.178906814728462e-02,9.767133739822054e-10
4.191686346271974e-02,9.761350868380882e-10
4.204465877815486e-02,9.755588405733459e-10
4.217245409358998e-02,9.749846212927929e-10
4.230024940902510e-02,9.744124162948752e-10
4.242804472446023e-02,9.738422131764543e-10
4.255584003989534e-02,9.732739995343928e-10
4.268363535533046e-02,9.727077629655515e-10
4.281143067076559e-02,9.721434910667931e-10
4.293922598620071e-02,9.715811714349788e-10
4.306702130163583e-02,9.710207916669708e-10
4.319481661707095e-02,9.704623393596307e-10
4.332261193250607e-02,9.699058021098204e-10
4.345040724794119e-02,9.693511676352943e-10
4.357820256337631e-02,9.687984241373529e-10
4.370599787881144e-02,9.682475599381789e-10
4.383379319424656e-02,9.676985633599544e-10
4.396158850968167e-02,9.671514227248620e-10
4.408938382511680e-02,9.666061263550838e-10
4.421717914055192e-02,9.660626625728021e-10
4.434497445598704e-02,9.655210197001993e-10
4.447276977142216e-02,9.649811860594578e-10
4.460056508685728e-02,9.644431499727599e-10
4.472836040229240e-02,9.639068999575835e-10
4.485615571772752e-02,9.633724253126800e-10
4.498395103316265e-02,9.628397155321408e-10
4.511174634859777e-02,9.623087601100587e-10
4.523954166403289e-02,9.617795485405252e-10
4.536733697946801e-02,9.612520703176323e-10
4.549513229490313e-02,9.607263149354719e-10
4.562292761033825e-02,9.602022718881361e-10
4.575072292577338e-02,9.596799306697169e-10
4.587851824120850e-02,9.591592807743063e-10
4.600631355664361e-02,9.586403118398534e-10
4.613410887207874e-02,9.581230140797619e-10
4.626190418751386e-02,9.576073778513041e-10
4.638969950294898e-02,9.570933935117530e-10
4.651749481838410e-02,9.565810514183812e-10
4.664529013381922e-02,9.560703419284612e-10
4.677308544925434e-02,9.555612553992657e-10
4.690088076468946e-02,9.550537821880675e-10
4.702867608012459e-02,9.545479126521389e-10
4.715647139555971e-02,9.540436371487531e-10
4.728426671099482e-02,9.535409461611254e-10
4.741206202642995e-02,9.530398306762248e-10
4.753985734186507e-02,9.525402818069563e-10
4.766765265730019e-02,9.520422906662239e-10
4.779544797273531e-02,9.515458483669317e-10
4.792324328817044e-02,9.510509460219836e-10
4.805103860360555e-02,9.505575747442841e-10
4.817883391904067e-02,9.500657256467375e-10
4.830662923447580e-02,9.495753898422474e-10
4.843442454991092e-02,9.490865584437187e-10
4.856221986534604e-02,9.485992226783118e-10
4.869001518078116e-02,9.481133742301672e-10
4.881781049621628e-02,9.476290048976573e-10
4.894560581165140e-02,9.471461064791539e-10
4.907340112708652e-02,9.466646707730303e-10
4.920119644252165e-02,9.461846895776585e-10
4.932899175795677e-02,9.457061546914109e-10
4.945678707339188e-02,9.452290579126604e-10
4.958458238882701e-02,9.447533910397789e-10
4.971237770426213e-02,9.442791458711393e-10
4.984017301969725e-02,9.438063145528302e-10
4.996796833513237e-02,9.433348906218822e-10
5.000000000000000e-02,9.432169489352271e-10
5.009576365056749e-02,9.428648678236104e-10
5.022355896600261e-02,9.423962386868065e-10
5.035135428143774e-02,9.419289951127652e-10
5.047914959687286e-02,9.414631289975630e-10
5.060694491230798e-02,9.409986322372753e-10
5.073474022774310e-02,9.405354967279779e-10
5.086253554317822e-02,9.400737143657466e-10
5.099033085861334e-02,9.396132770466572e-10
5.111812617404846e-02,9.391541768932970e-10
5.124592148948359e-02,9.386964069342794e-10
5.137371680491870e-02,9.382399604247205e-10
5.150151212035382e-02,9.377848306197362e-10
5.162930743578895e-02,9.373310107744423e-10
5.175710275122407e-02,9.368784941439549e-10
5.188489806665919e-02,9.364272739833899e-10
5.201269338209431e-02,9.359773435478629e-10
5.214048869752943e-02,9.355286960924902e-10
5.226828401296455e-02,9.350813248723874e-10
5.239607932839967e-02,9.346352232013559e-10
5.252387464383480e-02,9.341903846279160e-10
5.265166995926992e-02,9.337468027592626e-10
5.277946527470503e-02,9.333044712025905e-10
5.290726059014016e-02,9.328633835650947e-10
5.303505590557528e-02,9.324235334539696e-10
5.316285122101040e-02,9.319849144764098e-10
5.329064653644552e-02,9.315475202396105e-10
5.341844185188065e-02,9.311113443507665e-10
5.354623716731576e-02,9.306763804170726e-10
5.367403248275088e-02,9.302426220800985e-10
5.380182779818601e-02,9.298100631189255e-10
5.392962311362113e-02,9.293786973470144e-10
5.405741842905625e-02,9.289485185778262e-10
5.418521374449137e-02,9.285195206248215e-10
5.431300905992649e-02,9.280916973014615e-10
5.444080437536161e-02,9.276650424212069e-10
5.456859969079673e-02,9.272395497975185e-10
5.469639500623186e-02,9.268152132438575e-10
5.482419032166697e-02,9.263920265736846e-10
5.495198563710210e-02,9.259699837524465e-10
5.507978095253722e-02,9.255490793535293e-10
5.520757626797234e-02,9.251293081023026e-10
5.533537158340746e-02,9.247106647241358e-10
5.546316689884258e-02,9.242931439443986e-10
5.559096221427770e-02,9.238767404884606e-10
5.571875752971282e-02,9.234614490816912e-10
5.584655284514795e-02,9.230472644494600e-10
5.597434816058307e-02,9.226341813171366e-10
5.610214347601819e-02,9.222221944100908e-10
5.622993879145331e-02,9.218112984229816e-10
5.635773410688843e-02,9.214014879276377e-10
5.648552942232355e-02,9.209927574651821e-10
5.661332473775867e-02,9.205851015767385e-10
5.674112005319380e-02,9.201785148034297e-10
5.686891536862891e-02,9.197729916863791e-10
5.699671068406403e-02,9.193685267667101e-10
5.712450599949916e-02,9.189651145855457e-10
5.725230131493428e-02,9.185627496840096e-10
5.738009663036940e-02,9.181614266032247e-10
5.750789194580452e-02,9.177611400162658e-10
5.763568726123964e-02,9.173618851240556e-10
5.776348257667476e-02,9.169636572594888e-10
5.789127789210988e-02,9.165664517554608e-10
5.801907320754501e-02,9.161702639448662e-10
5.814686852298013e-02,9.157750891605999e-10
5.827466383841524e-02,9.153809227355573e-10
5.840245915385037e-02,9.149877600026328e-10
5.853025446928549e-02,9.145955962947218e-10
5.865804978472061e-02,9.142044269447191e-10
5.878584510015573e-02,9.138142473217565e-10
5.891364041559085e-02,9.134250529399133e-10
5.904143573102597e-02,9.130368393495064e-10
5.916923104646109e-02,9.126496021008525e-10
5.929702636189622e-02,9.122633367442681e-10
5.942482167733134e-02,9.118780388300699e-10
5.955261699276646e-02,9.114937039085746e-10
5.968041230820158e-02,9.111103275300989e-10
5.980820762363670e-02,9.107279052449594e-10
5.993600293907182e-02,9.103464326034727e-10
6.006379825450694e-02,9.099659051931032e-10
6.019159356994207e-02,9.095863187498957e-10
6.031938888537718e-02,9.092076690470370e-10
6.044718420081231e-02,9.088299518577143e-10
6.057497951624743e-02,9.084531629551150e-10
6.070277483168255e-02,9.080772981124258e-10
6.083057014711767e-02,9.077023531028343e-10
6.095836546255279e-02,9.073283236995273e-10
6.108616077798791e-02,9.069552056756920e-10
6.121395609342303e-02,9.065829948045155e-10
6.134175140885816e-02,9.062116868910241e-10
6.146954672429328e-02,9.058412778676119e-10
6.159734203972840e-02,9.054717636985174e-10
6.172513735516352e-02,9.051031403479798e-10
6.185293267059864e-02,9.047354037802379e-10
6.198072798603376e-02,9.043685499595307e-10
6.210852330146888e-02,9.040025748500971e-10
6.223631861690401e-02,9.036374744161757e-10
6.236411393233912e-02,9.032732446220057e-10
6.249190924777424e-02,9.029098814318260e-10
6.261970456320937e-02,9.025473809015741e-10
6.274749987864449e-02,9.021857394539898e-10
6.287529519407961e-02,9.018249536035153e-10
6.300309050951473e-02,9.014650198645919e-10
6.313088582494986e-02,9.011059347516619e-10
6.325868114038498e-02,9.007476947791666e-10
6.338647645582010e-02,9.003902964615484e-10
6.351427177125522e-02,9.000337363132488e-10
6.364206708669033e-02,8.996780108487098e-10
6.376986240212545e-02,8.993231165823731e-10
6.389765771756058e-02,8.989690499922654e-10
6.402545303299570e-02,8.986158074107612e-10
6.415324834843082e-02,8.982633851338239e-10
6.428104366386594e-02,8.979117794574169e-10
6.440883897930107e-02,8.975609866775038e-10
6.453663429473619e-02,8.972110030900476e-10
6.466442961017131e-02,8.968618249910122e-10
6.479222492560642e-02,8.965134486763605e-10
6.492002024104154e-02,8.961658704420562e-10
6.504781555647667e-02,8.958190865840628e-10
6.517561087191179e-02,8.954730935104916e-10
6.530340618734691e-02,8.951278880780921e-10
6.543120150278203e-02,8.947834672557858e-10
6.555899681821716e-02,8.944398280124935e-10
6.568679213365228e-02,8.940969673171367e-10
6.581458744908740e-02,8.937548821386362e-10
6.594238276452252e-02,8.934135694459133e-10
6.607017807995763e-02,8.930730262078891e-10
6.619797339539275e-02,8.927332493934847e-10
6.632576871082788e-02,8.923942359716212e-10
6.645356402626300e-02,8.920559828693535e-10
6.658135934169812e-02,8.917184868462667e-10
6.670915465713324e-02,8.913817446200761e-10
6.683694997256837e-02,8.910457529084987e-10
6.696474528800349e-02,8.907105084292500e-10
6.709254060343861e-02,8.903760079000463e-10
6.722033591887373e-02,8.900422480386034e-10
6.734813123430886e-02,8.897092255626376e-10
6.747592654974396e-02,8.893769371898649e-10
6.760372186517909e-02,8.890453796380013e-10
6.773151718061421e-02,8.887145497297597e-10
6.785931249604933e-02,8.883844447078220e-10
6.798710781148445e-02,8.880550619198571e-10
6.811490312691958e-02,8.877263987135347e-10
6.824269844235470e-02,8.873984524365242e-10
6.837049375778982e-02,8.870712204364945e-10
6.849828907322494e-02,8.867447000611152e-10
6.862608438866007e-02,8.864188886580557e-10
6.875387970409517e-02,8.860937835749855e-10
6.888167501953030e-02,8.857693821595732e-10
6.900947033496542e-02,8.854456817169093e-10
6.913726565040054e-02,8.851226793817441e-10
6.926506096583566e-02,8.848003722462392e-10
6.939285628127079e-02,8.844787574025561e-10
6.952065159670591e-02,8.841578319428558e-10
6.964844691214103e-02,8.838375929592997e-10
6.977624222757615e-02,8.835180375440491e-10
6.990403754301128e-02,8.831991627892652e-10
7.003183285844640e-02,8.828809657871095e-10
7.015962817388151e-02,8.825634436297433e-10
7.028742348931663e-02,8.822465934705739e-10
7.041521880475175e-02,8.819304127080039e-10
7.054301412018688e-02,8.816148988016871e-10
7.067080943562200e-02,8.813000492112777e-10
7.079860475105712e-02,8.809858613964293e-10
7.092640006649224e-02,8.806723328167963e-10
7.105419538192737e-02,8.803594609320321e-10
7.118199069736249e-02,8.800472432017910e-10
7.130978601279761e-02,8.797356770857268e-10
7.152277820518949e-02,8.792178413574186e-10
7.173577039758135e-02,8.787017970118447e-10
7.194876258997322e-02,8.781875330918226e-10
7.216175478236508e-02,8.776750388009096e-10
7.237474697475696e-02,8.771643033426637e-10
7.258773916714882e-02,8.766553159206424e-10
7.280073135954070e-02,8.761480657384035e-10
7.301372355193256e-02,8.756425419995047e-10
7.322671574432443e-02,8.751387339075040e-10
7.343970793671629e-02,8.746366306659586e-10
7.365270012910817e-02,8.741362214784265e-10
7.386569232150003e-02,8.736374956475198e-10
7.407868451389191e-02,8.731404428720660e-10
7.429167670628377e-02,8.726450529499473e-10
7.450466889867564e-02,8.721513156790451e-10
7.471766109106751e-02,8.716592208572416e-10
7.493065328345938e-02,8.711687582824182e-10
7.514364547585124e-02,8.706799177524570e-10
7.535663766824312e-02,8.701926890652396e-10
7.556962986063498e-02,8.697070620186480e-10
7.578262205302685e-02,8.692230264105637e-10
7.599561424541872e-02,8.687405721870656e-10
7.620860643781059e-02,8.682596898870042e-10
7.642159863020245e-02,8.677803701974180e-10
7.663459082259433e-02,8.673026038053457e-10
7.684758301498619e-02,8.668263813978259e-10
7.706057520737807e-02,8.663516936618975e-10
7.727356739976993e-02,8.658785312845995e-10
7.748655959216180e-02,8.654068849529700e-10
7.769955178455366e-02,8.649367453540482e-10
7.791254397694554e-02,8.644681031748726e-10
7.812553616933740e-02,8.640009493046969e-10
7.833852836172928e-02,8.635352754415901e-10
7.855152055412114e-02,8.630710734858129e-10
7.876451274651301e-02,8.626083353376268e-10
7.897750493890487e-02,8.621470528972926e-10
7.919049713129675e-02,8.616872180650716e-10
7.940348932368861e-02,8.612288227412248e-10
7.961648151608049e-02,8.607718588260131e-10
7.982947370847235e-02,8.603163182196979e-10
8.004246590086422e-02,8.598621928225402e-10
8.025545809325609e-02,8.594094745540977e-10
8.046845028564796e-02,8.589581554111184e-10
8.068144247803982e-02,8.585082274096496e-10
8.089443467043170e-02,8.580596825657381e-10
8.110742686282357e-02,8.576125128954311e-10
8.132041905521543e-02,8.571667104147753e-10
8.153341124760730e-02,8.567222671398182e-10
8.174640343999917e-02,8.562791750866063e-10
8.195939563239105e-02,8.558374262711870e-10
8.217238782478291e-02,8.553970127096071e-10
8.238538001717477e-02,8.549579265789974e-10
8.259837220956665e-02,8.545201607008444e-10
8.281136440195852e-02,8.540837080577277e-10
8.302435659435038e-02,8.536485616322274e-10
8.323734878674224e-02,8.532147144069234e-10
8.345034097913412e-02,8.527821593643956e-10
8.366333317152599e-02,8.523508894872240e-10
8.387632536391786e-02,8.519208977579882e-10
8.408931755630973e-02,8.514921771592686e-10
8.430230974870159e-02,8.510647206736447e-10
8.451530194109347e-02,8.506385213345193e-10
8.472829413348533e-02,8.502135723785848e-10
8.494128632587720e-02,8.497898670933572e-10
8.515427851826907e-02,8.493673987663519e-10
8.536727071066094e-02,8.489461606850846e-10
8.558026290305280e-02,8.485261461370711e-10
8.579325509544468e-02,8.481073484098271e-10
8.600624728783654e-02,8.476897607908681e-10
8.621923948022842e-02,8.472733765677098e-10
8.643223167262028e-02,8.468581890278679e-10
8.664522386501215e-02,8.464441915927953e-10
8.685821605740401e-02,8.460313782196814e-10
8.707120824979589e-02,8.456197429996468e-10
8.728420044218775e-02,8.452092800238117e-10
8.749719263457963e-02,8.447999833832963e-10
8.771018482697149e-02,8.443918471692216e-10
8.792317701936336e-02,8.439848654727075e-10
8.813616921175522e-02,8.435790323848747e-10
8.834916140414710e-02,8.431743419968434e-10
8.856215359653896e-02,8.427707883997340e-10
8.877514578893084e-02,8.423683656976124e-10
8.898813798132270e-02,8.419670680463238e-10
8.920113017371457e-02,8.415668896146568e-10
8.941412236610644e-02,8.411678245714006e-10
8.962711455849831e-02,8.407698670853445e-10
8.984010675089017e-02,8.403730113252772e-10
9.005309894328205e-02,8.399772514599877e-10
9.026609113567391e-02,8.395825816582655e-10
9.047908332806578e-02,8.391889960888994e-10
9.069207552045766e-02,8.387964889206782e-10
9.090506771284952e-02,8.384050544246990e-10
9.111805990524138e-02,8.380146872813141e-10
9.133105209763326e-02,8.376253822731970e-10
9.154404429002513e-02,8.372371341830208e-10
9.175703648241700e-02,8.368499377934585e-10
9.197002867480886e-02,8.364637878871837e-10
9.218302086720073e-02,8.360786792468693e-10
9.239601305959261e-02,8.356946066551888e-10
9.260900525198447e-02,8.353115648948152e-10
9.282199744437633e-02,8.349295487484219e-10
9.303498963676821e-02,8.345485530760348e-10
9.324798182916008e-02,8.341685730471042e-10
9.346097402155194e-02,8.337896039084384e-10
9.367396621394380e-02,8.334116409068458e-10
9.388695840633568e-02,8.330346792891350e-10
9.409995059872756e-02,8.326587143021142e-10
9.431294279111942e-02,8.322837411925921e-10
9.452593498351128e-02,8.319097552073773e-10
9.473892717590315e-02,8.315367515932780e-10
9.495191936829503e-02,8.311647255971028e-10
9.516491156068689e-02,8.307936724702393e-10
9.537790375307875e-02,8.304235874823914e-10
9.559089594547063e-02,8.300544659078424e-10
9.580388813786250e-02,8.296863030208755e-10
9.601688033025436e-02,8.293190940957738e-10
9.622987252264624e-02,8.289528344068206e-10
9.644286471503810e-02,8.285875192282991e-10
9.665585690742998e-02,8.282231438344921e-10
9.686884909982184e-02,8.278597034996833e-10
9.708184129221371e-02,8.274971934981557e-10
9.729483348460558e-02,8.271356092221886e-10
9.750782567699745e-02,8.267749465360373e-10
9.772081786938931e-02,8.264152014219491e-10
9.793381006178119e-02,8.260563698621710e-10
9.814680225417305e-02,8.256984478389504e-10
9.835979444656492e-02,8.253414313345342e-10
9.857278663895679e-02,8.249853163311696e-10
9.878577883134866e-02,8.246300988111040e-10
9.899877102374052e-02,8.242757747565843e-10
9.921176321613240e-02,8.239223401498578e-10
9.942475540852426e-02,8.235697909200134e-10
9.963774760091614e-02,8.232181227835171e-10
9.985073979330800e-02,8.228673314036815e-10
1.000637319857000e-01,8.225174124438187e-10
1.002767241780920e-01,8.221683615672416e-10
1.004897163704840e-01,8.218201744372627e-10
1.007027085628750e-01,8.214728467171963e-10
1.009157007552670e-01,8.211263740703513e-10
1.011286929476590e-01,8.207807521600422e-10
1.013416851400510e-01,8.204359766495815e-10
1.015546773324430e-01,8.200920433963579e-10
1.017676695248350e-01,8.197489490342274e-10
1.019806617172270e-01,8.194066903912042e-10
1.021936539096190e-01,8.190652642953014e-10
1.024066461020100e-01,8.187246675745347e-10
1.026196382944020e-01,8.183848970569143e-10
1.028326304867940e-01,8.180459495704557e-10
1.030456226791860e-01,8.177078219431724e-10
1.032586148715780e-01,8.173705110030781e-10
1.034716070639700e-01,8.170340135781868e-10
1.036845992563620e-01,8.166983263450197e-10
1.038975914487540e-01,8.163634453741908e-10
1.041105836411450e-01,8.160293665848530e-10
1.043235758335370e-01,8.156960858961552e-10
1.045365680259290e-01,8.153635992272504e-10
1.047495602183210e-01,8.150319024972907e-10
1.049625524107130e-01,8.147009916254275e-10
1.051755446031050e-01,8.143708625308127e-10
1.053885367954970e-01,8.140415111325979e-10
1.056015289878880e-01,8.137129333499366e-10
1.058145211802800e-01,8.133851253189823e-10
1.060275133726720e-01,8.130580840435602e-10
1.062405055650640e-01,8.127318067443223e-10
1.064534977574560e-01,8.124062906419201e-10
1.066664899498480e-01,8.120815329570052e-10
1.068794821422400e-01,8.117575309102295e-10
1.070924743346320e-01,8.114342817222446e-10
1.073054665270230e-01,8.111117826137038e-10
1.075184587194150e-01,8.107900308052558e-10
1.077314509118070e-01,8.104690235175535e-10
1.079444431041990e-01,8.101487578908377e-10
1.081574352965910e-01,8.098292307434806e-10
1.083704274889830e-01,8.095104388133321e-10
1.085834196813750e-01,8.091923788382418e-10
1.087964118737660e-01,8.088750475560616e-10
1.090094040661580e-01,8.085584417046377e-10
1.092223962585500e-01,8.082425580218217e-10
1.094353884509420e-01,8.079273932454637e-10
1.096483806433340e-01,8.076129441134131e-10
1.098613728357260e-01,8.072992073635200e-10
1.100743650281180e-01,8.069861797839305e-10
1.102873572205100e-01,8.066738583640536e-10
1.105003494129010e-01,8.063622401436341e-10
1.107133416052930e-01,8.060513221624129e-10
1.109263337976850e-01,8.057411014601354e-10
1.111393259900770e-01,8.054315750765451e-10
1.113523181824690e-01,8.051227400513858e-10
1.115653103748610e-01,8.048145934244010e-10
1.117783025672530e-01,8.045071322353345e-10
1.119912947596450e-01,8.042003535239300e-10
1.122042869520360e-01,8.038942544082174e-10
1.124172791444280e-01,8.035888323193837e-10
1.126302713368200e-01,8.032840847669162e-10
1.128432635292120e-01,8.029800092603013e-10
1.130562557216040e-01,8.026766033090249e-10
1.132692479139960e-01,8.023738644225734e-10
1.134822401063880e-01,8.020717901104327e-10
1.136952322987790e-01,8.017703778820904e-10
1.139082244911710e-01,8.014696252470296e-10
1.141212166835630e-01,8.011695297147383e-10
1.143342088759550e-01,8.008700887394514e-10
1.145472010683470e-01,8.005712995544538e-10
1.147601932607390e-01,8.002731593378048e-10
1.149731854531310e-01,7.999756652675643e-10
1.151861776455230e-01,7.996788145217919e-10
1.153991698379140e-01,7.993826042785489e-10
1.156121620303060e-01,7.990870317158919e-10
1.158251542226980e-01,7.987920940118820e-10
1.160381464150900e-01,7.984977883445792e-10
1.162511386074820e-01,7.982041118920429e-10
1.164641307998740e-01,7.979110619350292e-10
1.166771229922660e-01,7.976186361648552e-10
1.168901151846570e-01,7.973268323754243e-10
1.171031073770490e-01,7.970356483606355e-10
1.173160995694410e-01,7.967450819143918e-10
1.175290917618330e-01,7.964551308305955e-10
1.177420839542250e-01,7.961657929031480e-10
1.179550761466170e-01,7.958770659259513e-10
1.181680683390090e-01,7.955889476929074e-10
1.183810605314010e-01,7.953014359979177e-10
1.185940527237920e-01,7.950145286132637e-10
1.188070449161840e-01,7.947282232246843e-10
1.190200371085760e-01,7.944425174962771e-10
1.192330293009680e-01,7.941574090921379e-10
1.194460214933600e-01,7.938728956763624e-10
1.196590136857520e-01,7.935889749130464e-10
1.198720058781440e-01,7.933056444662859e-10
1.200849980705360e-01,7.930229020001765e-10
1.202979902629270e-01,7.927407451788157e-10
1.205109824553190e-01,7.924591716662964e-10
1.207239746477110e-01,7.921781791368185e-10
1.209369668401030e-01,7.918977653050013e-10
1.211499590324950e-01,7.916179278955714e-10
1.213629512248870e-01,7.913386646332560e-10
1.215759434172790e-01,7.910599732427813e-10
1.217889356096700e-01,7.907818514488758e-10
1.220019278020620e-01,7.905042969762637e-10
1.222149199944540e-01,7.902273075496730e-10
1.224279121868460e-01,7.899508808938307e-10
1.226409043792380e-01,7.896750147334634e-10
1.228538965716300e-01,7.893997068720845e-10
1.230668887640220e-01,7.891249554283333e-10
1.232798809564140e-01,7.888507585996263e-10
1.234928731488050e-01,7.885771145833808e-10
1.237058653411970e-01,7.883040215770106e-10
1.239188575335890e-01,7.880314777779333e-10
1.241318497259810e-01,7.877594813835651e-10
1.243448419183730e-01,7.874880305913220e-10
1.245578341107650e-01,7.872171235986204e-10
1.247708263031570e-01,7.869467586028766e-10
1.249838184955480e-01,7.866769337245668e-10
1.251968106879400e-01,7.864076467765123e-10
1.254098028803320e-01,7.861388954946535e-10
1.256227950727240e-01,7.858706776149301e-10
1.258357872651160e-01,7.856029908732814e-10
1.260487794575080e-01,7.853358330056468e-10
1.262617716499000e-01,7.850692017479657e-10
1.264747638422920e-01,7.848030948361777e-10
1.266877560346830e-01,7.845375100062233e-10
1.269007482270750e-01,7.842724449940397e-10
1.271137404194670e-01,7.840078976570847e-10
1.273267326118590e-01,7.837438663385539e-10
1.275397248042510e-01,7.834803495029958e-10
1.277527169966430e-01,7.832173456149585e-10
1.279657091890350e-01,7.829548531389901e-10
1.281787013814270e-01,7.826928705396389e-10
1.283916935738180e-01,7.824313962814539e-10
1.286046857662100e-01,7.821704288289811e-10
1.288176779586020e-01,7.819099666467700e-10
1.290306701509940e-01,7.816500081993684e-10
1.292436623433860e-01,7.813905518970862e-10
1.294566545357780e-01,7.811315959331874e-10
1.296696467281700e-01,7.808731384466518e-10
1.298826389205610e-01,7.806151775764606e-10
1.300956311129530e-01,7.803577114615913e-10
1.303086233053450e-01,7.801007382410252e-10
1.305216154977370e-01,7.798442560537417e-10
1.307346076901290e-01,7.795882630387211e-10
1.309475998825210e-01,7.793327573349432e-10
1.311605920749130e-01,7.790777370813879e-10
1.313735842673050e-01,7.788232004270223e-10
1.315865764596960e-01,7.785691455607681e-10
1.317995686520880e-01,7.783155706815324e-10
1.320125608444800e-01,7.780624739882264e-10
1.322255530368720e-01,7.778098536797598e-10
1.324385452292640e-01,7.775577079550424e-10
1.326515374216560e-01,7.773060350129840e-10
1.328645296140480e-01,7.770548330524946e-10
1.330775218064400e-01,7.768041002724835e-10
1.332905139988310e-01,7.765538348718622e-10
1.335035061912230e-01,7.763040351550848e-10
1.337164983836150e-01,7.760546998487146e-10
1.339294905760070e-01,7.758058277848193e-10
1.341424827683990e-01,7.755574177954661e-10
1.343554749607910e-01,7.753094687127226e-10
1.345684671531830e-01,7.750619793686563e-10
1.347814593455740e-01,7.748149485953358e-10
1.349944515379660e-01,7.745683752248262e-10
1.352074437303580e-01,7.743222580891961e-10
1.354204359227500e-01,7.740765960205132e-10
1.356334281151420e-01,7.738313877121242e-10
1.358464203075340e-01,7.735866313027747e-10
1.360594124999260e-01,7.733423247926299e-10
1.362724046923180e-01,7.730984661818553e-10
1.364853968847090e-01,7.728550534706170e-10
1.366983890771010e-01,7.726120846590782e-10
1.369113812694930e-01,7.723695577474051e-10
1.371243734618850e-01,7.721274707357632e-10
1.373373656542770e-01,7.718858216243177e-10
1.375503578466690e-01,7.716446084132338e-10
1.377633500390610e-01,7.714038292521929e-10
1.379763422314520e-01,7.711634828892976e-10
1.381893344238440e-01,7.709235682223405e-10
1.384023266162360e-01,7.706840841491181e-10
1.386153188086280e-01,7.704450295674252e-10
1.388283110010200e-01,7.702064033750573e-10
1.390413031934120e-01,7.699682044698092e-10
1.392542953858040e-01,7.697304317494761e-10
1.394672875781960e-01,7.694930841118530e-10
1.396802797705870e-01,7.692561604547363e-10
1.398932719629790e-01,7.690196596244274e-10
1.401062641553710e-01,7.687835802612058e-10
1.403192563477630e-01,7.685479209538296e-10
1.405322485401550e-01,7.683126802910565e-10
1.407452407325470e-01,7.680778568616445e-10
1.409582329249390e-01,7.678434492543513e-10
1.411712251173300e-01,7.676094560579358e-10
1.413842173097220e-01,7.673758758611538e-10
1.415972095021140e-01,7.671427072527640e-10
1.418102016945060e-01,7.669099488215245e-10
1.420231938868980e-01,7.666775991600621e-10
1.422361860792900e-01,7.664456568764805e-10
1.424491782716820e-01,7.662141205827525e-10
1.426621704640740e-01,7.659829888908502e-10
1.428751626564650e-01,7.657522604127480e-10
1.430881548488570e-01,7.655219337604159e-10
1.433011470412490e-01,7.652920075458277e-10
1.435141392336410e-01,7.650624803809559e-10
1.437271314260330e-01,7.648333508777734e-10
1.439401236184250e-01,7.646046176482528e-10
1.441531158108170e-01,7.643762793531872e-10
1.443661080032090e-01,7.641483348485885e-10
1.445791001956000e-01,7.639207830392581e-10
1.447920923879920e-01,7.636936228299933e-10
1.450050845803840e-01,7.634668531255957e-10
1.452180767727760e-01,7.632404728308651e-10
1.454310689651680e-01,7.630144808506018e-10
1.456440611575600e-01,7.627888760896056e-10
1.458570533499520e-01,7.625636574526766e-10
1.460700455423430e-01,7.623388238446158e-10
1.462830377347350e-01,7.621143741341217e-10
1.464960299271270e-01,7.618903070455888e-10
1.467090221195190e-01,7.616666212673576e-10
1.469220143119110e-01,7.614433154877681e-10
1.471350065043030e-01,7.612203883951612e-10
1.473479986966950e-01,7.609978386778767e-10
1.475609908890870e-01,7.607756650242549e-10
1.477739830814780e-01,7.605538661226375e-10
1.479869752738700e-01,7.603324406613624e-10
1.481999674662620e-01,7.601113873287712e-10
1.484129596586540e-01,7.598907048507921e-10
1.486259518510460e-01,7.596703921037748e-10
1.488389440434380e-01,7.594504480016909e-10
1.490519362358300e-01,7.592308714585130e-10
1.492649284282220e-01,7.590116613882130e-10
1.494779206206130e-01,7.587928167047637e-10
1.496909128130050e-01,7.585743363221352e-10
1.499039050053970e-01,7.583562191543007e-10
1.501168971977890e-01,7.581384641152321e-10
1.503298893901810e-01,7.579210701189016e-10
1.505428815825730e-01,7.577040360780348e-10
1.507558737749650e-01,7.574873609003705e-10
1.509688659673560e-01,7.572710434924019e-10
1.511818581597480e-01,7.570550827606192e-10
1.513948503521400e-01,7.568394776115155e-10
1.516078425445320e-01,7.566242269515830e-10
1.518208347369240e-01,7.564093296873138e-10
1.520338269293160e-01,7.561947847252000e-10
1.522468191217080e-01,7.559805909717339e-10
1.524598113141000e-01,7.557667473334074e-10
1.526728035064910e-01,7.555532527379102e-10
1.528857956988830e-01,7.553401061976998e-10
1.530987878912750e-01,7.551273067464266e-10
1.533117800836670e-01,7.549148534177400e-10
1.535247722760590e-01,7.547027452452889e-10
1.537377644684510e-01,7.544909812627229e-10
1.539507566608430e-01,7.542795605036911e-10
1.541637488532340e-01,7.540684820018437e-10
1.543767410456260e-01,7.538577447908283e-10
1.545897332380180e-01,7.536473479042948e-10
1.548027254304100e-01,7.534372903615270e-10
1.550157176228020e-01,7.532275711243733e-10
1.552287098151940e-01,7.530181891403295e-10
1.554417020075860e-01,7.528091433568919e-10
1.556546941999780e-01,7.526004327215566e-10
1.558676863923690e-01,7.523920561818204e-10
1.560806785847610e-01,7.521840126851780e-10
1.562936707771530e-01,7.519763011791260e-10
1.565066629695450e-01,7.517689206111607e-10
1.567196551619370e-01,7.515618699287782e-10
1.569326473543290e-01,7.513551480988495e-10
1.571456395467210e-01,7.511487541657951e-10
1.573586317391130e-01,7.509426871934351e-10
1.575716239315040e-01,7.507369462455901e-10
1.577846161238960e-01,7.505315303860786e-10
1.579976083162880e-01,7.503264386787210e-10
1.582106005086800e-01,7.501216701873376e-10
1.584235927010720e-01,7.499172239757480e-10
1.586365848934640e-01,7.497130991077726e-10
1.588495770858560e-01,7.495092946472311e-10
1.590625692782470e-01,7.493058096706531e-10
1.592755614706390e-01,7.491026433054151e-10
1.594885536630310e-01,7.488997946916141e-10
1.597015458554230e-01,7.486972629693456e-10
1.599145380478150e-01,7.484950472787052e-10
1.601275302402070e-01,7.482931467597882e-10
1.603405224325990e-01,7.480915605526905e-10
1.605535146249910e-01,7.478902877975077e-10
1.607665068173820e-01,7.476893276343361e-10
1.609794990097740e-01,7.474886792032695e-10
1.611924912021660e-01,7.472883416340751e-10
1.614054833945580e-01,7.470883140152002e-10
1.616184755869500e-01,7.468885954247626e-10
1.618314677793420e-01,7.466891849408797e-10
1.620444599717340e-01,7.464900816416695e-10
1.622574521641260e-01,7.462912846052496e-10
1.624704443565170e-01,7.460927929097385e-10
1.626834365489090e-01,7.458946056332522e-10
1.628964287413010e-01,7.456967218539093e-10
1.631094209336930e-01,7.454991406498275e-10
1.633224131260850e-01,7.453018611066872e-10
1.635354053184770e-01,7.451048823404131e-10
1.637483975108690e-01,7.449082034744875e-10
1.639613897032600e-01,7.447118236323943e-10
1.641743818956520e-01,7.445157419376144e-10
1.643873740880440e-01,7.443199575136315e-10
1.646003662804360e-01,7.441244694839281e-10
1.648133584728280e-01,7.439292769719871e-10
1.650263506652200e-01,7.437343791012914e-10
1.652393428576120e-01,7.435397749953236e-10
1.654523350500040e-01,7.433454638056209e-10
1.656653272423950e-01,7.431514447958710e-10
1.658783194347870e-01,7.429577172577800e-10
1.660913116271790e-01,7.427642804830564e-10
1.663043038195710e-01,7.425711337634075e-10
1.665172960119630e-01,7.423782763905412e-10
1.667302882043550e-01,7.421857076561649e-10
1.669432803967470e-01,7.419934268519861e-10
1.671562725891380e-01,7.418014332697136e-10
1.673692647815300e-01,7.416097262010528e-10
1.675822569739220e-01,7.414183049215875e-10
1.677952491663140e-01,7.412271686423683e-10
1.680082413587060e-01,7.410363165583050e-10
1.682212335510980e-01,7.408457478643071e-10
1.684342257434900e-01,7.406554617552844e-10
1.686472179358820e-01,7.404654574261467e-10
1.688602101282730e-01,7.402757340718047e-10
1.690732023206650e-01,7.400862908871660e-10
1.692861945130570e-01,7.398971270671414e-10
1.694991867054490e-01,7.397082418066407e-10
1.697121788978410e-01,7.395196343010358e-10
1.699251710902330e-01,7.393313037475491e-10
1.701381632826250e-01,7.391432493438657e-10
1.703511554750170e-01,7.389554702876701e-10
1.705641476674080e-01,7.387679657766486e-10
1.707771398598000e-01,7.385807350084839e-10
1.709901320521920e-01,7.383937771808619e-10
1.712031242445840e-01,7.382070914914676e-10
1.714161164369760e-01,7.380206771379859e-10
1.716291086293680e-01,7.378345333181016e-10
1.718421008217600e-01,7.376486592749848e-10
1.720550930141510e-01,7.374630544337249e-10
1.722680852065430e-01,7.372777182648827e-10
1.724810773989350e-01,7.370926502390219e-10
1.726940695913270e-01,7.369078498267048e-10
1.729070617837190e-01,7.367233164984943e-10
1.731200539761110e-01,7.365390497249529e-10
1.733330461685030e-01,7.363550489766429e-10
1.735460383608950e-01,7.361713137241275e-10
1.737590305532860e-01,7.359878434379696e-10
1.739720227456780e-01,7.358046375169744e-10
1.741850149380700e-01,7.356216950730480e-10
1.743980071304620e-01,7.354390151464013e-10
1.746109993228540e-01,7.352565967772452e-10
1.748239915152460e-01,7.350744390057910e-10
1.750369837076380e-01,7.348925408722495e-10
1.752499759000290e-01,7.347109014168326e-10
1.754629680924210e-01,7.345295196797495e-10
1.756759602848130e-01,7.343483947012120e-10
1.758889524772050e-01,7.341675255214313e-10
1.761019446695970e-01,7.339869112712694e-10
1.763149368619890e-01,7.338065514444364e-10
1.765279290543810e-01,7.336264456254150e-10
1.767409212467730e-01,7.334465933986878e-10
1.769539134391640e-01,7.332669943487385e-10
1.771669056315560e-01,7.330876480600480e-10
1.773798978239480e-01,7.329085541170998e-10
1.775928900163400e-01,7.327297121043766e-10
1.778058822087320e-01,7.325511216063611e-10
1.780188744011240e-01,7.323727822075361e-10
1.782318665935160e-01,7.321946934403318e-10
1.784448587859070e-01,7.320168546288953e-10
1.786578509782990e-01,7.318392650452817e-10
1.788708431706910e-01,7.316619239615479e-10
1.790838353630830e-01,7.314848306497503e-10
1.792968275554750e-01,7.313079843819455e-10
1.795098197478670e-01,7.311313844301901e-10
1.797228119402590e-01,7.309550300665401e-10
1.799358041326510e-01,7.307789205630522e-10
1.801487963250420e-01,7.306030551917836e-10
1.803617885174340e-01,7.304274332005683e-10
1.805747807098260e-01,7.302520537403551e-10
1.807877729022180e-01,7.300769159378684e-10
1.810007650946100e-01,7.299020189198330e-10
1.812137572870020e-01,7.297273618129733e-10
1.814267494793940e-01,7.295529437440139e-10
1.816397416717860e-01,7.293787638396796e-10
1.818527338641770e-01,7.292048212266957e-10
1.820657260565690e-01,7.290311150317853e-10
1.822787182489610e-01,7.288576443816737e-10
1.824917104413530e-01,7.286844086349725e-10
1.827047026337450e-01,7.285114080776035e-10
1.829176948261370e-01,7.283386432272565e-10
1.831306870185290e-01,7.281661146016210e-10
1.833436792109200e-01,7.279938227183876e-10
1.835566714033120e-01,7.278217680952442e-10
1.837696635957040e-01,7.276499512498814e-10
1.839826557880960e-01,7.274783726999890e-10
1.841956479804880e-01,7.273070329632564e-10
1.844086401728800e-01,7.271359325573735e-10
1.846216323652720e-01,7.269650712675726e-10
1.848346245576640e-01,7.267944459509146e-10
1.850476167500550e-01,7.266240527328329e-10
1.852606089424470e-01,7.264538877387578e-10
1.854736011348390e-01,7.262839470941226e-10
1.856865933272310e-01,7.261142269243595e-10
1.858995855196230e-01,7.259447233549005e-10
1.861125777120150e-01,7.257754325111783e-10
1.863255699044070e-01,7.256063505186248e-10
1.865385620967990e-01,7.254374735026723e-10
1.867515542891900e-01,7.252687999345067e-10
1.869645464815820e-01,7.251003376733326e-10
1.871775386739740e-01,7.249320969266155e-10
1.873905308663660e-01,7.247640879018207e-10
1.876035230587580e-01,7.245963208064128e-10
1.878165152511500e-01,7.244288058478569e-10
1.880295074435420e-01,7.242615532336181e-10
1.882424996359330e-01,7.240945731711616e-10
1.884554918283250e-01,7.239278758679515e-10
1.886684840207170e-01,7.237614715314529e-10
1.888814762131090e-01,7.235953621161040e-10
1.890944684055010e-01,7.234295165568043e-10
1.893074605978930e-01,7.232638955317103e-10
1.895204527902850e-01,7.230984597189786e-10
1.897334449826770e-01,7.229331697967656e-10
1.899464371750680e-01,7.227679864432293e-10
1.901594293674600e-01,7.226028703365244e-10
1.903724215598520e-01,7.224377821548081e-10
1.905854137522440e-01,7.222726825762373e-10
1.907984059446360e-01,7.221075322789685e-10
1.910113981370280e-01,7.219423224402372e-10
1.912243903294200e-01,7.217771662233798e-10
1.914373825218110e-01,7.216122072857052e-10
1.916503747142030e-01,7.214475892845205e-10
1.918633669065950e-01,7.212834558771342e-10
1.920763590989870e-01,7.211199507208547e-10
1.922893512913790e-01,7.209572174729904e-10
1.925023434837710e-01,7.207953997908496e-10
1.927153356761630e-01,7.206346413317403e-10
1.929283278685550e-01,7.204750857529710e-10
1.931413200609460e-01,7.203167630423456e-10
1.933543122533380e-01,7.201592486880838e-10
1.935673044457300e-01,7.200020045981058e-10
1.937802966381220e-01,7.198444926803300e-10
1.939932888305140e-01,7.196861748426754e-10
1.942062810229060e-01,7.195265129930606e-10
1.944192732152980e-01,7.193649690394044e-10
1.946322654076900e-01,7.192010048896255e-10
1.948452576000810e-01,7.190340824516436e-10
1.950582497924730e-01,7.188636636333761e-10
1.952712419848650e-01,7.186896344772887e-10
1.954842341772570e-01,7.185135763746216e-10
1.956972263696490e-01,7.183374942566628e-10
1.959102185620410e-01,7.181633930547007e-10
1.961232107544330e-01,7.179932777000235e-10
1.963362029468240e-01,7.178291531239207e-10
1.965491951392160e-01,7.176730242576789e-10
1.967621873316080e-01,7.175268960325872e-10
1.969751795240000e-01,7.173927733799338e-10
1.971881717163920e-01,7.172726612310074e-10
1.974011639087840e-01,7.171669835879778e-10
1.976141561011760e-01,7.170698382168288e-10
1.978271482935680e-01,7.169737406943173e-10
1.980401404859590e-01,7.168712065972012e-10
1.982531326783510e-01,7.167547515022364e-10
1.984661248707430e-01,7.166168909861810e-10
1.986791170631350e-01,7.164501406257916e-10
1.988921092555270e-01,7.162470159978260e-10
1.991051014479190e-01,7.160000326790411e-10
1.993180936403110e-01,7.157017062461938e-10
1.995310858327020e-01,7.153504541875163e-10
1.997440780250940e-01,7.149683037519081e-10
1.999570702174860e-01,7.145831851571849e-10
2.001700624098780e-01,7.142230286211613e-10
2.003830546022700e-01,7.139157643616512e-10
2.005960467946620e-01,7.136893225964691e-10
2.008090389870540e-01,7.135716335434291e-10
2.010220311794460e-01,7.135906274203456e-10
2.012350233718370e-01,7.137742344450316e-10
2.014480155642290e-01,7.141503848353028e-10
2.016610077566210e-01,7.147249756465616e-10
2.018739999490130e-01,7.154157906031093e-10
2.020869921414050e-01,7.161185899250496e-10
2.022999843337970e-01,7.167291338324858e-10
2.025129765261890e-01,7.171431825455212e-10
2.027259687185810e-01,7.172564962842597e-10
2.029389609109720e-01,7.169648352688069e-10
2.031519531033640e-01,7.161639597192644e-10
2.033649452957560e-01,7.147496298557358e-10
2.035779374881480e-01,7.126176058983247e-10
2.037909296805400e-01,7.097089466654130e-10
2.040039218729320e-01,7.061458097192281e-10
2.042169140653240e-01,7.020956034082654e-10
2.044299062577150e-01,6.977257360810383e-10
2.046428984501070e-01,6.932036160860015e-10
2.048558906424990e-01,6.886966517716675e-10
2.050688828348910e-01,6.843722514865313e-10
2.052818750272830e-01,6.803978235790872e-10
2.054948672196750e-01,6.769407763978300e-10
2.057078594120670e-01,6.741685182912528e-10
2.059208516044590e-01,6.722025662840588e-10
2.061338437968500e-01,6.709807671348109e-10
2.063468359892420e-01,6.703950237777714e-10
2.065598281816340e-01,6.703372391472211e-10
2.067728203740260e-01,6.706993161774336e-10
2.069858125664180e-01,6.713731578026817e-10
2.071988047588100e-01,6.722506669572394e-10
2.074117969512020e-01,6.732237465753793e-10
2.076247891435940e-01,6.741842995913752e-10
2.078377813359850e-01,6.750242289394968e-10
2.080507735283770e-01,6.756582740593173e-10
2.082637657207690e-01,6.760925444280440e-10
2.084767579131610e-01,6.763559980379991e-10
2.086897501055530e-01,6.764775928815047e-10
2.089027422979450e-01,6.764862869508831e-10
2.091157344903370e-01,6.764110382384565e-10
2.093287266827280e-01,6.762808047365475e-10
2.095417188751200e-01,6.761245444374770e-10
2.097547110675120e-01,6.759712153335676e-10
2.099677032599040e-01,6.758497754171417e-10
2.101806954522960e-01,6.757830618181099e-10
2.103936876446880e-01,6.757694293408888e-10
2.106066798370800e-01,6.758011124895469e-10
2.108196720294720e-01,6.758703457681527e-10
2.110326642218630e-01,6.759693636807742e-10
2.112456564142550e-01,6.760904007314803e-10
2.114586486066470e-01,6.762256914243393e-10
2.116716407990390e-01,6.763674702634197e-10
2.118846329914310e-01,6.765079717527897e-10
2.120976251838230e-01,6.766394303965178e-10
2.123106173762150e-01,6.767557213293929e-10
2.125236095686060e-01,6.768572798816739e-10
2.127366017609980e-01,6.769461808508431e-10
2.129495939533900e-01,6.770244990343810e-10
2.131625861457820e-01,6.770943092297685e-10
2.133755783381740e-01,6.771576862344867e-10
2.135885705305660e-01,6.772167048460167e-10
2.138015627229580e-01,6.772734398618394e-10
2.140145549153500e-01,6.773299660794360e-10
2.142275471077410e-01,6.773883582962871e-10
2.144405393001330e-01,6.774502516791447e-10
2.146535314925250e-01,6.775155240382579e-10
2.148665236849170e-01,6.775836141361609e-10
2.150795158773090e-01,6.776539607353886e-10
2.152925080697010e-01,6.777260025984756e-10
2.155055002620930e-01,6.777991784879562e-10
2.157184924544850e-01,6.778729271663652e-10
2.159314846468760e-01,6.779466873962369e-10
2.161444768392680e-01,6.780198979401063e-10
2.163574690316600e-01,6.780919975605079e-10
2.165704612240520e-01,6.781625426905548e-10
2.167834534164440e-01,6.782315606510268e-10
2.169964456088360e-01,6.782991965359800e-10
2.172094378012280e-01,6.783655954394711e-10
2.174224299936190e-01,6.784309024555561e-10
2.176354221860110e-01,6.784952626782924e-10
2.178484143784030e-01,6.785588212017357e-10
2.180614065707950e-01,6.786217231199429e-10
2.182743987631870e-01,6.786841135269700e-10
2.184873909555790e-01,6.787461375168737e-10
2.187003831479710e-01,6.788079086830071e-10
2.189133753403630e-01,6.788694145998565e-10
2.191263675327540e-01,6.789306113331776e-10
2.193393597251460e-01,6.789914549487273e-10
2.195523519175380e-01,6.790519015122613e-10
2.197653441099300e-01,6.791119070895358e-10
2.199783363023220e-01,6.791714277463069e-10
2.201913284947140e-01,6.792304195483308e-10
2.204043206871060e-01,6.792888385613636e-10
2.206173128794970e-01,6.793466408511610e-10
2.208303050718890e-01,6.794037910550711e-10
2.210432972642810e-01,6.794602880905883e-10
2.212562894566730e-01,6.795161394436889e-10
2.214692816490650e-01,6.795713526003494e-10
2.216822738414570e-01,6.796259350465462e-10
2.218952660338490e-01,6.796798942682558e-10
2.221082582262410e-01,6.797332377514548e-10
2.223212504186320e-01,6.797859729821193e-10
2.225342426110240e-01,6.798381074462263e-10
2.227472348034160e-01,6.798896486297521e-10
2.229602269958080e-01,6.799406017049401e-10
2.231732191882000e-01,6.799909625936373e-10
2.233862113805920e-01,6.800407249062248e-10
2.235992035729840e-01,6.800898822530840e-10
2.238121957653760e-01,6.801384282445962e-10
2.240251879577670e-01,6.801863564911423e-10
2.242381801501590e-01,6.802336606031039e-10
2.244511723425510e-01,6.802803341908622e-10
2.246641645349430e-01,6.803263708647983e-10
2.248771567273350e-01,6.803717642352936e-10
2.250901489197270e-01,6.804165086123130e-10
2.253031411121190e-01,6.804606011058620e-10
2.255161333045100e-01,6.805040395263835e-10
2.257291254969020e-01,6.805468216843204e-10
2.259421176892940e-01,6.805889453901152e-10
2.261551098816860e-01,6.806304084542107e-10
2.263681020740780e-01,6.806712086870497e-10
2.265810942664700e-01,6.807113438990749e-10
2.267940864588620e-01,6.807508119007289e-10
2.270070786512540e-01,6.807896105024546e-10
2.272200708436450e-01,6.808277373777659e-10
2.274330630360370e-01,6.808651896522975e-10
2.276460552284290e-01,6.809019643146734e-10
2.278590474208210e-01,6.809380583535169e-10
2.280720396132130e-01,6.809734687574517e-10
2.282850318056050e-01,6.810081925151015e-10
2.284980239979970e-01,6.810422266150899e-10
2.287110161903880e-01,6.810755680460405e-10
2.289240083827800e-01,6.811082137965772e-10
2.291370005751720e-01,6.811401608553233e-10
2.293499927675640e-01,6.811714063009767e-10
2.295629849599560e-01,6.812019475725268e-10
2.297759771523480e-01,6.812317821990359e-10
2.299889693447400e-01,6.812609077095660e-10
2.302019615371320e-01,6.812893216331796e-10
2.304149537295230e-01,6.813170214989383e-10
2.306279459219150e-01,6.813440048359047e-10
2.308409381143070e-01,6.813702691731408e-10
2.310539303066990e-01,6.813958120397087e-10
2.312669224990910e-01,6.814206309646705e-10
2.314799146914830e-01,6.814447234970567e-10
2.316929068838750e-01,6.814680872657456e-10
2.319058990762670e-01,6.814907199195708e-10
2.321188912686580e-01,6.815126191073663e-10
2.323318834610500e-01,6.815337824779658e-10
2.325448756534420e-01,6.815542076802034e-10
2.327578678458340e-01,6.815738923629129e-10
2.329708600382260e-01,6.815928341749278e-10
2.331838522306180e-01,6.816110307650823e-10
2.333968444230100e-01,6.816284797822101e-10
2.336098366154010e-01,6.816451789302092e-10
2.338228288077930e-01,6.816611261330988e-10
2.340358210001850e-01,6.816763193698929e-10
2.342488131925770e-01,6.816907566196055e-10
2.344618053849690e-01,6.817044358612509e-10
2.346747975773610e-01,6.817173550738433e-10
2.348877897697530e-01,6.817295122363971e-10
2.351007819621450e-01,6.817409053279262e-10
2.353137741545360e-01,6.817515323274451e-10
2.355267663469280e-01,6.817613912139677e-10
2.357397585393200e-01,6.817704799805310e-10
2.359527507317120e-01,6.817787966762889e-10
2.361657429241040e-01,6.817863393644308e-10
2.363787351164960e-01,6.817931061081469e-10
2.365917273088880e-01,6.817990949706267e-10
2.368047195012800e-01,6.818043040150599e-10
2.370177116936710e-01,6.818087313046363e-10
2.372307038860630e-01,6.818123749025455e-10
2.374436960784550e-01,6.818152328719775e-10
2.376566882708470e-01,6.818173032761218e-10
2.378696804632390e-01,6.818185842572220e-10
2.380826726556310e-01,6.818190742737883e-10
2.382956648480230e-01,6.818187718634110e-10
2.385086570404140e-01,6.818176755636801e-10
2.387216492328060e-01,6.818157839121857e-10
2.389346414251980e-01,6.818130954465183e-10
2.391476336175900e-01,6.818096087042677e-10
2.393606258099820e-01,6.818053222230242e-10
2.395736180023740e-01,6.818002345403779e-10
2.397866101947660e-01,6.817943441939190e-10
2.399996023871580e-01,6.817876497023070e-10
2.402125945795490e-01,6.817801495084885e-10
2.404255867719410e-01,6.817718420364855e-10
2.406385789643330e-01,6.817627257103196e-10
2.408515711567250e-01,6.817527989540124e-10
2.410645633491170e-01,6.817420601915856e-10
2.412775555415090e-01,6.817305078470608e-10
2.414905477339010e-01,6.817181403444597e-10
2.417035399262920e-01,6.817049561078039e-10
2.419165321186840e-01,6.816909535611150e-10
2.421295243110760e-01,6.816761312101563e-10
2.423425165034680e-01,6.816604878875088e-10
2.425555086958600e-01,6.816440225074212e-10
2.427685008882520e-01,6.816267339841422e-10
2.429814930806440e-01,6.816086212319204e-10
2.431944852730360e-01,6.815896831650045e-10
2.434074774654270e-01,6.815699186976433e-10
2.436204696578190e-01,6.815493267440854e-10
2.438334618502110e-01,6.815279062185793e-10
2.440464540426030e-01,6.815056560353737e-10
2.442594462349950e-01,6.814825751269485e-10
2.444724384273870e-01,6.814586624987543e-10
2.446854306197790e-01,6.814339171744965e-10
2.448984228121710e-01,6.814083381778803e-10
2.451114150045620e-01,6.813819245326114e-10
2.453244071969540e-01,6.813546752623948e-10
2.455373993893460e-01,6.813265893909358e-10
2.457503915817380e-01,6.812976659419400e-10
2.459633837741300e-01,6.812679039391127e-10
2.461763759665220e-01,6.812373024061591e-10
2.463893681589140e-01,6.812058603962291e-10
2.466023603513050e-01,6.811735770802895e-10
2.468153525436970e-01,6.811404516587714e-10
2.470283447360890e-01,6.811064833321059e-10
2.472413369284810e-01,6.810716713007244e-10
2.474543291208730e-01,6.810360147650578e-10
2.476673213132650e-01,6.809995129255377e-10
2.478803135056570e-01,6.809621649825948e-10
2.480933056980490e-01,6.809239701366606e-10
2.483062978904400e-01,6.808849275881663e-10
2.485192900828320e-01,6.808450365659252e-10
2.487322822752240e-01,6.808042964122834e-10
2.489452744676160e-01,6.807627064979713e-10
2.491582666600080e-01,6.807202661937193e-10
2.493712588524000e-01,6.806769748702575e-10
2.495842510447920e-01,6.806328318983162e-10
2.497972432371830e-01,6.805878366486258e-10
2.500102354295750e-01,6.805419884919160e-10
2.502232276219670e-01,6.804952867989175e-10
2.504362198143590e-01,6.804477309403606e-10
2.506492120067510e-01,6.803993203574361e-10
2.508622041991430e-01,6.803500547731000e-10
2.510751963915350e-01,6.802999339807298e-10
2.512881885839270e-01,6.802489577737030e-10
2.515011807763180e-01,6.801971259453971e-10
2.517141729687100e-01,6.801444382891891e-10
2.519271651611020e-01,6.800908945984568e-10
2.521401573534940e-01,6.800364946665775e-10
2.523531495458860e-01,6.799812382869286e-10
2.525661417382780e-01,6.799251252528878e-10
2.527791339306700e-01,6.798681553226585e-10
2.529921261230620e-01,6.798103281138329e-10
2.532051183154530e-01,6.797516432088705e-10
2.534181105078450e-01,6.796921001902303e-10
2.536311027002370e-01,6.796316986403723e-10
2.538440948926290e-01,6.795704381417560e-10
2.540570870850210e-01,6.795083182768406e-10
2.542700792774130e-01,6.794453386280859e-10
2.544830714698050e-01,6.793814987779514e-10
2.546960636621960e-01,6.793167983088969e-10
2.549090558545880e-01,6.792512368996837e-10
2.551220480469800e-01,6.791848146144814e-10
2.553350402393720e-01,6.791175316138603e-10
2.555480324317640e-01,6.790493880583908e-10
2.557610246241560e-01,6.789803841086432e-10
2.559740168165480e-01,6.789105199251878e-10
2.561870090089400e-01,6.788397956685951e-10
2.564000012013310e-01,6.787682114994355e-10
2.566129933937230e-01,6.786957675782789e-10
2.568259855861150e-01,6.786224640656959e-10
2.570389777785070e-01,6.785483010921961e-10
2.572519699708990e-01,6.784732786680223e-10
2.574649621632910e-01,6.783973967733442e-10
2.576779543556830e-01,6.783206553883315e-10
2.578909465480740e-01,6.782430544931548e-10
2.581039387404660e-01,6.781645940679827e-10
2.583169309328580e-01,6.780852740929855e-10
2.585299231252500e-01,6.780050945483332e-10
2.587429153176420e-01,6.779240554141953e-10
2.589559075100340e-01,6.778421566707419e-10
2.591688997024260e-01,6.777593983719289e-10
2.593818918948180e-01,6.776757808668273e-10
2.595948840872090e-01,6.775913045782789e-10
2.598078762796010e-01,6.775059699291243e-10
2.600208684719930e-01,6.774197773422054e-10
2.602338606643850e-01,6.773327272403637e-10
2.604468528567770e-01,6.772448200464407e-10
2.606598450491690e-01,6.771560561832780e-10
2.608728372415610e-01,6.770664360737170e-10
2.610858294339530e-01,6.769759601405993e-10
2.612988216263440e-01,6.768846288147312e-10
2.615118138187360e-01,6.767924425587630e-10
2.617248060111280e-01,6.766994018433041e-10
2.619377982035200e-01,6.766055071389638e-10
2.621507903959120e-01,6.765107589163507e-10
2.623637825883040e-01,6.764151576460743e-10
2.625767747806960e-01,6.763187037987432e-10
2.627897669730870e-01,6.762213978449672e-10
2.630027591654790e-01,6.761232402553544e-10
2.632157513578710e-01,6.760242315005140e-10
2.634287435502630e-01,6.759243720626370e-10
2.636417357426550e-01,6.758236624702722e-10
2.638547279350470e-01,6.757221032635661e-10
2.640677201274390e-01,6.756196949826651e-10
2.642807123198310e-01,6.755164381677157e-10
2.644937045122220e-01,6.754123333588648e-10
2.647066967046140e-01,6.753073810962578e-10
2.649196888970060e-01,6.752015819200419e-10
2.651326810893980e-01,6.750949363703634e-10
2.653456732817900e-01,6.749874449873688e-10
2.655586654741820e-01,6.748791083851623e-10
2.657716576665740e-01,6.747699274737916e-10
2.659846498589660e-01,6.746599032373171e-10
2.661976420513570e-01,6.745490366598005e-10
2.664106342437490e-01,6.744373287253016e-10
2.666236264361410e-01,6.743247804178819e-10
2.668366186285330e-01,6.742113927216022e-10
2.670496108209250e-01,6.740971666205235e-10
2.672626030133170e-01,6.739821030987065e-10
2.674755952057090e-01,6.738662031402123e-10
2.676885873981000e-01,6.737494676428070e-10
2.679015795904920e-01,6.736318971590500e-10
2.681145717828840e-01,6.735134921551958e-10
2.683275639752760e-01,6.733942530974982e-10
2.685405561676680e-01,6.732741804522105e-10
2.687535483600600e-01,6.731532746855869e-10
2.689665405524520e-01,6.730315362638808e-10
2.691795327448440e-01,6.729089656533462e-10
2.693925249372350e-01,6.727855633202373e-10
2.696055171296270e-01,6.726613297308065e-10
2.698185093220190e-01,6.725362655835833e-10
2.700315015144110e-01,6.724103725059725e-10
2.702444937068030e-01,6.722836523575418e-10
2.704574858991950e-01,6.721561069978589e-10
2.706704780915870e-01,6.720277382864917e-10
2.708834702839780e-01,6.718985480830085e-10
2.710964624763700e-01,6.717685382469757e-10
2.713094546687620e-01,6.716377106379619e-10
2.715224468611540e-01,6.715060671155347e-10
2.717354390535460e-01,6.713736095392618e-10
2.719484312459380e-01,6.712403393310805e-10
2.721614234383300e-01,6.711062561633668e-10
2.723744156307220e-01,6.709713592713475e-10
2.725874078231130e-01,6.708356478902502e-10
2.728004000155050e-01,6.706991212553002e-10
2.730133922078970e-01,6.705617786017250e-10
2.732263844002890e-01,6.704236191647512e-10
2.734393765926810e-01,6.702846421796058e-10
2.736523687850730e-01,6.701448468815153e-10
2.738653609774650e-01,6.700042325057067e-10
2.740783531698570e-01,6.698627997745065e-10
2.742913453622480e-01,6.697205553619130e-10
2.745043375546400e-01,6.695775074306575e-10
2.747173297470320e-01,6.694336641434740e-10
2.749303219394240e-01,6.692890336630953e-10
2.751433141318160e-01,6.691436241522545e-10
2.753563063242080e-01,6.689974437736844e-10
2.755692985166000e-01,6.688505006901181e-10
2.757822907089910e-01,6.687028030642892e-10
2.759952829013830e-01,6.685543590589294e-10
2.762082750937750e-01,6.684051713861334e-10
2.764212672861670e-01,6.682552209501888e-10
2.766342594785590e-01,6.681044832021183e-10
2.768472516709510e-01,6.679529335929445e-10
2.770602438633430e-01,6.678005475736900e-10
2.772732360557350e-01,6.676473005953774e-10
2.774862282481260e-01,6.674931681090303e-10
2.776992204405180e-01,6.673381255656696e-10
2.779122126329100e-01,6.671821484163189e-10
2.781252048253020e-01,6.670252121120008e-10
2.783381970176940e-01,6.668673125918517e-10
2.785511892100860e-01,6.667085277418939e-10
