7.791356504680618e-06,8.100179463496403e-13
8.610780621332552e-06,8.100155812868341e-13
9.516384324626089e-06,8.100132032851982e-13
1.051723120080771e-05,8.100108115704235e-13
1.162333806181051e-05,8.100084057042740e-13
1.284577519687474e-05,8.100059861675899e-13
1.419677716772344e-05,8.100035520124539e-13
1.568986525616830e-05,8.100011032144483e-13
1.733998278964274e-05,8.099986397743374e-13
1.916364469904539e-05,8.099961616216127e-13
2.117910280571951e-05,8.099936685543423e-13
2.340652849181556e-05,8.099911603806070e-13
2.586821458226360e-05,8.099886374920851e-13
2.858879845885812e-05,8.099860991634842e-13
3.159550863945590e-05,8.099835450495849e-13
3.491843729013453e-05,8.099809755102810e-13
3.859084139770492e-05,8.099783896638996e-13
4.264947561681323e-05,8.099757874917549e-13
4.713496012287843e-05,8.099731688695839e-13
5.209218715246060e-05,8.099705338249595e-13
5.757077029985334e-05,8.099678818462198e-13
6.362554106661115e-05,8.099652125514893e-13
7.031709763364645e-05,8.099625264451355e-13
7.771241134819200e-05,8.099598226903712e-13
8.588549699555374e-05,8.099571010376763e-13
9.491815356395940e-05,8.099543618578537e-13
1.049007829163263e-04,8.099516044534176e-13
1.159332945624905e-04,8.099488287089276e-13
1.281261055871622e-04,8.099460343402969e-13
1.416012457412214e-04,8.099432214494084e-13
1.564935787564811e-04,8.099403895031120e-13
1.729521521072439e-04,8.099375381303438e-13
1.911416887275217e-04,8.099346679028751e-13
2.112442356135248e-04,8.099317778350357e-13
2.334609858111876e-04,8.099288678130786e-13
2.580142920237960e-04,8.099259379849653e-13
2.851498919925769e-04,8.099229878638471e-13
3.151393679226079e-04,8.099200172293589e-13
3.482828645688079e-04,8.099170257799473e-13
3.849120931855259e-04,8.099140137244286e-13
4.253936514042669e-04,8.099109805451934e-13
4.701326922660057e-04,8.099079259834795e-13
5.195769791289974e-04,8.099048506854370e-13
5.742213670349657e-04,8.099017537829495e-13
6.346127553846864e-04,8.098986352932760e-13
7.013555614910102e-04,8.098954952735044e-13
7.751177697904812e-04,8.098923335448604e-13
8.566376172560946e-04,8.098891498815149e-13
9.467309819210534e-04,8.098859440548510e-13
1.046299548460350e-03,8.098827164250915e-13
1.156339832554060e-03,8.098794663821209e-13
1.277953154351212e-03,8.098761822314391e-13
1.405748469786333e-03,8.098730309022920e-13
1.533543785221454e-03,8.098701467105208e-13
1.661339100656575e-03,8.098674889414162e-13
1.789134416091696e-03,8.098650168802688e-13
1.916929731526817e-03,8.098626950494059e-13
2.000000000000000e-03,8.098612591539832e-13
2.044725046961939e-03,8.098605088922762e-13
2.172520362397060e-03,8.098584476572003e-13
2.300315677832181e-03,8.098564984690900e-13
2.428110993267302e-03,8.098546482810062e-13
2.555906308702423e-03,8.098528851966892e-13
2.683701624137544e-03,8.098512019225970e-13
2.811496939572665e-03,8.098495923158676e-13
2.939292255007787e-03,8.098480502336388e-13
3.067087570442908e-03,8.098465695330484e-13
3.194882885878029e-03,8.098451445415644e-13
3.322678201313150e-03,8.098437714679938e-13
3.450473516748271e-03,8.098424469914829e-13
3.578268832183392e-03,8.098411677911785e-13
3.706064147618514e-03,8.098399305462268e-13
3.833859463053635e-03,8.098387321498333e-13
3.961654778488756e-03,8.098375703514359e-13
4.089450093923877e-03,8.098364431145297e-13
4.217245409358998e-03,8.098353484026097e-13
4.345040724794119e-03,8.098342841791711e-13
4.472836040229241e-03,8.098332485307200e-13
4.600631355664362e-03,8.098322400358083e-13
4.728426671099482e-03,8.098312573960006e-13
4.856221986534604e-03,8.098302993128611e-13
4.984017301969726e-03,8.098293644879542e-13
5.111812617404846e-03,8.098284516859830e-13
5.239607932839968e-03,8.098275599242025e-13
5.367403248275089e-03,8.098266882830048e-13
5.495198563710209e-03,8.098258358427829e-13
5.622993879145331e-03,8.098250016839293e-13
5.750789194580453e-03,8.098241849319185e-13
5.878584510015573e-03,8.098233848925537e-13
6.006379825450694e-03,8.098226009167207e-13
6.134175140885816e-03,8.098218323553049e-13
6.261970456320937e-03,8.098210785591918e-13
6.389765771756058e-03,8.098203389091287e-13
6.517561087191179e-03,8.098196129053067e-13
6.645356402626300e-03,8.098189000777782e-13
6.773151718061422e-03,8.098181999565952e-13
6.900947033496543e-03,8.098175120718100e-13
7.028742348931663e-03,8.098168359683455e-13
7.156537664366785e-03,8.098161712506093e-13
7.284332979801906e-03,8.098155175378795e-13
7.412128295237027e-03,8.098148744494347e-13
7.539923610672148e-03,8.098142416045531e-13
7.667718926107269e-03,8.098136186392618e-13
7.795514241542391e-03,8.098130052565857e-13
7.923309556977513e-03,8.098124011762983e-13
8.051104872412632e-03,8.098118061181736e-13
8.178900187847754e-03,8.098112198019853e-13
8.306695503282877e-03,8.098106419552925e-13
8.434490818717996e-03,8.098100723367959e-13
8.562286134153118e-03,8.098095107129808e-13
8.690081449588239e-03,8.098089568503331e-13
8.817876765023359e-03,8.098084105153384e-13
8.945672080458482e-03,8.098078714839462e-13
9.073467395893601e-03,8.098073395699605e-13
9.201262711328723e-03,8.098068145966490e-13
9.329058026763846e-03,8.098062963872799e-13
9.456853342198965e-03,8.098057847651210e-13
9.584648657634087e-03,8.098052795562145e-13
9.712443973069206e-03,8.098047805976990e-13
9.840239288504329e-03,8.098042877294878e-13
9.968034603939451e-03,8.098038007914938e-13
1.009582991937457e-02,8.098033196236304e-13
1.022362523480969e-02,8.098028440731490e-13
1.035142055024482e-02,8.098023740166564e-13
1.047921586567993e-02,8.098019093380980e-13
1.060701118111506e-02,8.098014499214192e-13
1.073480649655018e-02,8.098009956505653e-13
1.086260181198530e-02,8.098005464094814e-13
1.099039712742042e-02,8.098001020821134e-13
1.111819244285554e-02,8.097996625524062e-13
1.124598775829066e-02,8.097992277043053e-13
1.137378307372578e-02,8.097987974217562e-13
1.150157838916090e-02,8.097983715942975e-13
1.162937370459603e-02,8.097979501338405e-13
1.175716902003114e-02,8.097975329578886e-13
1.188496433546627e-02,8.097971199839457e-13
1.201275965090139e-02,8.097967111295152e-13
1.214055496633651e-02,8.097963063121009e-13
1.226835028177163e-02,8.097959054492067e-13
1.239614559720675e-02,8.097955084583359e-13
1.252394091264187e-02,8.097951152569923e-13
1.265173622807700e-02,8.097947257626797e-13
1.277953154351211e-02,8.097943398965812e-13
1.290732685894724e-02,8.097939575945998e-13
1.303512217438236e-02,8.097935787963183e-13
1.316291748981748e-02,8.097932034413200e-13
1.329071280525260e-02,8.097928314691876e-13
1.341850812068772e-02,8.097924628195043e-13
1.354630343612284e-02,8.097920974318532e-13
1.367409875155796e-02,8.097917352458173e-13
1.380189406699308e-02,8.097913762009795e-13
1.392968938242821e-02,8.097910202369231e-13
1.405748469786333e-02,8.097906672952821e-13
1.418528001329845e-02,8.097903173258966e-13
1.431307532873357e-02,8.097899702806571e-13
1.444087064416869e-02,8.097896261114548e-13
1.456866595960381e-02,8.097892847701809e-13
1.469646127503893e-02,8.097889462087259e-13
1.482425659047405e-02,8.097886103789813e-13
1.495205190590917e-02,8.097882772328377e-13
1.507984722134430e-02,8.097879467221864e-13
1.520764253677942e-02,8.097876187989182e-13
1.533543785221454e-02,8.097872934169485e-13
1.546323316764966e-02,8.097869705382897e-13
1.559102848308478e-02,8.097866501269783e-13
1.571882379851990e-02,8.097863321470507e-13
1.584661911395502e-02,8.097860165625436e-13
1.597441442939014e-02,8.097857033374933e-13
1.610220974482527e-02,8.097853924359367e-13
1.623000506026039e-02,8.097850838219097e-13
1.635780037569551e-02,8.097847774594492e-13
1.648559569113063e-02,8.097844733125916e-13
1.661339100656575e-02,8.097841713463218e-13
1.674118632200087e-02,8.097838715294187e-13
1.686898163743599e-02,8.097835738316094e-13
1.699677695287111e-02,8.097832782226213e-13
1.712457226830624e-02,8.097829846721817e-13
1.725236758374135e-02,8.097826931500180e-13
1.738016289917648e-02,8.097824036258575e-13
1.750795821461160e-02,8.097821160694277e-13
1.763575353004672e-02,8.097818304504556e-13
1.776354884548184e-02,8.097815467386687e-13
1.789134416091696e-02,8.097812649051853e-13
1.801913947635208e-02,8.097809849266888e-13
1.814693479178720e-02,8.097807067812532e-13
1.827473010722232e-02,8.097804304469530e-13
1.840252542265745e-02,8.097801559018622e-13
1.853032073809257e-02,8.097798831240554e-13
1.865811605352769e-02,8.097796120916065e-13
1.878591136896281e-02,8.097793427825903e-13
1.891370668439793e-02,8.097790751750807e-13
1.904150199983305e-02,8.097788092471522e-13
1.916929731526817e-02,8.097785449770258e-13
1.929709263070329e-02,8.097782823435104e-13
1.942488794613842e-02,8.097780213255618e-13
1.955268326157353e-02,8.097777619021356e-13
1.968047857700866e-02,8.097775040521877e-13
1.980827389244378e-02,8.097772477546734e-13
1.993606920787890e-02,8.097769929885489e-13
2.006386452331402e-02,8.097767397327697e-13
2.019165983874914e-02,8.097764879662915e-13
2.031945515418426e-02,8.097762376680701e-13
2.044725046961939e-02,8.097759888179755e-13
2.057504578505450e-02,8.097757413995359e-13
2.070284110048963e-02,8.097754953971939e-13
2.083063641592475e-02,8.097752507953924e-13
2.095843173135987e-02,8.097750075785740e-13
2.108622704679499e-02,8.097747657311812e-13
2.121402236223011e-02,8.097745252376570e-13
2.134181767766523e-02,8.097742860824441e-13
2.146961299310035e-02,8.097740482499851e-13
2.159740830853547e-02,8.097738117247227e-13
2.172520362397060e-02,8.097735764914034e-13
2.185299893940572e-02,8.097733425359898e-13
2.198079425484084e-02,8.097731098447478e-13
2.210858957027596e-02,8.097728784039436e-13
2.223638488571108e-02,8.097726481998434e-13
2.236418020114620e-02,8.097724192187133e-13
2.249197551658132e-02,8.097721914468198e-13
2.261977083201644e-02,8.097719648704286e-13
2.274756614745157e-02,8.097717394758063e-13
2.287536146288669e-02,8.097715152492187e-13
2.300315677832181e-02,8.097712921773224e-13
2.313095209375693e-02,8.097710702483330e-13
2.325874740919205e-02,8.097708494508565e-13
2.338654272462717e-02,8.097706297734990e-13
2.351433804006229e-02,8.097704112048666e-13
2.364213335549741e-02,8.097701937335649e-13
2.376992867093253e-02,8.097699773482002e-13
2.389772398636766e-02,8.097697620373783e-13
2.402551930180278e-02,8.097695477897052e-13
2.415331461723790e-02,8.097693345937869e-13
2.428110993267302e-02,8.097691224383773e-13
2.440890524810814e-02,8.097689113128232e-13
2.453670056354326e-02,8.097687012066192e-13
2.466449587897838e-02,8.097684921092597e-13
2.479229119441350e-02,8.097682840102395e-13
2.492008650984863e-02,8.097680768990533e-13
2.504788182528375e-02,8.097678707651957e-13
2.517567714071887e-02,8.097676655981612e-13
2.530347245615399e-02,8.097674613874446e-13
2.543126777158911e-02,8.097672581225405e-13
2.555906308702423e-02,8.097670557935077e-13
2.568685840245935e-02,8.097668543926611e-13
2.581465371789447e-02,8.097666539128800e-13
2.594244903332960e-02,8.097664543470436e-13
2.607024434876471e-02,8.097662556880311e-13
2.619803966419984e-02,8.097660579287217e-13
2.632583497963496e-02,8.097658610619945e-13
2.645363029507008e-02,8.097656650807289e-13
2.658142561050520e-02,8.097654699778041e-13
2.670922092594032e-02,8.097652757460992e-13
2.683701624137544e-02,8.097650823782357e-13
2.696481155681056e-02,8.097648898658040e-13
2.709260687224568e-02,8.097646982001370e-13
2.722040218768081e-02,8.097645073725672e-13
2.734819750311593e-02,8.097643173744278e-13
2.747599281855105e-02,8.097641281970509e-13
2.760378813398617e-02,8.097639398317699e-13
2.773158344942129e-02,8.097637522699170e-13
2.785937876485641e-02,8.097635655028252e-13
2.798717408029153e-02,8.097633795218273e-13
2.811496939572665e-02,8.097631943186971e-13
2.824276471116178e-02,8.097630098869729e-13
2.837056002659689e-02,8.097628262206342e-13
2.849835534203202e-02,8.097626433136604e-13
2.862615065746714e-02,8.097624611600308e-13
2.875394597290226e-02,8.097622797537250e-13
2.888174128833738e-02,8.097620990887224e-13
2.900953660377250e-02,8.097619191590022e-13
2.913733191920762e-02,8.097617399585440e-13
2.926512723464274e-02,8.097615614813271e-13
2.939292255007787e-02,8.097613837213760e-13
2.952071786551299e-02,8.097612066728950e-13
2.964851318094811e-02,8.097610303301331e-13
2.977630849638323e-02,8.097608546873398e-13
2.990410381181835e-02,8.097606797387641e-13
3.003189912725347e-02,8.097605054786554e-13
3.015969444268859e-02,8.097603319012628e-13
3.028748975812371e-02,8.097601590008358e-13
3.041528507355883e-02,8.097599867716233e-13
3.054308038899396e-02,8.097598152078748e-13
3.067087570442908e-02,8.097596443039670e-13
3.079867101986420e-02,8.097594740547874e-13
3.092646633529932e-02,8.097593044553510e-13
3.105426165073444e-02,8.097591355006727e-13
3.118205696616956e-02,8.097589671857676e-13
3.130985228160468e-02,8.097587995056509e-13
3.143764759703981e-02,8.097586324553375e-13
3.156544291247493e-02,8.097584660298421e-13
3.169323822791005e-02,8.097583002241803e-13
3.182103354334517e-02,8.097581350333668e-13
3.194882885878029e-02,8.097579704525014e-13
3.207662417421541e-02,8.097578064770216e-13
3.220441948965053e-02,8.097576431024506e-13
3.233221480508566e-02,8.097574803243104e-13
3.246001012052077e-02,8.097573181381239e-13
3.258780543595589e-02,8.097571565394133e-13
3.271560075139102e-02,8.097569955237015e-13
3.284339606682614e-02,8.097568350865107e-13
3.297119138226126e-02,8.097566752233638e-13
3.309898669769638e-02,8.097565159297829e-13
3.322678201313150e-02,8.097563572013810e-13
3.335457732856662e-02,8.097561990341295e-13
3.348237264400174e-02,8.097560414240909e-13
3.361016795943687e-02,8.097558843673268e-13
3.373796327487198e-02,8.097557278598992e-13
3.386575859030710e-02,8.097555718978701e-13
3.399355390574223e-02,8.097554164773014e-13
3.412134922117735e-02,8.097552615942552e-13
3.424914453661247e-02,8.097551072447930e-13
3.437693985204759e-02,8.097549534249773e-13
3.450473516748271e-02,8.097548001308610e-13
3.463253048291783e-02,8.097546473584636e-13
3.476032579835295e-02,8.097544951037953e-13
3.488812111378808e-02,8.097543433628668e-13
3.501591642922319e-02,8.097541921316884e-13
3.514371174465832e-02,8.097540414062709e-13
3.527150706009344e-02,8.097538911826246e-13
3.539930237552856e-02,8.097537414567603e-13
3.552709769096368e-02,8.097535922246883e-13
3.565489300639881e-02,8.097534434824190e-13
3.578268832183392e-02,8.097532952262519e-13
3.591048363726904e-02,8.097531474536413e-13
3.603827895270417e-02,8.097530001623301e-13
3.616607426813929e-02,8.097528533500614e-13
3.629386958357441e-02,8.097527070145780e-13
3.642166489900953e-02,8.097525611536232e-13
3.654946021444465e-02,8.097524157649399e-13
3.667725552987977e-02,8.097522708462709e-13
3.680505084531489e-02,8.097521263953596e-13
3.693284616075002e-02,8.097519824099486e-13
3.706064147618514e-02,8.097518388875615e-13
3.718843679162025e-02,8.097516958248421e-13
3.731623210705538e-02,8.097515532182150e-13
3.744402742249050e-02,8.097514110641043e-13
3.757182273792562e-02,8.097512693589346e-13
3.769961805336074e-02,8.097511280991299e-13
3.782741336879586e-02,8.097509872811147e-13
3.795520868423098e-02,8.097508469013134e-13
3.808300399966610e-02,8.097507069561502e-13
3.821079931510123e-02,8.097505674420494e-13
3.833859463053635e-02,8.097504283556037e-13
3.846638994597146e-02,8.097502896940787e-13
3.859418526140659e-02,8.097501514549085e-13
3.872198057684171e-02,8.097500136355268e-13
3.884977589227683e-02,8.097498762333679e-13
3.897757120771195e-02,8.097497392458656e-13
3.910536652314707e-02,8.097496026704538e-13
3.923316183858219e-02,8.097494665045667e-13
3.936095715401731e-02,8.097493307456380e-13
3.948875246945244e-02,8.097491953911018e-13
3.961654778488756e-02,8.097490604384253e-13
3.974434310032268e-02,8.097489258852100e-13
3.987213841575780e-02,8.097487917290900e-13
3.999993373119292e-02,8.097486579676997e-13
4.012772904662804e-02,8.097485245986738e-13
4.025552436206317e-02,8.097483916196466e-13
4.038331967749829e-02,8.097482590282526e-13
4.051111499293340e-02,8.097481268221262e-13
4.063891030836853e-02,8.097479949989020e-13
4.076670562380365e-02,8.097478635562143e-13
4.089450093923877e-02,8.097477324917311e-13
4.102229625467389e-02,8.097476018032547e-13
4.115009157010902e-02,8.097474714886206e-13
4.127788688554413e-02,8.097473415456645e-13
4.140568220097925e-02,8.097472119722221e-13
4.153347751641438e-02,8.097470827661290e-13
4.166127283184950e-02,8.097469539252207e-13
4.178906814728462e-02,8.097468254473332e-13
4.191686346271974e-02,8.097466973303021e-13
4.204465877815486e-02,8.097465695719628e-13
4.217245409358998e-02,8.097464421701805e-13
4.230024940902510e-02,8.097463151229378e-13
4.242804472446023e-02,8.097461884282464e-13
4.255584003989534e-02,8.097460620841182e-13
4.268363535533046e-02,8.097459360885653e-13
4.281143067076559e-02,8.097458104395992e-13
4.293922598620071e-02,8.097456851352321e-13
4.306702130163583e-02,8.097455601734757e-13
4.319481661707095e-02,8.097454355523419e-13
4.332261193250607e-02,8.097453112698428e-13
4.345040724794119e-02,8.097451873240165e-13
4.357820256337631e-02,8.097450637130071e-13
4.370599787881144e-02,8.097449404349854e-13
4.383379319424656e-02,8.097448174881221e-13
4.396158850968167e-02,8.097446948705876e-13
4.408938382511680e-02,8.097445725805525e-13
4.421717914055192e-02,8.097444506161876e-13
4.434497445598704e-02,8.097443289756636e-13
4.447276977142216e-02,8.097442076571508e-13
4.460056508685728e-02,8.097440866588200e-13
4.472836040229240e-02,8.097439659788669e-13
4.485615571772752e-02,8.097438456155875e-13
4.498395103316265e-02,8.097437255673028e-13
4.511174634859777e-02,8.097436058323340e-13
4.523954166403289e-02,8.097434864090020e-13
4.536733697946801e-02,8.097433672956279e-13
4.549513229490313e-02,8.097432484905331e-13
4.562292761033825e-02,8.097431299920382e-13
4.575072292577338e-02,8.097430117984645e-13
4.587851824120850e-02,8.097428939081331e-13
4.600631355664361e-02,8.097427763193836e-13
4.613410887207874e-02,8.097426590306297e-13
4.626190418751386e-02,8.097425420403040e-13
4.638969950294898e-02,8.097424253468388e-13
4.651749481838410e-02,8.097423089486663e-13
4.664529013381922e-02,8.097421928442193e-13
4.677308544925434e-02,8.097420770319298e-13
4.690088076468946e-02,8.097419615102303e-13
4.702867608012459e-02,8.097418462775534e-13
4.715647139555971e-02,8.097417313323311e-13
4.728426671099482e-02,8.097416166730272e-13
4.741206202642995e-02,8.097415022982290e-13
4.753985734186507e-02,8.097413882065559e-13
4.766765265730019e-02,8.097412743966261e-13
4.779544797273531e-02,8.097411608670589e-13
4.792324328817044e-02,8.097410476164727e-13
4.805103860360555e-02,8.097409346434865e-13
4.817883391904067e-02,8.097408219467192e-13
4.830662923447580e-02,8.097407095247892e-13
4.843442454991092e-02,8.097405973763157e-13
4.856221986534604e-02,8.097404854998684e-13
4.869001518078116e-02,8.097403738938216e-13
4.881781049621628e-02,8.097402625565008e-13
4.894560581165140e-02,8.097401514862315e-13
4.907340112708652e-02,8.097400406813392e-13
4.920119644252165e-02,8.097399301401492e-13
4.932899175795677e-02,8.097398198609870e-13
4.945678707339188e-02,8.097397098421781e-13
4.958458238882701e-02,8.097396000820480e-13
4.971237770426213e-02,8.097394905789220e-13
4.984017301969725e-02,8.097393813313679e-13
4.996796833513237e-02,8.097392723389232e-13
5.000000000000000e-02,8.097392450601230e-13
5.009576365056749e-02,8.097391636013115e-13
5.022355896600261e-02,8.097390551177646e-13
5.035135428143774e-02,8.097389468872615e-13
5.047914959687286e-02,8.097388389087783e-13
5.060694491230798e-02,8.097387311812921e-13
5.073474022774310e-02,8.097386237037793e-13
5.086253554317822e-02,8.097385164752165e-13
5.099033085861334e-02,8.097384094945800e-13
5.111812617404846e-02,8.097383027608602e-13
5.124592148948359e-02,8.097381962731006e-13
5.137371680491870e-02,8.097380900303585e-13
5.150151212035382e-02,8.097379840316911e-13
5.162930743578895e-02,8.097378782761554e-13
5.175710275122407e-02,8.097377727628089e-13
5.188489806665919e-02,8.097376674907087e-13
5.201269338209431e-02,8.097375624589117e-13
5.214048869752943e-02,8.097374576664755e-13
5.226828401296455e-02,8.097373531124570e-13
5.239607932839967e-02,8.097372487958239e-13
5.252387464383480e-02,8.097371447151857e-13
5.265166995926992e-02,8.097370408690619e-13
5.277946527470503e-02,8.097369372559723e-13
5.290726059014016e-02,8.097368338744368e-13
5.303505590557528e-02,8.097367307229752e-13
5.316285122101040e-02,8.097366278001072e-13
5.329064653644552e-02,8.097365251043526e-13
5.341844185188065e-02,8.097364226342311e-13
5.354623716731576e-02,8.097363203882625e-13
5.367403248275088e-02,8.097362183650653e-13
5.380182779818601e-02,8.097361165636523e-13
5.392962311362113e-02,8.097360149831347e-13
5.405741842905625e-02,8.097359136226241e-13
5.418521374449137e-02,8.097358124812320e-13
5.431300905992649e-02,8.097357115580697e-13
5.444080437536161e-02,8.097356108522485e-13
5.456859969079673e-02,8.097355103628800e-13
5.469639500623186e-02,8.097354100890757e-13
5.482419032166697e-02,8.097353100299469e-13
5.495198563710210e-02,8.097352101845964e-13
5.507978095253722e-02,8.097351105520929e-13
5.520757626797234e-02,8.097350111314964e-13
5.533537158340746e-02,8.097349119218669e-13
5.546316689884258e-02,8.097348129222644e-13
5.559096221427770e-02,8.097347141317489e-13
5.571875752971282e-02,8.097346155493804e-13
5.584655284514795e-02,8.097345171742189e-13
5.597434816058307e-02,8.097344190053245e-13
5.610214347601819e-02,8.097343210417571e-13
5.622993879145331e-02,8.097342232825908e-13
5.635773410688843e-02,8.097341257269562e-13
5.648552942232355e-02,8.097340283739976e-13
5.661332473775867e-02,8.097339312228597e-13
5.674112005319380e-02,8.097338342726868e-13
5.686891536862891e-02,8.097337375226237e-13
5.699671068406403e-02,8.097336409718147e-13
5.712450599949916e-02,8.097335446194041e-13
5.725230131493428e-02,8.097334484645369e-13
5.738009663036940e-02,8.097333525063574e-13
5.750789194580452e-02,8.097332567440175e-13
5.763568726123964e-02,8.097331611766982e-13
5.776348257667476e-02,8.097330658035882e-13
5.789127789210988e-02,8.097329706238760e-13
5.801907320754501e-02,8.097328756367502e-13
5.814686852298013e-02,8.097327808413993e-13
5.827466383841524e-02,8.097326862370120e-13
5.840245915385037e-02,8.097325918227768e-13
5.853025446928549e-02,8.097324975978820e-13
5.865804978472061e-02,8.097324035615166e-13
5.878584510015573e-02,8.097323097128774e-13
5.891364041559085e-02,8.097322160511966e-13
5.904143573102597e-02,8.097321225757152e-13
5.916923104646109e-02,8.097320292856736e-13
5.929702636189622e-02,8.097319361803128e-13
5.942482167733134e-02,8.097318432588735e-13
5.955261699276646e-02,8.097317505205964e-13
5.968041230820158e-02,8.097316579647224e-13
5.980820762363670e-02,8.097315655904920e-13
5.993600293907182e-02,8.097314733971462e-13
6.006379825450694e-02,8.097313813839328e-13
6.019159356994207e-02,8.097312895501277e-13
6.031938888537718e-02,8.097311978950144e-13
6.044718420081231e-02,8.097311064178758e-13
6.057497951624743e-02,8.097310151179952e-13
6.070277483168255e-02,8.097309239946557e-13
6.083057014711767e-02,8.097308330471404e-13
6.095836546255279e-02,8.097307422747327e-13
6.108616077798791e-02,8.097306516767155e-13
6.121395609342303e-02,8.097305612523723e-13
6.134175140885816e-02,8.097304710009932e-13
6.146954672429328e-02,8.097303809218980e-13
6.159734203972840e-02,8.097302910144134e-13
6.172513735516352e-02,8.097302012778665e-13
6.185293267059864e-02,8.097301117115840e-13
6.198072798603376e-02,8.097300223148928e-13
6.210852330146888e-02,8.097299330871197e-13
6.223631861690401e-02,8.097298440275915e-13
6.236411393233912e-02,8.097297551356354e-13
6.249190924777424e-02,8.097296664105780e-13
6.261970456320937e-02,8.097295778517525e-13
6.274749987864449e-02,8.097294894585173e-13
6.287529519407961e-02,8.097294012302375e-13
6.300309050951473e-02,8.097293131662777e-13
6.313088582494986e-02,8.097292252660027e-13
6.325868114038498e-02,8.097291375287772e-13
6.338647645582010e-02,8.097290499539661e-13
6.351427177125522e-02,8.097289625409344e-13
6.364206708669033e-02,8.097288752890466e-13
6.376986240212545e-02,8.097287881976675e-13
6.389765771756058e-02,8.097287012661686e-13
6.402545303299570e-02,8.097286144939472e-13
6.415324834843082e-02,8.097285278804068e-13
6.428104366386594e-02,8.097284414249512e-13
6.440883897930107e-02,8.097283551269843e-13
6.453663429473619e-02,8.097282689859097e-13
6.466442961017131e-02,8.097281830011311e-13
6.479222492560642e-02,8.097280971720525e-13
6.492002024104154e-02,8.097280114980775e-13
6.504781555647667e-02,8.097279259786096e-13
6.517561087191179e-02,8.097278406130569e-13
6.530340618734691e-02,8.097277554008424e-13
6.543120150278203e-02,8.097276703413933e-13
6.555899681821716e-02,8.097275854341370e-13
6.568679213365228e-02,8.097275006785005e-13
6.581458744908740e-02,8.097274160739111e-13
6.594238276452252e-02,8.097273316197962e-13
6.607017807995763e-02,8.097272473155827e-13
6.619797339539275e-02,8.097271631606979e-13
6.632576871082788e-02,8.097270791545689e-13
6.645356402626300e-02,8.097269952966353e-13
6.658135934169812e-02,8.097269115863840e-13
6.670915465713324e-02,8.097268280233145e-13
6.683694997256837e-02,8.097267446069260e-13
6.696474528800349e-02,8.097266613367178e-13
6.709254060343861e-02,8.097265782121893e-13
6.722033591887373e-02,8.097264952328397e-13
6.734813123430886e-02,8.097264123981685e-13
6.747592654974396e-02,8.097263297076746e-13
6.760372186517909e-02,8.097262471608578e-13
6.773151718061421e-02,8.097261647571952e-13
6.785931249604933e-02,8.097260824960769e-13
6.798710781148445e-02,8.097260003768715e-13
6.811490312691958e-02,8.097259183989468e-13
6.824269844235470e-02,8.097258365616714e-13
6.837049375778982e-02,8.097257548644132e-13
6.849828907322494e-02,8.097256733065408e-13
6.862608438866007e-02,8.097255918874223e-13
6.875387970409517e-02,8.097255106064259e-13
6.888167501953030e-02,8.097254294629200e-13
6.900947033496542e-02,8.097253484563044e-13
6.913726565040054e-02,8.097252675861068e-13
6.926506096583566e-02,8.097251868518862e-13
6.939285628127079e-02,8.097251062532018e-13
6.952065159670591e-02,8.097250257896128e-13
6.964844691214103e-02,8.097249454606784e-13
6.977624222757615e-02,8.097248652659580e-13
6.990403754301128e-02,8.097247852050106e-13
7.003183285844640e-02,8.097247052773952e-13
7.015962817388151e-02,8.097246254826715e-13
7.028742348931663e-02,8.097245458204203e-13
7.041521880475175e-02,8.097244662903111e-13
7.054301412018688e-02,8.097243868920354e-13
7.067080943562200e-02,8.097243076252847e-13
7.079860475105712e-02,8.097242284897501e-13
7.092640006649224e-02,8.097241494851233e-13
7.105419538192737e-02,8.097240706110955e-13
7.118199069736249e-02,8.097239918673582e-13
7.130978601279761e-02,8.097239132536030e-13
7.152277820518949e-02,8.097237825186882e-13
7.173577039758135e-02,8.097236521424559e-13
7.194876258997322e-02,8.097235221230147e-13
7.216175478236508e-02,8.097233924583799e-13
7.237474697475696e-02,8.097232631465677e-13
7.258773916714882e-02,8.097231341855935e-13
7.280073135954070e-02,8.097230055734734e-13
7.301372355193256e-02,8.097228773082227e-13
7.322671574432443e-02,8.097227493878575e-13
7.343970793671629e-02,8.097226218103934e-13
7.365270012910817e-02,8.097224945738463e-13
7.386569232150003e-02,8.097223676762020e-13
7.407868451389191e-02,8.097222411153281e-13
7.429167670628377e-02,8.097221148890619e-13
7.450466889867564e-02,8.097219889952415e-13
7.471766109106751e-02,8.097218634317040e-13
7.493065328345938e-02,8.097217381962876e-13
7.514364547585124e-02,8.097216132868294e-13
7.535663766824312e-02,8.097214887011673e-13
7.556962986063498e-02,8.097213644371389e-13
7.578262205302685e-02,8.097212404925820e-13
7.599561424541872e-02,8.097211168654418e-13
7.620860643781059e-02,8.097209935540952e-13
7.642159863020245e-02,8.097208705570270e-13
7.663459082259433e-02,8.097207478727217e-13
7.684758301498619e-02,8.097206254996641e-13
7.706057520737807e-02,8.097205034363388e-13
7.727356739976993e-02,8.097203816812302e-13
7.748655959216180e-02,8.097202602328235e-13
7.769955178455366e-02,8.097201390896030e-13
7.791254397694554e-02,8.097200182500532e-13
7.812553616933740e-02,8.097198977126549e-13
7.833852836172928e-02,8.097197774758713e-13
7.855152055412114e-02,8.097196575381615e-13
7.876451274651301e-02,8.097195378979846e-13
7.897750493890487e-02,8.097194185537996e-13
7.919049713129675e-02,8.097192995040658e-13
7.940348932368861e-02,8.097191807472422e-13
7.961648151608049e-02,8.097190622817882e-13
7.982947370847235e-02,8.097189441061625e-13
8.004246590086422e-02,8.097188262188244e-13
8.025545809325609e-02,8.097187086182568e-13
8.046845028564796e-02,8.097185913030388e-13
8.068144247803982e-02,8.097184742717725e-13
8.089443467043170e-02,8.097183575230608e-13
8.110742686282357e-02,8.097182410555062e-13
8.132041905521543e-02,8.097181248677115e-13
8.153341124760730e-02,8.097180089582792e-13
8.174640343999917e-02,8.097178933258118e-13
8.195939563239105e-02,8.097177779689122e-13
8.217238782478291e-02,8.097176628861829e-13
8.238538001717477e-02,8.097175480762413e-13
8.259837220956665e-02,8.097174335377647e-13
8.281136440195852e-02,8.097173192694452e-13
8.302435659435038e-02,8.097172052699748e-13
8.323734878674224e-02,8.097170915380455e-13
8.345034097913412e-02,8.097169780723494e-13
8.366333317152599e-02,8.097168648715787e-13
8.387632536391786e-02,8.097167519344255e-13
8.408931755630973e-02,8.097166392595817e-13
8.430230974870159e-02,8.097165268457395e-13
8.451530194109347e-02,8.097164146916063e-13
8.472829413348533e-02,8.097163027959516e-13
8.494128632587720e-02,8.097161911575603e-13
8.515427851826907e-02,8.097160797752171e-13
8.536727071066094e-02,8.097159686477070e-13
8.558026290305280e-02,8.097158577738148e-13
8.579325509544468e-02,8.097157471523252e-13
8.600624728783654e-02,8.097156367820234e-13
8.621923948022842e-02,8.097155266616938e-13
8.643223167262028e-02,8.097154167901217e-13
8.664522386501215e-02,8.097153071661056e-13
8.685821605740401e-02,8.097151977884993e-13
8.707120824979589e-02,8.097150886561712e-13
8.728420044218775e-02,8.097149797679888e-13
8.749719263457963e-02,8.097148711228204e-13
8.771018482697149e-02,8.097147627195335e-13
8.792317701936336e-02,8.097146545569962e-13
8.813616921175522e-02,8.097145466340765e-13
8.834916140414710e-02,8.097144389496419e-13
8.856215359653896e-02,8.097143315025610e-13
8.877514578893084e-02,8.097142242917142e-13
8.898813798132270e-02,8.097141173160356e-13
8.920113017371457e-02,8.097140105744721e-13
8.941412236610644e-02,8.097139040659705e-13
8.962711455849831e-02,8.097137977894776e-13
8.984010675089017e-02,8.097136917439405e-13
9.005309894328205e-02,8.097135859283061e-13
9.026609113567391e-02,8.097134803415212e-13
9.047908332806578e-02,8.097133749825329e-13
9.069207552045766e-02,8.097132698502879e-13
9.090506771284952e-02,8.097131649437427e-13
9.111805990524138e-02,8.097130602618926e-13
9.133105209763326e-02,8.097129558037422e-13
9.154404429002513e-02,8.097128515682964e-13
9.175703648241700e-02,8.097127475545599e-13
9.197002867480886e-02,8.097126437615375e-13
9.218302086720073e-02,8.097125401882338e-13
9.239601305959261e-02,8.097124368336539e-13
9.260900525198447e-02,8.097123336968022e-13
9.282199744437633e-02,8.097122307766836e-13
9.303498963676821e-02,8.097121280723227e-13
9.324798182916008e-02,8.097120255828234e-13
9.346097402155194e-02,8.097119233073095e-13
9.367396621394380e-02,8.097118212449049e-13
9.388695840633568e-02,8.097117193947333e-13
9.409995059872756e-02,8.097116177559184e-13
9.431294279111942e-02,8.097115163275844e-13
9.452593498351128e-02,8.097114151088545e-13
9.473892717590315e-02,8.097113140988530e-13
9.495191936829503e-02,8.097112132967035e-13
9.516491156068689e-02,8.097111127014928e-13
9.537790375307875e-02,8.097110123121613e-13
9.559089594547063e-02,8.097109121276116e-13
9.580388813786250e-02,8.097108121467475e-13
9.601688033025436e-02,8.097107123684717e-13
9.622987252264624e-02,8.097106127916876e-13
9.644286471503810e-02,8.097105134152983e-13
9.665585690742998e-02,8.097104142382069e-13
9.686884909982184e-02,8.097103152593168e-13
9.708184129221371e-02,8.097102164775309e-13
9.729483348460558e-02,8.097101178918421e-13
9.750782567699745e-02,8.097100195016016e-13
9.772081786938931e-02,8.097099213062505e-13
9.793381006178119e-02,8.097098233052291e-13
9.814680225417305e-02,8.097097254979787e-13
9.835979444656492e-02,8.097096278839399e-13
9.857278663895679e-02,8.097095304625538e-13
9.878577883134866e-02,8.097094332332609e-13
9.899877102374052e-02,8.097093361955024e-13
9.921176321613240e-02,8.097092393487187e-13
9.942475540852426e-02,8.097091426923406e-13
9.963774760091614e-02,8.097090462257576e-13
9.985073979330800e-02,8.097089499483484e-13
1.000637319857000e-01,8.097088538594924e-13
1.002767241780920e-01,8.097087579585682e-13
1.004897163704840e-01,8.097086622449552e-13
1.007027085628750e-01,8.097085667180322e-13
1.009157007552670e-01,8.097084713771784e-13
1.011286929476590e-01,8.097083762217729e-13
1.013416851400510e-01,8.097082812511945e-13
1.015546773324430e-01,8.097081864647864e-13
1.017676695248350e-01,8.097080918617469e-13
1.019806617172270e-01,8.097079974412383e-13
1.021936539096190e-01,8.097079032024232e-13
1.024066461020100e-01,8.097078091444636e-13
1.026196382944020e-01,8.097077152665222e-13
1.028326304867940e-01,8.097076215677613e-13
1.030456226791860e-01,8.097075280473430e-13
1.032586148715780e-01,8.097074347044301e-13
1.034716070639700e-01,8.097073415381844e-13
1.036845992563620e-01,8.097072485477766e-13
1.038975914487540e-01,8.097071557324085e-13
1.041105836411450e-01,8.097070630912898e-13
1.043235758335370e-01,8.097069706236305e-13
1.045365680259290e-01,8.097068783286400e-13
1.047495602183210e-01,8.097067862055285e-13
1.049625524107130e-01,8.097066942535059e-13
1.051755446031050e-01,8.097066024717816e-13
1.053885367954970e-01,8.097065108595656e-13
1.056015289878880e-01,8.097064194160677e-13
1.058145211802800e-01,8.097063281405317e-13
1.060275133726720e-01,8.097062370323368e-13
1.062405055650640e-01,8.097061460908961e-13
1.064534977574560e-01,8.097060553156228e-13
1.066664899498480e-01,8.097059647059300e-13
1.068794821422400e-01,8.097058742612309e-13
1.070924743346320e-01,8.097057839809385e-13
1.073054665270230e-01,8.097056938644661e-13
1.075184587194150e-01,8.097056039112269e-13
1.077314509118070e-01,8.097055141206338e-13
1.079444431041990e-01,8.097054244920980e-13
1.081574352965910e-01,8.097053350250212e-13
1.083704274889830e-01,8.097052457188036e-13
1.085834196813750e-01,8.097051565728448e-13
1.087964118737660e-01,8.097050675865445e-13
1.090094040661580e-01,8.097049787593028e-13
1.092223962585500e-01,8.097048900905193e-13
1.094353884509420e-01,8.097048015795939e-13
1.096483806433340e-01,8.097047132259265e-13
1.098613728357260e-01,8.097046250289167e-13
1.100743650281180e-01,8.097045369879715e-13
1.102873572205100e-01,8.097044491025255e-13
1.105003494129010e-01,8.097043613720206e-13
1.107133416052930e-01,8.097042737958985e-13
1.109263337976850e-01,8.097041863736008e-13
1.111393259900770e-01,8.097040991045695e-13
1.113523181824690e-01,8.097040119882463e-13
1.115653103748610e-01,8.097039250240728e-13
1.117783025672530e-01,8.097038382114909e-13
1.119912947596450e-01,8.097037515499423e-13
1.122042869520360e-01,8.097036650388730e-13
1.124172791444280e-01,8.097035786777461e-13
1.126302713368200e-01,8.097034924660288e-13
1.128432635292120e-01,8.097034064031881e-13
1.130562557216040e-01,8.097033204886915e-13
1.132692479139960e-01,8.097032347220062e-13
1.134822401063880e-01,8.097031491025996e-13
1.136952322987790e-01,8.097030636299386e-13
1.139082244911710e-01,8.097029783034906e-13
1.141212166835630e-01,8.097028931227230e-13
1.143342088759550e-01,8.097028080871076e-13
1.145472010683470e-01,8.097027231961365e-13
1.147601932607390e-01,8.097026384493058e-13
1.149731854531310e-01,8.097025538461119e-13
1.151861776455230e-01,8.097024693860516e-13
1.153991698379140e-01,8.097023850686213e-13
1.156121620303060e-01,8.097023008933175e-13
1.158251542226980e-01,8.097022168596366e-13
1.160381464150900e-01,8.097021329670752e-13
1.162511386074820e-01,8.097020492151297e-13
1.164641307998740e-01,8.097019656033005e-13
1.166771229922660e-01,8.097018821311034e-13
1.168901151846570e-01,8.097017987980580e-13
1.171031073770490e-01,8.097017156036838e-13
1.173160995694410e-01,8.097016325475003e-13
1.175290917618330e-01,8.097015496290275e-13
1.177420839542250e-01,8.097014668477849e-13
1.179550761466170e-01,8.097013842032918e-13
1.181680683390090e-01,8.097013016950682e-13
1.183810605314010e-01,8.097012193226334e-13
1.185940527237920e-01,8.097011370855115e-13
1.188070449161840e-01,8.097010549832437e-13
1.190200371085760e-01,8.097009730153756e-13
1.192330293009680e-01,8.097008911814530e-13
1.194460214933600e-01,8.097008094810216e-13
1.196590136857520e-01,8.097007279136268e-13
1.198720058781440e-01,8.097006464788144e-13
1.200849980705360e-01,8.097005651761300e-13
1.202979902629270e-01,8.097004840051192e-13
1.205109824553190e-01,8.097004029653276e-13
1.207239746477110e-01,8.097003220563048e-13
1.209369668401030e-01,8.097002412776152e-13
1.211499590324950e-01,8.097001606288275e-13
1.213629512248870e-01,8.097000801095100e-13
1.215759434172790e-01,8.096999997192312e-13
1.217889356096700e-01,8.096999194575595e-13
1.220019278020620e-01,8.096998393240634e-13
1.222149199944540e-01,8.096997593183113e-13
1.224279121868460e-01,8.096996794398716e-13
1.226409043792380e-01,8.096995996883129e-13
1.228538965716300e-01,8.096995200632070e-13
1.230668887640220e-01,8.096994405641397e-13
1.232798809564140e-01,8.096993611906998e-13
1.234928731488050e-01,8.096992819424770e-13
1.237058653411970e-01,8.096992028190601e-13
1.239188575335890e-01,8.096991238200383e-13
1.241318497259810e-01,8.096990449450009e-13
1.243448419183730e-01,8.096989661935369e-13
1.245578341107650e-01,8.096988875652356e-13
1.247708263031570e-01,8.096988090596861e-13
1.249838184955480e-01,8.096987306764810e-13
1.251968106879400e-01,8.096986524152264e-13
1.254098028803320e-01,8.096985742755322e-13
1.256227950727240e-01,8.096984962570080e-13
1.258357872651160e-01,8.096984183592636e-13
1.260487794575080e-01,8.096983405819084e-13
1.262617716499000e-01,8.096982629245523e-13
1.264747638422920e-01,8.096981853868050e-13
1.266877560346830e-01,8.096981079682762e-13
1.269007482270750e-01,8.096980306685756e-13
1.271137404194670e-01,8.096979534873160e-13
1.273267326118590e-01,8.096978764241246e-13
1.275397248042510e-01,8.096977994786315e-13
1.277527169966430e-01,8.096977226504667e-13
1.279657091890350e-01,8.096976459392609e-13
1.281787013814270e-01,8.096975693446440e-13
1.283916935738180e-01,8.096974928662462e-13
1.286046857662100e-01,8.096974165036978e-13
1.288176779586020e-01,8.096973402566293e-13
1.290306701509940e-01,8.096972641246706e-13
1.292436623433860e-01,8.096971881074533e-13
1.294566545357780e-01,8.096971122046139e-13
1.296696467281700e-01,8.096970364157909e-13
1.298826389205610e-01,8.096969607406218e-13
1.300956311129530e-01,8.096968851787447e-13
1.303086233053450e-01,8.096968097297976e-13
1.305216154977370e-01,8.096967343934185e-13
1.307346076901290e-01,8.096966591692453e-13
1.309475998825210e-01,8.096965840569161e-13
1.311605920749130e-01,8.096965090560686e-13
1.313735842673050e-01,8.096964341663504e-13
1.315865764596960e-01,8.096963593874462e-13
1.317995686520880e-01,8.096962847190498e-13
1.320125608444800e-01,8.096962101608557e-13
1.322255530368720e-01,8.096961357125576e-13
1.324385452292640e-01,8.096960613738499e-13
1.326515374216560e-01,8.096959871444264e-13
1.328645296140480e-01,8.096959130239815e-13
1.330775218064400e-01,8.096958390122089e-13
1.332905139988310e-01,8.096957651088029e-13
1.335035061912230e-01,8.096956913134316e-13
1.337164983836150e-01,8.096956176256598e-13
1.339294905760070e-01,8.096955440450256e-13
1.341424827683990e-01,8.096954705710682e-13
1.343554749607910e-01,8.096953972033260e-13
1.345684671531830e-01,8.096953239413377e-13
1.347814593455740e-01,8.096952507846419e-13
1.349944515379660e-01,8.096951777327772e-13
1.352074437303580e-01,8.096951047852824e-13
1.354204359227500e-01,8.096950319416959e-13
1.356334281151420e-01,8.096949592015977e-13
1.358464203075340e-01,8.096948865647311e-13
1.360594124999260e-01,8.096948140308808e-13
1.362724046923180e-01,8.096947415998314e-13
1.364853968847090e-01,8.096946692713676e-13
1.366983890771010e-01,8.096945970452736e-13
1.369113812694930e-01,8.096945249213342e-13
1.371243734618850e-01,8.096944528993340e-13
1.373373656542770e-01,8.096943809790574e-13
1.375503578466690e-01,8.096943091602892e-13
1.377633500390610e-01,8.096942374428115e-13
1.379763422314520e-01,8.096941658263969e-13
1.381893344238440e-01,8.096940943108155e-13
1.384023266162360e-01,8.096940228958377e-13
1.386153188086280e-01,8.096939515812334e-13
1.388283110010200e-01,8.096938803667731e-13
1.390413031934120e-01,8.096938092522268e-13
1.392542953858040e-01,8.096937382373651e-13
1.394672875781960e-01,8.096936673219576e-13
1.396802797705870e-01,8.096935965057750e-13
1.398932719629790e-01,8.096935257885804e-13
1.401062641553710e-01,8.096934551701090e-13
1.403192563477630e-01,8.096933846500889e-13
1.405322485401550e-01,8.096933142282486e-13
1.407452407325470e-01,8.096932439043165e-13
1.409582329249390e-01,8.096931736780207e-13
1.411712251173300e-01,8.096931035490893e-13
1.413842173097220e-01,8.096930335172510e-13
1.415972095021140e-01,8.096929635822336e-13
1.418102016945060e-01,8.096928937437657e-13
1.420231938868980e-01,8.096928240015869e-13
1.422361860792900e-01,8.096927543554827e-13
1.424491782716820e-01,8.096926848052501e-13
1.426621704640740e-01,8.096926153506861e-13
1.428751626564650e-01,8.096925459915876e-13
1.430881548488570e-01,8.096924767277516e-13
1.433011470412490e-01,8.096924075589748e-13
1.435141392336410e-01,8.096923384850545e-13
1.437271314260330e-01,8.096922695057874e-13
1.439401236184250e-01,8.096922006209706e-13
1.441531158108170e-01,8.096921318303612e-13
1.443661080032090e-01,8.096920631335565e-13
1.445791001956000e-01,8.096919945301141e-13
1.447920923879920e-01,8.096919260195919e-13
1.450050845803840e-01,8.096918576015473e-13
1.452180767727760e-01,8.096917892755380e-13
1.454310689651680e-01,8.096917210411216e-13
1.456440611575600e-01,8.096916528978555e-13
1.458570533499520e-01,8.096915848452977e-13
1.460700455423430e-01,8.096915168830056e-13
1.462830377347350e-01,8.096914490105786e-13
1.464960299271270e-01,8.096913812277827e-13
1.467090221195190e-01,8.096913135344260e-13
1.469220143119110e-01,8.096912459303163e-13
1.471350065043030e-01,8.096911784152615e-13
1.473479986966950e-01,8.096911109890694e-13
1.475609908890870e-01,8.096910436515479e-13
1.477739830814780e-01,8.096909764025049e-13
1.479869752738700e-01,8.096909092417484e-13
1.481999674662620e-01,8.096908421690859e-13
1.484129596586540e-01,8.096907751843164e-13
1.486259518510460e-01,8.096907082872014e-13
1.488389440434380e-01,8.096906414774933e-13
1.490519362358300e-01,8.096905747549442e-13
1.492649284282220e-01,8.096905081193068e-13
1.494779206206130e-01,8.096904415703333e-13
1.496909128130050e-01,8.096903751077760e-13
1.499039050053970e-01,8.096903087313873e-13
1.501168971977890e-01,8.096902424409197e-13
1.503298893901810e-01,8.096901762361255e-13
1.505428815825730e-01,8.096901101167615e-13
1.507558737749650e-01,8.096900440826036e-13
1.509688659673560e-01,8.096899781334321e-13
1.511818581597480e-01,8.096899122690272e-13
1.513948503521400e-01,8.096898464891691e-13
1.516078425445320e-01,8.096897807936383e-13
1.518208347369240e-01,8.096897151822149e-13
1.520338269293160e-01,8.096896496546795e-13
1.522468191217080e-01,8.096895842108119e-13
1.524598113141000e-01,8.096895188503930e-13
1.526728035064910e-01,8.096894535732027e-13
1.528857956988830e-01,8.096893883790223e-13
1.530987878912750e-01,8.096893232676329e-13
1.533117800836670e-01,8.096892582388156e-13
1.535247722760590e-01,8.096891932923515e-13
1.537377644684510e-01,8.096891284280218e-13
1.539507566608430e-01,8.096890636456076e-13
1.541637488532340e-01,8.096889989448901e-13
1.543767410456260e-01,8.096889343256504e-13
1.545897332380180e-01,8.096888697876695e-13
1.548027254304100e-01,8.096888053307309e-13
1.550157176228020e-01,8.096887409546272e-13
1.552287098151940e-01,8.096886766591524e-13
1.554417020075860e-01,8.096886124441016e-13
1.556546941999780e-01,8.096885483092691e-13
1.558676863923690e-01,8.096884842544496e-13
1.560806785847610e-01,8.096884202794376e-13
1.562936707771530e-01,8.096883563840278e-13
1.565066629695450e-01,8.096882925680147e-13
1.567196551619370e-01,8.096882288311930e-13
1.569326473543290e-01,8.096881651733576e-13
1.571456395467210e-01,8.096881015943064e-13
1.573586317391130e-01,8.096880380938376e-13
1.575716239315040e-01,8.096879746717493e-13
1.577846161238960e-01,8.096879113278400e-13
1.579976083162880e-01,8.096878480619079e-13
1.582106005086800e-01,8.096877848737509e-13
1.584235927010720e-01,8.096877217631678e-13
1.586365848934640e-01,8.096876587299564e-13
1.588495770858560e-01,8.096875957739149e-13
1.590625692782470e-01,8.096875328948437e-13
1.592755614706390e-01,8.096874700925489e-13
1.594885536630310e-01,8.096874073668384e-13
1.597015458554230e-01,8.096873447175206e-13
1.599145380478150e-01,8.096872821444034e-13
1.601275302402070e-01,8.096872196472947e-13
1.603405224325990e-01,8.096871572260028e-13
1.605535146249910e-01,8.096870948803358e-13
1.607665068173820e-01,8.096870326101016e-13
1.609794990097740e-01,8.096869704151082e-13
1.611924912021660e-01,8.096869082951648e-13
1.614054833945580e-01,8.096868462500842e-13
1.616184755869500e-01,8.096867842796804e-13
1.618314677793420e-01,8.096867223837668e-13
1.620444599717340e-01,8.096866605621578e-13
1.622574521641260e-01,8.096865988146669e-13
1.624704443565170e-01,8.096865371411079e-13
1.626834365489090e-01,8.096864755412949e-13
1.628964287413010e-01,8.096864140150417e-13
1.631094209336930e-01,8.096863525621620e-13
1.633224131260850e-01,8.096862911824708e-13
1.635354053184770e-01,8.096862298757881e-13
1.637483975108690e-01,8.096861686419350e-13
1.639613897032600e-01,8.096861074807324e-13
1.641743818956520e-01,8.096860463920012e-13
1.643873740880440e-01,8.096859853755629e-13
1.646003662804360e-01,8.096859244312380e-13
1.648133584728280e-01,8.096858635588480e-13
1.650263506652200e-01,8.096858027582137e-13
1.652393428576120e-01,8.096857420291563e-13
1.654523350500040e-01,8.096856813714976e-13
1.656653272423950e-01,8.096856207850642e-13
1.658783194347870e-01,8.096855602696832e-13
1.660913116271790e-01,8.096854998251819e-13
1.663043038195710e-01,8.096854394513878e-13
1.665172960119630e-01,8.096853791481277e-13
1.667302882043550e-01,8.096853189152294e-13
1.669432803967470e-01,8.096852587525201e-13
1.671562725891380e-01,8.096851986598269e-13
1.673692647815300e-01,8.096851386369772e-13
1.675822569739220e-01,8.096850786837990e-13
1.677952491663140e-01,8.096850188001244e-13
1.680082413587060e-01,8.096849589857858e-13
1.682212335510980e-01,8.096848992406159e-13
1.684342257434900e-01,8.096848395644471e-13
1.686472179358820e-01,8.096847799571124e-13
1.688602101282730e-01,8.096847204184441e-13
1.690732023206650e-01,8.096846609482751e-13
1.692861945130570e-01,8.096846015464380e-13
1.694991867054490e-01,8.096845422127649e-13
1.697121788978410e-01,8.096844829470907e-13
1.699251710902330e-01,8.096844237492551e-13
1.701381632826250e-01,8.096843646191002e-13
1.703511554750170e-01,8.096843055564675e-13
1.705641476674080e-01,8.096842465611990e-13
1.707771398598000e-01,8.096841876331362e-13
1.709901320521920e-01,8.096841287721210e-13
1.712031242445840e-01,8.096840699779953e-13
1.714161164369760e-01,8.096840112506007e-13
1.716291086293680e-01,8.096839525897789e-13
1.718421008217600e-01,8.096838939953703e-13
1.720550930141510e-01,8.096838354672090e-13
1.722680852065430e-01,8.096837770051282e-13
1.724810773989350e-01,8.096837186089604e-13
1.726940695913270e-01,8.096836602785384e-13
1.729070617837190e-01,8.096836020136951e-13
1.731200539761110e-01,8.096835438142631e-13
1.733330461685030e-01,8.096834856800755e-13
1.735460383608950e-01,8.096834276109648e-13
1.737590305532860e-01,8.096833696067641e-13
1.739720227456780e-01,8.096833116673166e-13
1.741850149380700e-01,8.096832537925086e-13
1.743980071304620e-01,8.096831959822366e-13
1.746109993228540e-01,8.096831382363975e-13
1.748239915152460e-01,8.096830805548878e-13
1.750369837076380e-01,8.096830229376041e-13
1.752499759000290e-01,8.096829653844437e-13
1.754629680924210e-01,8.096829078953026e-13
1.756759602848130e-01,8.096828504700779e-13
1.758889524772050e-01,8.096827931086662e-13
1.761019446695970e-01,8.096827358109282e-13
1.763149368619890e-01,8.096826785765796e-13
1.765279290543810e-01,8.096826214053005e-13
1.767409212467730e-01,8.096825642967707e-13
1.769539134391640e-01,8.096825072506699e-13
1.771669056315560e-01,8.096824502666777e-13
1.773798978239480e-01,8.096823933444744e-13
1.775928900163400e-01,8.096823364837393e-13
1.778058822087320e-01,8.096822796841527e-13
1.780188744011240e-01,8.096822229453939e-13
1.782318665935160e-01,8.096821662672826e-13
1.784448587859070e-01,8.096821096501964e-13
1.786578509782990e-01,8.096820530946525e-13
1.788708431706910e-01,8.096819966011682e-13
1.790838353630830e-01,8.096819401702606e-13
1.792968275554750e-01,8.096818838024472e-13
1.795098197478670e-01,8.096818274982453e-13
1.797228119402590e-01,8.096817712581721e-13
1.799358041326510e-01,8.096817150827448e-13
1.801487963250420e-01,8.096816589724807e-13
1.803617885174340e-01,8.096816029273799e-13
1.805747807098260e-01,8.096815469453731e-13
1.807877729022180e-01,8.096814910238734e-13
1.810007650946100e-01,8.096814351602946e-13
1.812137572870020e-01,8.096813793520499e-13
1.814267494793940e-01,8.096813235965525e-13
1.816397416717860e-01,8.096812678912160e-13
1.818527338641770e-01,8.096812122334536e-13
1.820657260565690e-01,8.096811566206788e-13
1.822787182489610e-01,8.096811010503050e-13
1.824917104413530e-01,8.096810455216807e-13
1.827047026337450e-01,8.096809900418922e-13
1.829176948261370e-01,8.096809346199606e-13
1.831306870185290e-01,8.096808792649064e-13
1.833436792109200e-01,8.096808239857504e-13
1.835566714033120e-01,8.096807687915134e-13
1.837696635957040e-01,8.096807136912160e-13
1.839826557880960e-01,8.096806586938790e-13
1.841956479804880e-01,8.096806038085232e-13
1.844086401728800e-01,8.096805490441690e-13
1.846216323652720e-01,8.096804944026176e-13
1.848346245576640e-01,8.096804398568062e-13
1.850476167500550e-01,8.096803853724605e-13
1.852606089424470e-01,8.096803309153063e-13
1.854736011348390e-01,8.096802764510692e-13
1.856865933272310e-01,8.096802219454749e-13
1.858995855196230e-01,8.096801673642492e-13
1.861125777120150e-01,8.096801126731175e-13
1.863255699044070e-01,8.096800578378057e-13
1.865385620967990e-01,8.096800028240395e-13
1.867515542891900e-01,8.096799476244644e-13
1.869645464815820e-01,8.096798923394632e-13
1.871775386739740e-01,8.096798370963668e-13
1.873905308663660e-01,8.096797820225068e-13
1.876035230587580e-01,8.096797272452145e-13
1.878165152511500e-01,8.096796728918211e-13
1.880295074435420e-01,8.096796190896580e-13
1.882424996359330e-01,8.096795659660562e-13
1.884554918283250e-01,8.096795136483475e-13
1.886684840207170e-01,8.096794622638626e-13
1.888814762131090e-01,8.096794118394097e-13
1.890944684055010e-01,8.096793619996131e-13
1.893074605978930e-01,8.096793122685279e-13
1.895204527902850e-01,8.096792621702095e-13
1.897334449826770e-01,8.096792112287137e-13
1.899464371750680e-01,8.096791589680955e-13
1.901594293674600e-01,8.096791049124105e-13
1.903724215598520e-01,8.096790485857141e-13
1.905854137522440e-01,8.096789895120620e-13
1.907984059446360e-01,8.096789272155093e-13
1.910113981370280e-01,8.096788615954089e-13
1.912243903294200e-01,8.096787940521770e-13
1.914373825218110e-01,8.096787263614650e-13
1.916503747142030e-01,8.096786602989234e-13
1.918633669065950e-01,8.096785976402031e-13
1.920763590989870e-01,8.096785401609550e-13
1.922893512913790e-01,8.096784896368303e-13
1.925023434837710e-01,8.096784478434796e-13
1.927153356761630e-01,8.096784165565539e-13
1.929283278685550e-01,8.096783975517040e-13
1.931413200609460e-01,8.096783912035686e-13
1.933543122533380e-01,8.096783922849357e-13
1.935673044457300e-01,8.096783941686808e-13
1.937802966381220e-01,8.096783902276790e-13
1.939932888305140e-01,8.096783738348056e-13
1.942062810229060e-01,8.096783383629358e-13
1.944192732152980e-01,8.096782771849447e-13
1.946322654076900e-01,8.096781836737080e-13
1.948452576000810e-01,8.096780512021005e-13
1.950582497924730e-01,8.096778731429977e-13
1.952712419848650e-01,8.096776480992505e-13
1.954842341772570e-01,8.096773955789460e-13
1.956972263696490e-01,8.096771403128162e-13
1.959102185620410e-01,8.096769070315931e-13
1.961232107544330e-01,8.096767204660088e-13
1.963362029468240e-01,8.096766053467952e-13
1.965491951392160e-01,8.096765864046844e-13
1.967621873316080e-01,8.096766883704085e-13
1.969751795240000e-01,8.096769359746994e-13
1.971881717163920e-01,8.096773539482892e-13
1.974011639087840e-01,8.096779564118712e-13
1.976141561011760e-01,8.096787150290728e-13
1.978271482935680e-01,8.096795908450259e-13
1.980401404859590e-01,8.096805449048625e-13
1.982531326783510e-01,8.096815382537143e-13
1.984661248707430e-01,8.096825319367134e-13
1.986791170631350e-01,8.096834869989912e-13
1.988921092555270e-01,8.096843644856800e-13
1.991051014479190e-01,8.096851254419114e-13
1.993180936403110e-01,8.096857309128174e-13
1.995310858327020e-01,8.096861525451106e-13
1.997440780250940e-01,8.096864043956252e-13
1.999570702174860e-01,8.096865111246754e-13
2.001700624098780e-01,8.096864973925756e-13
2.003830546022700e-01,8.096863878596406e-13
2.005960467946620e-01,8.096862071861846e-13
2.008090389870540e-01,8.096859800325218e-13
2.010220311794460e-01,8.096857310589668e-13
2.012350233718370e-01,8.096854849258342e-13
2.014480155642290e-01,8.096852662934380e-13
2.016610077566210e-01,8.096850946095830e-13
2.018739999490130e-01,8.096849684766045e-13
2.020869921414050e-01,8.096848812866127e-13
2.022999843337970e-01,8.096848264317180e-13
2.025129765261890e-01,8.096847973040306e-13
2.027259687185810e-01,8.096847872956609e-13
2.029389609109720e-01,8.096847897987194e-13
2.031519531033640e-01,8.096847982053162e-13
2.033649452957560e-01,8.096848059075618e-13
2.035779374881480e-01,8.096848062975663e-13
2.037909296805400e-01,8.096847941645532e-13
2.040039218729320e-01,8.096847698832487e-13
2.042169140653240e-01,8.096847352240170e-13
2.044299062577150e-01,8.096846919572227e-13
2.046428984501070e-01,8.096846418532301e-13
2.048558906424990e-01,8.096845866824040e-13
2.050688828348910e-01,8.096845282151086e-13
2.052818750272830e-01,8.096844682217086e-13
2.054948672196750e-01,8.096844084725681e-13
2.057078594120670e-01,8.096843507380519e-13
2.059208516044590e-01,8.096842964145930e-13
2.061338437968500e-01,8.096842454020431e-13
2.063468359892420e-01,8.096841972258949e-13
2.065598281816340e-01,8.096841514116409e-13
2.067728203740260e-01,8.096841074847740e-13
2.069858125664180e-01,8.096840649707866e-13
2.071988047588100e-01,8.096840233951716e-13
2.074117969512020e-01,8.096839822834213e-13
2.076247891435940e-01,8.096839411610286e-13
2.078377813359850e-01,8.096838995534858e-13
2.080507735283770e-01,8.096838570865174e-13
2.082637657207690e-01,8.096838137868787e-13
2.084767579131610e-01,8.096837697816089e-13
2.086897501055530e-01,8.096837251977482e-13
2.089027422979450e-01,8.096836801623360e-13
2.091157344903370e-01,8.096836348024119e-13
2.093287266827280e-01,8.096835892450153e-13
2.095417188751200e-01,8.096835436171863e-13
2.097547110675120e-01,8.096834980459640e-13
2.099677032599040e-01,8.096834526583883e-13
2.101806954522960e-01,8.096834075546338e-13
2.103936876446880e-01,8.096833627274193e-13
2.106066798370800e-01,8.096833181426018e-13
2.108196720294720e-01,8.096832737660376e-13
2.110326642218630e-01,8.096832295635834e-13
2.112456564142550e-01,8.096831855010956e-13
2.114586486066470e-01,8.096831415444310e-13
2.116716407990390e-01,8.096830976594459e-13
2.118846329914310e-01,8.096830538119970e-13
2.120976251838230e-01,8.096830099679408e-13
2.123106173762150e-01,8.096829661003356e-13
2.125236095686060e-01,8.096829222110340e-13
2.127366017609980e-01,8.096828783090858e-13
2.129495939533900e-01,8.096828344035405e-13
2.131625861457820e-01,8.096827905034477e-13
2.133755783381740e-01,8.096827466178566e-13
2.135885705305660e-01,8.096827027558169e-13
2.138015627229580e-01,8.096826589263780e-13
2.140145549153500e-01,8.096826151385895e-13
2.142275471077410e-01,8.096825714015006e-13
2.144405393001330e-01,8.096825277222316e-13
2.146535314925250e-01,8.096824841001885e-13
2.148665236849170e-01,8.096824405328509e-13
2.150795158773090e-01,8.096823970176982e-13
2.152925080697010e-01,8.096823535522096e-13
2.155055002620930e-01,8.096823101338647e-13
2.157184924544850e-01,8.096822667601426e-13
2.159314846468760e-01,8.096822234285227e-13
2.161444768392680e-01,8.096821801364847e-13
2.163574690316600e-01,8.096821368815077e-13
2.165704612240520e-01,8.096820936615875e-13
2.167834534164440e-01,8.096820504767874e-13
2.169964456088360e-01,8.096820073276875e-13
2.172094378012280e-01,8.096819642148679e-13
2.174224299936190e-01,8.096819211389082e-13
2.176354221860110e-01,8.096818781003891e-13
2.178484143784030e-01,8.096818350998902e-13
2.180614065707950e-01,8.096817921379920e-13
2.182743987631870e-01,8.096817492152742e-13
2.184873909555790e-01,8.096817063323173e-13
2.187003831479710e-01,8.096816634895632e-13
2.189133753403630e-01,8.096816206869038e-13
2.191263675327540e-01,8.096815779240927e-13
2.193393597251460e-01,8.096815352008839e-13
2.195523519175380e-01,8.096814925170311e-13
2.197653441099300e-01,8.096814498722884e-13
2.199783363023220e-01,8.096814072664092e-13
2.201913284947140e-01,8.096813646991477e-13
2.204043206871060e-01,8.096813221702575e-13
2.206173128794970e-01,8.096812796794926e-13
2.208303050718890e-01,8.096812372266439e-13
2.210432972642810e-01,8.096811948116504e-13
2.212562894566730e-01,8.096811524344888e-13
2.214692816490650e-01,8.096811100951351e-13
2.216822738414570e-01,8.096810677935656e-13
2.218952660338490e-01,8.096810255297568e-13
2.221082582262410e-01,8.096809833036850e-13
2.223212504186320e-01,8.096809411153263e-13
2.225342426110240e-01,8.096808989646572e-13
2.227472348034160e-01,8.096808568516540e-13
2.229602269958080e-01,8.096808147762834e-13
2.231732191882000e-01,8.096807727384743e-13
2.233862113805920e-01,8.096807307381462e-13
2.235992035729840e-01,8.096806887752183e-13
2.238121957653760e-01,8.096806468496102e-13
2.240251879577670e-01,8.096806049612412e-13
2.242381801501590e-01,8.096805631100305e-13
2.244511723425510e-01,8.096805212958977e-13
2.246641645349430e-01,8.096804795187621e-13
2.248771567273350e-01,8.096804377785431e-13
2.250901489197270e-01,8.096803960751630e-13
2.253031411121190e-01,8.096803544085559e-13
2.255161333045100e-01,8.096803127786588e-13
2.257291254969020e-01,8.096802711854088e-13
2.259421176892940e-01,8.096802296287428e-13
2.261551098816860e-01,8.096801881085980e-13
2.263681020740780e-01,8.096801466249113e-13
2.265810942664700e-01,8.096801051776196e-13
2.267940864588620e-01,8.096800637666602e-13
2.270070786512540e-01,8.096800223919699e-13
2.272200708436450e-01,8.096799810534854e-13
2.274330630360370e-01,8.096799397511413e-13
2.276460552284290e-01,8.096798984848720e-13
2.278590474208210e-01,8.096798572546117e-13
2.280720396132130e-01,8.096798160602945e-13
2.282850318056050e-01,8.096797749018549e-13
2.284980239979970e-01,8.096797337792269e-13
2.287110161903880e-01,8.096796926923450e-13
2.289240083827800e-01,8.096796516411432e-13
2.291370005751720e-01,8.096796106255559e-13
2.293499927675640e-01,8.096795696455179e-13
2.295629849599560e-01,8.096795287009660e-13
2.297759771523480e-01,8.096794877918373e-13
2.299889693447400e-01,8.096794469180696e-13
2.302019615371320e-01,8.096794060795997e-13
2.304149537295230e-01,8.096793652763655e-13
2.306279459219150e-01,8.096793245083040e-13
2.308409381143070e-01,8.096792837753526e-13
2.310539303066990e-01,8.096792430774487e-13
2.312669224990910e-01,8.096792024145296e-13
2.314799146914830e-01,8.096791617865329e-13
2.316929068838750e-01,8.096791211933960e-13
2.319058990762670e-01,8.096790806350574e-13
2.321188912686580e-01,8.096790401114547e-13
2.323318834610500e-01,8.096789996225259e-13
2.325448756534420e-01,8.096789591682091e-13
2.327578678458340e-01,8.096789187484421e-13
2.329708600382260e-01,8.096788783631630e-13
2.331838522306180e-01,8.096788380123095e-13
2.333968444230100e-01,8.096787976958197e-13
2.336098366154010e-01,8.096787574136321e-13
2.338228288077930e-01,8.096787171656868e-13
2.340358210001850e-01,8.096786769519250e-13
2.342488131925770e-01,8.096786367722873e-13
2.344618053849690e-01,8.096785966267150e-13
2.346747975773610e-01,8.096785565151484e-13
2.348877897697530e-01,8.096785164375286e-13
2.351007819621450e-01,8.096784763937968e-13
2.353137741545360e-01,8.096784363838934e-13
2.355267663469280e-01,8.096783964077594e-13
2.357397585393200e-01,8.096783564653362e-13
2.359527507317120e-01,8.096783165565651e-13
2.361657429241040e-01,8.096782766813884e-13
2.363787351164960e-01,8.096782368397483e-13
2.365917273088880e-01,8.096781970315867e-13
2.368047195012800e-01,8.096781572568456e-13
2.370177116936710e-01,8.096781175154669e-13
2.372307038860630e-01,8.096780778073932e-13
2.374436960784550e-01,8.096780381325658e-13
2.376566882708470e-01,8.096779984909272e-13
2.378696804632390e-01,8.096779588824195e-13
2.380826726556310e-01,8.096779193069845e-13
2.382956648480230e-01,8.096778797645649e-13
2.385086570404140e-01,8.096778402551024e-13
2.387216492328060e-01,8.096778007785396e-13
2.389346414251980e-01,8.096777613348185e-13
2.391476336175900e-01,8.096777219238815e-13
2.393606258099820e-01,8.096776825456704e-13
2.395736180023740e-01,8.096776432001278e-13
2.397866101947660e-01,8.096776038871958e-13
2.399996023871580e-01,8.096775646068172e-13
2.402125945795490e-01,8.096775253589371e-13
2.404255867719410e-01,8.096774861435020e-13
2.406385789643330e-01,8.096774469604572e-13
2.408515711567250e-01,8.096774078097493e-13
2.410645633491170e-01,8.096773686913238e-13
2.412775555415090e-01,8.096773296051269e-13
2.414905477339010e-01,8.096772905511045e-13
2.417035399262920e-01,8.096772515292028e-13
2.419165321186840e-01,8.096772125393674e-13
2.421295243110760e-01,8.096771735815443e-13
2.423425165034680e-01,8.096771346556794e-13
2.425555086958600e-01,8.096770957617184e-13
2.427685008882520e-01,8.096770568996069e-13
2.429814930806440e-01,8.096770180692909e-13
2.431944852730360e-01,8.096769792707160e-13
2.434074774654270e-01,8.096769405038280e-13
2.436204696578190e-01,8.096769017685726e-13
2.438334618502110e-01,8.096768630648954e-13
2.440464540426030e-01,8.096768243927424e-13
2.442594462349950e-01,8.096767857520595e-13
2.444724384273870e-01,8.096767471427942e-13
2.446854306197790e-01,8.096767085648943e-13
2.448984228121710e-01,8.096766700183072e-13
2.451114150045620e-01,8.096766315029811e-13
2.453244071969540e-01,8.096765930188634e-13
2.455373993893460e-01,8.096765545659020e-13
2.457503915817380e-01,8.096765161440447e-13
2.459633837741300e-01,8.096764777532391e-13
2.461763759665220e-01,8.096764393934331e-13
2.463893681589140e-01,8.096764010645745e-13
2.466023603513050e-01,8.096763627666114e-13
2.468153525436970e-01,8.096763244994926e-13
2.470283447360890e-01,8.096762862631664e-13
2.472413369284810e-01,8.096762480575811e-13
2.474543291208730e-01,8.096762098826853e-13
2.476673213132650e-01,8.096761717384276e-13
2.478803135056570e-01,8.096761336247563e-13
2.480933056980490e-01,8.096760955416197e-13
2.483062978904400e-01,8.096760574889665e-13
2.485192900828320e-01,8.096760194667455e-13
2.487322822752240e-01,8.096759814749071e-13
2.489452744676160e-01,8.096759435134025e-13
2.491582666600080e-01,8.096759055821826e-13
2.493712588524000e-01,8.096758676811983e-13
2.495842510447920e-01,8.096758298104009e-13
2.497972432371830e-01,8.096757919697411e-13
2.500102354295750e-01,8.096757541591698e-13
2.502232276219670e-01,8.096757163786383e-13
2.504362198143590e-01,8.096756786280974e-13
2.506492120067510e-01,8.096756409074980e-13
2.508622041991430e-01,8.096756032167906e-13
2.510751963915350e-01,8.096755655559259e-13
2.512881885839270e-01,8.096755279248539e-13
2.515011807763180e-01,8.096754903235254e-13
2.517141729687100e-01,8.096754527518908e-13
2.519271651611020e-01,8.096754152099002e-13
2.521401573534940e-01,8.096753776975044e-13
2.523531495458860e-01,8.096753402146538e-13
2.525661417382780e-01,8.096753027612986e-13
2.527791339306700e-01,8.096752653373899e-13
2.529921261230620e-01,8.096752279428805e-13
2.532051183154530e-01,8.096751905777241e-13
2.534181105078450e-01,8.096751532418738e-13
2.536311027002370e-01,8.096751159352831e-13
2.538440948926290e-01,8.096750786579055e-13
2.540570870850210e-01,8.096750414096942e-13
2.542700792774130e-01,8.096750041906028e-13
2.544830714698050e-01,8.096749670005848e-13
2.546960636621960e-01,8.096749298395933e-13
2.549090558545880e-01,8.096748927075820e-13
2.551220480469800e-01,8.096748556045036e-13
2.553350402393720e-01,8.096748185303110e-13
2.555480324317640e-01,8.096747814849573e-13
2.557610246241560e-01,8.096747444683954e-13
2.559740168165480e-01,8.096747074805780e-13
2.561870090089400e-01,8.096746705214582e-13
2.564000012013310e-01,8.096746335909889e-13
2.566129933937230e-01,8.096745966891229e-13
2.568259855861150e-01,8.096745598158132e-13
2.570389777785070e-01,8.096745229710130e-13
2.572519699708990e-01,8.096744861546773e-13
2.574649621632910e-01,8.096744493667610e-13
2.576779543556830e-01,8.096744126072193e-13
2.578909465480740e-01,8.096743758760073e-13
2.581039387404660e-01,8.096743391730804e-13
2.583169309328580e-01,8.096743024983937e-13
2.585299231252500e-01,8.096742658519021e-13
2.587429153176420e-01,8.096742292335610e-13
2.589559075100340e-01,8.096741926433254e-13
2.591688997024260e-01,8.096741560811504e-13
2.593818918948180e-01,8.096741195469910e-13
2.595948840872090e-01,8.096740830408020e-13
2.598078762796010e-01,8.096740465625381e-13
2.600208684719930e-01,8.096740101121545e-13
2.602338606643850e-01,8.096739736896056e-13
2.604468528567770e-01,8.096739372948464e-13
2.606598450491690e-01,8.096739009278316e-13
2.608728372415610e-01,8.096738645885162e-13
2.610858294339530e-01,8.096738282768551e-13
2.612988216263440e-01,8.096737919928040e-13
2.615118138187360e-01,8.096737557363227e-13
2.617248060111280e-01,8.096737195073719e-13
2.619377982035200e-01,8.096736833059126e-13
2.621507903959120e-01,8.096736471319054e-13
2.623637825883040e-01,8.096736109853112e-13
2.625767747806960e-01,8.096735748660908e-13
2.627897669730870e-01,8.096735387742049e-13
2.630027591654790e-01,8.096735027096144e-13
2.632157513578710e-01,8.096734666722800e-13
2.634287435502630e-01,8.096734306621551e-13
2.636417357426550e-01,8.096733946791616e-13
2.638547279350470e-01,8.096733587232146e-13
2.640677201274390e-01,8.096733227942288e-13
2.642807123198310e-01,8.096732868921190e-13
2.644937045122220e-01,8.096732510167996e-13
2.647066967046140e-01,8.096732151681858e-13
2.649196888970060e-01,8.096731793461922e-13
2.651326810893980e-01,8.096731435507333e-13
2.653456732817900e-01,8.096731077817241e-13
2.655586654741820e-01,8.096730720390906e-13
2.657716576665740e-01,8.096730363228044e-13
2.659846498589660e-01,8.096730006328485e-13
2.661976420513570e-01,8.096729649692057e-13
2.664106342437490e-01,8.096729293318589e-13
2.666236264361410e-01,8.096728937207912e-13
2.668366186285330e-01,8.096728581359856e-13
2.670496108209250e-01,8.096728225774247e-13
2.672626030133170e-01,8.096727870450918e-13
2.674755952057090e-01,8.096727515389696e-13
2.676885873981000e-01,8.096727160590400e-13
2.679015795904920e-01,8.096726806052798e-13
2.681145717828840e-01,8.096726451776651e-13
2.683275639752760e-01,8.096726097761714e-13
2.685405561676680e-01,8.096725744007748e-13
2.687535483600600e-01,8.096725390514509e-13
2.689665405524520e-01,8.096725037281757e-13
2.691795327448440e-01,8.096724684309248e-13
2.693925249372350e-01,8.096724331596742e-13
2.696055171296270e-01,8.096723979143995e-13
2.698185093220190e-01,8.096723626950731e-13
2.700315015144110e-01,8.096723275016523e-13
2.702444937068030e-01,8.096722923340911e-13
2.704574858991950e-01,8.096722571923433e-13
2.706704780915870e-01,8.096722220763628e-13
2.708834702839780e-01,8.096721869861034e-13
2.710964624763700e-01,8.096721519215189e-13
2.713094546687620e-01,8.096721168825633e-13
2.715224468611540e-01,8.096720818691902e-13
2.717354390535460e-01,8.096720468813539e-13
2.719484312459380e-01,8.096720119190199e-13
2.721614234383300e-01,8.096719769822029e-13
2.723744156307220e-01,8.096719420709294e-13
2.725874078231130e-01,8.096719071852259e-13
2.728004000155050e-01,8.096718723251190e-13
2.730133922078970e-01,8.096718374906354e-13
2.732263844002890e-01,8.096718026818013e-13
2.734393765926810e-01,8.096717678986435e-13
2.736523687850730e-01,8.096717331411884e-13
2.738653609774650e-01,8.096716984094628e-13
2.740783531698570e-01,8.096716637034461e-13
2.742913453622480e-01,8.096716290229302e-13
2.745043375546400e-01,8.096715943676600e-13
2.747173297470320e-01,8.096715597373804e-13
2.749303219394240e-01,8.096715251318363e-13
2.751433141318160e-01,8.096714905507726e-13
2.753563063242080e-01,8.096714559939341e-13
2.755692985166000e-01,8.096714214610658e-13
2.757822907089910e-01,8.096713869519126e-13
2.759952829013830e-01,8.096713524662191e-13
2.762082750937750e-01,8.096713180039044e-13
2.764212672861670e-01,8.096712835655822e-13
2.766342594785590e-01,8.096712491520408e-13
2.768472516709510e-01,8.096712147640679e-13
2.770602438633430e-01,8.096711804024516e-13
2.772732360557350e-01,8.096711460679799e-13
2.774862282481260e-01,8.096711117614406e-13
2.776992204405180e-01,8.096710774836216e-13
2.779122126329100e-01,8.096710432353112e-13
2.781252048253020e-01,8.096710090172972e-13
2.783381970176940e-01,8.096709748297180e-13
2.785511892100860e-01,8.096709406701146e-13
