7.791356504680618e-06,6.388230489487466e-10
8.610780621332552e-06,6.375118346625527e-10
9.516384324626089e-06,6.361946814023463e-10
1.051723120080771e-05,6.348712352574039e-10
1.162333806181051e-05,6.335413141463183e-10
1.284577519687474e-05,6.322047782100606e-10
1.419677716772344e-05,6.308613044410996e-10
1.568986525616830e-05,6.295107368030844e-10
1.733998278964274e-05,6.281527795256099e-10
1.916364469904539e-05,6.267872050295327e-10
2.117910280571951e-05,6.254137603037513e-10
2.340652849181556e-05,6.240321750678568e-10
2.586821458226360e-05,6.226421848649150e-10
2.858879845885812e-05,6.212435289621055e-10
3.159550863945590e-05,6.198359302707411e-10
3.491843729013453e-05,6.184191160227306e-10
3.859084139770492e-05,6.169928128144367e-10
4.264947561681323e-05,6.155567399281485e-10
4.713496012287843e-05,6.141106584991596e-10
5.209218715246060e-05,6.126545238205553e-10
5.757077029985334e-05,6.111883640900429e-10
6.362554106661115e-05,6.097121671862168e-10
7.031709763364645e-05,6.082259501953082e-10
7.771241134819200e-05,6.067297223605161e-10
8.588549699555374e-05,6.052234949486978e-10
9.491815356395940e-05,6.037072785259330e-10
1.049007829163263e-04,6.021810851640252e-10
1.159332945624905e-04,6.006449254979642e-10
1.281261055871622e-04,5.990988128669257e-10
1.416012457412214e-04,5.975427567554478e-10
1.564935787564811e-04,5.959767775740102e-10
1.729521521072439e-04,5.944008824563721e-10
1.911416887275217e-04,5.928150870883620e-10
2.112442356135248e-04,5.912194070951684e-10
2.334609858111876e-04,5.896138566670916e-10
2.580142920237960e-04,5.879984520531876e-10
2.851498919925769e-04,5.863732103392037e-10
3.151393679226079e-04,5.847381436133328e-10
3.482828645688079e-04,5.830932746161842e-10
3.849120931855259e-04,5.814386179735089e-10
4.253936514042669e-04,5.797741919476622e-10
4.701326922660057e-04,5.781000165147576e-10
5.195769791289974e-04,5.764161066585838e-10
5.742213670349657e-04,5.747224923416317e-10
6.346127553846864e-04,5.730191839798922e-10
7.013555614910102e-04,5.713062066172147e-10
7.751177697904812e-04,5.695835797765921e-10
8.566376172560946e-04,5.678513273550742e-10
9.467309819210534e-04,5.661094724009070e-10
1.046299548460350e-03,5.643580435678275e-10
1.156339832554060e-03,5.625970459261273e-10
1.277953154351212e-03,5.608200794250144e-10
1.405748469786333e-03,5.591174744420893e-10
1.533543785221454e-03,5.575615145555109e-10
1.661339100656575e-03,5.561297096973943e-10
1.789134416091696e-03,5.547995697998541e-10
1.916929731526817e-03,5.535515192962774e-10
2.000000000000000e-03,5.527803439143904e-10
2.044725046961939e-03,5.523776248260451e-10
2.172520362397060e-03,5.512720299715518e-10
2.300315677832181e-03,5.502276364992778e-10
2.428110993267302e-03,5.492372456736051e-10
2.555906308702423e-03,5.482942989133244e-10
2.683701624137544e-03,5.473947982552654e-10
2.811496939572665e-03,5.465353858908692e-10
2.939292255007787e-03,5.457127040115765e-10
3.067087570442908e-03,5.449233948088283e-10
3.194882885878029e-03,5.441643566651159e-10
3.322678201313150e-03,5.434335127374655e-10
3.450473516748271e-03,5.427290423791206e-10
3.578268832183392e-03,5.420491249433243e-10
3.706064147618514e-03,5.413919397833203e-10
3.833859463053635e-03,5.407557858914782e-10
3.961654778488756e-03,5.401394408150155e-10
4.089450093923877e-03,5.395418017394471e-10
4.217245409358998e-03,5.389617658502874e-10
4.345040724794119e-03,5.383982303330512e-10
4.472836040229241e-03,5.378501568466922e-10
4.600631355664362e-03,5.373167649455850e-10
4.728426671099482e-03,5.367973386583763e-10
4.856221986534604e-03,5.362911620137129e-10
4.984017301969726e-03,5.357975190402411e-10
5.111812617404846e-03,5.353157311182847e-10
5.239607932839968e-03,5.348452690338145e-10
5.367403248275089e-03,5.343856409239486e-10
5.495198563710209e-03,5.339363549258055e-10
5.622993879145331e-03,5.334969191765035e-10
5.750789194580453e-03,5.330668651058104e-10
5.878584510015573e-03,5.326458173143564e-10
6.006379825450694e-03,5.322334236955538e-10
6.134175140885816e-03,5.318293321428151e-10
6.261970456320937e-03,5.314331905495522e-10
6.389765771756058e-03,5.310446619779091e-10
6.517561087191179e-03,5.306634701643057e-10
6.645356402626300e-03,5.302893540135693e-10
6.773151718061422e-03,5.299220524305261e-10
6.900947033496543e-03,5.295613043200033e-10
7.028742348931663e-03,5.292068590224209e-10
7.156537664366785e-03,5.288585076205405e-10
7.284332979801906e-03,5.285160516327006e-10
7.412128295237027e-03,5.281792925772399e-10
7.539923610672148e-03,5.278480319724965e-10
7.667718926107269e-03,5.275220785690591e-10
7.795514241542391e-03,5.272012700467791e-10
7.923309556977513e-03,5.268854513178896e-10
8.051104872412632e-03,5.265744672946244e-10
8.178900187847754e-03,5.262681628892164e-10
8.306695503282877e-03,5.259663883463280e-10
8.434490818717996e-03,5.256690152402419e-10
8.562286134153118e-03,5.253759204776222e-10
8.690081449588239e-03,5.250869809651332e-10
8.817876765023359e-03,5.248020736094396e-10
8.945672080458482e-03,5.245210793596767e-10
9.073467395893601e-03,5.242438953349547e-10
9.201262711328723e-03,5.239704226968995e-10
9.329058026763846e-03,5.237005626071367e-10
9.456853342198965e-03,5.234342162272928e-10
9.584648657634087e-03,5.231712872086078e-10
9.712443973069206e-03,5.229116891607018e-10
9.840239288504329e-03,5.226553381827686e-10
9.968034603939451e-03,5.224021503740026e-10
1.009582991937457e-02,5.221520418335981e-10
1.022362523480969e-02,5.219049322310540e-10
1.035142055024482e-02,5.216607555171164e-10
1.047921586567993e-02,5.214194492128494e-10
1.060701118111506e-02,5.211809508393175e-10
1.073480649655018e-02,5.209451979175847e-10
1.086260181198530e-02,5.207121279687155e-10
1.099039712742042e-02,5.204816785137741e-10
1.111819244285554e-02,5.202537870738248e-10
1.124598775829066e-02,5.200283911699319e-10
1.137378307372578e-02,5.198054283231596e-10
1.150157838916090e-02,5.195848391375702e-10
1.162937370459603e-02,5.193665765483263e-10
1.175716902003114e-02,5.191505965731444e-10
1.188496433546627e-02,5.189368552297400e-10
1.201275965090139e-02,5.187253085358295e-10
1.214055496633651e-02,5.185159125091285e-10
1.226835028177163e-02,5.183086231673530e-10
1.239614559720675e-02,5.181033965282191e-10
1.252394091264187e-02,5.179001886094428e-10
1.265173622807700e-02,5.176989554287398e-10
1.277953154351211e-02,5.174996548464142e-10
1.290732685894724e-02,5.173022520937748e-10
1.303512217438236e-02,5.171067142450444e-10
1.316291748981748e-02,5.169130083744459e-10
1.329071280525260e-02,5.167211015562026e-10
1.341850812068772e-02,5.165309608645371e-10
1.354630343612284e-02,5.163425533736728e-10
1.367409875155796e-02,5.161558461578323e-10
1.380189406699308e-02,5.159708062912390e-10
1.392968938242821e-02,5.157874008481153e-10
1.405748469786333e-02,5.156055982109395e-10
1.418528001329845e-02,5.154253719952830e-10
1.431307532873357e-02,5.152466971250101e-10
1.444087064416869e-02,5.150695485239853e-10
1.456866595960381e-02,5.148939011160729e-10
1.469646127503893e-02,5.147197298251372e-10
1.482425659047405e-02,5.145470095750427e-10
1.495205190590917e-02,5.143757152896536e-10
1.507984722134430e-02,5.142058218928342e-10
1.520764253677942e-02,5.140373043084491e-10
1.533543785221454e-02,5.138701383739875e-10
1.546323316764966e-02,5.137043035812220e-10
1.559102848308478e-02,5.135397803354416e-10
1.571882379851990e-02,5.133765490419349e-10
1.584661911395502e-02,5.132145901059909e-10
1.597441442939014e-02,5.130538839328984e-10
1.610220974482527e-02,5.128944109279460e-10
1.623000506026039e-02,5.127361514964229e-10
1.635780037569551e-02,5.125790860436179e-10
1.648559569113063e-02,5.124231949748197e-10
1.661339100656575e-02,5.122684593610481e-10
1.674118632200087e-02,5.121148629365160e-10
1.686898163743599e-02,5.119623901013019e-10
1.699677695287111e-02,5.118110252554840e-10
1.712457226830624e-02,5.116607527991409e-10
1.725236758374135e-02,5.115115571323513e-10
1.738016289917648e-02,5.113634226551933e-10
1.750795821461160e-02,5.112163337677458e-10
1.763575353004672e-02,5.110702748700868e-10
1.776354884548184e-02,5.109252303622951e-10
1.789134416091696e-02,5.107811851407931e-10
1.801913947635208e-02,5.106381260874347e-10
1.814693479178720e-02,5.104960405804445e-10
1.827473010722232e-02,5.103549159980470e-10
1.840252542265745e-02,5.102147397184671e-10
1.853032073809257e-02,5.100754991199293e-10
1.865811605352769e-02,5.099371815806587e-10
1.878591136896281e-02,5.097997744788795e-10
1.891370668439793e-02,5.096632651928168e-10
1.904150199983305e-02,5.095276411006950e-10
1.916929731526817e-02,5.093928899568457e-10
1.929709263070329e-02,5.092590010199556e-10
1.942488794613842e-02,5.091259639247835e-10
1.955268326157353e-02,5.089937683060874e-10
1.968047857700866e-02,5.088624037986259e-10
1.980827389244378e-02,5.087318600371573e-10
1.993606920787890e-02,5.086021266564400e-10
2.006386452331402e-02,5.084731932912325e-10
2.019165983874914e-02,5.083450495762927e-10
2.031945515418426e-02,5.082176851463795e-10
2.044725046961939e-02,5.080910899280140e-10
2.057504578505450e-02,5.079652550149022e-10
2.070284110048963e-02,5.078401717925790e-10
2.083063641592475e-02,5.077158316465802e-10
2.095843173135987e-02,5.075922259624404e-10
2.108622704679499e-02,5.074693461256955e-10
2.121402236223011e-02,5.073471835218802e-10
2.134181767766523e-02,5.072257295365299e-10
2.146961299310035e-02,5.071049755551800e-10
2.159740830853547e-02,5.069849129633655e-10
2.172520362397060e-02,5.068655333757975e-10
2.185299893940572e-02,5.067468293239254e-10
2.198079425484084e-02,5.066287935683930e-10
2.210858957027596e-02,5.065114188698437e-10
2.223638488571108e-02,5.063946979889210e-10
2.236418020114620e-02,5.062786236862686e-10
2.249197551658132e-02,5.061631887225297e-10
2.261977083201644e-02,5.060483858583482e-10
2.274756614745157e-02,5.059342078543675e-10
2.287536146288669e-02,5.058206474712309e-10
2.300315677832181e-02,5.057076976519144e-10
2.313095209375693e-02,5.055953520686977e-10
2.325874740919205e-02,5.054836045761800e-10
2.338654272462717e-02,5.053724490289607e-10
2.351433804006229e-02,5.052618792816393e-10
2.364213335549741e-02,5.051518891888151e-10
2.376992867093253e-02,5.050424726050875e-10
2.389772398636766e-02,5.049336233850556e-10
2.402551930180278e-02,5.048253353833192e-10
2.415331461723790e-02,5.047176024544774e-10
2.428110993267302e-02,5.046104186004327e-10
2.440890524810814e-02,5.045037784122359e-10
2.453670056354326e-02,5.043976766282087e-10
2.466449587897838e-02,5.042921079866730e-10
2.479229119441350e-02,5.041870672259507e-10
2.492008650984863e-02,5.040825490843638e-10
2.504788182528375e-02,5.039785483002339e-10
2.517567714071887e-02,5.038750596118829e-10
2.530347245615399e-02,5.037720777576326e-10
2.543126777158911e-02,5.036695974758052e-10
2.555906308702423e-02,5.035676136280893e-10
2.568685840245935e-02,5.034661215696681e-10
2.581465371789447e-02,5.033651167791049e-10
2.594244903332960e-02,5.032645947349627e-10
2.607024434876471e-02,5.031645509158047e-10
2.619803966419984e-02,5.030649808001941e-10
2.632583497963496e-02,5.029658798666941e-10
2.645363029507008e-02,5.028672435938677e-10
2.658142561050520e-02,5.027690674602781e-10
2.670922092594032e-02,5.026713469444885e-10
2.683701624137544e-02,5.025740776155427e-10
2.696481155681056e-02,5.024772554043988e-10
2.709260687224568e-02,5.023808763324918e-10
2.722040218768081e-02,5.022849364212566e-10
2.734819750311593e-02,5.021894316921280e-10
2.747599281855105e-02,5.020943581665410e-10
2.760378813398617e-02,5.019997118659305e-10
2.773158344942129e-02,5.019054888117315e-10
2.785937876485641e-02,5.018116850253786e-10
2.798717408029153e-02,5.017182965283071e-10
2.811496939572665e-02,5.016253194371082e-10
2.824276471116178e-02,5.015327502489637e-10
2.837056002659689e-02,5.014405855561936e-10
2.849835534203202e-02,5.013488219511180e-10
2.862615065746714e-02,5.012574560260570e-10
2.875394597290226e-02,5.011664843733305e-10
2.888174128833738e-02,5.010759035852588e-10
2.900953660377250e-02,5.009857102541617e-10
2.913733191920762e-02,5.008959009723594e-10
2.926512723464274e-02,5.008064723321719e-10
2.939292255007787e-02,5.007174209858510e-10
2.952071786551299e-02,5.006287438253911e-10
2.964851318094811e-02,5.005404378027261e-10
2.977630849638323e-02,5.004524998697899e-10
2.990410381181835e-02,5.003649269785165e-10
3.003189912725347e-02,5.002777160808398e-10
3.015969444268859e-02,5.001908641286936e-10
3.028748975812371e-02,5.001043680740118e-10
3.041528507355883e-02,5.000182248687285e-10
3.054308038899396e-02,4.999324314647773e-10
3.067087570442908e-02,4.998469848768556e-10
3.079867101986420e-02,4.997618823707103e-10
3.092646633529932e-02,4.996771212748505e-10
3.105426165073444e-02,4.995926989177856e-10
3.118205696616956e-02,4.995086126280244e-10
3.130985228160468e-02,4.994248597340764e-10
3.143764759703981e-02,4.993414375644504e-10
3.156544291247493e-02,4.992583434476555e-10
3.169323822791005e-02,4.991755747122012e-10
3.182103354334517e-02,4.990931286865962e-10
3.194882885878029e-02,4.990110027481132e-10
3.207662417421541e-02,4.989291944690615e-10
3.220441948965053e-02,4.988477014705054e-10
3.233221480508566e-02,4.987665213735097e-10
3.246001012052077e-02,4.986856517991386e-10
3.258780543595589e-02,4.986050903684569e-10
3.271560075139102e-02,4.985248347025290e-10
3.284339606682614e-02,4.984448824224192e-10
3.297119138226126e-02,4.983652311491924e-10
3.309898669769638e-02,4.982858785039127e-10
3.322678201313150e-02,4.982068221508152e-10
3.335457732856662e-02,4.981280599268278e-10
3.348237264400174e-02,4.980495897120562e-10
3.361016795943687e-02,4.979714093866055e-10
3.373796327487198e-02,4.978935168305811e-10
3.386575859030710e-02,4.978159099240881e-10
3.399355390574223e-02,4.977385865472318e-10
3.412134922117735e-02,4.976615445801177e-10
3.424914453661247e-02,4.975847819028508e-10
3.437693985204759e-02,4.975082963955365e-10
3.450473516748271e-02,4.974320859749881e-10
3.463253048291783e-02,4.973561487048510e-10
3.476032579835295e-02,4.972804826854789e-10
3.488812111378808e-02,4.972050860172255e-10
3.501591642922319e-02,4.971299568004444e-10
3.514371174465832e-02,4.970550931354896e-10
3.527150706009344e-02,4.969804931227145e-10
3.539930237552856e-02,4.969061548624730e-10
3.552709769096368e-02,4.968320764551186e-10
3.565489300639881e-02,4.967582560010051e-10
3.578268832183392e-02,4.966846916333327e-10
3.591048363726904e-02,4.966113816166779e-10
3.603827895270417e-02,4.965383242484591e-10
3.616607426813929e-02,4.964655178260945e-10
3.629386958357441e-02,4.963929606470026e-10
3.642166489900953e-02,4.963206510086018e-10
3.654946021444465e-02,4.962485872083104e-10
3.667725552987977e-02,4.961767675435467e-10
3.680505084531489e-02,4.961051903117290e-10
3.693284616075002e-02,4.960338538102758e-10
3.706064147618514e-02,4.959627563620292e-10
3.718843679162025e-02,4.958918963915348e-10
3.731623210705538e-02,4.958212723487669e-10
3.744402742249050e-02,4.957508826836995e-10
3.757182273792562e-02,4.956807258463066e-10
3.769961805336074e-02,4.956108002865626e-10
3.782741336879586e-02,4.955411044544413e-10
3.795520868423098e-02,4.954716367999170e-10
3.808300399966610e-02,4.954023957729637e-10
3.821079931510123e-02,4.953333798235554e-10
3.833859463053635e-02,4.952645874289027e-10
3.846638994597146e-02,4.951960171751626e-10
3.859418526140659e-02,4.951276676757293e-10
3.872198057684171e-02,4.950595375439972e-10
3.884977589227683e-02,4.949916253933605e-10
3.897757120771195e-02,4.949239298372137e-10
3.910536652314707e-02,4.948564494889507e-10
3.923316183858219e-02,4.947891829619660e-10
3.936095715401731e-02,4.947221288696539e-10
3.948875246945244e-02,4.946552858254086e-10
3.961654778488756e-02,4.945886524617714e-10
3.974434310032268e-02,4.945222274878671e-10
3.987213841575780e-02,4.944560096319655e-10
3.999993373119292e-02,4.943899976223360e-10
4.012772904662804e-02,4.943241901872484e-10
4.025552436206317e-02,4.942585860549722e-10
4.038331967749829e-02,4.941931839537772e-10
4.051111499293340e-02,4.941279826119328e-10
4.063891030836853e-02,4.940629807577089e-10
4.076670562380365e-02,4.939981771193750e-10
4.089450093923877e-02,4.939335704447403e-10
4.102229625467389e-02,4.938691595597818e-10
4.115009157010902e-02,4.938049433100195e-10
4.127788688554413e-02,4.937409205409740e-10
4.140568220097925e-02,4.936770900981657e-10
4.153347751641438e-02,4.936134508271148e-10
4.166127283184950e-02,4.935500015733419e-10
4.178906814728462e-02,4.934867411823672e-10
4.191686346271974e-02,4.934236684997111e-10
4.204465877815486e-02,4.933607823708941e-10
4.217245409358998e-02,4.932980816578235e-10
4.230024940902510e-02,4.932355652879557e-10
4.242804472446023e-02,4.931732322051351e-10
4.255584003989534e-02,4.931110813532062e-10
4.268363535533046e-02,4.930491116760134e-10
4.281143067076559e-02,4.929873221174011e-10
4.293922598620071e-02,4.929257116212137e-10
4.306702130163583e-02,4.928642791312956e-10
4.319481661707095e-02,4.928030235914911e-10
4.332261193250607e-02,4.927419439456449e-10
4.345040724794119e-02,4.926810391522670e-10
4.357820256337631e-02,4.926203082285298e-10
4.370599787881144e-02,4.925597502062698e-10
4.383379319424656e-02,4.924993641173238e-10
4.396158850968167e-02,4.924391489935285e-10
4.408938382511680e-02,4.923791038667206e-10
4.421717914055192e-02,4.923192277687370e-10
4.434497445598704e-02,4.922595197314142e-10
4.447276977142216e-02,4.921999787865889e-10
4.460056508685728e-02,4.921406039660981e-10
4.472836040229240e-02,4.920813943147681e-10
4.485615571772752e-02,4.920223489293911e-10
4.498395103316265e-02,4.919634669197523e-10
4.511174634859777e-02,4.919047473956365e-10
4.523954166403289e-02,4.918461894668286e-10
4.536733697946801e-02,4.917877922431139e-10
4.549513229490313e-02,4.917295548342772e-10
4.562292761033825e-02,4.916714763501035e-10
4.575072292577338e-02,4.916135559003779e-10
4.587851824120850e-02,4.915557925948853e-10
4.600631355664361e-02,4.914981855552679e-10
4.613410887207874e-02,4.914407339505986e-10
4.626190418751386e-02,4.913834369618090e-10
4.638969950294898e-02,4.913262937698297e-10
4.651749481838410e-02,4.912693035555922e-10
4.664529013381922e-02,4.912124655000276e-10
4.677308544925434e-02,4.911557787840670e-10
4.690088076468946e-02,4.910992425886418e-10
4.702867608012459e-02,4.910428560946830e-10
4.715647139555971e-02,4.909866184831216e-10
4.728426671099482e-02,4.909305289444104e-10
4.741206202642995e-02,4.908745867070859e-10
4.753985734186507e-02,4.908187910092055e-10
4.766765265730019e-02,4.907631410888265e-10
4.779544797273531e-02,4.907076361840065e-10
4.792324328817044e-02,4.906522755328028e-10
4.805103860360555e-02,4.905970583732728e-10
4.817883391904067e-02,4.905419839434737e-10
4.830662923447580e-02,4.904870514814630e-10
4.843442454991092e-02,4.904322602252981e-10
4.856221986534604e-02,4.903776094263704e-10
4.869001518078116e-02,4.903230983894010e-10
4.881781049621628e-02,4.902687264324424e-10
4.894560581165140e-02,4.902144928735470e-10
4.907340112708652e-02,4.901603970307671e-10
4.920119644252165e-02,4.901064382221551e-10
4.932899175795677e-02,4.900526157657634e-10
4.945678707339188e-02,4.899989289796443e-10
4.958458238882701e-02,4.899453771818504e-10
4.971237770426213e-02,4.898919596904339e-10
4.984017301969725e-02,4.898386758064864e-10
4.996796833513237e-02,4.897855247632537e-10
5.000000000000000e-02,4.897722232791347e-10
5.009576365056749e-02,4.897325057884418e-10
5.022355896600261e-02,4.896796182094003e-10
5.035135428143774e-02,4.896268614048753e-10
5.047914959687286e-02,4.895742347540403e-10
5.060694491230798e-02,4.895217376360691e-10
5.073474022774310e-02,4.894693694301350e-10
5.086253554317822e-02,4.894171295154119e-10
5.099033085861334e-02,4.893650172710733e-10
5.111812617404846e-02,4.893130320779701e-10
5.124592148948359e-02,4.892611733236615e-10
5.137371680491870e-02,4.892094403973839e-10
5.150151212035382e-02,4.891578326883734e-10
5.162930743578895e-02,4.891063495858667e-10
5.175710275122407e-02,4.890549904790998e-10
5.188489806665919e-02,4.890037547573093e-10
5.201269338209431e-02,4.889526418097315e-10
5.214048869752943e-02,4.889016510256026e-10
5.226828401296455e-02,4.888507817941591e-10
5.239607932839967e-02,4.888000335123870e-10
5.252387464383480e-02,4.887494056082682e-10
5.265166995926992e-02,4.886988975175331e-10
5.277946527470503e-02,4.886485086759117e-10
5.290726059014016e-02,4.885982385191342e-10
5.303505590557528e-02,4.885480864829308e-10
5.316285122101040e-02,4.884980520030320e-10
5.329064653644552e-02,4.884481345151676e-10
5.341844185188065e-02,4.883983334550681e-10
5.354623716731576e-02,4.883486482584636e-10
5.367403248275088e-02,4.882990783694891e-10
5.380182779818601e-02,4.882496232659015e-10
5.392962311362113e-02,4.882002824338636e-10
5.405741842905625e-02,4.881510553595381e-10
5.418521374449137e-02,4.881019415290881e-10
5.431300905992649e-02,4.880529404286761e-10
5.444080437536161e-02,4.880040515444649e-10
5.456859969079673e-02,4.879552743626176e-10
5.469639500623186e-02,4.879066083692967e-10
5.482419032166697e-02,4.878580530506652e-10
5.495198563710210e-02,4.878096078963089e-10
5.507978095253722e-02,4.877612724095070e-10
5.520757626797234e-02,4.877130460969611e-10
5.533537158340746e-02,4.876649284653735e-10
5.546316689884258e-02,4.876169190214460e-10
5.559096221427770e-02,4.875690172718808e-10
5.571875752971282e-02,4.875212227233796e-10
5.584655284514795e-02,4.874735348826446e-10
5.597434816058307e-02,4.874259532563778e-10
5.610214347601819e-02,4.873784773512811e-10
5.622993879145331e-02,4.873311066805315e-10
5.635773410688843e-02,4.872838407832033e-10
5.648552942232355e-02,4.872366792048447e-10
5.661332473775867e-02,4.871896214910036e-10
5.674112005319380e-02,4.871426671872282e-10
5.686891536862891e-02,4.870958158390670e-10
5.699671068406403e-02,4.870490669920677e-10
5.712450599949916e-02,4.870024201917787e-10
5.725230131493428e-02,4.869558749837480e-10
5.738009663036940e-02,4.869094309135240e-10
5.750789194580452e-02,4.868630875312348e-10
5.763568726123964e-02,4.868168444053315e-10
5.776348257667476e-02,4.867707011088457e-10
5.789127789210988e-02,4.867246572148096e-10
5.801907320754501e-02,4.866787122962549e-10
5.814686852298013e-02,4.866328659262134e-10
5.827466383841524e-02,4.865871176777172e-10
5.840245915385037e-02,4.865414671237979e-10
5.853025446928549e-02,4.864959138374874e-10
5.865804978472061e-02,4.864504573918178e-10
5.878584510015573e-02,4.864050973643946e-10
5.891364041559085e-02,4.863598333511189e-10
5.904143573102597e-02,4.863146649524659e-10
5.916923104646109e-02,4.862695917689104e-10
5.929702636189622e-02,4.862246134009275e-10
5.942482167733134e-02,4.861797294489922e-10
5.955261699276646e-02,4.861349395135794e-10
5.968041230820158e-02,4.860902431951643e-10
5.980820762363670e-02,4.860456400942216e-10
5.993600293907182e-02,4.860011298112266e-10
6.006379825450694e-02,4.859567119507040e-10
6.019159356994207e-02,4.859123861333774e-10
6.031938888537718e-02,4.858681519840195e-10
6.044718420081231e-02,4.858240091274031e-10
6.057497951624743e-02,4.857799571883010e-10
6.070277483168255e-02,4.857359957914859e-10
6.083057014711767e-02,4.856921245617307e-10
6.095836546255279e-02,4.856483431238081e-10
6.108616077798791e-02,4.856046511024910e-10
6.121395609342303e-02,4.855610481225521e-10
6.134175140885816e-02,4.855175338125403e-10
6.146954672429328e-02,4.854741078161100e-10
6.159734203972840e-02,4.854307697806925e-10
6.172513735516352e-02,4.853875193537190e-10
6.185293267059864e-02,4.853443561826207e-10
6.198072798603376e-02,4.853012799148289e-10
6.210852330146888e-02,4.852582901977747e-10
6.223631861690401e-02,4.852153866788895e-10
6.236411393233912e-02,4.851725690056044e-10
6.249190924777424e-02,4.851298368253507e-10
6.261970456320937e-02,4.850871897889904e-10
6.274749987864449e-02,4.850446275611085e-10
6.287529519407961e-02,4.850021498097210e-10
6.300309050951473e-02,4.849597562028439e-10
6.313088582494986e-02,4.849174464084931e-10
6.325868114038498e-02,4.848752200946847e-10
6.338647645582010e-02,4.848330769294345e-10
6.351427177125522e-02,4.847910165807586e-10
6.364206708669033e-02,4.847490387166729e-10
6.376986240212545e-02,4.847071430051933e-10
6.389765771756058e-02,4.846653291176274e-10
6.402545303299570e-02,4.846235967384470e-10
6.415324834843082e-02,4.845819455554154e-10
6.428104366386594e-02,4.845403752562955e-10
6.440883897930107e-02,4.844988855288504e-10
6.453663429473619e-02,4.844574760608433e-10
6.466442961017131e-02,4.844161465400373e-10
6.479222492560642e-02,4.843748966541953e-10
6.492002024104154e-02,4.843337260910807e-10
6.504781555647667e-02,4.842926345384561e-10
6.517561087191179e-02,4.842516216866710e-10
6.530340618734691e-02,4.842106872364195e-10
6.543120150278203e-02,4.841698308909823e-10
6.555899681821716e-02,4.841290523536398e-10
6.568679213365228e-02,4.840883513276732e-10
6.581458744908740e-02,4.840477275163629e-10
6.594238276452252e-02,4.840071806229898e-10
6.607017807995763e-02,4.839667103508343e-10
6.619797339539275e-02,4.839263164031775e-10
6.632576871082788e-02,4.838859984832999e-10
6.645356402626300e-02,4.838457562978350e-10
6.658135934169812e-02,4.838055895668286e-10
6.670915465713324e-02,4.837654980136793e-10
6.683694997256837e-02,4.837254813617858e-10
6.696474528800349e-02,4.836855393345466e-10
6.709254060343861e-02,4.836456716553607e-10
6.722033591887373e-02,4.836058780476266e-10
6.734813123430886e-02,4.835661582347429e-10
6.747592654974396e-02,4.835265119401084e-10
6.760372186517909e-02,4.834869388871219e-10
6.773151718061421e-02,4.834474388012663e-10
6.785931249604933e-02,4.834080114163618e-10
6.798710781148445e-02,4.833686564683132e-10
6.811490312691958e-02,4.833293736930246e-10
6.824269844235470e-02,4.832901628264007e-10
6.837049375778982e-02,4.832510236043459e-10
6.849828907322494e-02,4.832119557627648e-10
6.862608438866007e-02,4.831729590375618e-10
6.875387970409517e-02,4.831340331646414e-10
6.888167501953030e-02,4.830951778799079e-10
6.900947033496542e-02,4.830563929217601e-10
6.913726565040054e-02,4.830176780385731e-10
6.926506096583566e-02,4.829790329812167e-10
6.939285628127079e-02,4.829404575005608e-10
6.952065159670591e-02,4.829019513474755e-10
6.964844691214103e-02,4.828635142728304e-10
6.977624222757615e-02,4.828251460274953e-10
6.990403754301128e-02,4.827868463623404e-10
7.003183285844640e-02,4.827486150282351e-10
7.015962817388151e-02,4.827104517760497e-10
7.028742348931663e-02,4.826723563579215e-10
7.041521880475175e-02,4.826343285310592e-10
7.054301412018688e-02,4.825963680539394e-10
7.067080943562200e-02,4.825584746850382e-10
7.079860475105712e-02,4.825206481828324e-10
7.092640006649224e-02,4.824828883057981e-10
7.105419538192737e-02,4.824451948124120e-10
7.118199069736249e-02,4.824075674611504e-10
7.130978601279761e-02,4.823700060104898e-10
7.152277820518949e-02,4.823075493825123e-10
7.173577039758135e-02,4.822452740432116e-10
7.194876258997322e-02,4.821831789770008e-10
7.216175478236508e-02,4.821212631888096e-10
7.237474697475696e-02,4.820595256835673e-10
7.258773916714882e-02,4.819979654662035e-10
7.280073135954070e-02,4.819365815416476e-10
7.301372355193256e-02,4.818753729148291e-10
7.322671574432443e-02,4.818143385906775e-10
7.343970793671629e-02,4.817534775741223e-10
7.365270012910817e-02,4.816927888700928e-10
7.386569232150003e-02,4.816322714879780e-10
7.407868451389191e-02,4.815719244550032e-10
7.429167670628377e-02,4.815117468028530e-10
7.450466889867564e-02,4.814517375632123e-10
7.471766109106751e-02,4.813918957677656e-10
7.493065328345938e-02,4.813322204481977e-10
7.514364547585124e-02,4.812727106361933e-10
7.535663766824312e-02,4.812133653634370e-10
7.556962986063498e-02,4.811541836616138e-10
7.578262205302685e-02,4.810951645624079e-10
7.599561424541872e-02,4.810363071205141e-10
7.620860643781059e-02,4.809776104826634e-10
7.642159863020245e-02,4.809190738185954e-10
7.663459082259433e-02,4.808606962980495e-10
7.684758301498619e-02,4.808024770907653e-10
7.706057520737807e-02,4.807444153664823e-10
7.727356739976993e-02,4.806865102949401e-10
7.748655959216180e-02,4.806287610458780e-10
7.769955178455366e-02,4.805711667890360e-10
7.791254397694554e-02,4.805137266941530e-10
7.812553616933740e-02,4.804564399349562e-10
7.833852836172928e-02,4.803993057011191e-10
7.855152055412114e-02,4.803423231863027e-10
7.876451274651301e-02,4.802854915841674e-10
7.897750493890487e-02,4.802288100883737e-10
7.919049713129675e-02,4.801722778925825e-10
7.940348932368861e-02,4.801158941904541e-10
7.961648151608049e-02,4.800596581756493e-10
7.982947370847235e-02,4.800035690418287e-10
8.004246590086422e-02,4.799476259826529e-10
8.025545809325609e-02,4.798918282048439e-10
8.046845028564796e-02,4.798361749673735e-10
8.068144247803982e-02,4.797806655422760e-10
8.089443467043170e-02,4.797252992015862e-10
8.110742686282357e-02,4.796700752173384e-10
8.132041905521543e-02,4.796149928615674e-10
8.153341124760730e-02,4.795600514063077e-10
8.174640343999917e-02,4.795052501235939e-10
8.195939563239105e-02,4.794505882854604e-10
8.217238782478291e-02,4.793960651639421e-10
8.238538001717477e-02,4.793416800393687e-10
8.259837220956665e-02,4.792874322252526e-10
8.281136440195852e-02,4.792333210434022e-10
8.302435659435038e-02,4.791793458156260e-10
8.323734878674224e-02,4.791255058637321e-10
8.345034097913412e-02,4.790718005095288e-10
8.366333317152599e-02,4.790182290748246e-10
8.387632536391786e-02,4.789647908814277e-10
8.408931755630973e-02,4.789114852511465e-10
8.430230974870159e-02,4.788583115057892e-10
8.451530194109347e-02,4.788052689755110e-10
8.472829413348533e-02,4.787523570238542e-10
8.494128632587720e-02,4.786995750227078e-10
8.515427851826907e-02,4.786469223439611e-10
8.536727071066094e-02,4.785943983595031e-10
8.558026290305280e-02,4.785420024412230e-10
8.579325509544468e-02,4.784897339610100e-10
8.600624728783654e-02,4.784375922907530e-10
8.621923948022842e-02,4.783855768023413e-10
8.643223167262028e-02,4.783336868676641e-10
8.664522386501215e-02,4.782819218659657e-10
8.685821605740401e-02,4.782302812059113e-10
8.707120824979589e-02,4.781787643035209e-10
8.728420044218775e-02,4.781273705748147e-10
8.749719263457963e-02,4.780760994358126e-10
8.771018482697149e-02,4.780249503025351e-10
8.792317701936336e-02,4.779739225910018e-10
8.813616921175522e-02,4.779230157172331e-10
8.834916140414710e-02,4.778722290972489e-10
8.856215359653896e-02,4.778215621470695e-10
8.877514578893084e-02,4.777710142892098e-10
8.898813798132270e-02,4.777205849721628e-10
8.920113017371457e-02,4.776702736509158e-10
8.941412236610644e-02,4.776200797804562e-10
8.962711455849831e-02,4.775700028157714e-10
8.984010675089017e-02,4.775200422118486e-10
9.005309894328205e-02,4.774701974236752e-10
9.026609113567391e-02,4.774204679062385e-10
9.047908332806578e-02,4.773708531145257e-10
9.069207552045766e-02,4.773213525035243e-10
9.090506771284952e-02,4.772719655346842e-10
9.111805990524138e-02,4.772226916953073e-10
9.133105209763326e-02,4.771735304791593e-10
9.154404429002513e-02,4.771244813800056e-10
9.175703648241700e-02,4.770755438916116e-10
9.197002867480886e-02,4.770267175077430e-10
9.218302086720073e-02,4.769780017221651e-10
9.239601305959261e-02,4.769293960286437e-10
9.260900525198447e-02,4.768808999209440e-10
9.282199744437633e-02,4.768325128928315e-10
9.303498963676821e-02,4.767842344428789e-10
9.324798182916008e-02,4.767360640888882e-10
9.346097402155194e-02,4.766880013534684e-10
9.367396621394380e-02,4.766400457592292e-10
9.388695840633568e-02,4.765921968287798e-10
9.409995059872756e-02,4.765444540847294e-10
9.431294279111942e-02,4.764968170496873e-10
9.452593498351128e-02,4.764492852462631e-10
9.473892717590315e-02,4.764018581970659e-10
9.495191936829503e-02,4.763545354247052e-10
9.516491156068689e-02,4.763073164583121e-10
9.537790375307875e-02,4.762602008531059e-10
9.559089594547063e-02,4.762131881708280e-10
9.580388813786250e-02,4.761662779732197e-10
9.601688033025436e-02,4.761194698220224e-10
9.622987252264624e-02,4.760727632789772e-10
9.644286471503810e-02,4.760261579058257e-10
9.665585690742998e-02,4.759796532643091e-10
9.686884909982184e-02,4.759332489161687e-10
9.708184129221371e-02,4.758869444231460e-10
9.729483348460558e-02,4.758407393480361e-10
9.750782567699745e-02,4.757946332578500e-10
9.772081786938931e-02,4.757486257206529e-10
9.793381006178119e-02,4.757027163045095e-10
9.814680225417305e-02,4.756569045774849e-10
9.835979444656492e-02,4.756111901076440e-10
9.857278663895679e-02,4.755655724630518e-10
9.878577883134866e-02,4.755200512117732e-10
9.899877102374052e-02,4.754746259218733e-10
9.921176321613240e-02,4.754292961614168e-10
9.942475540852426e-02,4.753840615103377e-10
9.963774760091614e-02,4.753389215960420e-10
9.985073979330800e-02,4.752938760578038e-10
1.000637319857000e-01,4.752489245348970e-10
1.002767241780920e-01,4.752040666665955e-10
1.004897163704840e-01,4.751593020921736e-10
1.007027085628750e-01,4.751146304509051e-10
1.009157007552670e-01,4.750700513820637e-10
1.011286929476590e-01,4.750255645249237e-10
1.013416851400510e-01,4.749811695187588e-10
1.015546773324430e-01,4.749368659956093e-10
1.017676695248350e-01,4.748926535585744e-10
1.019806617172270e-01,4.748485318035166e-10
1.021936539096190e-01,4.748045003262982e-10
1.024066461020100e-01,4.747605587227818e-10
1.026196382944020e-01,4.747167065888294e-10
1.028326304867940e-01,4.746729435203036e-10
1.030456226791860e-01,4.746292691130669e-10
1.032586148715780e-01,4.745856829629816e-10
1.034716070639700e-01,4.745421846659101e-10
1.036845992563620e-01,4.744987738325245e-10
1.038975914487540e-01,4.744554501327291e-10
1.041105836411450e-01,4.744122132512350e-10
1.043235758335370e-01,4.743690628727530e-10
1.045365680259290e-01,4.743259986819941e-10
1.047495602183210e-01,4.742830203636694e-10
1.049625524107130e-01,4.742401276024900e-10
1.051755446031050e-01,4.741973200831666e-10
1.053885367954970e-01,4.741545974904105e-10
1.056015289878880e-01,4.741119595089328e-10
1.058145211802800e-01,4.740694058194941e-10
1.060275133726720e-01,4.740269360870624e-10
1.062405055650640e-01,4.739845499726586e-10
1.064534977574560e-01,4.739422471373037e-10
1.066664899498480e-01,4.739000272420189e-10
1.068794821422400e-01,4.738578899478248e-10
1.070924743346320e-01,4.738158349157427e-10
1.073054665270230e-01,4.737738618067937e-10
1.075184587194150e-01,4.737319702819983e-10
1.077314509118070e-01,4.736901600023778e-10
1.079444431041990e-01,4.736484306352063e-10
1.081574352965910e-01,4.736067818727876e-10
1.083704274889830e-01,4.735652134136873e-10
1.085834196813750e-01,4.735237249564711e-10
1.087964118737660e-01,4.734823161997045e-10
1.090094040661580e-01,4.734409868419531e-10
1.092223962585500e-01,4.733997365817823e-10
1.094353884509420e-01,4.733585651177580e-10
1.096483806433340e-01,4.733174721484457e-10
1.098613728357260e-01,4.732764573724110e-10
1.100743650281180e-01,4.732355204900470e-10
1.102873572205100e-01,4.731946612090596e-10
1.105003494129010e-01,4.731538792389837e-10
1.107133416052930e-01,4.731131742893537e-10
1.109263337976850e-01,4.730725460697048e-10
1.111393259900770e-01,4.730319942895714e-10
1.113523181824690e-01,4.729915186584885e-10
1.115653103748610e-01,4.729511188859909e-10
1.117783025672530e-01,4.729107946816133e-10
1.119912947596450e-01,4.728705457548904e-10
1.122042869520360e-01,4.728303718182747e-10
1.124172791444280e-01,4.727902725958881e-10
1.126302713368200e-01,4.727502478147712e-10
1.128432635292120e-01,4.727102972019642e-10
1.130562557216040e-01,4.726704204845072e-10
1.132692479139960e-01,4.726306173894404e-10
1.134822401063880e-01,4.725908876438042e-10
1.136952322987790e-01,4.725512309746390e-10
1.139082244911710e-01,4.725116471089845e-10
1.141212166835630e-01,4.724721357738813e-10
1.143342088759550e-01,4.724326966987078e-10
1.145472010683470e-01,4.723933296221941e-10
1.147601932607390e-01,4.723540342854068e-10
1.149731854531310e-01,4.723148104294133e-10
1.151861776455230e-01,4.722756577952804e-10
1.153991698379140e-01,4.722365761240754e-10
1.156121620303060e-01,4.721975651568651e-10
1.158251542226980e-01,4.721586246347164e-10
1.160381464150900e-01,4.721197542986968e-10
1.162511386074820e-01,4.720809538898730e-10
1.164641307998740e-01,4.720422231515918e-10
1.166771229922660e-01,4.720035618363148e-10
1.168901151846570e-01,4.719649696987807e-10
1.171031073770490e-01,4.719264464937282e-10
1.173160995694410e-01,4.718879919758958e-10
1.175290917618330e-01,4.718496059000223e-10
1.177420839542250e-01,4.718112880208466e-10
1.179550761466170e-01,4.717730380931073e-10
1.181680683390090e-01,4.717348558715430e-10
1.183810605314010e-01,4.716967411108926e-10
1.185940527237920e-01,4.716586935680183e-10
1.188070449161840e-01,4.716207130082797e-10
1.190200371085760e-01,4.715827991991629e-10
1.192330293009680e-01,4.715449519081535e-10
1.194460214933600e-01,4.715071709027374e-10
1.196590136857520e-01,4.714694559504004e-10
1.198720058781440e-01,4.714318068186282e-10
1.200849980705360e-01,4.713942232749066e-10
1.202979902629270e-01,4.713567050867214e-10
1.205109824553190e-01,4.713192520215583e-10
1.207239746477110e-01,4.712818638488644e-10
1.209369668401030e-01,4.712445403459351e-10
1.211499590324950e-01,4.712072812920278e-10
1.213629512248870e-01,4.711700864664000e-10
1.215759434172790e-01,4.711329556483095e-10
1.217889356096700e-01,4.710958886170138e-10
1.220019278020620e-01,4.710588851517703e-10
1.222149199944540e-01,4.710219450318365e-10
1.224279121868460e-01,4.709850680364702e-10
1.226409043792380e-01,4.709482539449288e-10
1.228538965716300e-01,4.709115025384592e-10
1.230668887640220e-01,4.708748136062645e-10
1.232798809564140e-01,4.708381869395369e-10
1.234928731488050e-01,4.708016223294687e-10
1.237058653411970e-01,4.707651195672517e-10
1.239188575335890e-01,4.707286784440783e-10
1.241318497259810e-01,4.706922987511407e-10
1.243448419183730e-01,4.706559802796310e-10
1.245578341107650e-01,4.706197228207413e-10
1.247708263031570e-01,4.705835261656639e-10
1.249838184955480e-01,4.705473901068901e-10
1.251968106879400e-01,4.705113144421044e-10
1.254098028803320e-01,4.704752989702902e-10
1.256227950727240e-01,4.704393434904306e-10
1.258357872651160e-01,4.704034478015085e-10
1.260487794575080e-01,4.703676117025072e-10
1.262617716499000e-01,4.703318349924095e-10
1.264747638422920e-01,4.702961174701985e-10
1.266877560346830e-01,4.702604589348575e-10
1.269007482270750e-01,4.702248591853693e-10
1.271137404194670e-01,4.701893180234666e-10
1.273267326118590e-01,4.701538352618740e-10
1.275397248042510e-01,4.701184107160616e-10
1.277527169966430e-01,4.700830442014998e-10
1.279657091890350e-01,4.700477355336589e-10
1.281787013814270e-01,4.700124845280092e-10
1.283916935738180e-01,4.699772910000212e-10
1.286046857662100e-01,4.699421547651649e-10
1.288176779586020e-01,4.699070756389107e-10
1.290306701509940e-01,4.698720534367289e-10
1.292436623433860e-01,4.698370879738787e-10
1.294566545357780e-01,4.698021790647743e-10
1.296696467281700e-01,4.697673265236183e-10
1.298826389205610e-01,4.697325301646135e-10
1.300956311129530e-01,4.696977898019625e-10
1.303086233053450e-01,4.696631052498683e-10
1.305216154977370e-01,4.696284763225334e-10
1.307346076901290e-01,4.695939028341607e-10
1.309475998825210e-01,4.695593845989529e-10
1.311605920749130e-01,4.695249214311127e-10
1.313735842673050e-01,4.694905131481240e-10
1.315865764596960e-01,4.694561595805965e-10
1.317995686520880e-01,4.694218605624213e-10
1.320125608444800e-01,4.693876159274901e-10
1.322255530368720e-01,4.693534255096942e-10
1.324385452292640e-01,4.693192891429250e-10
1.326515374216560e-01,4.692852066610740e-10
1.328645296140480e-01,4.692511778980326e-10
1.330775218064400e-01,4.692172026876921e-10
1.332905139988310e-01,4.691832808639442e-10
1.335035061912230e-01,4.691494122601572e-10
1.337164983836150e-01,4.691155967076097e-10
1.339294905760070e-01,4.690818340370575e-10
1.341424827683990e-01,4.690481240792565e-10
1.343554749607910e-01,4.690144666649626e-10
1.345684671531830e-01,4.689808616249315e-10
1.347814593455740e-01,4.689473087899193e-10
1.349944515379660e-01,4.689138079906816e-10
1.352074437303580e-01,4.688803590579742e-10
1.354204359227500e-01,4.688469618225533e-10
1.356334281151420e-01,4.688136161184855e-10
1.358464203075340e-01,4.687803217930766e-10
1.360594124999260e-01,4.687470786969396e-10
1.362724046923180e-01,4.687138866806876e-10
1.364853968847090e-01,4.686807455949338e-10
1.366983890771010e-01,4.686476552902913e-10
1.369113812694930e-01,4.686146156173735e-10
1.371243734618850e-01,4.685816264267932e-10
1.373373656542770e-01,4.685486875691640e-10
1.375503578466690e-01,4.685157988950988e-10
1.377633500390610e-01,4.684829602530909e-10
1.379763422314520e-01,4.684501714831480e-10
1.381893344238440e-01,4.684174324231550e-10
1.384023266162360e-01,4.683847429109973e-10
1.386153188086280e-01,4.683521027845600e-10
1.388283110010200e-01,4.683195118817283e-10
1.390413031934120e-01,4.682869700403874e-10
1.392542953858040e-01,4.682544770984224e-10
1.394672875781960e-01,4.682220328937183e-10
1.396802797705870e-01,4.681896372641607e-10
1.398932719629790e-01,4.681572900526733e-10
1.401062641553710e-01,4.681249911223422e-10
1.403192563477630e-01,4.680927403412952e-10
1.405322485401550e-01,4.680605375776603e-10
1.407452407325470e-01,4.680283826995650e-10
1.409582329249390e-01,4.679962755751374e-10
1.411712251173300e-01,4.679642160725055e-10
1.413842173097220e-01,4.679322040597966e-10
1.415972095021140e-01,4.679002394051388e-10
1.418102016945060e-01,4.678683219766598e-10
1.420231938868980e-01,4.678364516426591e-10
1.422361860792900e-01,4.678046282721224e-10
1.424491782716820e-01,4.677728517342067e-10
1.426621704640740e-01,4.677411218980693e-10
1.428751626564650e-01,4.677094386328675e-10
1.430881548488570e-01,4.676778018077583e-10
1.433011470412490e-01,4.676462112918988e-10
1.435141392336410e-01,4.676146669544463e-10
1.437271314260330e-01,4.675831686645581e-10
1.439401236184250e-01,4.675517162913913e-10
1.441531158108170e-01,4.675203097014650e-10
1.443661080032090e-01,4.674889487507509e-10
1.445791001956000e-01,4.674576332925839e-10
1.447920923879920e-01,4.674263631802991e-10
1.450050845803840e-01,4.673951382672317e-10
1.452180767727760e-01,4.673639584067170e-10
1.454310689651680e-01,4.673328234520900e-10
1.456440611575600e-01,4.673017332566858e-10
1.458570533499520e-01,4.672706876738400e-10
1.460700455423430e-01,4.672396865568873e-10
1.462830377347350e-01,4.672087297643795e-10
1.464960299271270e-01,4.671778171757208e-10
1.467090221195190e-01,4.671469486755254e-10
1.469220143119110e-01,4.671161241484075e-10
1.471350065043030e-01,4.670853434789810e-10
1.473479986966950e-01,4.670546065518601e-10
1.475609908890870e-01,4.670239132516590e-10
1.477739830814780e-01,4.669932634629918e-10
1.479869752738700e-01,4.669626570704725e-10
1.481999674662620e-01,4.669320939587151e-10
1.484129596586540e-01,4.669015740111232e-10
1.486259518510460e-01,4.668710971062545e-10
1.488389440434380e-01,4.668406631214555e-10
1.490519362358300e-01,4.668102719340723e-10
1.492649284282220e-01,4.667799234214509e-10
1.494779206206130e-01,4.667496174609376e-10
1.496909128130050e-01,4.667193539298784e-10
1.499039050053970e-01,4.666891327056197e-10
1.501168971977890e-01,4.666589536655075e-10
1.503298893901810e-01,4.666288166868879e-10
1.505428815825730e-01,4.665987216486459e-10
1.507558737749650e-01,4.665686684358222e-10
1.509688659673560e-01,4.665386569349969e-10
1.511818581597480e-01,4.665086870327497e-10
1.513948503521400e-01,4.664787586156606e-10
1.516078425445320e-01,4.664488715703096e-10
1.518208347369240e-01,4.664190257832765e-10
1.520338269293160e-01,4.663892211411414e-10
1.522468191217080e-01,4.663594575304840e-10
1.524598113141000e-01,4.663297348378846e-10
1.526728035064910e-01,4.663000529503117e-10
1.528857956988830e-01,4.662704117562879e-10
1.530987878912750e-01,4.662408111447252e-10
1.533117800836670e-01,4.662112510045350e-10
1.535247722760590e-01,4.661817312246289e-10
1.537377644684510e-01,4.661522516939183e-10
1.539507566608430e-01,4.661228123013149e-10
1.541637488532340e-01,4.660934129357304e-10
1.543767410456260e-01,4.660640534860760e-10
1.545897332380180e-01,4.660347338412633e-10
1.548027254304100e-01,4.660054538911567e-10
1.550157176228020e-01,4.659762135294290e-10
1.552287098151940e-01,4.659470126507051e-10
1.554417020075860e-01,4.659178511496097e-10
1.556546941999780e-01,4.658887289207676e-10
1.558676863923690e-01,4.658596458588036e-10
1.560806785847610e-01,4.658306018583422e-10
1.562936707771530e-01,4.658015968140084e-10
1.565066629695450e-01,4.657726306204269e-10
1.567196551619370e-01,4.657437031722225e-10
1.569326473543290e-01,4.657148143646231e-10
1.571456395467210e-01,4.656859640952721e-10
1.573586317391130e-01,4.656571522624168e-10
1.575716239315040e-01,4.656283787643046e-10
1.577846161238960e-01,4.655996434991825e-10
1.579976083162880e-01,4.655709463652979e-10
1.582106005086800e-01,4.655422872608983e-10
1.584235927010720e-01,4.655136660842308e-10
1.586365848934640e-01,4.654850827335430e-10
1.588495770858560e-01,4.654565371070819e-10
1.590625692782470e-01,4.654280291037662e-10
1.592755614706390e-01,4.653995586251993e-10
1.594885536630310e-01,4.653711255736563e-10
1.597015458554230e-01,4.653427298514126e-10
1.599145380478150e-01,4.653143713607434e-10
1.601275302402070e-01,4.652860500039236e-10
1.603405224325990e-01,4.652577656832286e-10
1.605535146249910e-01,4.652295183009335e-10
1.607665068173820e-01,4.652013077593137e-10
1.609794990097740e-01,4.651731339606439e-10
1.611924912021660e-01,4.651449968078169e-10
1.614054833945580e-01,4.651168962061945e-10
1.616184755869500e-01,4.650888320617559e-10
1.618314677793420e-01,4.650608042804803e-10
1.620444599717340e-01,4.650328127683469e-10
1.622574521641260e-01,4.650048574313349e-10
1.624704443565170e-01,4.649769381754236e-10
1.626834365489090e-01,4.649490549065919e-10
1.628964287413010e-01,4.649212075308193e-10
1.631094209336930e-01,4.648933959540849e-10
1.633224131260850e-01,4.648656200829676e-10
1.635354053184770e-01,4.648378798264450e-10
1.637483975108690e-01,4.648101750940939e-10
1.639613897032600e-01,4.647825057954916e-10
1.641743818956520e-01,4.647548718402145e-10
1.643873740880440e-01,4.647272731378399e-10
1.646003662804360e-01,4.646997095979445e-10
1.648133584728280e-01,4.646721811301054e-10
1.650263506652200e-01,4.646446876438993e-10
1.652393428576120e-01,4.646172290489034e-10
1.654523350500040e-01,4.645898052552674e-10
1.656653272423950e-01,4.645624161754321e-10
1.658783194347870e-01,4.645350617224098e-10
1.660913116271790e-01,4.645077418092135e-10
1.663043038195710e-01,4.644804563488560e-10
1.665172960119630e-01,4.644532052543500e-10
1.667302882043550e-01,4.644259884387082e-10
1.669432803967470e-01,4.643988058149435e-10
1.671562725891380e-01,4.643716572960688e-10
1.673692647815300e-01,4.643445427950965e-10
1.675822569739220e-01,4.643174622255869e-10
1.677952491663140e-01,4.642904155032904e-10
1.680082413587060e-01,4.642634025445054e-10
1.682212335510980e-01,4.642364232655303e-10
1.684342257434900e-01,4.642094775826634e-10
1.686472179358820e-01,4.641825654122030e-10
1.688602101282730e-01,4.641556866704475e-10
1.690732023206650e-01,4.641288412736953e-10
1.692861945130570e-01,4.641020291382446e-10
1.694991867054490e-01,4.640752501803938e-10
1.697121788978410e-01,4.640485043169584e-10
1.699251710902330e-01,4.640217914668230e-10
1.701381632826250e-01,4.639951115493892e-10
1.703511554750170e-01,4.639684644840591e-10
1.705641476674080e-01,4.639418501902345e-10
1.707771398598000e-01,4.639152685873169e-10
1.709901320521920e-01,4.638887195947084e-10
1.712031242445840e-01,4.638622031318107e-10
1.714161164369760e-01,4.638357191180256e-10
1.716291086293680e-01,4.638092674727551e-10
1.718421008217600e-01,4.637828481158953e-10
1.720550930141510e-01,4.637564609693198e-10
1.722680852065430e-01,4.637301059553961e-10
1.724810773989350e-01,4.637037829964919e-10
1.726940695913270e-01,4.636774920149751e-10
1.729070617837190e-01,4.636512329332133e-10
1.731200539761110e-01,4.636250056735743e-10
1.733330461685030e-01,4.635988101584258e-10
1.735460383608950e-01,4.635726463101355e-10
1.737590305532860e-01,4.635465140510713e-10
1.739720227456780e-01,4.635204133040369e-10
1.741850149380700e-01,4.634943439935809e-10
1.743980071304620e-01,4.634683060446879e-10
1.746109993228540e-01,4.634422993823420e-10
1.748239915152460e-01,4.634163239315280e-10
1.750369837076380e-01,4.633903796172301e-10
1.752499759000290e-01,4.633644663644328e-10
1.754629680924210e-01,4.633385840981204e-10
1.756759602848130e-01,4.633127327432773e-10
1.758889524772050e-01,4.632869122248882e-10
1.761019446695970e-01,4.632611224684949e-10
1.763149368619890e-01,4.632353634018717e-10
1.765279290543810e-01,4.632096349533514e-10
1.767409212467730e-01,4.631839370512666e-10
1.769539134391640e-01,4.631582696239500e-10
1.771669056315560e-01,4.631326325997340e-10
1.773798978239480e-01,4.631070259069515e-10
1.775928900163400e-01,4.630814494739351e-10
1.778058822087320e-01,4.630559032290175e-10
1.780188744011240e-01,4.630303871005312e-10
1.782318665935160e-01,4.630049010167230e-10
1.784448587859070e-01,4.629794449054948e-10
1.786578509782990e-01,4.629540186946622e-10
1.788708431706910e-01,4.629286223120412e-10
1.790838353630830e-01,4.629032556854475e-10
1.792968275554750e-01,4.628779187426969e-10
1.795098197478670e-01,4.628526114116053e-10
1.797228119402590e-01,4.628273336199884e-10
1.799358041326510e-01,4.628020852956620e-10
1.801487963250420e-01,4.627768663664421e-10
1.803617885174340e-01,4.627516767618388e-10
1.805747807098260e-01,4.627265164181410e-10
1.807877729022180e-01,4.627013852733323e-10
1.810007650946100e-01,4.626762832653963e-10
1.812137572870020e-01,4.626512103323166e-10
1.814267494793940e-01,4.626261664120768e-10
1.816397416717860e-01,4.626011514426604e-10
1.818527338641770e-01,4.625761653620511e-10
1.820657260565690e-01,4.625512081082323e-10
1.822787182489610e-01,4.625262796191877e-10
1.824917104413530e-01,4.625013798312539e-10
1.827047026337450e-01,4.624765086741813e-10
1.829176948261370e-01,4.624516660760742e-10
1.831306870185290e-01,4.624268519650368e-10
1.833436792109200e-01,4.624020662691736e-10
1.835566714033120e-01,4.623773089165885e-10
1.837696635957040e-01,4.623525798353861e-10
1.839826557880960e-01,4.623278789536704e-10
1.841956479804880e-01,4.623032061995459e-10
1.844086401728800e-01,4.622785615011168e-10
1.846216323652720e-01,4.622539447889164e-10
1.848346245576640e-01,4.622293560031883e-10
1.850476167500550e-01,4.622047950866025e-10
1.852606089424470e-01,4.621802619818288e-10
1.854736011348390e-01,4.621557566315370e-10
1.856865933272310e-01,4.621312789783973e-10
1.858995855196230e-01,4.621068289650793e-10
1.861125777120150e-01,4.620824065342532e-10
1.863255699044070e-01,4.620580116285887e-10
1.865385620967990e-01,4.620336441907557e-10
1.867515542891900e-01,4.620093041617697e-10
1.869645464815820e-01,4.619849914760234e-10
1.871775386739740e-01,4.619607060662538e-10
1.873905308663660e-01,4.619364478651975e-10
1.876035230587580e-01,4.619122168055912e-10
1.878165152511500e-01,4.618880128201717e-10
1.880295074435420e-01,4.618638358416756e-10
1.882424996359330e-01,4.618396858028397e-10
1.884554918283250e-01,4.618155626364004e-10
1.886684840207170e-01,4.617914662750947e-10
1.888814762131090e-01,4.617673966555655e-10
1.890944684055010e-01,4.617433537300842e-10
1.893074605978930e-01,4.617193374548302e-10
1.895204527902850e-01,4.616953477859831e-10
1.897334449826770e-01,4.616713846797224e-10
1.899464371750680e-01,4.616474480922275e-10
1.901594293674600e-01,4.616235379796777e-10
1.903724215598520e-01,4.615996542982527e-10
1.905854137522440e-01,4.615757970041320e-10
1.907984059446360e-01,4.615519660534948e-10
1.910113981370280e-01,4.615281613946149e-10
1.912243903294200e-01,4.615043829441449e-10
1.914373825218110e-01,4.614806306108331e-10
1.916503747142030e-01,4.614569043034275e-10
1.918633669065950e-01,4.614332039306764e-10
1.920763590989870e-01,4.614095294013278e-10
1.922893512913790e-01,4.613858806241298e-10
1.925023434837710e-01,4.613622575078308e-10
1.927153356761630e-01,4.613386599611789e-10
1.929283278685550e-01,4.613150878929221e-10
1.931413200609460e-01,4.612915412266538e-10
1.933543122533380e-01,4.612680199453236e-10
1.935673044457300e-01,4.612445240467150e-10
1.937802966381220e-01,4.612210535286113e-10
1.939932888305140e-01,4.611976083887956e-10
1.942062810229060e-01,4.611741886250514e-10
1.944192732152980e-01,4.611507942351617e-10
1.946322654076900e-01,4.611274252169101e-10
1.948452576000810e-01,4.611040815680797e-10
1.950582497924730e-01,4.610807632864538e-10
1.952712419848650e-01,4.610574703530262e-10
1.954842341772570e-01,4.610342026816804e-10
1.956972263696490e-01,4.610109601695343e-10
1.959102185620410e-01,4.609877427137054e-10
1.961232107544330e-01,4.609645502113113e-10
1.963362029468240e-01,4.609413825594699e-10
1.965491951392160e-01,4.609182396552986e-10
1.967621873316080e-01,4.608951213959151e-10
1.969751795240000e-01,4.608720276784371e-10
1.971881717163920e-01,4.608489583999824e-10
1.974011639087840e-01,4.608259134718199e-10
1.976141561011760e-01,4.608028928618466e-10
1.978271482935680e-01,4.607798965521223e-10
1.980401404859590e-01,4.607569245247069e-10
1.982531326783510e-01,4.607339767616597e-10
1.984661248707430e-01,4.607110532450407e-10
1.986791170631350e-01,4.606881539569095e-10
1.988921092555270e-01,4.606652788793259e-10
1.991051014479190e-01,4.606424279943496e-10
1.993180936403110e-01,4.606196012840402e-10
1.995310858327020e-01,4.605967987217249e-10
1.997440780250940e-01,4.605740202457963e-10
1.999570702174860e-01,4.605512657859129e-10
2.001700624098780e-01,4.605285352717333e-10
2.003830546022700e-01,4.605058286329160e-10
2.005960467946620e-01,4.604831457991194e-10
2.008090389870540e-01,4.604604867000022e-10
2.010220311794460e-01,4.604378512652228e-10
2.012350233718370e-01,4.604152394244397e-10
2.014480155642290e-01,4.603926511073114e-10
2.016610077566210e-01,4.603700862486964e-10
2.018739999490130e-01,4.603475448042487e-10
2.020869921414050e-01,4.603250267348203e-10
2.022999843337970e-01,4.603025320012628e-10
2.025129765261890e-01,4.602800605644280e-10
2.027259687185810e-01,4.602576123851677e-10
2.029389609109720e-01,4.602351874243338e-10
2.031519531033640e-01,4.602127856427780e-10
2.033649452957560e-01,4.601904070013521e-10
2.035779374881480e-01,4.601680514609077e-10
2.037909296805400e-01,4.601457189805678e-10
2.040039218729320e-01,4.601234095125425e-10
2.042169140653240e-01,4.601011230073147e-10
2.044299062577150e-01,4.600788594153675e-10
2.046428984501070e-01,4.600566186871836e-10
2.048558906424990e-01,4.600344007732461e-10
2.050688828348910e-01,4.600122056240379e-10
2.052818750272830e-01,4.599900331900420e-10
2.054948672196750e-01,4.599678834217414e-10
2.057078594120670e-01,4.599457562696189e-10
2.059208516044590e-01,4.599236516849440e-10
2.061338437968500e-01,4.599015696221339e-10
2.063468359892420e-01,4.598795100363927e-10
2.065598281816340e-01,4.598574728829250e-10
2.067728203740260e-01,4.598354581169349e-10
2.069858125664180e-01,4.598134656936271e-10
2.071988047588100e-01,4.597914955682059e-10
2.074117969512020e-01,4.597695476958757e-10
2.076247891435940e-01,4.597476220318407e-10
2.078377813359850e-01,4.597257185313057e-10
2.080507735283770e-01,4.597038371494924e-10
2.082637657207690e-01,4.596819778416938e-10
2.084767579131610e-01,4.596601405632209e-10
2.086897501055530e-01,4.596383252693842e-10
2.089027422979450e-01,4.596165319154945e-10
2.091157344903370e-01,4.595947604568625e-10
2.093287266827280e-01,4.595730108487989e-10
2.095417188751200e-01,4.595512830466144e-10
2.097547110675120e-01,4.595295770056197e-10
2.099677032599040e-01,4.595078926811256e-10
2.101806954522960e-01,4.594862300289687e-10
2.103936876446880e-01,4.594645890070894e-10
2.106066798370800e-01,4.594429695739539e-10
2.108196720294720e-01,4.594213716880285e-10
2.110326642218630e-01,4.593997953077795e-10
2.112456564142550e-01,4.593782403916731e-10
2.114586486066470e-01,4.593567068981756e-10
2.116716407990390e-01,4.593351947857533e-10
2.118846329914310e-01,4.593137040128724e-10
2.120976251838230e-01,4.592922345379993e-10
2.123106173762150e-01,4.592707863188161e-10
2.125236095686060e-01,4.592493593098701e-10
2.127366017609980e-01,4.592279534649246e-10
2.129495939533900e-01,4.592065687377438e-10
2.131625861457820e-01,4.591852050820909e-10
2.133755783381740e-01,4.591638624517300e-10
2.135885705305660e-01,4.591425408004244e-10
2.138015627229580e-01,4.591212400819380e-10
2.140145549153500e-01,4.590999602500344e-10
2.142275471077410e-01,4.590787012584775e-10
2.144405393001330e-01,4.590574630649065e-10
2.146535314925250e-01,4.590362456424545e-10
2.148665236849170e-01,4.590150489681250e-10
2.150795158773090e-01,4.589938730189217e-10
2.152925080697010e-01,4.589727177718483e-10
2.155055002620930e-01,4.589515832039083e-10
2.157184924544850e-01,4.589304692921055e-10
2.159314846468760e-01,4.589093760134435e-10
2.161444768392680e-01,4.588883033449257e-10
2.163574690316600e-01,4.588672512635559e-10
2.165704612240520e-01,4.588462197328819e-10
2.167834534164440e-01,4.588252086626042e-10
2.169964456088360e-01,4.588042179489559e-10
2.172094378012280e-01,4.587832474881699e-10
2.174224299936190e-01,4.587622971764793e-10
2.176354221860110e-01,4.587413669101170e-10
2.178484143784030e-01,4.587204565853161e-10
2.180614065707950e-01,4.586995660983094e-10
2.182743987631870e-01,4.586786953453301e-10
2.184873909555790e-01,4.586578442226111e-10
2.187003831479710e-01,4.586370126775287e-10
2.189133753403630e-01,4.586162008620590e-10
2.191263675327540e-01,4.585954089793343e-10
2.193393597251460e-01,4.585746372324870e-10
2.195523519175380e-01,4.585538858246493e-10
2.197653441099300e-01,4.585331549589537e-10
2.199783363023220e-01,4.585124448385325e-10
2.201913284947140e-01,4.584917556665181e-10
2.204043206871060e-01,4.584710876460428e-10
2.206173128794970e-01,4.584504409802392e-10
2.208303050718890e-01,4.584298156821668e-10
2.210432972642810e-01,4.584092110047347e-10
2.212562894566730e-01,4.583886260108478e-10
2.214692816490650e-01,4.583680597634115e-10
2.216822738414570e-01,4.583475113253308e-10
2.218952660338490e-01,4.583269797595111e-10
2.221082582262410e-01,4.583064641288574e-10
2.223212504186320e-01,4.582859634962752e-10
2.225342426110240e-01,4.582654769246693e-10
2.227472348034160e-01,4.582450034769452e-10
2.229602269958080e-01,4.582245429263742e-10
2.231732191882000e-01,4.582040978862998e-10
2.233862113805920e-01,4.581836716797358e-10
2.235992035729840e-01,4.581632676296956e-10
2.238121957653760e-01,4.581428890591931e-10
2.240251879577670e-01,4.581225392912418e-10
2.242381801501590e-01,4.581022216488553e-10
2.244511723425510e-01,4.580819394550473e-10
2.246641645349430e-01,4.580616960328313e-10
2.248771567273350e-01,4.580414947052212e-10
2.250901489197270e-01,4.580213361477281e-10
2.253031411121190e-01,4.580012104393984e-10
2.255161333045100e-01,4.579811050085464e-10
2.257291254969020e-01,4.579610072834868e-10
2.259421176892940e-01,4.579409046925342e-10
2.261551098816860e-01,4.579207846640032e-10
2.263681020740780e-01,4.579006346262082e-10
2.265810942664700e-01,4.578804420074639e-10
2.267940864588620e-01,4.578601942360848e-10
2.270070786512540e-01,4.578398787403857e-10
2.272200708436450e-01,4.578194928332818e-10
2.274330630360370e-01,4.577990733779818e-10
2.276460552284290e-01,4.577786671282418e-10
2.278590474208210e-01,4.577583208378177e-10
2.280720396132130e-01,4.577380812604654e-10
2.282850318056050e-01,4.577179951499409e-10
2.284980239979970e-01,4.576981092600000e-10
2.287110161903880e-01,4.576784703443989e-10
2.289240083827800e-01,4.576591251568933e-10
2.291370005751720e-01,4.576401204512391e-10
2.293499927675640e-01,4.576214660806666e-10
2.295629849599560e-01,4.576030242974984e-10
2.297759771523480e-01,4.575846204541294e-10
2.299889693447400e-01,4.575660799029543e-10
2.302019615371320e-01,4.575472279963679e-10
2.304149537295230e-01,4.575278900867651e-10
2.306279459219150e-01,4.575078915265404e-10
2.308409381143070e-01,4.574870576680889e-10
2.310539303066990e-01,4.574652138638052e-10
2.312669224990910e-01,4.574421854660843e-10
2.314799146914830e-01,4.574179355852387e-10
2.316929068838750e-01,4.573929781886586e-10
2.319058990762670e-01,4.573679649143683e-10
2.321188912686580e-01,4.573435474003929e-10
2.323318834610500e-01,4.573203772847565e-10
2.325448756534420e-01,4.572991062054839e-10
2.327578678458340e-01,4.572803858005997e-10
2.329708600382260e-01,4.572648677081285e-10
2.331838522306180e-01,4.572532035660948e-10
2.333968444230100e-01,4.572460450125233e-10
2.336098366154010e-01,4.572435294338542e-10
2.338228288077930e-01,4.572437384968548e-10
2.340358210001850e-01,4.572442402598391e-10
2.342488131925770e-01,4.572426027811210e-10
2.344618053849690e-01,4.572363941190147e-10
2.346747975773610e-01,4.572231823318341e-10
2.348877897697530e-01,4.572005354778931e-10
2.351007819621450e-01,4.571660216155058e-10
2.353137741545360e-01,4.571172088029864e-10
2.355267663469280e-01,4.570516650986484e-10
2.357397585393200e-01,4.569688757273442e-10
2.359527507317120e-01,4.568759982159197e-10
2.361657429241040e-01,4.567821090761115e-10
2.363787351164960e-01,4.566962848196558e-10
2.365917273088880e-01,4.566276019582891e-10
2.368047195012800e-01,4.565851370037476e-10
2.370177116936710e-01,4.565779664677678e-10
2.372307038860630e-01,4.566151668620857e-10
2.374436960784550e-01,4.567058146984380e-10
2.376566882708470e-01,4.568589864885608e-10
2.378696804632390e-01,4.570766014531402e-10
2.380826726556310e-01,4.573319449185769e-10
2.382956648480230e-01,4.575911425549840e-10
2.385086570404140e-01,4.578203200324741e-10
2.387216492328060e-01,4.579856030211627e-10
2.389346414251980e-01,4.580531171911618e-10
2.391476336175900e-01,4.579889882125849e-10
2.393606258099820e-01,4.577593417555453e-10
2.395736180023740e-01,4.573303034901562e-10
2.397866101947660e-01,4.566679990865309e-10
2.399996023871580e-01,4.557652738778039e-10
2.402125945795490e-01,4.547218365032194e-10
2.404255867719410e-01,4.536641075925881e-10
2.406385789643330e-01,4.527185077757360e-10
2.408515711567250e-01,4.520114576824842e-10
2.410645633491170e-01,4.516693779426537e-10
2.412775555415090e-01,4.518186891860659e-10
2.414905477339010e-01,4.525858120425419e-10
2.417035399262920e-01,4.540971671418940e-10
2.419165321186840e-01,4.564791751139563e-10
2.421295243110760e-01,4.598038137636369e-10
2.423425165034680e-01,4.639253880920142e-10
2.425555086958600e-01,4.686438095120225e-10
2.427685008882520e-01,4.737589894365950e-10
2.429814930806440e-01,4.790708392786675e-10
2.431944852730360e-01,4.843792704511734e-10
2.434074774654270e-01,4.894841943670232e-10
2.436204696578190e-01,4.941855224391999e-10
2.438334618502110e-01,4.982831660806143e-10
2.440464540426030e-01,5.015770367041995e-10
2.442594462349950e-01,5.039215725767824e-10
2.444724384273870e-01,5.053894606098008e-10
2.446854306197790e-01,5.061079852059631e-10
2.448984228121710e-01,5.062044307679790e-10
2.451114150045620e-01,5.058060816985610e-10
2.453244071969540e-01,5.050402224004144e-10
2.455373993893460e-01,5.040341372762495e-10
2.457503915817380e-01,5.029151107287759e-10
2.459633837741300e-01,5.018104271607030e-10
2.461763759665220e-01,5.008473709747403e-10
2.463893681589140e-01,5.001263374059656e-10
2.466023603513050e-01,4.996401286035312e-10
2.468153525436970e-01,4.993546393381710e-10
2.470283447360890e-01,4.992357643806254e-10
2.472413369284810e-01,4.992493985016328e-10
2.474543291208730e-01,4.993614364719307e-10
2.476673213132650e-01,4.995377730622572e-10
2.478803135056570e-01,4.997443030433502e-10
2.480933056980490e-01,4.999469211859476e-10
2.483062978904400e-01,5.001115222607869e-10
2.485192900828320e-01,5.002112081920216e-10
2.487322822752240e-01,5.002479103740633e-10
2.489452744676160e-01,5.002307677830463e-10
2.491582666600080e-01,5.001689193951050e-10
2.493712588524000e-01,5.000715041863739e-10
2.495842510447920e-01,4.999476611329873e-10
2.497972432371830e-01,4.998065292110803e-10
2.500102354295750e-01,4.996572473967860e-10
2.502232276219670e-01,4.995089546662393e-10
2.504362198143590e-01,4.993707899955748e-10
2.506492120067510e-01,4.992499606149115e-10
2.508622041991430e-01,4.991459489264974e-10
2.510751963915350e-01,4.990563066645099e-10
2.512881885839270e-01,4.989785855631261e-10
2.515011807763180e-01,4.989103373565237e-10
2.517141729687100e-01,4.988491137788791e-10
2.519271651611020e-01,4.987924665643703e-10
2.521401573534940e-01,4.987379474471743e-10
2.523531495458860e-01,4.986831081614683e-10
2.525661417382780e-01,4.986255004414298e-10
2.527791339306700e-01,4.985631937808476e-10
2.529921261230620e-01,4.984963274947832e-10
2.532051183154530e-01,4.984255580495021e-10
2.534181105078450e-01,4.983515419112686e-10
2.536311027002370e-01,4.982749355463482e-10
2.538440948926290e-01,4.981963954210058e-10
2.540570870850210e-01,4.981165780015069e-10
2.542700792774130e-01,4.980361397541162e-10
2.544830714698050e-01,4.979557371450990e-10
2.546960636621960e-01,4.978760266407204e-10
2.549090558545880e-01,4.977975261294805e-10
2.551220480469800e-01,4.977201989050417e-10
2.553350402393720e-01,4.976438695413754e-10
2.555480324317640e-01,4.975683626124533e-10
2.557610246241560e-01,4.974935026922467e-10
2.559740168165480e-01,4.974191143547273e-10
2.561870090089400e-01,4.973450221738664e-10
2.564000012013310e-01,4.972710507236360e-10
2.566129933937230e-01,4.971970245780068e-10
2.568259855861150e-01,4.971227683109506e-10
2.570389777785070e-01,4.970481436401022e-10
2.572519699708990e-01,4.969731608879148e-10
2.574649621632910e-01,4.968978675355899e-10
2.576779543556830e-01,4.968223110643290e-10
2.578909465480740e-01,4.967465389553336e-10
2.581039387404660e-01,4.966705986898046e-10
2.583169309328580e-01,4.965945377489436e-10
2.585299231252500e-01,4.965184036139521e-10
2.587429153176420e-01,4.964422437660314e-10
2.589559075100340e-01,4.963661056863828e-10
2.591688997024260e-01,4.962900268990812e-10
2.593818918948180e-01,4.962140051039064e-10
2.595948840872090e-01,4.961380280456186e-10
2.598078762796010e-01,4.960620834689765e-10
2.600208684719930e-01,4.959861591187402e-10
2.602338606643850e-01,4.959102427396693e-10
2.604468528567770e-01,4.958343220765232e-10
2.606598450491690e-01,4.957583848740617e-10
2.608728372415610e-01,4.956824188770444e-10
2.610858294339530e-01,4.956064118302309e-10
2.612988216263440e-01,4.955303541456220e-10
2.615118138187360e-01,4.954542468997587e-10
2.617248060111280e-01,4.953780938342135e-10
2.619377982035200e-01,4.953018986905584e-10
2.621507903959120e-01,4.952256652103656e-10
2.623637825883040e-01,4.951493971352068e-10
2.625767747806960e-01,4.950730982066543e-10
2.627897669730870e-01,4.949967721662804e-10
2.630027591654790e-01,4.949204227556565e-10
2.632157513578710e-01,4.948440537163547e-10
2.634287435502630e-01,4.947676680748731e-10
2.636417357426550e-01,4.946912659954516e-10
2.638547279350470e-01,4.946148469262755e-10
2.640677201274390e-01,4.945384103155301e-10
2.642807123198310e-01,4.944619556114007e-10
2.644937045122220e-01,4.943854822620728e-10
2.647066967046140e-01,4.943089897157312e-10
2.649196888970060e-01,4.942324774205614e-10
2.651326810893980e-01,4.941559448247487e-10
2.653456732817900e-01,4.940793913764783e-10
2.655586654741820e-01,4.940028167132160e-10
2.657716576665740e-01,4.939262212298346e-10
2.659846498589660e-01,4.938496055106299e-10
2.661976420513570e-01,4.937729701398980e-10
2.664106342437490e-01,4.936963157019338e-10
2.666236264361410e-01,4.936196427810336e-10
2.668366186285330e-01,4.935429519614930e-10
2.670496108209250e-01,4.934662438276079e-10
2.672626030133170e-01,4.933895189636740e-10
2.674755952057090e-01,4.933127779539871e-10
2.676885873981000e-01,4.932360213330546e-10
2.679015795904920e-01,4.931592494362148e-10
2.681145717828840e-01,4.930824625490121e-10
2.683275639752760e-01,4.930056609569899e-10
2.685405561676680e-01,4.929288449456921e-10
2.687535483600600e-01,4.928520148006624e-10
2.689665405524520e-01,4.927751708074444e-10
2.691795327448440e-01,4.926983132515821e-10
2.693925249372350e-01,4.926214424186195e-10
2.696055171296270e-01,4.925445585940993e-10
2.698185093220190e-01,4.924676620714276e-10
2.700315015144110e-01,4.923907531754481e-10
2.702444937068030e-01,4.923138322388626e-10
2.704574858991950e-01,4.922368995943729e-10
2.706704780915870e-01,4.921599555746805e-10
2.708834702839780e-01,4.920830005124877e-10
2.710964624763700e-01,4.920060347404955e-10
2.713094546687620e-01,4.919290585914058e-10
2.715224468611540e-01,4.918520723979206e-10
2.717354390535460e-01,4.917750764927415e-10
2.719484312459380e-01,4.916980712099199e-10
2.721614234383300e-01,4.916210568889040e-10
2.723744156307220e-01,4.915440338704898e-10
2.725874078231130e-01,4.914670024954738e-10
2.728004000155050e-01,4.913899631046515e-10
2.730133922078970e-01,4.913129160388195e-10
2.732263844002890e-01,4.912358616387741e-10
2.734393765926810e-01,4.911588002453114e-10
2.736523687850730e-01,4.910817321992274e-10
2.738653609774650e-01,4.910046578413188e-10
2.740783531698570e-01,4.909275775033090e-10
2.742913453622480e-01,4.908504914806138e-10
2.745043375546400e-01,4.907734000595653e-10
2.747173297470320e-01,4.906963035264965e-10
2.749303219394240e-01,4.906192021677406e-10
2.751433141318160e-01,4.905420962696301e-10
2.753563063242080e-01,4.904649861184982e-10
2.755692985166000e-01,4.903878720006776e-10
2.757822907089910e-01,4.903107542025014e-10
2.759952829013830e-01,4.902336330103021e-10
2.762082750937750e-01,4.901565087329955e-10
2.764212672861670e-01,4.900793817698518e-10
2.766342594785590e-01,4.900022525427345e-10
2.768472516709510e-01,4.899251214735074e-10
2.770602438633430e-01,4.898479889840341e-10
2.772732360557350e-01,4.897708554961783e-10
2.774862282481260e-01,4.896937214318043e-10
2.776992204405180e-01,4.896165872127747e-10
2.779122126329100e-01,4.895394532609539e-10
2.781252048253020e-01,4.894623199982054e-10
2.783381970176940e-01,4.893851877575608e-10
2.785511892100860e-01,4.893080565167463e-10
