7.791356504680618e-06,2.375831895130816e-09
8.610780621332552e-06,2.359048387294215e-09
9.516384324626089e-06,2.342343696188219e-09
1.051723120080771e-05,2.325719830029653e-09
1.162333806181051e-05,2.309182348908912e-09
1.284577519687474e-05,2.292736836276140e-09
1.419677716772344e-05,2.276388326679291e-09
1.568986525616830e-05,2.260138968900172e-09
1.733998278964274e-05,2.243988638261683e-09
1.916364469904539e-05,2.227938234579268e-09
2.117910280571951e-05,2.211991747066325e-09
2.340652849181556e-05,2.196152806349766e-09
2.586821458226360e-05,2.180421261830983e-09
2.858879845885812e-05,2.164798304639855e-09
3.159550863945590e-05,2.149286803074017e-09
3.491843729013453e-05,2.133886534939063e-09
3.859084139770492e-05,2.118599373354053e-09
4.264947561681323e-05,2.103426042606328e-09
4.713496012287843e-05,2.088367357265025e-09
5.209218715246060e-05,2.073423669680920e-09
5.757077029985334e-05,2.058596282441814e-09
6.362554106661115e-05,2.043885185697273e-09
7.031709763364645e-05,2.029291356395920e-09
7.771241134819200e-05,2.014815044272524e-09
8.588549699555374e-05,2.000456768277953e-09
9.491815356395940e-05,1.986216942649198e-09
1.049007829163263e-04,1.972096301945649e-09
1.159332945624905e-04,1.958094897221232e-09
1.281261055871622e-04,1.944213318158196e-09
1.416012457412214e-04,1.930450950114483e-09
1.564935787564811e-04,1.916806243160016e-09
1.729521521072439e-04,1.903277107176317e-09
1.911416887275217e-04,1.889861739771752e-09
2.112442356135248e-04,1.876558644561063e-09
2.334609858111876e-04,1.863365671525362e-09
2.580142920237960e-04,1.850281023187327e-09
2.851498919925769e-04,1.837303314223358e-09
3.151393679226079e-04,1.824430400522269e-09
3.482828645688079e-04,1.811660943956647e-09
3.849120931855259e-04,1.798992927281517e-09
4.253936514042669e-04,1.786424880816905e-09
4.701326922660057e-04,1.773955113761136e-09
5.195769791289974e-04,1.761581902079178e-09
5.742213670349657e-04,1.749303565592908e-09
6.346127553846864e-04,1.737118795054004e-09
7.013555614910102e-04,1.725025701317814e-09
7.751177697904812e-04,1.713022844325708e-09
8.566376172560946e-04,1.701108620247133e-09
9.467309819210534e-04,1.689281541143300e-09
1.046299548460350e-03,1.677539986347166e-09
1.156339832554060e-03,1.665882727923261e-09
1.277953154351212e-03,1.654255705804531e-09
1.405748469786333e-03,1.643248581186555e-09
1.533543785221454e-03,1.633311183358766e-09
1.661339100656575e-03,1.624269481740491e-09
1.789134416091696e-03,1.615949445751057e-09
1.916929731526817e-03,1.608200417114436e-09
2.000000000000000e-03,1.603441022659397e-09
2.044725046961939e-03,1.600965089442117e-09
2.172520362397060e-03,1.594202244257839e-09
2.300315677832181e-03,1.587859862735357e-09
2.428110993267302e-03,1.581885051959258e-09
2.555906308702423e-03,1.576229788605690e-09
2.683701624137544e-03,1.570865527720137e-09
2.811496939572665e-03,1.565768593941185e-09
2.939292255007787e-03,1.560915311907421e-09
3.067087570442908e-03,1.556282006257432e-09
3.194882885878029e-03,1.551846859366198e-09
3.322678201313150e-03,1.547595484629211e-09
3.450473516748271e-03,1.543515353215823e-09
3.578268832183392e-03,1.539593936295389e-09
3.706064147618514e-03,1.535818705037258e-09
3.833859463053635e-03,1.532177981598961e-09
3.961654778488756e-03,1.528663492078928e-09
4.089450093923877e-03,1.525267813557866e-09
4.217245409358998e-03,1.521983523116485e-09
4.345040724794119e-03,1.518803197835491e-09
4.472836040229241e-03,1.515719864835627e-09
4.600631355664362e-03,1.512728351409404e-09
4.728426671099482e-03,1.509823934895181e-09
4.856221986534604e-03,1.507001892631317e-09
4.984017301969726e-03,1.504257501956172e-09
5.111812617404846e-03,1.501586293383342e-09
5.239607932839968e-03,1.498984810120189e-09
5.367403248275089e-03,1.496449848545724e-09
5.495198563710209e-03,1.493978205038956e-09
5.622993879145331e-03,1.491566675978895e-09
5.750789194580453e-03,1.489212215997289e-09
5.878584510015573e-03,1.486912412738624e-09
6.006379825450694e-03,1.484665012101023e-09
6.134175140885816e-03,1.482467759982609e-09
6.261970456320937e-03,1.480318402281504e-09
6.389765771756058e-03,1.478214785282229e-09
6.517561087191179e-03,1.476155156810602e-09
6.645356402626300e-03,1.474137865076688e-09
6.773151718061422e-03,1.472161258290553e-09
6.900947033496543e-03,1.470223684662261e-09
7.028742348931663e-03,1.468323559723932e-09
7.156537664366785e-03,1.466459568295679e-09
7.284332979801906e-03,1.464630462519562e-09
7.412128295237027e-03,1.462834994537644e-09
7.539923610672148e-03,1.461071916491984e-09
7.667718926107269e-03,1.459340029332462e-09
7.795514241542391e-03,1.457638329242017e-09
7.923309556977513e-03,1.455965861212302e-09
8.051104872412632e-03,1.454321670234966e-09
8.178900187847754e-03,1.452704801301661e-09
8.306695503282877e-03,1.451114331961265e-09
8.434490818717996e-03,1.449549469990993e-09
8.562286134153118e-03,1.448009455725003e-09
8.690081449588239e-03,1.446493529497448e-09
8.817876765023359e-03,1.445000931642485e-09
8.945672080458482e-03,1.443530929342222e-09
9.073467395893601e-03,1.442082897171160e-09
9.201262711328723e-03,1.440656236552050e-09
9.329058026763846e-03,1.439250348907642e-09
9.456853342198965e-03,1.437864635660686e-09
9.584648657634087e-03,1.436498512756158e-09
9.712443973069206e-03,1.435151454227468e-09
9.840239288504329e-03,1.433822948630016e-09
9.968034603939451e-03,1.432512484519206e-09
1.009582991937457e-02,1.431219550450439e-09
1.022362523480969e-02,1.429943658299054e-09
1.035142055024482e-02,1.428684413220312e-09
1.047921586567993e-02,1.427441443689501e-09
1.060701118111506e-02,1.426214378181906e-09
1.073480649655018e-02,1.425002845172815e-09
1.086260181198530e-02,1.423806473137515e-09
1.099039712742042e-02,1.422624890551291e-09
1.111819244285554e-02,1.421457725889431e-09
1.124598775829066e-02,1.420304607627222e-09
1.137378307372578e-02,1.419165164239951e-09
1.150157838916090e-02,1.418039042731743e-09
1.162937370459603e-02,1.416925964216737e-09
1.175716902003114e-02,1.415825668335237e-09
1.188496433546627e-02,1.414737894727547e-09
1.201275965090139e-02,1.413662383033971e-09
1.214055496633651e-02,1.412598872894814e-09
1.226835028177163e-02,1.411547103950379e-09
1.239614559720675e-02,1.410506815840971e-09
1.252394091264187e-02,1.409477748206893e-09
1.265173622807700e-02,1.408459640688450e-09
1.277953154351211e-02,1.407452244430538e-09
1.290732685894724e-02,1.406455356600497e-09
1.303512217438236e-02,1.405468785872296e-09
1.316291748981748e-02,1.404492340919905e-09
1.329071280525260e-02,1.403525830417293e-09
1.341850812068772e-02,1.402569063038431e-09
1.354630343612284e-02,1.401621847457286e-09
1.367409875155796e-02,1.400683992347829e-09
1.380189406699308e-02,1.399755306384030e-09
1.392968938242821e-02,1.398835598239857e-09
1.405748469786333e-02,1.397924684307986e-09
1.418528001329845e-02,1.397022411856361e-09
1.431307532873357e-02,1.396128635871856e-09
1.444087064416869e-02,1.395243211341345e-09
1.456866595960381e-02,1.394365993251701e-09
1.469646127503893e-02,1.393496836589798e-09
1.482425659047405e-02,1.392635596342510e-09
1.495205190590917e-02,1.391782127496710e-09
1.507984722134430e-02,1.390936285039273e-09
1.520764253677942e-02,1.390097923957071e-09
1.533543785221454e-02,1.389266904853776e-09
1.546323316764966e-02,1.388443110798909e-09
1.559102848308478e-02,1.387626430478119e-09
1.571882379851990e-02,1.386816752577055e-09
1.584661911395502e-02,1.386013965781366e-09
1.597441442939014e-02,1.385217958776700e-09
1.610220974482527e-02,1.384428620248708e-09
1.623000506026039e-02,1.383645838883039e-09
1.635780037569551e-02,1.382869503365341e-09
1.648559569113063e-02,1.382099502381264e-09
1.661339100656575e-02,1.381335728280841e-09
1.674118632200087e-02,1.380578088073123e-09
1.686898163743599e-02,1.379826492432288e-09
1.699677695287111e-02,1.379080852032514e-09
1.712457226830624e-02,1.378341077547978e-09
1.725236758374135e-02,1.377607079652857e-09
1.738016289917648e-02,1.376878769021329e-09
1.750795821461160e-02,1.376156056327570e-09
1.763575353004672e-02,1.375438852245759e-09
1.776354884548184e-02,1.374727067450072e-09
1.789134416091696e-02,1.374020615911563e-09
1.801913947635208e-02,1.373319424789147e-09
1.814693479178720e-02,1.372623424538792e-09
1.827473010722232e-02,1.371932545616467e-09
1.840252542265745e-02,1.371246718478142e-09
1.853032073809257e-02,1.370565873579785e-09
1.865811605352769e-02,1.369889941377366e-09
1.878591136896281e-02,1.369218852326853e-09
1.891370668439793e-02,1.368552536884216e-09
1.904150199983305e-02,1.367890925505424e-09
1.916929731526817e-02,1.367233950392420e-09
1.929709263070329e-02,1.366581550730718e-09
1.942488794613842e-02,1.365933667451641e-09
1.955268326157353e-02,1.365290241486513e-09
1.968047857700866e-02,1.364651213766658e-09
1.980827389244378e-02,1.364016525223400e-09
1.993606920787890e-02,1.363386116788063e-09
2.006386452331402e-02,1.362759929391970e-09
2.019165983874914e-02,1.362137903966446e-09
2.031945515418426e-02,1.361519981442814e-09
2.044725046961939e-02,1.360906104845796e-09
2.057504578505450e-02,1.360296225574657e-09
2.070284110048963e-02,1.359690297122539e-09
2.083063641592475e-02,1.359088272982581e-09
2.095843173135987e-02,1.358490106647923e-09
2.108622704679499e-02,1.357895751611705e-09
2.121402236223011e-02,1.357305161367068e-09
2.134181767766523e-02,1.356718289407151e-09
2.146961299310035e-02,1.356135089225095e-09
2.159740830853547e-02,1.355555514314039e-09
2.172520362397060e-02,1.354979519175994e-09
2.185299893940572e-02,1.354407062348610e-09
2.198079425484084e-02,1.353838103378486e-09
2.210858957027596e-02,1.353272601812223e-09
2.223638488571108e-02,1.352710517196422e-09
2.236418020114620e-02,1.352151809077682e-09
2.249197551658132e-02,1.351596437002603e-09
2.261977083201644e-02,1.351044360517785e-09
2.274756614745157e-02,1.350495539169829e-09
2.287536146288669e-02,1.349949932505334e-09
2.300315677832181e-02,1.349407501274026e-09
2.313095209375693e-02,1.348868211037961e-09
2.325874740919205e-02,1.348332028562241e-09
2.338654272462717e-02,1.347798920611963e-09
2.351433804006229e-02,1.347268853952228e-09
2.364213335549741e-02,1.346741795348136e-09
2.376992867093253e-02,1.346217711564785e-09
2.389772398636766e-02,1.345696569367277e-09
2.402551930180278e-02,1.345178335520710e-09
2.415331461723790e-02,1.344662976790184e-09
2.428110993267302e-02,1.344150460714112e-09
2.440890524810814e-02,1.343640757923827e-09
2.453670056354326e-02,1.343133839823809e-09
2.466449587897838e-02,1.342629677818536e-09
2.479229119441350e-02,1.342128243312488e-09
2.492008650984863e-02,1.341629507710143e-09
2.504788182528375e-02,1.341133442415980e-09
2.517567714071887e-02,1.340640018834480e-09
2.530347245615399e-02,1.340149208370120e-09
2.543126777158911e-02,1.339660982427380e-09
2.555906308702423e-02,1.339175313101464e-09
2.568685840245935e-02,1.338692175250621e-09
2.581465371789447e-02,1.338211544423898e-09
2.594244903332960e-02,1.337733396170341e-09
2.607024434876471e-02,1.337257706038997e-09
2.619803966419984e-02,1.336784449578912e-09
2.632583497963496e-02,1.336313602339134e-09
2.645363029507008e-02,1.335845139868708e-09
2.658142561050520e-02,1.335379037716681e-09
2.670922092594032e-02,1.334915271432100e-09
2.683701624137544e-02,1.334453817127875e-09
2.696481155681056e-02,1.333994653172319e-09
2.709260687224568e-02,1.333537758497586e-09
2.722040218768081e-02,1.333083112035828e-09
2.734819750311593e-02,1.332630692719199e-09
2.747599281855105e-02,1.332180479479852e-09
2.760378813398617e-02,1.331732451249938e-09
2.773158344942129e-02,1.331286586961612e-09
2.785937876485641e-02,1.330842865547027e-09
2.798717408029153e-02,1.330401265938334e-09
2.811496939572665e-02,1.329961767494174e-09
2.824276471116178e-02,1.329524351278976e-09
2.837056002659689e-02,1.329088998783570e-09
2.849835534203202e-02,1.328655691498791e-09
2.862615065746714e-02,1.328224410915470e-09
2.875394597290226e-02,1.327795138524441e-09
2.888174128833738e-02,1.327367855816537e-09
2.900953660377250e-02,1.326942544282590e-09
2.913733191920762e-02,1.326519185413433e-09
2.926512723464274e-02,1.326097760699899e-09
2.939292255007787e-02,1.325678252085598e-09
2.952071786551299e-02,1.325260643325370e-09
2.964851318094811e-02,1.324844918626893e-09
2.977630849638323e-02,1.324431062197842e-09
2.990410381181835e-02,1.324019058245895e-09
3.003189912725347e-02,1.323608890978727e-09
3.015969444268859e-02,1.323200544604015e-09
3.028748975812371e-02,1.322794003329436e-09
3.041528507355883e-02,1.322389251362666e-09
3.054308038899396e-02,1.321986272911383e-09
3.067087570442908e-02,1.321585052407568e-09
3.079867101986420e-02,1.321185575180422e-09
3.092646633529932e-02,1.320787826783448e-09
3.105426165073444e-02,1.320391792770149e-09
3.118205696616956e-02,1.319997458694026e-09
3.130985228160468e-02,1.319604810108584e-09
3.143764759703981e-02,1.319213832567323e-09
3.156544291247493e-02,1.318824511623748e-09
3.169323822791005e-02,1.318436832831360e-09
3.182103354334517e-02,1.318050781743662e-09
3.194882885878029e-02,1.317666344257299e-09
3.207662417421541e-02,1.317283507641370e-09
3.220441948965053e-02,1.316902259508060e-09
3.233221480508566e-02,1.316522587469551e-09
3.246001012052077e-02,1.316144479138029e-09
3.258780543595589e-02,1.315767922125678e-09
3.271560075139102e-02,1.315392904044681e-09
3.284339606682614e-02,1.315019412507223e-09
3.297119138226126e-02,1.314647435125489e-09
3.309898669769638e-02,1.314276959511662e-09
3.322678201313150e-02,1.313907973498189e-09
3.335457732856662e-02,1.313540465798640e-09
3.348237264400174e-02,1.313174425346878e-09
3.361016795943687e-02,1.312809841076770e-09
3.373796327487198e-02,1.312446701922182e-09
3.386575859030710e-02,1.312084996816978e-09
3.399355390574223e-02,1.311724714695023e-09
3.412134922117735e-02,1.311365844490185e-09
3.424914453661247e-02,1.311008375136328e-09
3.437693985204759e-02,1.310652295567316e-09
3.450473516748271e-02,1.310297594864240e-09
3.463253048291783e-02,1.309944262697081e-09
3.476032579835295e-02,1.309592288883047e-09
3.488812111378808e-02,1.309241663239343e-09
3.501591642922319e-02,1.308892375583176e-09
3.514371174465832e-02,1.308544415731753e-09
3.527150706009344e-02,1.308197773502281e-09
3.539930237552856e-02,1.307852438711966e-09
3.552709769096368e-02,1.307508401178015e-09
3.565489300639881e-02,1.307165650717635e-09
3.578268832183392e-02,1.306824177448405e-09
3.591048363726904e-02,1.306483972689316e-09
3.603827895270417e-02,1.306145028059689e-09
3.616607426813929e-02,1.305807335178846e-09
3.629386958357441e-02,1.305470885666107e-09
3.642166489900953e-02,1.305135671140795e-09
3.654946021444465e-02,1.304801683222229e-09
3.667725552987977e-02,1.304468913529733e-09
3.680505084531489e-02,1.304137353682627e-09
3.693284616075002e-02,1.303806995300232e-09
3.706064147618514e-02,1.303477829941117e-09
3.718843679162025e-02,1.303149848920812e-09
3.731623210705538e-02,1.302823043494087e-09
3.744402742249050e-02,1.302497404915707e-09
3.757182273792562e-02,1.302172924440441e-09
3.769961805336074e-02,1.301849593323057e-09
3.782741336879586e-02,1.301527402818321e-09
3.795520868423098e-02,1.301206344181001e-09
3.808300399966610e-02,1.300886408665865e-09
3.821079931510123e-02,1.300567587527681e-09
3.833859463053635e-02,1.300249872395154e-09
3.846638994597146e-02,1.299933256392776e-09
3.859418526140659e-02,1.299617733018988e-09
3.872198057684171e-02,1.299303295772230e-09
3.884977589227683e-02,1.298989938150946e-09
3.897757120771195e-02,1.298677653653575e-09
3.910536652314707e-02,1.298366435778560e-09
3.923316183858219e-02,1.298056278024341e-09
3.936095715401731e-02,1.297747173889362e-09
3.948875246945244e-02,1.297439116872062e-09
3.961654778488756e-02,1.297132100363038e-09
3.974434310032268e-02,1.296826117321527e-09
3.987213841575780e-02,1.296521160598933e-09
3.999993373119292e-02,1.296217223046659e-09
4.012772904662804e-02,1.295914297516110e-09
4.025552436206317e-02,1.295612376858690e-09
4.038331967749829e-02,1.295311453925803e-09
4.051111499293340e-02,1.295011521568852e-09
4.063891030836853e-02,1.294712572639241e-09
4.076670562380365e-02,1.294414599988375e-09
4.089450093923877e-02,1.294117596746662e-09
4.102229625467389e-02,1.293821557160642e-09
4.115009157010902e-02,1.293526475755916e-09
4.127788688554413e-02,1.293232347058088e-09
4.140568220097925e-02,1.292939165592758e-09
4.153347751641438e-02,1.292646925885528e-09
4.166127283184950e-02,1.292355622462002e-09
4.178906814728462e-02,1.292065249847779e-09
4.191686346271974e-02,1.291775802568463e-09
4.204465877815486e-02,1.291487275149655e-09
4.217245409358998e-02,1.291199662069719e-09
4.230024940902510e-02,1.290912957618059e-09
4.242804472446023e-02,1.290627156036840e-09
4.255584003989534e-02,1.290342251568226e-09
4.268363535533046e-02,1.290058238454380e-09
4.281143067076559e-02,1.289775110937467e-09
4.293922598620071e-02,1.289492863259650e-09
4.306702130163583e-02,1.289211489663093e-09
4.319481661707095e-02,1.288930984389960e-09
4.332261193250607e-02,1.288651341682415e-09
4.345040724794119e-02,1.288372555958813e-09
4.357820256337631e-02,1.288094622342244e-09
4.370599787881144e-02,1.287817536131970e-09
4.383379319424656e-02,1.287541292627256e-09
4.396158850968167e-02,1.287265887127365e-09
4.408938382511680e-02,1.286991314931562e-09
4.421717914055192e-02,1.286717571339111e-09
4.434497445598704e-02,1.286444651649275e-09
4.447276977142216e-02,1.286172551161319e-09
4.460056508685728e-02,1.285901265174506e-09
4.472836040229240e-02,1.285630788970818e-09
4.485615571772752e-02,1.285361117763099e-09
4.498395103316265e-02,1.285092246746909e-09
4.511174634859777e-02,1.284824171117805e-09
4.523954166403289e-02,1.284556886071347e-09
4.536733697946801e-02,1.284290386803091e-09
4.549513229490313e-02,1.284024668508598e-09
4.562292761033825e-02,1.283759726383425e-09
4.575072292577338e-02,1.283495555623131e-09
4.587851824120850e-02,1.283232151423274e-09
4.600631355664361e-02,1.282969509113684e-09
4.613410887207874e-02,1.282707624561300e-09
4.626190418751386e-02,1.282446493767342e-09
4.638969950294898e-02,1.282186112733030e-09
4.651749481838410e-02,1.281926477459587e-09
4.664529013381922e-02,1.281667583948232e-09
4.677308544925434e-02,1.281409428200186e-09
4.690088076468946e-02,1.281152006216671e-09
4.702867608012459e-02,1.280895313998906e-09
4.715647139555971e-02,1.280639347548114e-09
4.728426671099482e-02,1.280384102887988e-09
4.741206202642995e-02,1.280129576132118e-09
4.753985734186507e-02,1.279875763416565e-09
4.766765265730019e-02,1.279622660877390e-09
4.779544797273531e-02,1.279370264650655e-09
4.792324328817044e-02,1.279118570872421e-09
4.805103860360555e-02,1.278867575678749e-09
4.817883391904067e-02,1.278617275205702e-09
4.830662923447580e-02,1.278367665589341e-09
4.843442454991092e-02,1.278118742965726e-09
4.856221986534604e-02,1.277870503583033e-09
4.869001518078116e-02,1.277622944137840e-09
4.881781049621628e-02,1.277376061438815e-09
4.894560581165140e-02,1.277129852294628e-09
4.907340112708652e-02,1.276884313513945e-09
4.920119644252165e-02,1.276639441905435e-09
4.932899175795677e-02,1.276395234277767e-09
4.945678707339188e-02,1.276151687439607e-09
4.958458238882701e-02,1.275908798199625e-09
4.971237770426213e-02,1.275666563366488e-09
4.984017301969725e-02,1.275424978740828e-09
4.996796833513237e-02,1.275184036090909e-09
5.000000000000000e-02,1.275123743785584e-09
5.009576365056749e-02,1.274943726706915e-09
5.022355896600261e-02,1.274704046502541e-09
5.035135428143774e-02,1.274464993776342e-09
5.047914959687286e-02,1.274226566846708e-09
5.060694491230798e-02,1.273988764032032e-09
5.073474022774310e-02,1.273751583650703e-09
5.086253554317822e-02,1.273515024021114e-09
5.099033085861334e-02,1.273279083461654e-09
5.111812617404846e-02,1.273043760056354e-09
5.124592148948359e-02,1.272809050951812e-09
5.137371680491870e-02,1.272574953060278e-09
5.150151212035382e-02,1.272341463293998e-09
5.162930743578895e-02,1.272108578565221e-09
5.175710275122407e-02,1.271876295786194e-09
5.188489806665919e-02,1.271644611869165e-09
5.201269338209431e-02,1.271413523726382e-09
5.214048869752943e-02,1.271183028270091e-09
5.226828401296455e-02,1.270953122412542e-09
5.239607932839967e-02,1.270723803028885e-09
5.252387464383480e-02,1.270495066845896e-09
5.265166995926992e-02,1.270266910553264e-09
5.277946527470503e-02,1.270039330840675e-09
5.290726059014016e-02,1.269812324397817e-09
5.303505590557528e-02,1.269585887914377e-09
5.316285122101040e-02,1.269360018080042e-09
5.329064653644552e-02,1.269134711584499e-09
5.341844185188065e-02,1.268909965117436e-09
5.354623716731576e-02,1.268685775368539e-09
5.367403248275088e-02,1.268462139204087e-09
5.380182779818601e-02,1.268239054196761e-09
5.392962311362113e-02,1.268016518095859e-09
5.405741842905625e-02,1.267794528650676e-09
5.418521374449137e-02,1.267573083610510e-09
5.431300905992649e-02,1.267352180724657e-09
5.444080437536161e-02,1.267131817742413e-09
5.456859969079673e-02,1.266911992413074e-09
5.469639500623186e-02,1.266692702485937e-09
5.482419032166697e-02,1.266473945710299e-09
5.495198563710210e-02,1.266255719784189e-09
5.507978095253722e-02,1.266038022200572e-09
5.520757626797234e-02,1.265820850401145e-09
5.533537158340746e-02,1.265604201827608e-09
5.546316689884258e-02,1.265388073921659e-09
5.559096221427770e-02,1.265172464124997e-09
5.571875752971282e-02,1.264957369879318e-09
5.584655284514795e-02,1.264742788626324e-09
5.597434816058307e-02,1.264528717807710e-09
5.610214347601819e-02,1.264315154865177e-09
5.622993879145331e-02,1.264102097316287e-09
5.635773410688843e-02,1.263889542982035e-09
5.648552942232355e-02,1.263677489759269e-09
5.661332473775867e-02,1.263465935544837e-09
5.674112005319380e-02,1.263254878235586e-09
5.686891536862891e-02,1.263044315728364e-09
5.699671068406403e-02,1.262834245920018e-09
5.712450599949916e-02,1.262624666707396e-09
5.725230131493428e-02,1.262415575987346e-09
5.738009663036940e-02,1.262206971656715e-09
5.750789194580452e-02,1.261998851554384e-09
5.763568726123964e-02,1.261791213287343e-09
5.776348257667476e-02,1.261584054404607e-09
5.789127789210988e-02,1.261377372455192e-09
5.801907320754501e-02,1.261171164988111e-09
5.814686852298013e-02,1.260965429552380e-09
5.827466383841524e-02,1.260760163697013e-09
5.840245915385037e-02,1.260555364971025e-09
5.853025446928549e-02,1.260351030923430e-09
5.865804978472061e-02,1.260147159103243e-09
5.878584510015573e-02,1.259943747197211e-09
5.891364041559085e-02,1.259740793443006e-09
5.904143573102597e-02,1.259538296216033e-09
5.916923104646109e-02,1.259336253891699e-09
5.929702636189622e-02,1.259134664845410e-09
5.942482167733134e-02,1.258933527452570e-09
5.955261699276646e-02,1.258732840088585e-09
5.968041230820158e-02,1.258532601128861e-09
5.980820762363670e-02,1.258332808948805e-09
5.993600293907182e-02,1.258133461923820e-09
6.006379825450694e-02,1.257934558338135e-09
6.019159356994207e-02,1.257736096111286e-09
6.031938888537718e-02,1.257538073071644e-09
6.044718420081231e-02,1.257340487047579e-09
6.057497951624743e-02,1.257143335867461e-09
6.070277483168255e-02,1.256946617359662e-09
6.083057014711767e-02,1.256750329352553e-09
6.095836546255279e-02,1.256554469674502e-09
6.108616077798791e-02,1.256359036153882e-09
6.121395609342303e-02,1.256164026619062e-09
6.134175140885816e-02,1.255969438996773e-09
6.146954672429328e-02,1.255775271607218e-09
6.159734203972840e-02,1.255581522868975e-09
6.172513735516352e-02,1.255388191200626e-09
6.185293267059864e-02,1.255195275020750e-09
6.198072798603376e-02,1.255002772747927e-09
6.210852330146888e-02,1.254810682800738e-09
6.223631861690401e-02,1.254619003597761e-09
6.236411393233912e-02,1.254427733557578e-09
6.249190924777424e-02,1.254236871098767e-09
6.261970456320937e-02,1.254046414614660e-09
6.274749987864449e-02,1.253856362397582e-09
6.287529519407961e-02,1.253666712714608e-09
6.300309050951473e-02,1.253477463832814e-09
6.313088582494986e-02,1.253288614019275e-09
6.325868114038498e-02,1.253100161541066e-09
6.338647645582010e-02,1.252912104665263e-09
6.351427177125522e-02,1.252724441658940e-09
6.364206708669033e-02,1.252537170789174e-09
6.376986240212545e-02,1.252350290323039e-09
6.389765771756058e-02,1.252163798582180e-09
6.402545303299570e-02,1.251977694106513e-09
6.415324834843082e-02,1.251791975490516e-09
6.428104366386594e-02,1.251606641328666e-09
6.440883897930107e-02,1.251421690215443e-09
6.453663429473619e-02,1.251237120745325e-09
6.466442961017131e-02,1.251052931512789e-09
6.479222492560642e-02,1.250869121112316e-09
6.492002024104154e-02,1.250685688138382e-09
6.504781555647667e-02,1.250502631185467e-09
6.517561087191179e-02,1.250319948838898e-09
6.530340618734691e-02,1.250137639647395e-09
6.543120150278203e-02,1.249955702150524e-09
6.555899681821716e-02,1.249774134887854e-09
6.568679213365228e-02,1.249592936398949e-09
6.581458744908740e-02,1.249412105223378e-09
6.594238276452252e-02,1.249231639900708e-09
6.607017807995763e-02,1.249051538970505e-09
6.619797339539275e-02,1.248871800972337e-09
6.632576871082788e-02,1.248692424445769e-09
6.645356402626300e-02,1.248513407874865e-09
6.658135934169812e-02,1.248334749521656e-09
6.670915465713324e-02,1.248156447592667e-09
6.683694997256837e-02,1.247978500294422e-09
6.696474528800349e-02,1.247800905833445e-09
6.709254060343861e-02,1.247623662416259e-09
6.722033591887373e-02,1.247446768249389e-09
6.734813123430886e-02,1.247270221539360e-09
6.747592654974396e-02,1.247094020492694e-09
6.760372186517909e-02,1.246918163315916e-09
6.773151718061421e-02,1.246742648416437e-09
6.785931249604933e-02,1.246567475005174e-09
6.798710781148445e-02,1.246392642493916e-09
6.811490312691958e-02,1.246218150294448e-09
6.824269844235470e-02,1.246043997818560e-09
6.837049375778982e-02,1.245870184478037e-09
6.849828907322494e-02,1.245696709684667e-09
6.862608438866007e-02,1.245523572850237e-09
6.875387970409517e-02,1.245350773386535e-09
6.888167501953030e-02,1.245178310705347e-09
6.900947033496542e-02,1.245006184005285e-09
6.913726565040054e-02,1.244834391632159e-09
6.926506096583566e-02,1.244662931718551e-09
6.939285628127079e-02,1.244491802397045e-09
6.952065159670591e-02,1.244321001800224e-09
6.964844691214103e-02,1.244150528060673e-09
6.977624222757615e-02,1.243980379310974e-09
6.990403754301128e-02,1.243810553683710e-09
7.003183285844640e-02,1.243641049311466e-09
7.015962817388151e-02,1.243471864326825e-09
7.028742348931663e-02,1.243302997042986e-09
7.041521880475175e-02,1.243134446495646e-09
7.054301412018688e-02,1.242966211901134e-09
7.067080943562200e-02,1.242798292475778e-09
7.079860475105712e-02,1.242630687435906e-09
7.092640006649224e-02,1.242463395997848e-09
7.105419538192737e-02,1.242296417377931e-09
7.118199069736249e-02,1.242129750792484e-09
7.130978601279761e-02,1.241963395457835e-09
7.152277820518949e-02,1.241686826106705e-09
7.173577039758135e-02,1.241411115216224e-09
7.194876258997322e-02,1.241136257558619e-09
7.216175478236508e-02,1.240862247586171e-09
7.237474697475696e-02,1.240589079751162e-09
7.258773916714882e-02,1.240316748505875e-09
7.280073135954070e-02,1.240045248302590e-09
7.301372355193256e-02,1.239774573593592e-09
7.322671574432443e-02,1.239504718831160e-09
7.343970793671629e-02,1.239235678467578e-09
7.365270012910817e-02,1.238967446955127e-09
7.386569232150003e-02,1.238700018941180e-09
7.407868451389191e-02,1.238433389853465e-09
7.429167670628377e-02,1.238167555314802e-09
7.450466889867564e-02,1.237902510948010e-09
7.471766109106751e-02,1.237638252375906e-09
7.493065328345938e-02,1.237374775221310e-09
7.514364547585124e-02,1.237112075107040e-09
7.535663766824312e-02,1.236850147655915e-09
7.556962986063498e-02,1.236588988490754e-09
7.578262205302685e-02,1.236328593234375e-09
7.599561424541872e-02,1.236068957578011e-09
7.620860643781059e-02,1.235810077486547e-09
7.642159863020245e-02,1.235551948993276e-09
7.663459082259433e-02,1.235294568131493e-09
7.684758301498619e-02,1.235037930934491e-09
7.706057520737807e-02,1.234782033435566e-09
7.727356739976993e-02,1.234526871668011e-09
7.748655959216180e-02,1.234272441665120e-09
7.769955178455366e-02,1.234018739460189e-09
7.791254397694554e-02,1.233765761086510e-09
7.812553616933740e-02,1.233513502565041e-09
7.833852836172928e-02,1.233261959867390e-09
7.855152055412114e-02,1.233011128952830e-09
7.876451274651301e-02,1.232761005780632e-09
7.897750493890487e-02,1.232511586310070e-09
7.919049713129675e-02,1.232262866500415e-09
7.940348932368861e-02,1.232014842310940e-09
7.961648151608049e-02,1.231767509700917e-09
7.982947370847235e-02,1.231520864629618e-09
8.004246590086422e-02,1.231274903056316e-09
8.025545809325609e-02,1.231029621005973e-09
8.046845028564796e-02,1.230785014766324e-09
8.068144247803982e-02,1.230541080690806e-09
8.089443467043170e-02,1.230297815132850e-09
8.110742686282357e-02,1.230055214445892e-09
8.132041905521543e-02,1.229813274983364e-09
8.153341124760730e-02,1.229571993098702e-09
8.174640343999917e-02,1.229331365145338e-09
8.195939563239105e-02,1.229091387476707e-09
8.217238782478291e-02,1.228852056446243e-09
8.238538001717477e-02,1.228613368498624e-09
8.259837220956665e-02,1.228375320443516e-09
8.281136440195852e-02,1.228137909181834e-09
8.302435659435038e-02,1.227901131614494e-09
8.323734878674224e-02,1.227664984642412e-09
8.345034097913412e-02,1.227429465166504e-09
8.366333317152599e-02,1.227194570087684e-09
8.387632536391786e-02,1.226960296306869e-09
8.408931755630973e-02,1.226726640724974e-09
8.430230974870159e-02,1.226493600242916e-09
8.451530194109347e-02,1.226261171747351e-09
8.472829413348533e-02,1.226029352067907e-09
8.494128632587720e-02,1.225798138019952e-09
8.515427851826907e-02,1.225567526418856e-09
8.536727071066094e-02,1.225337514079986e-09
8.558026290305280e-02,1.225108097818713e-09
8.579325509544468e-02,1.224879274450404e-09
8.600624728783654e-02,1.224651040790429e-09
8.621923948022842e-02,1.224423393654156e-09
8.643223167262028e-02,1.224196329856955e-09
8.664522386501215e-02,1.223969846307745e-09
8.685821605740401e-02,1.223743940289643e-09
8.707120824979589e-02,1.223518609179313e-09
8.728420044218775e-02,1.223293850353418e-09
8.749719263457963e-02,1.223069661188621e-09
8.771018482697149e-02,1.222846039061587e-09
8.792317701936336e-02,1.222622981348978e-09
8.813616921175522e-02,1.222400485427459e-09
8.834916140414710e-02,1.222178548673692e-09
8.856215359653896e-02,1.221957168464342e-09
8.877514578893084e-02,1.221736342169846e-09
8.898813798132270e-02,1.221516067135741e-09
8.920113017371457e-02,1.221296340701340e-09
8.941412236610644e-02,1.221077160205955e-09
8.962711455849831e-02,1.220858522988899e-09
8.984010675089017e-02,1.220640426389483e-09
9.005309894328205e-02,1.220422867747019e-09
9.026609113567391e-02,1.220205844400821e-09
9.047908332806578e-02,1.219989353690200e-09
9.069207552045766e-02,1.219773392954469e-09
9.090506771284952e-02,1.219557959541280e-09
9.111805990524138e-02,1.219343050831649e-09
9.133105209763326e-02,1.219128664214936e-09
9.154404429002513e-02,1.218914797080497e-09
9.175703648241700e-02,1.218701446817692e-09
9.197002867480886e-02,1.218488610815877e-09
9.218302086720073e-02,1.218276286464411e-09
9.239601305959261e-02,1.218064471152652e-09
9.260900525198447e-02,1.217853162269958e-09
9.282199744437633e-02,1.217642357205687e-09
9.303498963676821e-02,1.217432053439341e-09
9.324798182916008e-02,1.217222248811016e-09
9.346097402155194e-02,1.217012941250957e-09
9.367396621394380e-02,1.216804128689410e-09
9.388695840633568e-02,1.216595809056621e-09
9.409995059872756e-02,1.216387980282835e-09
9.431294279111942e-02,1.216180640298300e-09
9.452593498351128e-02,1.215973787033260e-09
9.473892717590315e-02,1.215767418417962e-09
9.495191936829503e-02,1.215561532382651e-09
9.516491156068689e-02,1.215356126815579e-09
9.537790375307875e-02,1.215151199437022e-09
9.559089594547063e-02,1.214946747925261e-09
9.580388813786250e-02,1.214742769958576e-09
9.601688033025436e-02,1.214539263215248e-09
9.622987252264624e-02,1.214336225373558e-09
9.644286471503810e-02,1.214133654111787e-09
9.665585690742998e-02,1.213931547108214e-09
9.686884909982184e-02,1.213729902041122e-09
9.708184129221371e-02,1.213528716588791e-09
9.729483348460558e-02,1.213327988561248e-09
9.750782567699745e-02,1.213127716295494e-09
9.772081786938931e-02,1.212927898260274e-09
9.793381006178119e-02,1.212728532924329e-09
9.814680225417305e-02,1.212529618756404e-09
9.835979444656492e-02,1.212331154225242e-09
9.857278663895679e-02,1.212133137799586e-09
9.878577883134866e-02,1.211935567948179e-09
9.899877102374052e-02,1.211738443139764e-09
9.921176321613240e-02,1.211541761843085e-09
9.942475540852426e-02,1.211345522360901e-09
9.963774760091614e-02,1.211149722332062e-09
9.985073979330800e-02,1.210954359229449e-09
1.000637319857000e-01,1.210759430525945e-09
1.002767241780920e-01,1.210564933694430e-09
1.004897163704840e-01,1.210370866207786e-09
1.007027085628750e-01,1.210177225538895e-09
1.009157007552670e-01,1.209984009160638e-09
1.011286929476590e-01,1.209791214545895e-09
1.013416851400510e-01,1.209598839167549e-09
1.015546773324430e-01,1.209406880733083e-09
1.017676695248350e-01,1.209215337888579e-09
1.019806617172270e-01,1.209024209514823e-09
1.021936539096190e-01,1.208833494492597e-09
1.024066461020100e-01,1.208643191702687e-09
1.026196382944020e-01,1.208453300025873e-09
1.028326304867940e-01,1.208263818342940e-09
1.030456226791860e-01,1.208074745534673e-09
1.032586148715780e-01,1.207886080481854e-09
1.034716070639700e-01,1.207697822065267e-09
1.036845992563620e-01,1.207509968976592e-09
1.038975914487540e-01,1.207322519151168e-09
1.041105836411450e-01,1.207135470335267e-09
1.043235758335370e-01,1.206948820275162e-09
1.045365680259290e-01,1.206762566717124e-09
1.047495602183210e-01,1.206576707407428e-09
1.049625524107130e-01,1.206391240092344e-09
1.051755446031050e-01,1.206206162518147e-09
1.053885367954970e-01,1.206021472431107e-09
1.056015289878880e-01,1.205837167577500e-09
1.058145211802800e-01,1.205653245941647e-09
1.060275133726720e-01,1.205469706459694e-09
1.062405055650640e-01,1.205286548305644e-09
1.064534977574560e-01,1.205103770653500e-09
1.066664899498480e-01,1.204921372677263e-09
1.068794821422400e-01,1.204739353550937e-09
1.070924743346320e-01,1.204557712448524e-09
1.073054665270230e-01,1.204376448544027e-09
1.075184587194150e-01,1.204195561011448e-09
1.077314509118070e-01,1.204015049024789e-09
1.079444431041990e-01,1.203834911543619e-09
1.081574352965910e-01,1.203655146669173e-09
1.083704274889830e-01,1.203475752287953e-09
1.085834196813750e-01,1.203296726286463e-09
1.087964118737660e-01,1.203118066551207e-09
1.090094040661580e-01,1.202939770968687e-09
1.092223962585500e-01,1.202761837425407e-09
1.094353884509420e-01,1.202584263807870e-09
1.096483806433340e-01,1.202407048002580e-09
1.098613728357260e-01,1.202230187896040e-09
1.100743650281180e-01,1.202053681600514e-09
1.102873572205100e-01,1.201877528131662e-09
1.105003494129010e-01,1.201701726731079e-09
1.107133416052930e-01,1.201526276640354e-09
1.109263337976850e-01,1.201351177101083e-09
1.111393259900770e-01,1.201176427354858e-09
1.113523181824690e-01,1.201002026643274e-09
1.115653103748610e-01,1.200827974207922e-09
1.117783025672530e-01,1.200654269290398e-09
1.119912947596450e-01,1.200480911132292e-09
1.122042869520360e-01,1.200307898795836e-09
1.124172791444280e-01,1.200135230625741e-09
1.126302713368200e-01,1.199962904787330e-09
1.128432635292120e-01,1.199790919445925e-09
1.130562557216040e-01,1.199619272766850e-09
1.132692479139960e-01,1.199447962915427e-09
1.134822401063880e-01,1.199276988056977e-09
1.136952322987790e-01,1.199106346356824e-09
1.139082244911710e-01,1.198936035980290e-09
1.141212166835630e-01,1.198766055092696e-09
1.143342088759550e-01,1.198596402018733e-09
1.145472010683470e-01,1.198427075720409e-09
1.147601932607390e-01,1.198258075319025e-09
1.149731854531310e-01,1.198089399935881e-09
1.151861776455230e-01,1.197921048692277e-09
1.153991698379140e-01,1.197753020709515e-09
1.156121620303060e-01,1.197585315108894e-09
1.158251542226980e-01,1.197417931011716e-09
1.160381464150900e-01,1.197250867539280e-09
1.162511386074820e-01,1.197084123812888e-09
1.164641307998740e-01,1.196917698875412e-09
1.166771229922660e-01,1.196751591456182e-09
1.168901151846570e-01,1.196585800206187e-09
1.171031073770490e-01,1.196420323776414e-09
1.173160995694410e-01,1.196255160817851e-09
1.175290917618330e-01,1.196090309981486e-09
1.177420839542250e-01,1.195925769918306e-09
1.179550761466170e-01,1.195761539279300e-09
1.181680683390090e-01,1.195597616715456e-09
1.183810605314010e-01,1.195434000877760e-09
1.185940527237920e-01,1.195270690464064e-09
1.188070449161840e-01,1.195107684359768e-09
1.190200371085760e-01,1.194944981497186e-09
1.192330293009680e-01,1.194782580808635e-09
1.194460214933600e-01,1.194620481226430e-09
1.196590136857520e-01,1.194458681682885e-09
1.198720058781440e-01,1.194297181110316e-09
1.200849980705360e-01,1.194135978441038e-09
1.202979902629270e-01,1.193975072607367e-09
1.205109824553190e-01,1.193814462541617e-09
1.207239746477110e-01,1.193654147219295e-09
1.209369668401030e-01,1.193494125788728e-09
1.211499590324950e-01,1.193334397441451e-09
1.213629512248870e-01,1.193174961369003e-09
1.215759434172790e-01,1.193015816762923e-09
1.217889356096700e-01,1.192856962814748e-09
1.220019278020620e-01,1.192698398716016e-09
1.222149199944540e-01,1.192540123658265e-09
1.224279121868460e-01,1.192382136833033e-09
1.226409043792380e-01,1.192224437431858e-09
1.228538965716300e-01,1.192067024592661e-09
1.230668887640220e-01,1.191909897238897e-09
1.232798809564140e-01,1.191753054240415e-09
1.234928731488050e-01,1.191596494467060e-09
1.237058653411970e-01,1.191440216788678e-09
1.239188575335890e-01,1.191284220075114e-09
1.241318497259810e-01,1.191128503196216e-09
1.243448419183730e-01,1.190973065021829e-09
1.245578341107650e-01,1.190817904421799e-09
1.247708263031570e-01,1.190663020265973e-09
1.249838184955480e-01,1.190508411442414e-09
1.251968106879400e-01,1.190354076912024e-09
1.254098028803320e-01,1.190200015653910e-09
1.256227950727240e-01,1.190046226647178e-09
1.258357872651160e-01,1.189892708870935e-09
1.260487794575080e-01,1.189739461304288e-09
1.262617716499000e-01,1.189586482926343e-09
1.264747638422920e-01,1.189433772716207e-09
1.266877560346830e-01,1.189281329652986e-09
1.269007482270750e-01,1.189129152715786e-09
1.271137404194670e-01,1.188977240912535e-09
1.273267326118590e-01,1.188825593366371e-09
1.275397248042510e-01,1.188674209229214e-09
1.277527169966430e-01,1.188523087652981e-09
1.279657091890350e-01,1.188372227789593e-09
1.281787013814270e-01,1.188221628790970e-09
1.283916935738180e-01,1.188071289809031e-09
1.286046857662100e-01,1.187921209995694e-09
1.288176779586020e-01,1.187771388502880e-09
1.290306701509940e-01,1.187621824482508e-09
1.292436623433860e-01,1.187472517128894e-09
1.294566545357780e-01,1.187323465806019e-09
1.296696467281700e-01,1.187174669920293e-09
1.298826389205610e-01,1.187026128878131e-09
1.300956311129530e-01,1.186877842085943e-09
1.303086233053450e-01,1.186729808950141e-09
1.305216154977370e-01,1.186582028877139e-09
1.307346076901290e-01,1.186434501273347e-09
1.309475998825210e-01,1.186287225545179e-09
1.311605920749130e-01,1.186140201099047e-09
1.313735842673050e-01,1.185993427208008e-09
1.315865764596960e-01,1.185846902611644e-09
1.317995686520880e-01,1.185700625916151e-09
1.320125608444800e-01,1.185554595727727e-09
1.322255530368720e-01,1.185408810652568e-09
1.324385452292640e-01,1.185263269296872e-09
1.326515374216560e-01,1.185117970266836e-09
1.328645296140480e-01,1.184972912168655e-09
1.330775218064400e-01,1.184828093608529e-09
1.332905139988310e-01,1.184683513192653e-09
1.335035061912230e-01,1.184539169738669e-09
1.337164983836150e-01,1.184395062909826e-09
1.339294905760070e-01,1.184251192580739e-09
1.341424827683990e-01,1.184107558626017e-09
1.343554749607910e-01,1.183964160920272e-09
1.345684671531830e-01,1.183820999338117e-09
1.347814593455740e-01,1.183678073754164e-09
1.349944515379660e-01,1.183535384043022e-09
1.352074437303580e-01,1.183392930079305e-09
1.354204359227500e-01,1.183250711737624e-09
1.356334281151420e-01,1.183108728767067e-09
1.358464203075340e-01,1.182966980414878e-09
1.360594124999260e-01,1.182825465802905e-09
1.362724046923180e-01,1.182684184052995e-09
1.364853968847090e-01,1.182543134286997e-09
1.366983890771010e-01,1.182402315626757e-09
1.369113812694930e-01,1.182261727194124e-09
1.371243734618850e-01,1.182121368110943e-09
1.373373656542770e-01,1.181981237499065e-09
1.375503578466690e-01,1.181841334480334e-09
1.377633500390610e-01,1.181701658169217e-09
1.379763422314520e-01,1.181562207650629e-09
1.381893344238440e-01,1.181422982002090e-09
1.384023266162360e-01,1.181283980301125e-09
1.386153188086280e-01,1.181145201625255e-09
1.388283110010200e-01,1.181006645052003e-09
1.390413031934120e-01,1.180868309658893e-09
1.392542953858040e-01,1.180730194523446e-09
1.394672875781960e-01,1.180592298723186e-09
1.396802797705870e-01,1.180454621335636e-09
1.398932719629790e-01,1.180317161491856e-09
1.401062641553710e-01,1.180179918537126e-09
1.403192563477630e-01,1.180042891870298e-09
1.405322485401550e-01,1.179906080890218e-09
1.407452407325470e-01,1.179769484995739e-09
1.409582329249390e-01,1.179633103585708e-09
1.411712251173300e-01,1.179496936058976e-09
1.413842173097220e-01,1.179360981814391e-09
1.415972095021140e-01,1.179225240250804e-09
1.418102016945060e-01,1.179089710767064e-09
1.420231938868980e-01,1.178954392790297e-09
1.422361860792900e-01,1.178819285860731e-09
1.424491782716820e-01,1.178684389546871e-09
1.426621704640740e-01,1.178549703417221e-09
1.428751626564650e-01,1.178415227040285e-09
1.430881548488570e-01,1.178280959984566e-09
1.433011470412490e-01,1.178146901818569e-09
1.435141392336410e-01,1.178013052110796e-09
1.437271314260330e-01,1.177879410429754e-09
1.439401236184250e-01,1.177745976343944e-09
1.441531158108170e-01,1.177612749325589e-09
1.443661080032090e-01,1.177479728461904e-09
1.445791001956000e-01,1.177346912743886e-09
1.447920923879920e-01,1.177214301162532e-09
1.450050845803840e-01,1.177081892708839e-09
1.452180767727760e-01,1.176949686373804e-09
1.454310689651680e-01,1.176817681148424e-09
1.456440611575600e-01,1.176685876023697e-09
1.458570533499520e-01,1.176554269990618e-09
1.460700455423430e-01,1.176422862040185e-09
1.462830377347350e-01,1.176291651334307e-09
1.464960299271270e-01,1.176160637718099e-09
1.467090221195190e-01,1.176029821207372e-09
1.469220143119110e-01,1.175899201817935e-09
1.471350065043030e-01,1.175768779565595e-09
1.473479986966950e-01,1.175638554466164e-09
1.475609908890870e-01,1.175508526535449e-09
1.477739830814780e-01,1.175378695789261e-09
1.479869752738700e-01,1.175249062243407e-09
1.481999674662620e-01,1.175119625913698e-09
1.484129596586540e-01,1.174990386637643e-09
1.486259518510460e-01,1.174861343539230e-09
1.488389440434380e-01,1.174732495563988e-09
1.490519362358300e-01,1.174603841657441e-09
1.492649284282220e-01,1.174475380765116e-09
1.494779206206130e-01,1.174347111832540e-09
1.496909128130050e-01,1.174219033805238e-09
1.499039050053970e-01,1.174091145628737e-09
1.501168971977890e-01,1.173963446248563e-09
1.503298893901810e-01,1.173835934610242e-09
1.505428815825730e-01,1.173708609760670e-09
1.507558737749650e-01,1.173581471152273e-09
1.509688659673560e-01,1.173454518338877e-09
1.511818581597480e-01,1.173327750874308e-09
1.513948503521400e-01,1.173201168312391e-09
1.516078425445320e-01,1.173074770206952e-09
1.518208347369240e-01,1.172948556111817e-09
1.520338269293160e-01,1.172822525580811e-09
1.522468191217080e-01,1.172696678167761e-09
1.524598113141000e-01,1.172571013426491e-09
1.526728035064910e-01,1.172445530964903e-09
1.528857956988830e-01,1.172320230607154e-09
1.530987878912750e-01,1.172195112231461e-09
1.533117800836670e-01,1.172070175716040e-09
1.535247722760590e-01,1.171945420939107e-09
1.537377644684510e-01,1.171820847778878e-09
1.539507566608430e-01,1.171696456113570e-09
1.541637488532340e-01,1.171572245821399e-09
1.543767410456260e-01,1.171448216780579e-09
1.545897332380180e-01,1.171324368869327e-09
1.548027254304100e-01,1.171200701801207e-09
1.550157176228020e-01,1.171077214631474e-09
1.552287098151940e-01,1.170953906250888e-09
1.554417020075860e-01,1.170830775550206e-09
1.556546941999780e-01,1.170707821420185e-09
1.558676863923690e-01,1.170585042751586e-09
1.560806785847610e-01,1.170462438435163e-09
1.562936707771530e-01,1.170340007361676e-09
1.565066629695450e-01,1.170217748421882e-09
1.567196551619370e-01,1.170095660506540e-09
1.569326473543290e-01,1.169973742708765e-09
1.571456395467210e-01,1.169851994931616e-09
1.573586317391130e-01,1.169730417280768e-09
1.575716239315040e-01,1.169609009861892e-09
1.577846161238960e-01,1.169487772780662e-09
1.579976083162880e-01,1.169366706142751e-09
1.582106005086800e-01,1.169245810053832e-09
1.584235927010720e-01,1.169125084619577e-09
1.586365848934640e-01,1.169004529945661e-09
1.588495770858560e-01,1.168884146137756e-09
1.590625692782470e-01,1.168763933116984e-09
1.592755614706390e-01,1.168643890066022e-09
1.594885536630310e-01,1.168524015982880e-09
1.597015458554230e-01,1.168404309865563e-09
1.599145380478150e-01,1.168284770712080e-09
1.601275302402070e-01,1.168165397520439e-09
1.603405224325990e-01,1.168046189288647e-09
1.605535146249910e-01,1.167927145014711e-09
1.607665068173820e-01,1.167808263696640e-09
1.609794990097740e-01,1.167689544332441e-09
1.611924912021660e-01,1.167570986095168e-09
1.614054833945580e-01,1.167452588858075e-09
1.616184755869500e-01,1.167334352669465e-09
1.618314677793420e-01,1.167216277577643e-09
1.620444599717340e-01,1.167098363630914e-09
1.622574521641260e-01,1.166980610877581e-09
1.624704443565170e-01,1.166863019365950e-09
1.626834365489090e-01,1.166745589144325e-09
1.628964287413010e-01,1.166628320261010e-09
1.631094209336930e-01,1.166511212764310e-09
1.633224131260850e-01,1.166394266586696e-09
1.635354053184770e-01,1.166277481197451e-09
1.637483975108690e-01,1.166160855950090e-09
1.639613897032600e-01,1.166044390198132e-09
1.641743818956520e-01,1.165928083295092e-09
1.643873740880440e-01,1.165811934594489e-09
1.646003662804360e-01,1.165695943449838e-09
1.648133584728280e-01,1.165580109214656e-09
1.650263506652200e-01,1.165464431242462e-09
1.652393428576120e-01,1.165348908886772e-09
1.654523350500040e-01,1.165233541528518e-09
1.656653272423950e-01,1.165118328658231e-09
1.658783194347870e-01,1.165003269793821e-09
1.660913116271790e-01,1.164888364453201e-09
1.663043038195710e-01,1.164773612154282e-09
1.665172960119630e-01,1.164659012414977e-09
1.667302882043550e-01,1.164544564753197e-09
1.669432803967470e-01,1.164430268686855e-09
1.671562725891380e-01,1.164316123733862e-09
1.673692647815300e-01,1.164202129412130e-09
1.675822569739220e-01,1.164088285315128e-09
1.677952491663140e-01,1.163974591338708e-09
1.680082413587060e-01,1.163861047454349e-09
1.682212335510980e-01,1.163747653633536e-09
1.684342257434900e-01,1.163634409847750e-09
1.686472179358820e-01,1.163521316068473e-09
1.688602101282730e-01,1.163408372267189e-09
1.690732023206650e-01,1.163295578415379e-09
1.692861945130570e-01,1.163182934484525e-09
1.694991867054490e-01,1.163070440446110e-09
1.697121788978410e-01,1.162958096157217e-09
1.699251710902330e-01,1.162845901017255e-09
1.701381632826250e-01,1.162733854311188e-09
1.703511554750170e-01,1.162621955323982e-09
1.705641476674080e-01,1.162510203340604e-09
1.707771398598000e-01,1.162398597646018e-09
1.709901320521920e-01,1.162287137525190e-09
1.712031242445840e-01,1.162175822263087e-09
1.714161164369760e-01,1.162064651144674e-09
1.716291086293680e-01,1.161953623454917e-09
1.718421008217600e-01,1.161842738540109e-09
1.720550930141510e-01,1.161731995991822e-09
1.722680852065430e-01,1.161621395462939e-09
1.724810773989350e-01,1.161510936606347e-09
1.726940695913270e-01,1.161400619074928e-09
1.729070617837190e-01,1.161290442521568e-09
1.731200539761110e-01,1.161180406599151e-09
1.733330461685030e-01,1.161070510960561e-09
1.735460383608950e-01,1.160960755258682e-09
1.737590305532860e-01,1.160851139146399e-09
1.739720227456780e-01,1.160741662325266e-09
1.741850149380700e-01,1.160632324691432e-09
1.743980071304620e-01,1.160523126189673e-09
1.746109993228540e-01,1.160414066764767e-09
1.748239915152460e-01,1.160305146361491e-09
1.750369837076380e-01,1.160196364924620e-09
1.752499759000290e-01,1.160087722398933e-09
1.754629680924210e-01,1.159979218729205e-09
1.756759602848130e-01,1.159870853860214e-09
1.758889524772050e-01,1.159762627736737e-09
1.761019446695970e-01,1.159654540200103e-09
1.763149368619890e-01,1.159546590677583e-09
1.765279290543810e-01,1.159438778492859e-09
1.767409212467730e-01,1.159331102969617e-09
1.769539134391640e-01,1.159223563431540e-09
1.771669056315560e-01,1.159116159202311e-09
1.773798978239480e-01,1.159008889605616e-09
1.775928900163400e-01,1.158901753965137e-09
1.778058822087320e-01,1.158794751604560e-09
1.780188744011240e-01,1.158687881847568e-09
1.782318665935160e-01,1.158581144114124e-09
1.784448587859070e-01,1.158474538209446e-09
1.786578509782990e-01,1.158368064035098e-09
1.788708431706910e-01,1.158261721492648e-09
1.790838353630830e-01,1.158155510483660e-09
1.792968275554750e-01,1.158049430909701e-09
1.795098197478670e-01,1.157943482672336e-09
1.797228119402590e-01,1.157837665673131e-09
1.799358041326510e-01,1.157731979813651e-09
1.801487963250420e-01,1.157626424995464e-09
1.803617885174340e-01,1.157521001082889e-09
1.805747807098260e-01,1.157415707791270e-09
1.807877729022180e-01,1.157310544798700e-09
1.810007650946100e-01,1.157205511783273e-09
1.812137572870020e-01,1.157100608423083e-09
1.814267494793940e-01,1.156995834396225e-09
1.816397416717860e-01,1.156891189380792e-09
1.818527338641770e-01,1.156786673054879e-09
1.820657260565690e-01,1.156682285096579e-09
1.822787182489610e-01,1.156578025183987e-09
1.824917104413530e-01,1.156473892972077e-09
1.827047026337450e-01,1.156369888023372e-09
1.829176948261370e-01,1.156266009877287e-09
1.831306870185290e-01,1.156162258073235e-09
1.833436792109200e-01,1.156058632150634e-09
1.835566714033120e-01,1.155955131648895e-09
1.837696635957040e-01,1.155851756107436e-09
1.839826557880960e-01,1.155748505065671e-09
1.841956479804880e-01,1.155645378063013e-09
1.844086401728800e-01,1.155542374638880e-09
1.846216323652720e-01,1.155439494361514e-09
1.848346245576640e-01,1.155336736914416e-09
1.850476167500550e-01,1.155234102009882e-09
1.852606089424470e-01,1.155131589360209e-09
1.854736011348390e-01,1.155029198677693e-09
1.856865933272310e-01,1.154926929674631e-09
1.858995855196230e-01,1.154824782063320e-09
1.861125777120150e-01,1.154722755556056e-09
1.863255699044070e-01,1.154620849865137e-09
1.865385620967990e-01,1.154519064702858e-09
1.867515542891900e-01,1.154417399868400e-09
1.869645464815820e-01,1.154315855508651e-09
1.871775386739740e-01,1.154214431857478e-09
1.873905308663660e-01,1.154113129148748e-09
1.876035230587580e-01,1.154011947616326e-09
1.878165152511500e-01,1.153910887494077e-09
1.880295074435420e-01,1.153809949015869e-09
1.882424996359330e-01,1.153709132415566e-09
1.884554918283250e-01,1.153608437927034e-09
1.886684840207170e-01,1.153507865784138e-09
1.888814762131090e-01,1.153407416010110e-09
1.890944684055010e-01,1.153307087785438e-09
1.893074605978930e-01,1.153206880079884e-09
1.895204527902850e-01,1.153106791863206e-09
1.897334449826770e-01,1.153006822105165e-09
1.899464371750680e-01,1.152906969775520e-09
1.901594293674600e-01,1.152807233844031e-09
1.903724215598520e-01,1.152707613280458e-09
1.905854137522440e-01,1.152608107054560e-09
1.907984059446360e-01,1.152508714136096e-09
1.910113981370280e-01,1.152409433696722e-09
1.912243903294200e-01,1.152310265715603e-09
1.914373825218110e-01,1.152211210373766e-09
1.916503747142030e-01,1.152112267852237e-09
1.918633669065950e-01,1.152013438332043e-09
1.920763590989870e-01,1.151914721994210e-09
1.922893512913790e-01,1.151816119019766e-09
1.925023434837710e-01,1.151717629589736e-09
1.927153356761630e-01,1.151619253885148e-09
1.929283278685550e-01,1.151520992087027e-09
1.931413200609460e-01,1.151422844336722e-09
1.933543122533380e-01,1.151324810616919e-09
1.935673044457300e-01,1.151226890870658e-09
1.937802966381220e-01,1.151129085040979e-09
1.939932888305140e-01,1.151031393070921e-09
1.942062810229060e-01,1.150933814903523e-09
1.944192732152980e-01,1.150836350481825e-09
1.946322654076900e-01,1.150738999748865e-09
1.948452576000810e-01,1.150641762647685e-09
1.950582497924730e-01,1.150544639121322e-09
1.952712419848650e-01,1.150447628856099e-09
1.954842341772570e-01,1.150350730512192e-09
1.956972263696490e-01,1.150253942493420e-09
1.959102185620410e-01,1.150157263203603e-09
1.961232107544330e-01,1.150060691046558e-09
1.963362029468240e-01,1.149964224426106e-09
1.965491951392160e-01,1.149867861746065e-09
1.967621873316080e-01,1.149771601410254e-09
1.969751795240000e-01,1.149675441822491e-09
1.971881717163920e-01,1.149579381386596e-09
1.974011639087840e-01,1.149483419492690e-09
1.976141561011760e-01,1.149387559477669e-09
1.978271482935680e-01,1.149291805665517e-09
1.980401404859590e-01,1.149196162380219e-09
1.982531326783510e-01,1.149100633945759e-09
1.984661248707430e-01,1.149005224686122e-09
1.986791170631350e-01,1.148909938925291e-09
1.988921092555270e-01,1.148814780987252e-09
1.991051014479190e-01,1.148719755195987e-09
1.993180936403110e-01,1.148624865875483e-09
1.995310858327020e-01,1.148530113964716e-09
1.997440780250940e-01,1.148435486861418e-09
1.999570702174860e-01,1.148340968577708e-09
2.001700624098780e-01,1.148246543125706e-09
2.003830546022700e-01,1.148152194517530e-09
2.005960467946620e-01,1.148057906765298e-09
2.008090389870540e-01,1.147963663881130e-09
2.010220311794460e-01,1.147869449877145e-09
2.012350233718370e-01,1.147775248765462e-09
2.014480155642290e-01,1.147681044558198e-09
2.016610077566210e-01,1.147586833468172e-09
2.018739999490130e-01,1.147492660500294e-09
2.020869921414050e-01,1.147398582854827e-09
2.022999843337970e-01,1.147304657732032e-09
2.025129765261890e-01,1.147210942332170e-09
2.027259687185810e-01,1.147117493855503e-09
2.029389609109720e-01,1.147024369502294e-09
2.031519531033640e-01,1.146931626472802e-09
2.033649452957560e-01,1.146839321967289e-09
2.035779374881480e-01,1.146747513186018e-09
2.037909296805400e-01,1.146656212186654e-09
2.040039218729320e-01,1.146565250551796e-09
2.042169140653240e-01,1.146474414769096e-09
2.044299062577150e-01,1.146383491326207e-09
2.046428984501070e-01,1.146292266710777e-09
2.048558906424990e-01,1.146200527410459e-09
2.050688828348910e-01,1.146108059912905e-09
2.052818750272830e-01,1.146014650705765e-09
2.054948672196750e-01,1.145920086276691e-09
2.057078594120670e-01,1.145824153113334e-09
2.059208516044590e-01,1.145726805847178e-09
2.061338437968500e-01,1.145628672069651e-09
2.063468359892420e-01,1.145530547708371e-09
2.065598281816340e-01,1.145433228690957e-09
2.067728203740260e-01,1.145337510945028e-09
2.069858125664180e-01,1.145244190398203e-09
2.071988047588100e-01,1.145154062978101e-09
2.074117969512020e-01,1.145067924612342e-09
2.076247891435940e-01,1.144986571228544e-09
2.078377813359850e-01,1.144910798754328e-09
2.080507735283770e-01,1.144840775297331e-09
2.082637657207690e-01,1.144774157025019e-09
2.084767579131610e-01,1.144707971954703e-09
2.086897501055530e-01,1.144639248103696e-09
2.089027422979450e-01,1.144565013489309e-09
2.091157344903370e-01,1.144482296128855e-09
2.093287266827280e-01,1.144388124039645e-09
2.095417188751200e-01,1.144279525238991e-09
2.097547110675120e-01,1.144153527744204e-09
2.099677032599040e-01,1.144007159572597e-09
2.101806954522960e-01,1.143839792588947e-09
2.103936876446880e-01,1.143660173617424e-09
2.106066798370800e-01,1.143479393114436e-09
2.108196720294720e-01,1.143308541536387e-09
2.110326642218630e-01,1.143158709339687e-09
2.112456564142550e-01,1.143040986980740e-09
2.114586486066470e-01,1.142966464915952e-09
2.116716407990390e-01,1.142946233601731e-09
2.118846329914310e-01,1.142991383494483e-09
2.120976251838230e-01,1.143113005050614e-09
2.123106173762150e-01,1.143313438890508e-09
2.125236095686060e-01,1.143560038703035e-09
2.127366017609980e-01,1.143811414546237e-09
2.129495939533900e-01,1.144026176478151e-09
2.131625861457820e-01,1.144162934556816e-09
2.133755783381740e-01,1.144180298840270e-09
2.135885705305660e-01,1.144036879386552e-09
2.138015627229580e-01,1.143691286253701e-09
2.140145549153500e-01,1.143102129499756e-09
2.142275471077410e-01,1.142228019182760e-09
2.144405393001330e-01,1.141060228272610e-09
2.146535314925250e-01,1.139720594726289e-09
2.148665236849170e-01,1.138363576096812e-09
2.150795158773090e-01,1.137143629937199e-09
2.152925080697010e-01,1.136215213800466e-09
2.155055002620930e-01,1.135732785239630e-09
2.157184924544850e-01,1.135850801807710e-09
2.159314846468760e-01,1.136723721057716e-09
2.161444768392680e-01,1.138506000542673e-09
2.163574690316600e-01,1.141352097815597e-09
2.165704612240520e-01,1.145294700920233e-09
2.167834534164440e-01,1.149879207358422e-09
2.169964456088360e-01,1.154529138847149e-09
2.172094378012280e-01,1.158668017103403e-09
2.174224299936190e-01,1.161719363844157e-09
2.176354221860110e-01,1.163106700786429e-09
2.178484143784030e-01,1.162253549647187e-09
2.180614065707950e-01,1.158583432143416e-09
2.182743987631870e-01,1.151519869992106e-09
2.184873909555790e-01,1.140486384910238e-09
2.187003831479710e-01,1.125153091443527e-09
2.189133753403630e-01,1.106176601115308e-09
2.191263675327540e-01,1.084460181113117e-09
2.193393597251460e-01,1.060907098624153e-09
2.195523519175380e-01,1.036420620835952e-09
2.197653441099300e-01,1.011904014935924e-09
2.199783363023220e-01,9.882605481114987e-10
2.201913284947140e-01,9.663934875500881e-10
2.204043206871060e-01,9.472061004391273e-10
2.206173128794970e-01,9.316016539660916e-10
2.208303050718890e-01,9.202380767343766e-10
2.210432972642810e-01,9.127921210214583e-10
2.212562894566730e-01,9.086952895174798e-10
2.214692816490650e-01,9.073790849125809e-10
2.216822738414570e-01,9.082750098969029e-10
2.218952660338490e-01,9.108145671605864e-10
2.221082582262410e-01,9.144292593937726e-10
2.223212504186320e-01,9.185505892865824e-10
2.225342426110240e-01,9.226100595291977e-10
2.227472348034160e-01,9.260391728117408e-10
2.229602269958080e-01,9.283896284041416e-10
2.231732191882000e-01,9.296936762684634e-10
2.233862113805920e-01,9.301036451619165e-10
2.235992035729840e-01,9.297718638417099e-10
2.238121957653760e-01,9.288506610650535e-10
2.240251879577670e-01,9.274923655891637e-10
2.242381801501590e-01,9.258493061712367e-10
2.244511723425510e-01,9.240738115684880e-10
2.246641645349430e-01,9.223182105381265e-10
2.248771567273350e-01,9.207348318373621e-10
2.250901489197270e-01,9.194438338322469e-10
2.253031411121190e-01,9.184366148693334e-10
2.255161333045100e-01,9.176723636646267e-10
2.257291254969020e-01,9.171102689341225e-10
2.259421176892940e-01,9.167095193938269e-10
2.261551098816860e-01,9.164293037597423e-10
2.263681020740780e-01,9.162288107478712e-10
2.265810942664700e-01,9.160672290742155e-10
2.267940864588620e-01,9.159037474547778e-10
2.270070786512540e-01,9.156975546055603e-10
2.272200708436450e-01,9.154164622896793e-10
2.274330630360370e-01,9.150627848319738e-10
2.276460552284290e-01,9.146474647918181e-10
2.278590474208210e-01,9.141814447285848e-10
2.280720396132130e-01,9.136756672016468e-10
2.282850318056050e-01,9.131410747703769e-10
2.284980239979970e-01,9.125886099941483e-10
2.287110161903880e-01,9.120292154323363e-10
2.289240083827800e-01,9.114738336443084e-10
2.291370005751720e-01,9.109334071894400e-10
2.293499927675640e-01,9.104165670851053e-10
2.295629849599560e-01,9.099226982555873e-10
2.297759771523480e-01,9.094488741206234e-10
2.299889693447400e-01,9.089921680999504e-10
2.302019615371320e-01,9.085496536133057e-10
2.304149537295230e-01,9.081184040804279e-10
2.306279459219150e-01,9.076954929210507e-10
2.308409381143070e-01,9.072779935549124e-10
2.310539303066990e-01,9.068629794017509e-10
2.312669224990910e-01,9.064475238813027e-10
2.314799146914830e-01,9.060293198974505e-10
2.316929068838750e-01,9.056085375055231e-10
2.319058990762670e-01,9.051859658524895e-10
2.321188912686580e-01,9.047623940853211e-10
2.323318834610500e-01,9.043386113509833e-10
2.325448756534420e-01,9.039154067964469e-10
2.327578678458340e-01,9.034935695686817e-10
2.329708600382260e-01,9.030738888146564e-10
2.331838522306180e-01,9.026571536813405e-10
2.333968444230100e-01,9.022441533157032e-10
2.336098366154010e-01,9.018355105822802e-10
2.338228288077930e-01,9.014311836319004e-10
2.340358210001850e-01,9.010309645409190e-10
2.342488131925770e-01,9.006346453856888e-10
2.344618053849690e-01,9.002420182425629e-10
2.346747975773610e-01,8.998528751878939e-10
2.348877897697530e-01,8.994670082980352e-10
2.351007819621450e-01,8.990842096493391e-10
2.353137741545360e-01,8.987042713181610e-10
2.355267663469280e-01,8.983269853808499e-10
2.357397585393200e-01,8.979521883337853e-10
2.359527507317120e-01,8.975798944376841e-10
2.361657429241040e-01,8.972101624154189e-10
2.363787351164960e-01,8.968430509898616e-10
2.365917273088880e-01,8.964786188838849e-10
2.368047195012800e-01,8.961169248203607e-10
2.370177116936710e-01,8.957580275221632e-10
2.372307038860630e-01,8.954019857121609e-10
2.374436960784550e-01,8.950488581132283e-10
2.376566882708470e-01,8.946987034482373e-10
2.378696804632390e-01,8.943515683320085e-10
2.380826726556310e-01,8.940074509391538e-10
2.382956648480230e-01,8.936663373322319e-10
2.385086570404140e-01,8.933282135738031e-10
2.387216492328060e-01,8.929930657264231e-10
2.389346414251980e-01,8.926608798526521e-10
2.391476336175900e-01,8.923316420150490e-10
2.393606258099820e-01,8.920053382761726e-10
2.395736180023740e-01,8.916819546985815e-10
2.397866101947660e-01,8.913614773448346e-10
2.399996023871580e-01,8.910438953586275e-10
2.402125945795490e-01,8.907292102064345e-10
2.404255867719410e-01,8.904174264349781e-10
2.406385789643330e-01,8.901085485909847e-10
2.408515711567250e-01,8.898025812211794e-10
2.410645633491170e-01,8.894995288722875e-10
2.412775555415090e-01,8.891993960910339e-10
2.414905477339010e-01,8.889021874241440e-10
2.417035399262920e-01,8.886079074183440e-10
2.419165321186840e-01,8.883165606203566e-10
2.421295243110760e-01,8.880281506007944e-10
2.423425165034680e-01,8.877426770275811e-10
2.425555086958600e-01,8.874601385934090e-10
2.427685008882520e-01,8.871805339909708e-10
2.429814930806440e-01,8.869038619129591e-10
2.431944852730360e-01,8.866301210520664e-10
2.434074774654270e-01,8.863593101009866e-10
2.436204696578190e-01,8.860914277524099e-10
2.438334618502110e-01,8.858264726990298e-10
2.440464540426030e-01,8.855644436335392e-10
2.442594462349950e-01,8.853053394053701e-10
2.444724384273870e-01,8.850491594913198e-10
2.446854306197790e-01,8.847959035251279e-10
2.448984228121710e-01,8.845455711405342e-10
2.451114150045620e-01,8.842981619712799e-10
2.453244071969540e-01,8.840536756511019e-10
2.455373993893460e-01,8.838121118137414e-10
2.457503915817380e-01,8.835734700929385e-10
2.459633837741300e-01,8.833377501224325e-10
2.461763759665220e-01,8.831049515359634e-10
2.463893681589140e-01,8.828750737854898e-10
2.466023603513050e-01,8.826481155956005e-10
2.468153525436970e-01,8.824240755089768e-10
2.470283447360890e-01,8.822029520683032e-10
2.472413369284810e-01,8.819847438162632e-10
2.474543291208730e-01,8.817694492955403e-10
2.476673213132650e-01,8.815570670488180e-10
2.478803135056570e-01,8.813475956187797e-10
2.480933056980490e-01,8.811410335481088e-10
2.483062978904400e-01,8.809373793794897e-10
2.485192900828320e-01,8.807366314874212e-10
2.487322822752240e-01,8.805387875736526e-10
2.489452744676160e-01,8.803438451717398e-10
2.491582666600080e-01,8.801518018152381e-10
2.493712588524000e-01,8.799626550377031e-10
2.495842510447920e-01,8.797764023726907e-10
2.497972432371830e-01,8.795930413537573e-10
2.500102354295750e-01,8.794125695144568e-10
2.502232276219670e-01,8.792349843883454e-10
2.504362198143590e-01,8.790602835089790e-10
2.506492120067510e-01,8.788884644634014e-10
2.508622041991430e-01,8.787195250525489e-10
2.510751963915350e-01,8.785534631308166e-10
2.512881885839270e-01,8.783902765525994e-10
2.515011807763180e-01,8.782299631722927e-10
2.517141729687100e-01,8.780725208442900e-10
2.519271651611020e-01,8.779179474229869e-10
2.521401573534940e-01,8.777662407627784e-10
2.523531495458860e-01,8.776173987180592e-10
2.525661417382780e-01,8.774714191432242e-10
2.527791339306700e-01,8.773282996598638e-10
2.529921261230620e-01,8.771880369588986e-10
2.532051183154530e-01,8.770506274987184e-10
2.534181105078450e-01,8.769160677377117e-10
2.536311027002370e-01,8.767843541342683e-10
2.538440948926290e-01,8.766554831467779e-10
2.540570870850210e-01,8.765294512336299e-10
2.542700792774130e-01,8.764062548532136e-10
2.544830714698050e-01,8.762858904639188e-10
2.546960636621960e-01,8.761683545241353e-10
2.549090558545880e-01,8.760536434790176e-10
2.551220480469800e-01,8.759417537207581e-10
2.553350402393720e-01,8.758326816283009e-10
2.555480324317640e-01,8.757264235805907e-10
2.557610246241560e-01,8.756229759565714e-10
2.559740168165480e-01,8.755223351351878e-10
2.561870090089400e-01,8.754244974953840e-10
2.564000012013310e-01,8.753294594161050e-10
2.566129933937230e-01,8.752372172762936e-10
2.568259855861150e-01,8.751477674548952e-10
2.570389777785070e-01,8.750611061951919e-10
2.572519699708990e-01,8.749772291977065e-10
2.574649621632910e-01,8.748961320272451e-10
2.576779543556830e-01,8.748178102486136e-10
2.578909465480740e-01,8.747422594266185e-10
2.581039387404660e-01,8.746694751260646e-10
2.583169309328580e-01,8.745994529117584e-10
2.585299231252500e-01,8.745321883485057e-10
2.587429153176420e-01,8.744676770011124e-10
2.589559075100340e-01,8.744059144343844e-10
2.591688997024260e-01,8.743468962243076e-10
2.593818918948180e-01,8.742906179915832e-10
2.595948840872090e-01,8.742370753680904e-10
2.598078762796010e-01,8.741862639857073e-10
2.600208684719930e-01,8.741381794763130e-10
2.602338606643850e-01,8.740928174717864e-10
2.604468528567770e-01,8.740501736040064e-10
2.606598450491690e-01,8.740102435048516e-10
2.608728372415610e-01,8.739730228062011e-10
2.610858294339530e-01,8.739385071399335e-10
2.612988216263440e-01,8.739066919363974e-10
2.615118138187360e-01,8.738775718201535e-10
2.617248060111280e-01,8.738511412143993e-10
2.619377982035200e-01,8.738273945423327e-10
2.621507903959120e-01,8.738063262271512e-10
2.623637825883040e-01,8.737879306920519e-10
2.625767747806960e-01,8.737722023602329e-10
2.627897669730870e-01,8.737591356548914e-10
2.630027591654790e-01,8.737487249992252e-10
2.632157513578710e-01,8.737409648164315e-10
2.634287435502630e-01,8.737358495799573e-10
2.636417357426550e-01,8.737333739643832e-10
2.638547279350470e-01,8.737335326946076e-10
2.640677201274390e-01,8.737363204955290e-10
2.642807123198310e-01,8.737417320920462e-10
2.644937045122220e-01,8.737497622090577e-10
2.647066967046140e-01,8.737604055714620e-10
2.649196888970060e-01,8.737736569041578e-10
2.651326810893980e-01,8.737895109320437e-10
2.653456732817900e-01,8.738079623800183e-10
2.655586654741820e-01,8.738290058063547e-10
2.657716576665740e-01,8.738526351025746e-10
2.659846498589660e-01,8.738788439934492e-10
2.661976420513570e-01,8.739076262037490e-10
2.664106342437490e-01,8.739389754582451e-10
2.666236264361410e-01,8.739728854817084e-10
2.668366186285330e-01,8.740093499989095e-10
2.670496108209250e-01,8.740483627346198e-10
2.672626030133170e-01,8.740899174136100e-10
2.674755952057090e-01,8.741340077606508e-10
2.676885873981000e-01,8.741806275719963e-10
2.679015795904920e-01,8.742297709298537e-10
2.681145717828840e-01,8.742814319879227e-10
2.683275639752760e-01,8.743356048999029e-10
2.685405561676680e-01,8.743922838194939e-10
2.687535483600600e-01,8.744514629003959e-10
2.689665405524520e-01,8.745131362963083e-10
2.691795327448440e-01,8.745772981609311e-10
2.693925249372350e-01,8.746439426479632e-10
2.696055171296270e-01,8.747130639111056e-10
2.698185093220190e-01,8.747846557032878e-10
2.700315015144110e-01,8.748587101747475e-10
2.702444937068030e-01,8.749352190751464e-10
2.704574858991950e-01,8.750141741541456e-10
2.706704780915870e-01,8.750955671614067e-10
2.708834702839780e-01,8.751793898465908e-10
2.710964624763700e-01,8.752656339593601e-10
2.713094546687620e-01,8.753542912493756e-10
2.715224468611540e-01,8.754453534662986e-10
2.717354390535460e-01,8.755388123597909e-10
2.719484312459380e-01,8.756346607753534e-10
2.721614234383300e-01,8.757328959394361e-10
2.723744156307220e-01,8.758335161731237e-10
2.725874078231130e-01,8.759365197975005e-10
2.728004000155050e-01,8.760419051336520e-10
2.730133922078970e-01,8.761496705026628e-10
2.732263844002890e-01,8.762598142256175e-10
2.734393765926810e-01,8.763723346236008e-10
2.736523687850730e-01,8.764872300176975e-10
2.738653609774650e-01,8.766044987289925e-10
2.740783531698570e-01,8.767241349323460e-10
2.742913453622480e-01,8.768461162086025e-10
2.745043375546400e-01,8.769704159878241e-10
2.747173297470320e-01,8.770970077000704e-10
2.749303219394240e-01,8.772258647754023e-10
2.751433141318160e-01,8.773569606438801e-10
2.753563063242080e-01,8.774902687355645e-10
2.755692985166000e-01,8.776257624805160e-10
2.757822907089910e-01,8.777634153087947e-10
2.759952829013830e-01,8.779032006504621e-10
2.762082750937750e-01,8.780451070213892e-10
2.764212672861670e-01,8.781891832952246e-10
2.766342594785590e-01,8.783354934386961e-10
2.768472516709510e-01,8.784841014185309e-10
2.770602438633430e-01,8.786350712014570e-10
2.772732360557350e-01,8.787884667542020e-10
2.774862282481260e-01,8.789443520434927e-10
2.776992204405180e-01,8.791027910360584e-10
2.779122126329100e-01,8.792638476986256e-10
2.781252048253020e-01,8.794275859979222e-10
2.783381970176940e-01,8.795940134752152e-10
2.785511892100860e-01,8.797629119852689e-10
