7.791356504680618e-06,2.261158017025541e-09
8.610780621332552e-06,2.244715550951272e-09
9.516384324626089e-06,2.228309501159892e-09
1.051723120080771e-05,2.211938922016775e-09
1.162333806181051e-05,2.195602740871886e-09
1.284577519687474e-05,2.179300513202871e-09
1.419677716772344e-05,2.163032850777347e-09
1.568986525616830e-05,2.146800588263495e-09
1.733998278964274e-05,2.130603645229888e-09
1.916364469904539e-05,2.114441137296852e-09
2.117910280571951e-05,2.098312893228170e-09
2.340652849181556e-05,2.082219506659902e-09
2.586821458226360e-05,2.066160613948753e-09
2.858879845885812e-05,2.050135857974113e-09
3.159550863945590e-05,2.034145572171870e-09
3.491843729013453e-05,2.018189309954902e-09
3.859084139770492e-05,2.002267235553038e-09
4.264947561681323e-05,1.986379076256482e-09
4.713496012287843e-05,1.970524884740628e-09
5.209218715246060e-05,1.954704530207139e-09
5.757077029985334e-05,1.938917939475306e-09
6.362554106661115e-05,1.923165073046081e-09
7.031709763364645e-05,1.907445884326685e-09
7.771241134819200e-05,1.891760327126190e-09
8.588549699555374e-05,1.876108371183944e-09
9.491815356395940e-05,1.860489993308001e-09
1.049007829163263e-04,1.844905181796635e-09
1.159332945624905e-04,1.829353993438563e-09
1.281261055871622e-04,1.813837012042210e-09
1.416012457412214e-04,1.798355108776809e-09
1.564935787564811e-04,1.782909142137936e-09
1.729521521072439e-04,1.767499968197022e-09
1.911416887275217e-04,1.752128428584863e-09
2.112442356135248e-04,1.736795361875378e-09
2.334609858111876e-04,1.721501593047609e-09
2.580142920237960e-04,1.706247941184635e-09
2.851498919925769e-04,1.691035217924704e-09
3.151393679226079e-04,1.675864221821384e-09
3.482828645688079e-04,1.660735745957347e-09
3.849120931855259e-04,1.645650571979570e-09
4.253936514042669e-04,1.630609471312441e-09
4.701326922660057e-04,1.615613208547525e-09
5.195769791289974e-04,1.600662530220691e-09
5.742213670349657e-04,1.585758179242187e-09
6.346127553846864e-04,1.570900884536945e-09
7.013555614910102e-04,1.556091363723335e-09
7.751177697904812e-04,1.541330300415044e-09
8.566376172560946e-04,1.526618400494809e-09
9.467309819210534e-04,1.511956325540159e-09
1.046299548460350e-03,1.497344725111608e-09
1.156339832554060e-03,1.482784233015996e-09
1.277953154351212e-03,1.468214002025452e-09
1.405748469786333e-03,1.454374667792246e-09
1.533543785221454e-03,1.441838691062670e-09
1.661339100656575e-03,1.430398052254452e-09
1.789134416091696e-03,1.419844731785317e-09
1.916929731526817e-03,1.409998301501967e-09
2.000000000000000e-03,1.403942040957262e-09
2.044725046961939e-03,1.400788541422679e-09
2.172520362397060e-03,1.392164468049215e-09
2.300315677832181e-03,1.384062710279141e-09
2.428110993267302e-03,1.376418894461893e-09
2.555906308702423e-03,1.369174506405718e-09
2.683701624137544e-03,1.362294469757832e-09
2.811496939572665e-03,1.355749567626113e-09
2.939292255007787e-03,1.349510583118443e-09
3.067087570442908e-03,1.343548299342703e-09
3.194882885878029e-03,1.337835771832874e-09
3.322678201313150e-03,1.332355145919006e-09
3.450473516748271e-03,1.327090839403080e-09
3.578268832183392e-03,1.322027270087076e-09
3.706064147618514e-03,1.317148855772975e-09
3.833859463053635e-03,1.312441062767694e-09
3.961654778488756e-03,1.307893551383357e-09
4.089450093923877e-03,1.303497030429755e-09
4.217245409358998e-03,1.299242208716680e-09
4.345040724794119e-03,1.295119795053924e-09
4.472836040229241e-03,1.291121054211156e-09
4.600631355664362e-03,1.287239474811913e-09
4.728426671099482e-03,1.283469101446791e-09
4.856221986534604e-03,1.279803978706389e-09
4.984017301969726e-03,1.276238151181304e-09
5.111812617404846e-03,1.272765982189156e-09
5.239607932839968e-03,1.269383109946627e-09
5.367403248275089e-03,1.266085491392905e-09
5.495198563710209e-03,1.262869083467177e-09
5.622993879145331e-03,1.259729843108630e-09
5.750789194580453e-03,1.256663923302052e-09
5.878584510015573e-03,1.253668261216867e-09
6.006379825450694e-03,1.250739990069210e-09
6.134175140885816e-03,1.247876243075217e-09
6.261970456320937e-03,1.245074153451024e-09
6.389765771756058e-03,1.242330981400210e-09
6.517561087191179e-03,1.239644495070677e-09
6.645356402626300e-03,1.237012589595049e-09
6.773151718061422e-03,1.234433160105950e-09
6.900947033496543e-03,1.231904101736006e-09
7.028742348931663e-03,1.229423395495732e-09
7.156537664366785e-03,1.226989365906947e-09
7.284332979801906e-03,1.224600423369225e-09
7.412128295237027e-03,1.222254978282144e-09
7.539923610672148e-03,1.219951441045278e-09
7.667718926107269e-03,1.217688282151456e-09
7.795514241542391e-03,1.215464212468720e-09
7.923309556977513e-03,1.213278002959463e-09
8.051104872412632e-03,1.211128424586077e-09
8.178900187847754e-03,1.209014248310957e-09
8.306695503282877e-03,1.206934287983108e-09
8.434490818717996e-03,1.204887528997224e-09
8.562286134153118e-03,1.202872999634237e-09
8.690081449588239e-03,1.200889728175075e-09
8.817876765023359e-03,1.198936742900667e-09
8.945672080458482e-03,1.197013105186736e-09
9.073467395893601e-03,1.195118008788897e-09
9.201262711328723e-03,1.193250680557922e-09
9.329058026763846e-03,1.191410347344585e-09
9.456853342198965e-03,1.189596235999659e-09
9.584648657634087e-03,1.187807593223323e-09
9.712443973069206e-03,1.186043745112751e-09
9.840239288504329e-03,1.184304037614205e-09
9.968034603939451e-03,1.182587816673947e-09
1.009582991937457e-02,1.180894428238240e-09
1.022362523480969e-02,1.179223246875521e-09
1.035142055024482e-02,1.177573761643148e-09
1.047921586567993e-02,1.175945490220762e-09
1.060701118111506e-02,1.174337950288005e-09
1.073480649655018e-02,1.172750659524518e-09
1.086260181198530e-02,1.171183135609944e-09
1.099039712742042e-02,1.169634896223924e-09
1.111819244285554e-02,1.168105459046099e-09
1.124598775829066e-02,1.166594341756111e-09
1.137378307372578e-02,1.165101062033601e-09
1.150157838916090e-02,1.163625161969485e-09
1.162937370459603e-02,1.162166281292721e-09
1.175716902003114e-02,1.160724084140019e-09
1.188496433546627e-02,1.159298234648089e-09
1.201275965090139e-02,1.157888396953641e-09
1.214055496633651e-02,1.156494235193384e-09
1.226835028177163e-02,1.155115413504027e-09
1.239614559720675e-02,1.153751596022281e-09
1.252394091264187e-02,1.152402446884855e-09
1.265173622807700e-02,1.151067630228458e-09
1.277953154351211e-02,1.149746824622302e-09
1.290732685894724e-02,1.148439766370705e-09
1.303512217438236e-02,1.147146206213046e-09
1.316291748981748e-02,1.145865894888701e-09
1.329071280525260e-02,1.144598583137048e-09
1.341850812068772e-02,1.143344021697463e-09
1.354630343612284e-02,1.142101961309325e-09
1.367409875155796e-02,1.140872152712009e-09
1.380189406699308e-02,1.139654346644893e-09
1.392968938242821e-02,1.138448293847354e-09
1.405748469786333e-02,1.137253755247485e-09
1.418528001329845e-02,1.136070532528831e-09
1.431307532873357e-02,1.134898437563946e-09
1.444087064416869e-02,1.133737282225389e-09
1.456866595960381e-02,1.132586878385714e-09
1.469646127503893e-02,1.131447037917477e-09
1.482425659047405e-02,1.130317572693235e-09
1.495205190590917e-02,1.129198294585543e-09
1.507984722134430e-02,1.128089015466957e-09
1.520764253677942e-02,1.126989547210034e-09
1.533543785221454e-02,1.125899708715596e-09
1.546323316764966e-02,1.124819346995865e-09
1.559102848308478e-02,1.123748316090490e-09
1.571882379851990e-02,1.122686470039125e-09
1.584661911395502e-02,1.121633662881420e-09
1.597441442939014e-02,1.120589748657025e-09
1.610220974482527e-02,1.119554581405593e-09
1.623000506026039e-02,1.118528015166774e-09
1.635780037569551e-02,1.117509903980219e-09
1.648559569113063e-02,1.116500101885580e-09
1.661339100656575e-02,1.115498468042634e-09
1.674118632200087e-02,1.114504882093735e-09
1.686898163743599e-02,1.113519228802398e-09
1.699677695287111e-02,1.112541392932139e-09
1.712457226830624e-02,1.111571259246473e-09
1.725236758374135e-02,1.110608712508917e-09
1.738016289917648e-02,1.109653637482985e-09
1.750795821461160e-02,1.108705918932193e-09
1.763575353004672e-02,1.107765441620059e-09
1.776354884548184e-02,1.106832090310095e-09
1.789134416091696e-02,1.105905753527527e-09
1.801913947635208e-02,1.104986334844815e-09
1.814693479178720e-02,1.104073741596330e-09
1.827473010722232e-02,1.103167881116446e-09
1.840252542265745e-02,1.102268660739535e-09
1.853032073809257e-02,1.101375987799969e-09
1.865811605352769e-02,1.100489769632121e-09
1.878591136896281e-02,1.099609913570362e-09
1.891370668439793e-02,1.098736326949066e-09
1.904150199983305e-02,1.097868917102603e-09
1.916929731526817e-02,1.097007594216605e-09
1.929709263070329e-02,1.096152279881197e-09
1.942488794613842e-02,1.095302898537495e-09
1.955268326157353e-02,1.094459374626616e-09
1.968047857700866e-02,1.093621632589673e-09
1.980827389244378e-02,1.092789596867784e-09
1.993606920787890e-02,1.091963191902064e-09
2.006386452331402e-02,1.091142342133629e-09
2.019165983874914e-02,1.090326972003595e-09
2.031945515418426e-02,1.089517005953077e-09
2.044725046961939e-02,1.088712370619120e-09
2.057504578505450e-02,1.087913001423478e-09
2.070284110048963e-02,1.087118835984333e-09
2.083063641592475e-02,1.086329811919868e-09
2.095843173135987e-02,1.085545866848265e-09
2.108622704679499e-02,1.084766938387706e-09
2.121402236223011e-02,1.083992964156374e-09
2.134181767766523e-02,1.083223881772450e-09
2.146961299310035e-02,1.082459628854118e-09
2.159740830853547e-02,1.081700143019560e-09
2.172520362397060e-02,1.080945363588120e-09
2.185299893940572e-02,1.080195236684059e-09
2.198079425484084e-02,1.079449710132938e-09
2.210858957027596e-02,1.078708731760315e-09
2.223638488571108e-02,1.077972249391750e-09
2.236418020114620e-02,1.077240210852802e-09
2.249197551658132e-02,1.076512563969030e-09
2.261977083201644e-02,1.075789256565994e-09
2.274756614745157e-02,1.075070236469252e-09
2.287536146288669e-02,1.074355451504364e-09
2.300315677832181e-02,1.073644850868991e-09
2.313095209375693e-02,1.072938389249014e-09
2.325874740919205e-02,1.072236022702322e-09
2.338654272462717e-02,1.071537707286801e-09
2.351433804006229e-02,1.070843399060340e-09
2.364213335549741e-02,1.070153054080829e-09
2.376992867093253e-02,1.069466628406155e-09
2.389772398636766e-02,1.068784078094206e-09
2.402551930180278e-02,1.068105359202871e-09
2.415331461723790e-02,1.067430427790039e-09
2.428110993267302e-02,1.066759240993348e-09
2.440890524810814e-02,1.066091760268982e-09
2.453670056354326e-02,1.065427948152639e-09
2.466449587897838e-02,1.064767767180020e-09
2.479229119441350e-02,1.064111179886823e-09
2.492008650984863e-02,1.063458148808749e-09
2.504788182528375e-02,1.062808636481497e-09
2.517567714071887e-02,1.062162605440766e-09
2.530347245615399e-02,1.061520018222256e-09
2.543126777158911e-02,1.060880837361667e-09
2.555906308702423e-02,1.060245026283172e-09
2.568685840245935e-02,1.059612551965027e-09
2.581465371789447e-02,1.058983382274053e-09
2.594244903332960e-02,1.058357485077073e-09
2.607024434876471e-02,1.057734828240909e-09
2.619803966419984e-02,1.057115379632383e-09
2.632583497963496e-02,1.056499107118316e-09
2.645363029507008e-02,1.055885978565532e-09
2.658142561050520e-02,1.055275961840852e-09
2.670922092594032e-02,1.054669024811098e-09
2.683701624137544e-02,1.054065136068005e-09
2.696481155681056e-02,1.053464267102896e-09
2.709260687224568e-02,1.052866390131974e-09
2.722040218768081e-02,1.052271477371444e-09
2.734819750311593e-02,1.051679501037509e-09
2.747599281855105e-02,1.051090433346372e-09
2.760378813398617e-02,1.050504246514237e-09
2.773158344942129e-02,1.049920912757309e-09
2.785937876485641e-02,1.049340404291791e-09
2.798717408029153e-02,1.048762693333887e-09
2.811496939572665e-02,1.048187752700340e-09
2.824276471116178e-02,1.047615557609828e-09
2.837056002659689e-02,1.047046083881449e-09
2.849835534203202e-02,1.046479307334307e-09
2.862615065746714e-02,1.045915203787501e-09
2.875394597290226e-02,1.045353749060134e-09
2.888174128833738e-02,1.044794918971305e-09
2.900953660377250e-02,1.044238689340117e-09
2.913733191920762e-02,1.043685035985670e-09
2.926512723464274e-02,1.043133934727064e-09
2.939292255007787e-02,1.042585361886337e-09
2.952071786551299e-02,1.042039295797387e-09
2.964851318094811e-02,1.041495715297115e-09
2.977630849638323e-02,1.040954599222423e-09
2.990410381181835e-02,1.040415926410208e-09
3.003189912725347e-02,1.039879675697373e-09
3.015969444268859e-02,1.039345825920816e-09
3.028748975812371e-02,1.038814355917438e-09
3.041528507355883e-02,1.038285244524139e-09
3.054308038899396e-02,1.037758470577820e-09
3.067087570442908e-02,1.037234013335296e-09
3.079867101986420e-02,1.036711853733031e-09
3.092646633529932e-02,1.036191973127398e-09
3.105426165073444e-02,1.035674352874769e-09
3.118205696616956e-02,1.035158974331516e-09
3.130985228160468e-02,1.034645818854012e-09
3.143764759703981e-02,1.034134867798629e-09
3.156544291247493e-02,1.033626102521740e-09
3.169323822791005e-02,1.033119504379717e-09
3.182103354334517e-02,1.032615054728932e-09
3.194882885878029e-02,1.032112735284605e-09
3.207662417421541e-02,1.031612529197226e-09
3.220441948965053e-02,1.031114419976074e-09
3.233221480508566e-02,1.030618391130427e-09
3.246001012052077e-02,1.030124426169563e-09
3.258780543595589e-02,1.029632508602760e-09
3.271560075139102e-02,1.029142621939297e-09
3.284339606682614e-02,1.028654749688451e-09
3.297119138226126e-02,1.028168875359500e-09
3.309898669769638e-02,1.027684982461724e-09
3.322678201313150e-02,1.027203054808893e-09
3.335457732856662e-02,1.026723077432840e-09
3.348237264400174e-02,1.026245035669941e-09
3.361016795943687e-02,1.025768914856568e-09
3.373796327487198e-02,1.025294700329097e-09
3.386575859030710e-02,1.024822377423902e-09
3.399355390574223e-02,1.024351931477356e-09
3.412134922117735e-02,1.023883347825834e-09
3.424914453661247e-02,1.023416611805709e-09
3.437693985204759e-02,1.022951708753356e-09
3.450473516748271e-02,1.022488624266527e-09
3.463253048291783e-02,1.022027344988487e-09
3.476032579835295e-02,1.021567857823883e-09
3.488812111378808e-02,1.021110149677359e-09
3.501591642922319e-02,1.020654207453561e-09
3.514371174465832e-02,1.020200018057135e-09
3.527150706009344e-02,1.019747568392726e-09
3.539930237552856e-02,1.019296845364979e-09
3.552709769096368e-02,1.018847835878540e-09
3.565489300639881e-02,1.018400526838056e-09
3.578268832183392e-02,1.017954905373806e-09
3.591048363726904e-02,1.017510959518553e-09
3.603827895270417e-02,1.017068677530662e-09
3.616607426813929e-02,1.016628047668499e-09
3.629386958357441e-02,1.016189058190430e-09
3.642166489900953e-02,1.015751697354820e-09
3.654946021444465e-02,1.015315953420035e-09
3.667725552987977e-02,1.014881814644441e-09
3.680505084531489e-02,1.014449269286402e-09
3.693284616075002e-02,1.014018305604286e-09
3.706064147618514e-02,1.013588912052165e-09
3.718843679162025e-02,1.013161077867015e-09
3.731623210705538e-02,1.012734792481553e-09
3.744402742249050e-02,1.012310045328498e-09
3.757182273792562e-02,1.011886825840568e-09
3.769961805336074e-02,1.011465123450481e-09
3.782741336879586e-02,1.011044927590955e-09
3.795520868423098e-02,1.010626227694709e-09
3.808300399966610e-02,1.010209013194461e-09
3.821079931510123e-02,1.009793273522928e-09
3.833859463053635e-02,1.009378998283285e-09
3.846638994597146e-02,1.008966177760544e-09
3.859418526140659e-02,1.008554802410176e-09
3.872198057684171e-02,1.008144862687654e-09
3.884977589227683e-02,1.007736349048452e-09
3.897757120771195e-02,1.007329251948041e-09
3.910536652314707e-02,1.006923561841893e-09
3.923316183858219e-02,1.006519269185483e-09
3.936095715401731e-02,1.006116364434282e-09
3.948875246945244e-02,1.005714838043762e-09
3.961654778488756e-02,1.005314680620422e-09
3.974434310032268e-02,1.004915883374826e-09
3.987213841575780e-02,1.004518437668544e-09
3.999993373119292e-02,1.004122334863150e-09
4.012772904662804e-02,1.003727566320213e-09
4.025552436206317e-02,1.003334123401307e-09
4.038331967749829e-02,1.002941997468001e-09
4.051111499293340e-02,1.002551179881869e-09
4.063891030836853e-02,1.002161662004480e-09
4.076670562380365e-02,1.001773435197408e-09
4.089450093923877e-02,1.001386490946741e-09
4.102229625467389e-02,1.001000821236687e-09
4.115009157010902e-02,1.000616418175999e-09
4.127788688554413e-02,1.000233273873429e-09
4.140568220097925e-02,9.998513804377272e-10
4.153347751641438e-02,9.994707299776469e-10
4.166127283184950e-02,9.990913146019393e-10
4.178906814728462e-02,9.987131264193564e-10
4.191686346271974e-02,9.983361575386500e-10
4.204465877815486e-02,9.979604000685719e-10
4.217245409358998e-02,9.975858462487504e-10
4.230024940902510e-02,9.972124888423337e-10
4.242804472446023e-02,9.968403207433542e-10
4.255584003989534e-02,9.964693348458441e-10
4.268363535533046e-02,9.960995240438360e-10
4.281143067076559e-02,9.957308812313618e-10
4.293922598620071e-02,9.953633993024539e-10
4.306702130163583e-02,9.949970711511450e-10
4.319481661707095e-02,9.946318896714669e-10
4.332261193250607e-02,9.942678477574520e-10
4.345040724794119e-02,9.939049383866815e-10
4.357820256337631e-02,9.935431548709166e-10
4.370599787881144e-02,9.931824906054590e-10
4.383379319424656e-02,9.928229389856112e-10
4.396158850968167e-02,9.924644934066758e-10
4.408938382511680e-02,9.921071472639543e-10
4.421717914055192e-02,9.917508939527492e-10
4.434497445598704e-02,9.913957268683628e-10
4.447276977142216e-02,9.910416394060971e-10
4.460056508685728e-02,9.906886249612546e-10
4.472836040229240e-02,9.903366770340970e-10
4.485615571772752e-02,9.899857895447743e-10
4.498395103316265e-02,9.896359565184197e-10
4.511174634859777e-02,9.892871719801672e-10
4.523954166403289e-02,9.889394299551501e-10
4.536733697946801e-02,9.885927244685022e-10
4.549513229490313e-02,9.882470495453572e-10
4.562292761033825e-02,9.879023992108488e-10
4.575072292577338e-02,9.875587674901102e-10
4.587851824120850e-02,9.872161484082756e-10
4.600631355664361e-02,9.868745360664575e-10
4.613410887207874e-02,9.865339248696973e-10
4.626190418751386e-02,9.861943092990224e-10
4.638969950294898e-02,9.858556838354594e-10
4.651749481838410e-02,9.855180429600359e-10
4.664529013381922e-02,9.851813811537787e-10
4.677308544925434e-02,9.848456928977146e-10
4.690088076468946e-02,9.845109726728709e-10
4.702867608012459e-02,9.841772149602746e-10
4.715647139555971e-02,9.838444142409527e-10
4.728426671099482e-02,9.835125650697872e-10
4.741206202642995e-02,9.831816622970701e-10
4.753985734186507e-02,9.828517008469437e-10
4.766765265730019e-02,9.825226756435505e-10
4.779544797273531e-02,9.821945816110325e-10
4.792324328817044e-02,9.818674136735317e-10
4.805103860360555e-02,9.815411667551911e-10
4.817883391904067e-02,9.812158357801523e-10
4.830662923447580e-02,9.808914156725577e-10
4.843442454991092e-02,9.805679013565495e-10
4.856221986534604e-02,9.802452878227565e-10
4.869001518078116e-02,9.799235703277228e-10
4.881781049621628e-02,9.796027441944658e-10
4.894560581165140e-02,9.792828047460021e-10
4.907340112708652e-02,9.789637473053486e-10
4.920119644252165e-02,9.786455671955221e-10
4.932899175795677e-02,9.783282597395392e-10
4.945678707339188e-02,9.780118202604168e-10
4.958458238882701e-02,9.776962440811719e-10
4.971237770426213e-02,9.773815265248211e-10
4.984017301969725e-02,9.770676629611665e-10
4.996796833513237e-02,9.767546489471620e-10
5.000000000000000e-02,9.766763251885935e-10
5.009576365056749e-02,9.764424800922758e-10
5.022355896600261e-02,9.761311520559117e-10
5.035135428143774e-02,9.758206605232286e-10
5.047914959687286e-02,9.755110011796011e-10
5.060694491230798e-02,9.752021697104027e-10
5.073474022774310e-02,9.748941618010072e-10
5.086253554317822e-02,9.745869731367890e-10
5.099033085861334e-02,9.742805994031216e-10
5.111812617404846e-02,9.739750363348305e-10
5.124592148948359e-02,9.736702798645426e-10
5.137371680491870e-02,9.733663259743340e-10
5.150151212035382e-02,9.730631706462812e-10
5.162930743578895e-02,9.727608098624599e-10
5.175710275122407e-02,9.724592396049471e-10
5.188489806665919e-02,9.721584558558186e-10
5.201269338209431e-02,9.718584545971505e-10
5.214048869752943e-02,9.715592318110193e-10
5.226828401296455e-02,9.712607834795015e-10
5.239607932839967e-02,9.709631056341868e-10
5.252387464383480e-02,9.706661945047029e-10
5.265166995926992e-02,9.703700463701822e-10
5.277946527470503e-02,9.700746575097564e-10
5.290726059014016e-02,9.697800242025579e-10
5.303505590557528e-02,9.694861427277190e-10
5.316285122101040e-02,9.691930093643715e-10
5.329064653644552e-02,9.689006203916474e-10
5.341844185188065e-02,9.686089720886794e-10
5.354623716731576e-02,9.683180607345993e-10
5.367403248275088e-02,9.680278826515956e-10
5.380182779818601e-02,9.677384343340941e-10
5.392962311362113e-02,9.674497123195827e-10
5.405741842905625e-02,9.671617131455493e-10
5.418521374449137e-02,9.668744333494816e-10
5.431300905992649e-02,9.665878694688680e-10
5.444080437536161e-02,9.663020180411957e-10
5.456859969079673e-02,9.660168756039531e-10
5.469639500623186e-02,9.657324386946278e-10
5.482419032166697e-02,9.654487038507075e-10
5.495198563710210e-02,9.651656676489867e-10
5.507978095253722e-02,9.648833268234809e-10
5.520757626797234e-02,9.646016781475119e-10
5.533537158340746e-02,9.643207183944012e-10
5.546316689884258e-02,9.640404443374700e-10
5.559096221427770e-02,9.637608527500404e-10
5.571875752971282e-02,9.634819404054337e-10
5.584655284514795e-02,9.632037040769713e-10
5.597434816058307e-02,9.629261405379746e-10
5.610214347601819e-02,9.626492465617652e-10
5.622993879145331e-02,9.623730189568122e-10
5.635773410688843e-02,9.620974546721606e-10
5.648552942232355e-02,9.618225506919977e-10
5.661332473775867e-02,9.615483040005107e-10
5.674112005319380e-02,9.612747115818862e-10
5.686891536862891e-02,9.610017704203115e-10
5.699671068406403e-02,9.607294774999738e-10
5.712450599949916e-02,9.604578298050596e-10
5.725230131493428e-02,9.601868243197566e-10
5.738009663036940e-02,9.599164580282513e-10
5.750789194580452e-02,9.596467279523597e-10
5.763568726123964e-02,9.593776312644244e-10
5.776348257667476e-02,9.591091651744227e-10
5.789127789210988e-02,9.588413268923320e-10
5.801907320754501e-02,9.585741136281298e-10
5.814686852298013e-02,9.583075225917931e-10
5.827466383841524e-02,9.580415509932992e-10
5.840245915385037e-02,9.577761960426257e-10
5.853025446928549e-02,9.575114549497501e-10
5.865804978472061e-02,9.572473249246492e-10
5.878584510015573e-02,9.569838032000294e-10
5.891364041559085e-02,9.567208870995106e-10
5.904143573102597e-02,9.564585739694421e-10
5.916923104646109e-02,9.561968611561728e-10
5.929702636189622e-02,9.559357460060525e-10
5.942482167733134e-02,9.556752258654295e-10
5.955261699276646e-02,9.554152980806535e-10
5.968041230820158e-02,9.551559599980731e-10
5.980820762363670e-02,9.548972089640378e-10
5.993600293907182e-02,9.546390423248966e-10
6.006379825450694e-02,9.543814574603784e-10
6.019159356994207e-02,9.541244518837216e-10
6.031938888537718e-02,9.538680231415408e-10
6.044718420081231e-02,9.536121687804493e-10
6.057497951624743e-02,9.533568863470613e-10
6.070277483168255e-02,9.531021733879904e-10
6.083057014711767e-02,9.528480274498512e-10
6.095836546255279e-02,9.525944460792568e-10
6.108616077798791e-02,9.523414268228216e-10
6.121395609342303e-02,9.520889672271594e-10
6.134175140885816e-02,9.518370648617303e-10
6.146954672429328e-02,9.515857173873868e-10
6.159734203972840e-02,9.513349224878322e-10
6.172513735516352e-02,9.510846778467694e-10
6.185293267059864e-02,9.508349811479013e-10
6.198072798603376e-02,9.505858300749311e-10
6.210852330146888e-02,9.503372223115619e-10
6.223631861690401e-02,9.500891555414967e-10
6.236411393233912e-02,9.498416274484383e-10
6.249190924777424e-02,9.495946357160899e-10
6.261970456320937e-02,9.493481780521634e-10
6.274749987864449e-02,9.491022522604069e-10
6.287529519407961e-02,9.488568561685786e-10
6.300309050951473e-02,9.486119876044368e-10
6.313088582494986e-02,9.483676443957390e-10
6.325868114038498e-02,9.481238243702438e-10
6.338647645582010e-02,9.478805253557090e-10
6.351427177125522e-02,9.476377451798926e-10
6.364206708669033e-02,9.473954816705526e-10
6.376986240212545e-02,9.471537326554471e-10
6.389765771756058e-02,9.469124959836565e-10
6.402545303299570e-02,9.466717695895468e-10
6.415324834843082e-02,9.464315514288032e-10
6.428104366386594e-02,9.461918394571120e-10
6.440883897930107e-02,9.459526316301583e-10
6.453663429473619e-02,9.457139259036283e-10
6.466442961017131e-02,9.454757202332073e-10
6.479222492560642e-02,9.452380125745814e-10
6.492002024104154e-02,9.450008008834359e-10
6.504781555647667e-02,9.447640831154568e-10
6.517561087191179e-02,9.445278572461408e-10
6.530340618734691e-02,9.442921213302369e-10
6.543120150278203e-02,9.440568734423101e-10
6.555899681821716e-02,9.438221116569245e-10
6.568679213365228e-02,9.435878340486445e-10
6.581458744908740e-02,9.433540386920346e-10
6.594238276452252e-02,9.431207236616590e-10
6.607017807995763e-02,9.428878870320825e-10
6.619797339539275e-02,9.426555268778695e-10
6.632576871082788e-02,9.424236412735842e-10
6.645356402626300e-02,9.421922283121082e-10
6.658135934169812e-02,9.419612861595928e-10
6.670915465713324e-02,9.417308130005078e-10
6.683694997256837e-02,9.415008070193227e-10
6.696474528800349e-02,9.412712664005073e-10
6.709254060343861e-02,9.410421893285311e-10
6.722033591887373e-02,9.408135739878633e-10
6.734813123430886e-02,9.405854185629741e-10
6.747592654974396e-02,9.403577212383328e-10
6.760372186517909e-02,9.401304801984088e-10
6.773151718061421e-02,9.399036936445637e-10
6.785931249604933e-02,9.396773598457215e-10
6.798710781148445e-02,9.394514770876969e-10
6.811490312691958e-02,9.392260436563042e-10
6.824269844235470e-02,9.390010578373577e-10
6.837049375778982e-02,9.387765179166722e-10
6.849828907322494e-02,9.385524221800619e-10
6.862608438866007e-02,9.383287689133412e-10
6.875387970409517e-02,9.381055564023246e-10
6.888167501953030e-02,9.378827829328270e-10
6.900947033496542e-02,9.376604468066074e-10
6.913726565040054e-02,9.374385463892147e-10
6.926506096583566e-02,9.372170800621471e-10
6.939285628127079e-02,9.369960462069018e-10
6.952065159670591e-02,9.367754432049767e-10
6.964844691214103e-02,9.365552694378695e-10
6.977624222757615e-02,9.363355232870780e-10
6.990403754301128e-02,9.361162031340998e-10
7.003183285844640e-02,9.358973073604326e-10
7.015962817388151e-02,9.356788343475742e-10
7.028742348931663e-02,9.354607824908132e-10
7.041521880475175e-02,9.352431502406026e-10
7.054301412018688e-02,9.350259360611880e-10
7.067080943562200e-02,9.348091384168145e-10
7.079860475105712e-02,9.345927557717278e-10
7.092640006649224e-02,9.343767865901727e-10
7.105419538192737e-02,9.341612293363949e-10
7.118199069736249e-02,9.339460824746396e-10
7.130978601279761e-02,9.337313444691518e-10
7.152277820518949e-02,9.333743521916376e-10
7.173577039758135e-02,9.330184843354203e-10
7.194876258997322e-02,9.326637342175483e-10
7.216175478236508e-02,9.323100952404777e-10
7.237474697475696e-02,9.319575608066635e-10
7.258773916714882e-02,9.316061243185614e-10
7.280073135954070e-02,9.312557791786272e-10
7.301372355193256e-02,9.309065187893163e-10
7.322671574432443e-02,9.305583365530842e-10
7.343970793671629e-02,9.302112258723867e-10
7.365270012910817e-02,9.298651801496791e-10
7.386569232150003e-02,9.295201928875424e-10
7.407868451389191e-02,9.291762579890556e-10
7.429167670628377e-02,9.288333694574228e-10
7.450466889867564e-02,9.284915212958479e-10
7.471766109106751e-02,9.281507075075350e-10
7.493065328345938e-02,9.278109220956883e-10
7.514364547585124e-02,9.274721590635114e-10
7.535663766824312e-02,9.271344124142087e-10
7.556962986063498e-02,9.267976761509839e-10
7.578262205302685e-02,9.264619442770414e-10
7.599561424541872e-02,9.261272108720366e-10
7.620860643781059e-02,9.257934703214258e-10
7.642159863020245e-02,9.254607170871120e-10
7.663459082259433e-02,9.251289456309987e-10
7.684758301498619e-02,9.247981504149890e-10
7.706057520737807e-02,9.244683259009864e-10
7.727356739976993e-02,9.241394665508941e-10
7.748655959216180e-02,9.238115668266158e-10
7.769955178455366e-02,9.234846211900541e-10
7.791254397694554e-02,9.231586241031130e-10
7.812553616933740e-02,9.228335701059014e-10
7.833852836172928e-02,9.225094540513334e-10
7.855152055412114e-02,9.221862708705211e-10
7.876451274651301e-02,9.218640154945757e-10
7.897750493890487e-02,9.215426828546084e-10
7.919049713129675e-02,9.212222678817310e-10
7.940348932368861e-02,9.209027655070547e-10
7.961648151608049e-02,9.205841706616913e-10
7.982947370847235e-02,9.202664782767521e-10
8.004246590086422e-02,9.199496832833487e-10
8.025545809325609e-02,9.196337806757521e-10
8.046845028564796e-02,9.193187657008874e-10
8.068144247803982e-02,9.190046336688465e-10
8.089443467043170e-02,9.186913798897211e-10
8.110742686282357e-02,9.183789996736033e-10
8.132041905521543e-02,9.180674883305852e-10
8.153341124760730e-02,9.177568411707584e-10
8.174640343999917e-02,9.174470535042152e-10
8.195939563239105e-02,9.171381206410472e-10
8.217238782478291e-02,9.168300378913465e-10
8.238538001717477e-02,9.165228006262801e-10
8.259837220956665e-02,9.162164044613234e-10
8.281136440195852e-02,9.159108450730302e-10
8.302435659435038e-02,9.156061181379545e-10
8.323734878674224e-02,9.153022193326503e-10
8.345034097913412e-02,9.149991443336718e-10
8.366333317152599e-02,9.146968888175731e-10
8.387632536391786e-02,9.143954484609079e-10
8.408931755630973e-02,9.140948189402304e-10
8.430230974870159e-02,9.137949959320950e-10
8.451530194109347e-02,9.134959751639829e-10
8.472829413348533e-02,9.131977525670890e-10
8.494128632587720e-02,9.129003241235356e-10
8.515427851826907e-02,9.126036858154454e-10
8.536727071066094e-02,9.123078336249410e-10
8.558026290305280e-02,9.120127635341450e-10
8.579325509544468e-02,9.117184715251798e-10
8.600624728783654e-02,9.114249535801681e-10
8.621923948022842e-02,9.111322056812326e-10
8.643223167262028e-02,9.108402238104956e-10
8.664522386501215e-02,9.105490040068280e-10
8.685821605740401e-02,9.102585425360863e-10
8.707120824979589e-02,9.099688357208729e-10
8.728420044218775e-02,9.096798798837897e-10
8.749719263457963e-02,9.093916713474391e-10
8.771018482697149e-02,9.091042064344229e-10
8.792317701936336e-02,9.088174814673436e-10
8.813616921175522e-02,9.085314927688030e-10
8.834916140414710e-02,9.082462366614034e-10
8.856215359653896e-02,9.079617094677469e-10
8.877514578893084e-02,9.076779075237531e-10
8.898813798132270e-02,9.073948272186090e-10
8.920113017371457e-02,9.071124649548178e-10
8.941412236610644e-02,9.068308171348824e-10
8.962711455849831e-02,9.065498801613061e-10
8.984010675089017e-02,9.062696504365919e-10
9.005309894328205e-02,9.059901243632430e-10
9.026609113567391e-02,9.057112983437625e-10
9.047908332806578e-02,9.054331687806535e-10
9.069207552045766e-02,9.051557320764190e-10
9.090506771284952e-02,9.048789847868279e-10
9.111805990524138e-02,9.046029240807520e-10
9.133105209763326e-02,9.043275472803477e-10
9.154404429002513e-02,9.040528517077710e-10
9.175703648241700e-02,9.037788346851791e-10
9.197002867480886e-02,9.035054935347283e-10
9.218302086720073e-02,9.032328255785751e-10
9.239601305959261e-02,9.029608281388761e-10
9.260900525198447e-02,9.026894985377879e-10
9.282199744437633e-02,9.024188340974671e-10
9.303498963676821e-02,9.021488317528135e-10
9.324798182916008e-02,9.018794868896468e-10
9.346097402155194e-02,9.016107945065015e-10
9.367396621394380e-02,9.013427496019131e-10
9.388695840633568e-02,9.010753471744161e-10
9.409995059872756e-02,9.008085822225457e-10
9.431294279111942e-02,9.005424497448366e-10
9.452593498351128e-02,9.002769447398239e-10
9.473892717590315e-02,9.000120622060427e-10
9.495191936829503e-02,8.997477971420276e-10
9.516491156068689e-02,8.994841461598929e-10
9.537790375307875e-02,8.992211123261231e-10
9.559089594547063e-02,8.989587003208115e-10
9.580388813786250e-02,8.986969148240509e-10
9.601688033025436e-02,8.984357605159340e-10
9.622987252264624e-02,8.981752420765535e-10
9.644286471503810e-02,8.979153641860022e-10
9.665585690742998e-02,8.976561315243729e-10
9.686884909982184e-02,8.973975487717585e-10
9.708184129221371e-02,8.971396206082515e-10
9.729483348460558e-02,8.968823458450929e-10
9.750782567699745e-02,8.966256998185414e-10
9.772081786938931e-02,8.963696519962179e-10
9.793381006178119e-02,8.961141718457430e-10
9.814680225417305e-02,8.958592288347375e-10
9.835979444656492e-02,8.956047924308218e-10
9.857278663895679e-02,8.953508321016166e-10
9.878577883134866e-02,8.950973173147426e-10
9.899877102374052e-02,8.948442175378204e-10
9.921176321613240e-02,8.945915022384705e-10
9.942475540852426e-02,8.943391527827108e-10
9.963774760091614e-02,8.940871981279908e-10
9.985073979330800e-02,8.938356791290793e-10
1.000637319857000e-01,8.935846366407450e-10
1.002767241780920e-01,8.933341115177567e-10
1.004897163704840e-01,8.930841446148828e-10
1.007027085628750e-01,8.928347767868938e-10
1.009157007552670e-01,8.925860488885558e-10
1.011286929476590e-01,8.923380017746388e-10
1.013416851400510e-01,8.920906762999114e-10
1.015546773324430e-01,8.918441016272053e-10
1.017676695248350e-01,8.915982601418125e-10
1.019806617172270e-01,8.913531225321932e-10
1.021936539096190e-01,8.911086594868070e-10
1.024066461020100e-01,8.908648416941149e-10
1.026196382944020e-01,8.906216398425743e-10
1.028326304867940e-01,8.903790246206462e-10
1.030456226791860e-01,8.901369667167904e-10
1.032586148715780e-01,8.898954368194664e-10
1.034716070639700e-01,8.896544056171345e-10
1.036845992563620e-01,8.894138495329312e-10
1.038975914487540e-01,8.891737679264201e-10
1.041105836411450e-01,8.889341658907017e-10
1.043235758335370e-01,8.886950485188734e-10
1.045365680259290e-01,8.884564209040354e-10
1.047495602183210e-01,8.882182881392878e-10
1.049625524107130e-01,8.879806553177295e-10
1.051755446031050e-01,8.877435275324604e-10
1.053885367954970e-01,8.875069098765797e-10
1.056015289878880e-01,8.872708074431883e-10
1.058145211802800e-01,8.870352238101591e-10
1.060275133726720e-01,8.868001564969467e-10
1.062405055650640e-01,8.865656015090179e-10
1.064534977574560e-01,8.863315548518382e-10
1.066664899498480e-01,8.860980125308745e-10
1.068794821422400e-01,8.858649705515925e-10
1.070924743346320e-01,8.856324249194588e-10
1.073054665270230e-01,8.854003716399408e-10
1.075184587194150e-01,8.851688067185024e-10
1.077314509118070e-01,8.849377261606112e-10
1.079444431041990e-01,8.847071264106935e-10
1.081574352965910e-01,8.844770056702340e-10
1.083704274889830e-01,8.842473625802843e-10
1.085834196813750e-01,8.840181957818962e-10
1.087964118737660e-01,8.837895039161233e-10
1.090094040661580e-01,8.835612856240151e-10
1.092223962585500e-01,8.833335395466247e-10
1.094353884509420e-01,8.831062643250040e-10
1.096483806433340e-01,8.828794586002054e-10
1.098613728357260e-01,8.826531210132804e-10
1.100743650281180e-01,8.824272501041192e-10
1.102873572205100e-01,8.822018440078068e-10
1.105003494129010e-01,8.819769007581905e-10
1.107133416052930e-01,8.817524183891138e-10
1.109263337976850e-01,8.815283949344240e-10
1.111393259900770e-01,8.813048284279664e-10
1.113523181824690e-01,8.810817169035871e-10
1.115653103748610e-01,8.808590583951321e-10
1.117783025672530e-01,8.806368509364471e-10
1.119912947596450e-01,8.804150925613777e-10
1.122042869520360e-01,8.801937813562885e-10
1.124172791444280e-01,8.799729156176260e-10
1.126302713368200e-01,8.797524936943648e-10
1.128432635292120e-01,8.795325139354793e-10
1.130562557216040e-01,8.793129746899429e-10
1.132692479139960e-01,8.790938743067292e-10
1.134822401063880e-01,8.788752111348125e-10
1.136952322987790e-01,8.786569835231674e-10
1.139082244911710e-01,8.784391898207659e-10
1.141212166835630e-01,8.782218283765826e-10
1.143342088759550e-01,8.780048975450130e-10
1.145472010683470e-01,8.777883957021347e-10
1.147601932607390e-01,8.775723212294437e-10
1.149731854531310e-01,8.773566725084366e-10
1.151861776455230e-01,8.771414479206096e-10
1.153991698379140e-01,8.769266458474604e-10
1.156121620303060e-01,8.767122646704833e-10
1.158251542226980e-01,8.764983027711756e-10
1.160381464150900e-01,8.762847585310336e-10
1.162511386074820e-01,8.760716303315539e-10
1.164641307998740e-01,8.758589165715155e-10
1.166771229922660e-01,8.756466157187897e-10
1.168901151846570e-01,8.754347262585127e-10
1.171031073770490e-01,8.752232466758177e-10
1.173160995694410e-01,8.750121754558410e-10
1.175290917618330e-01,8.748015110837175e-10
1.177420839542250e-01,8.745912520445826e-10
1.179550761466170e-01,8.743813968235717e-10
1.181680683390090e-01,8.741719439058196e-10
1.183810605314010e-01,8.739628917764617e-10
1.185940527237920e-01,8.737542389334916e-10
1.188070449161840e-01,8.735459839263589e-10
1.190200371085760e-01,8.733381253173882e-10
1.192330293009680e-01,8.731306616689028e-10
1.194460214933600e-01,8.729235915432260e-10
1.196590136857520e-01,8.727169135026814e-10
1.198720058781440e-01,8.725106261095923e-10
1.200849980705360e-01,8.723047279262822e-10
1.202979902629270e-01,8.720992175150754e-10
1.205109824553190e-01,8.718940934382934e-10
1.207239746477110e-01,8.716893542709969e-10
1.209369668401030e-01,8.714849986392024e-10
1.211499590324950e-01,8.712810251816693e-10
1.213629512248870e-01,8.710774325371568e-10
1.215759434172790e-01,8.708742193444243e-10
1.217889356096700e-01,8.706713842422319e-10
1.220019278020620e-01,8.704689258693366e-10
1.222149199944540e-01,8.702668428644992e-10
1.224279121868460e-01,8.700651338664785e-10
1.226409043792380e-01,8.698637975140338e-10
1.228538965716300e-01,8.696628324575902e-10
1.230668887640220e-01,8.694622373942317e-10
1.232798809564140e-01,8.692620110327071e-10
1.234928731488050e-01,8.690621520817658e-10
1.237058653411970e-01,8.688626592501544e-10
1.239188575335890e-01,8.686635312466225e-10
1.241318497259810e-01,8.684647667799184e-10
1.243448419183730e-01,8.682663645587908e-10
1.245578341107650e-01,8.680683232919883e-10
1.247708263031570e-01,8.678706416882596e-10
1.249838184955480e-01,8.676733184672943e-10
1.251968106879400e-01,8.674763523925269e-10
1.254098028803320e-01,8.672797422383268e-10
1.256227950727240e-01,8.670834867790620e-10
1.258357872651160e-01,8.668875847891014e-10
1.260487794575080e-01,8.666920350428134e-10
1.262617716499000e-01,8.664968363145666e-10
1.264747638422920e-01,8.663019873787292e-10
1.266877560346830e-01,8.661074870096709e-10
1.269007482270750e-01,8.659133339817581e-10
1.271137404194670e-01,8.657195270795677e-10
1.273267326118590e-01,8.655260651284780e-10
1.275397248042510e-01,8.653329469640605e-10
1.277527169966430e-01,8.651401714218873e-10
1.279657091890350e-01,8.649477373375301e-10
1.281787013814270e-01,8.647556435465606e-10
1.283916935738180e-01,8.645638888845515e-10
1.286046857662100e-01,8.643724721870728e-10
1.288176779586020e-01,8.641813922896973e-10
1.290306701509940e-01,8.639906480279965e-10
1.292436623433860e-01,8.638002382470894e-10
1.294566545357780e-01,8.636101618302963e-10
1.296696467281700e-01,8.634204176704938e-10
1.298826389205610e-01,8.632310046605582e-10
1.300956311129530e-01,8.630419216933634e-10
1.303086233053450e-01,8.628531676617866e-10
1.305216154977370e-01,8.626647414587034e-10
1.307346076901290e-01,8.624766419769893e-10
1.309475998825210e-01,8.622888681095205e-10
1.311605920749130e-01,8.621014187491726e-10
1.313735842673050e-01,8.619142927977163e-10
1.315865764596960e-01,8.617274891925068e-10
1.317995686520880e-01,8.615410068797925e-10
1.320125608444800e-01,8.613548448058256e-10
1.322255530368720e-01,8.611690019168567e-10
1.324385452292640e-01,8.609834771591366e-10
1.326515374216560e-01,8.607982694789162e-10
1.328645296140480e-01,8.606133778224464e-10
1.330775218064400e-01,8.604288011359778e-10
1.332905139988310e-01,8.602445383657620e-10
1.335035061912230e-01,8.600605884665409e-10
1.337164983836150e-01,8.598769504270221e-10
1.339294905760070e-01,8.596936232444017e-10
1.341424827683990e-01,8.595106059158757e-10
1.343554749607910e-01,8.593278974386403e-10
1.345684671531830e-01,8.591454968098914e-10
1.347814593455740e-01,8.589634030268260e-10
1.349944515379660e-01,8.587816150866383e-10
1.352074437303580e-01,8.586001319865257e-10
1.354204359227500e-01,8.584189527236838e-10
1.356334281151420e-01,8.582380763026197e-10
1.358464203075340e-01,8.580575017570691e-10
1.360594124999260e-01,8.578772281280717e-10
1.362724046923180e-01,8.576972544566664e-10
1.364853968847090e-01,8.575175797838937e-10
1.366983890771010e-01,8.573382031507910e-10
1.369113812694930e-01,8.571591235983986e-10
1.371243734618850e-01,8.569803401677558e-10
1.373373656542770e-01,8.568018518999020e-10
1.375503578466690e-01,8.566236578358764e-10
1.377633500390610e-01,8.564457570254675e-10
1.379763422314520e-01,8.562681485534825e-10
1.381893344238440e-01,8.560908315134857e-10
1.384023266162360e-01,8.559138049990436e-10
1.386153188086280e-01,8.557370681037219e-10
1.388283110010200e-01,8.555606199210865e-10
1.390413031934120e-01,8.553844595447035e-10
1.392542953858040e-01,8.552085860681383e-10
1.394672875781960e-01,8.550329985849570e-10
1.396802797705870e-01,8.548576961887263e-10
1.398932719629790e-01,8.546826779780644e-10
1.401062641553710e-01,8.545079430718135e-10
1.403192563477630e-01,8.543334905938719e-10
1.405322485401550e-01,8.541593196681383e-10
1.407452407325470e-01,8.539854294185109e-10
1.409582329249390e-01,8.538118189688883e-10
1.411712251173300e-01,8.536384874431695e-10
1.413842173097220e-01,8.534654339652514e-10
1.415972095021140e-01,8.532926576590333e-10
1.418102016945060e-01,8.531201576484137e-10
1.420231938868980e-01,8.529479330648998e-10
1.422361860792900e-01,8.527759830704355e-10
1.424491782716820e-01,8.526043068345733e-10
1.426621704640740e-01,8.524329035268653e-10
1.428751626564650e-01,8.522617723168649e-10
1.430881548488570e-01,8.520909123741229e-10
1.433011470412490e-01,8.519203228681928e-10
1.435141392336410e-01,8.517500029686266e-10
1.437271314260330e-01,8.515799518449771e-10
1.439401236184250e-01,8.514101686667964e-10
1.441531158108170e-01,8.512406526101582e-10
1.443661080032090e-01,8.510714028772124e-10
1.445791001956000e-01,8.509024186766266e-10
1.447920923879920e-01,8.507336992170656e-10
1.450050845803840e-01,8.505652437071973e-10
1.452180767727760e-01,8.503970513556881e-10
1.454310689651680e-01,8.502291213712047e-10
1.456440611575600e-01,8.500614529624139e-10
1.458570533499520e-01,8.498940453379824e-10
1.460700455423430e-01,8.497268977065774e-10
1.462830377347350e-01,8.495600092811353e-10
1.464960299271270e-01,8.493933792916672e-10
1.467090221195190e-01,8.492270069724487e-10
1.469220143119110e-01,8.490608915577556e-10
1.471350065043030e-01,8.488950322818639e-10
1.473479986966950e-01,8.487294283790493e-10
1.475609908890870e-01,8.485640790835874e-10
1.477739830814780e-01,8.483989836297549e-10
1.479869752738700e-01,8.482341412518260e-10
1.481999674662620e-01,8.480695511840774e-10
1.484129596586540e-01,8.479052126696641e-10
1.486259518510460e-01,8.477411249872748e-10
1.488389440434380e-01,8.475772874244857e-10
1.490519362358300e-01,8.474136992688730e-10
1.492649284282220e-01,8.472503598080127e-10
1.494779206206130e-01,8.470872683294820e-10
1.496909128130050e-01,8.469244241208555e-10
1.499039050053970e-01,8.467618264697098e-10
1.501168971977890e-01,8.465994746636216e-10
1.503298893901810e-01,8.464373679901668e-10
1.505428815825730e-01,8.462755057331174e-10
1.507558737749650e-01,8.461138871610271e-10
1.509688659673560e-01,8.459525115386448e-10
1.511818581597480e-01,8.457913781307174e-10
1.513948503521400e-01,8.456304862019938e-10
1.516078425445320e-01,8.454698350172226e-10
1.518208347369240e-01,8.453094238411516e-10
1.520338269293160e-01,8.451492519385296e-10
1.522468191217080e-01,8.449893185741046e-10
1.524598113141000e-01,8.448296230126249e-10
1.526728035064910e-01,8.446701645373738e-10
1.528857956988830e-01,8.445109425057560e-10
1.530987878912750e-01,8.443519562937069e-10
1.533117800836670e-01,8.441932052771611e-10
1.535247722760590e-01,8.440346888320531e-10
1.537377644684510e-01,8.438764063343176e-10
1.539507566608430e-01,8.437183571598892e-10
1.541637488532340e-01,8.435605406847031e-10
1.543767410456260e-01,8.434029562846925e-10
1.545897332380180e-01,8.432456033357926e-10
1.548027254304100e-01,8.430884812076149e-10
1.550157176228020e-01,8.429315892444903e-10
1.552287098151940e-01,8.427749267844325e-10
1.554417020075860e-01,8.426184931654550e-10
1.556546941999780e-01,8.424622877255716e-10
1.558676863923690e-01,8.423063098027967e-10
1.560806785847610e-01,8.421505587351426e-10
1.562936707771530e-01,8.419950338606233e-10
1.565066629695450e-01,8.418397345172530e-10
1.567196551619370e-01,8.416846600430448e-10
1.569326473543290e-01,8.415298097848701e-10
1.571456395467210e-01,8.413751831250518e-10
1.573586317391130e-01,8.412207794547811e-10
1.575716239315040e-01,8.410665981652501e-10
1.577846161238960e-01,8.409126386476491e-10
1.579976083162880e-01,8.407589002931696e-10
1.582106005086800e-01,8.406053824930036e-10
1.584235927010720e-01,8.404520846383423e-10
1.586365848934640e-01,8.402990061203771e-10
1.588495770858560e-01,8.401461463302993e-10
1.590625692782470e-01,8.399935046622669e-10
1.592755614706390e-01,8.398410805223023e-10
1.594885536630310e-01,8.396888733193980e-10
1.597015458554230e-01,8.395368824625455e-10
1.599145380478150e-01,8.393851073607365e-10
1.601275302402070e-01,8.392335474229625e-10
1.603405224325990e-01,8.390822020582152e-10
1.605535146249910e-01,8.389310706754864e-10
1.607665068173820e-01,8.387801526837681e-10
1.609794990097740e-01,8.386294474920506e-10
1.611924912021660e-01,8.384789545135395e-10
1.614054833945580e-01,8.383286731782926e-10
1.616184755869500e-01,8.381786029205809e-10
1.618314677793420e-01,8.380287431746755e-10
1.620444599717340e-01,8.378790933748475e-10
1.622574521641260e-01,8.377296529553679e-10
1.624704443565170e-01,8.375804213505087e-10
1.626834365489090e-01,8.374313979945392e-10
1.628964287413010e-01,8.372825823217314e-10
1.631094209336930e-01,8.371339737663565e-10
1.633224131260850e-01,8.369855717663037e-10
1.635354053184770e-01,8.368373757739302e-10
1.637483975108690e-01,8.366893852452100e-10
1.639613897032600e-01,8.365415996361171e-10
1.641743818956520e-01,8.363940184026239e-10
1.643873740880440e-01,8.362466410007045e-10
1.646003662804360e-01,8.360994668863325e-10
1.648133584728280e-01,8.359524955154813e-10
1.650263506652200e-01,8.358057263441250e-10
1.652393428576120e-01,8.356591588282365e-10
1.654523350500040e-01,8.355127924273029e-10
1.656653272423950e-01,8.353666266148555e-10
1.658783194347870e-01,8.352206608679323e-10
1.660913116271790e-01,8.350748946635734e-10
1.663043038195710e-01,8.349293274788186e-10
1.665172960119630e-01,8.347839587907070e-10
1.667302882043550e-01,8.346387880762783e-10
1.669432803967470e-01,8.344938148125722e-10
1.671562725891380e-01,8.343490384766284e-10
1.673692647815300e-01,8.342044585454854e-10
1.675822569739220e-01,8.340600744994985e-10
1.677952491663140e-01,8.339158858322890e-10
1.680082413587060e-01,8.337718920407972e-10
1.682212335510980e-01,8.336280926219632e-10
1.684342257434900e-01,8.334844870727268e-10
1.686472179358820e-01,8.333410748900281e-10
1.688602101282730e-01,8.331978555708080e-10
1.690732023206650e-01,8.330548286120048e-10
1.692861945130570e-01,8.329119935105597e-10
1.694991867054490e-01,8.327693497634124e-10
1.697121788978410e-01,8.326268968706580e-10
1.699251710902330e-01,8.324846343450137e-10
1.701381632826250e-01,8.323425617023531e-10
1.703511554750170e-01,8.322006784585495e-10
1.705641476674080e-01,8.320589841294770e-10
1.707771398598000e-01,8.319174782310078e-10
1.709901320521920e-01,8.317761602790160e-10
1.712031242445840e-01,8.316350297893750e-10
1.714161164369760e-01,8.314940862779582e-10
1.716291086293680e-01,8.313533292606392e-10
1.718421008217600e-01,8.312127582562926e-10
1.720550930141510e-01,8.310723727957981e-10
1.722680852065430e-01,8.309321724130341e-10
1.724810773989350e-01,8.307921566418808e-10
1.726940695913270e-01,8.306523250162178e-10
1.729070617837190e-01,8.305126770699248e-10
1.731200539761110e-01,8.303732123368812e-10
1.733330461685030e-01,8.302339303509668e-10
1.735460383608950e-01,8.300948306460611e-10
1.737590305532860e-01,8.299559127560446e-10
1.739720227456780e-01,8.298171762176499e-10
1.741850149380700e-01,8.296786205790255e-10
1.743980071304620e-01,8.295402453911713e-10
1.746109993228540e-01,8.294020502050868e-10
1.748239915152460e-01,8.292640345717721e-10
1.750369837076380e-01,8.291261980422268e-10
1.752499759000290e-01,8.289885401674514e-10
1.754629680924210e-01,8.288510604984445e-10
1.756759602848130e-01,8.287137585862065e-10
1.758889524772050e-01,8.285766339817372e-10
1.761019446695970e-01,8.284396862387571e-10
1.763149368619890e-01,8.283029149218757e-10
1.765279290543810e-01,8.281663195984273e-10
1.767409212467730e-01,8.280298998357457e-10
1.769539134391640e-01,8.278936552011655e-10
1.771669056315560e-01,8.277575852620198e-10
1.773798978239480e-01,8.276216895856429e-10
1.775928900163400e-01,8.274859677393690e-10
1.778058822087320e-01,8.273504192905318e-10
1.780188744011240e-01,8.272150438064657e-10
1.782318665935160e-01,8.270798408570759e-10
1.784448587859070e-01,8.269448100225585e-10
1.786578509782990e-01,8.268099508856809e-10
1.788708431706910e-01,8.266752630292125e-10
1.790838353630830e-01,8.265407460359217e-10
1.792968275554750e-01,8.264063994885776e-10
1.795098197478670e-01,8.262722229699486e-10
1.797228119402590e-01,8.261382160628035e-10
1.799358041326510e-01,8.260043783499110e-10
1.801487963250420e-01,8.258707094140402e-10
1.803617885174340e-01,8.257372088404868e-10
1.805747807098260e-01,8.256038762246603e-10
1.807877729022180e-01,8.254707111644981e-10
1.810007650946100e-01,8.253377132579376e-10
1.812137572870020e-01,8.252048821029161e-10
1.814267494793940e-01,8.250722172973709e-10
1.816397416717860e-01,8.249397184392392e-10
1.818527338641770e-01,8.248073851264592e-10
1.820657260565690e-01,8.246752169569667e-10
1.822787182489610e-01,8.245432135286999e-10
1.824917104413530e-01,8.244113744417218e-10
1.827047026337450e-01,8.242796993045967e-10
1.829176948261370e-01,8.241481877280132e-10
1.831306870185290e-01,8.240168393226603e-10
1.833436792109200e-01,8.238856536992275e-10
1.835566714033120e-01,8.237546304684023e-10
1.837696635957040e-01,8.236237692408744e-10
1.839826557880960e-01,8.234930696273323e-10
1.841956479804880e-01,8.233625312384652e-10
1.844086401728800e-01,8.232321536849617e-10
1.846216323652720e-01,8.231019365804611e-10
1.848346245576640e-01,8.229718795503963e-10
1.850476167500550e-01,8.228419822231482e-10
1.852606089424470e-01,8.227122442270955e-10
1.854736011348390e-01,8.225826651906189e-10
1.856865933272310e-01,8.224532447420983e-10
1.858995855196230e-01,8.223239825099139e-10
1.861125777120150e-01,8.221948781224458e-10
1.863255699044070e-01,8.220659312080738e-10
1.865385620967990e-01,8.219371413951783e-10
1.867515542891900e-01,8.218085083129406e-10
1.869645464815820e-01,8.216800315937464e-10
1.871775386739740e-01,8.215517108707848e-10
1.873905308663660e-01,8.214235457772444e-10
1.876035230587580e-01,8.212955359463138e-10
1.878165152511500e-01,8.211676810111814e-10
1.880295074435420e-01,8.210399806050360e-10
1.882424996359330e-01,8.209124343610667e-10
1.884554918283250e-01,8.207850419124608e-10
1.886684840207170e-01,8.206578028924075e-10
1.888814762131090e-01,8.205307169375948e-10
1.890944684055010e-01,8.204037836987121e-10
1.893074605978930e-01,8.202770028299496e-10
1.895204527902850e-01,8.201503739854977e-10
1.897334449826770e-01,8.200238968195466e-10
1.899464371750680e-01,8.198975709862872e-10
1.901594293674600e-01,8.197713961399088e-10
1.903724215598520e-01,8.196453719346023e-10
1.905854137522440e-01,8.195194980245578e-10
1.907984059446360e-01,8.193937740639659e-10
1.910113981370280e-01,8.192681997071363e-10
1.912243903294200e-01,8.191427746088580e-10
1.914373825218110e-01,8.190174984240397e-10
1.916503747142030e-01,8.188923708075890e-10
1.918633669065950e-01,8.187673914144144e-10
1.920763590989870e-01,8.186425598994248e-10
1.922893512913790e-01,8.185178759175281e-10
1.925023434837710e-01,8.183933391236328e-10
1.927153356761630e-01,8.182689491726476e-10
1.929283278685550e-01,8.181447057194806e-10
1.931413200609460e-01,8.180206084276631e-10
1.933543122533380e-01,8.178966569952000e-10
1.935673044457300e-01,8.177728511287136e-10
1.937802966381220e-01,8.176491905348256e-10
1.939932888305140e-01,8.175256749201574e-10
1.942062810229060e-01,8.174023039913308e-10
1.944192732152980e-01,8.172790774549674e-10
1.946322654076900e-01,8.171559950176888e-10
1.948452576000810e-01,8.170330563861173e-10
1.950582497924730e-01,8.169102612668734e-10
1.952712419848650e-01,8.167876093409968e-10
1.954842341772570e-01,8.166651001872709e-10
1.956972263696490e-01,8.165427333589320e-10
1.959102185620410e-01,8.164205084092168e-10
1.961232107544330e-01,8.162984248913618e-10
1.963362029468240e-01,8.161764823586043e-10
1.965491951392160e-01,8.160546803641795e-10
1.967621873316080e-01,8.159330184613250e-10
1.969751795240000e-01,8.158114962032769e-10
1.971881717163920e-01,8.156901131432722e-10
1.974011639087840e-01,8.155688689395502e-10
1.976141561011760e-01,8.154477636705293e-10
1.978271482935680e-01,8.153267975197143e-10
1.980401404859590e-01,8.152059706706106e-10
1.982531326783510e-01,8.150852833067221e-10
1.984661248707430e-01,8.149647356115541e-10
1.986791170631350e-01,8.148443277686115e-10
1.988921092555270e-01,8.147240599613993e-10
1.991051014479190e-01,8.146039323734223e-10
1.993180936403110e-01,8.144839451881852e-10
1.995310858327020e-01,8.143640982040748e-10
1.997440780250940e-01,8.142443896788616e-10
1.999570702174860e-01,8.141248174851301e-10
2.001700624098780e-01,8.140053794954641e-10
2.003830546022700e-01,8.138860735824476e-10
2.005960467946620e-01,8.137668976186645e-10
2.008090389870540e-01,8.136478494766986e-10
2.010220311794460e-01,8.135289270291338e-10
2.012350233718370e-01,8.134101281485545e-10
2.014480155642290e-01,8.132914507075435e-10
2.016610077566210e-01,8.131728940254145e-10
2.018739999490130e-01,8.130544632071302e-10
2.020869921414050e-01,8.129361648037478e-10
2.022999843337970e-01,8.128180053663252e-10
2.025129765261890e-01,8.126999914459198e-10
2.027259687185810e-01,8.125821295935892e-10
2.029389609109720e-01,8.124644263603914e-10
2.031519531033640e-01,8.123468882973832e-10
2.033649452957560e-01,8.122295219556225e-10
2.035779374881480e-01,8.121123338861669e-10
2.037909296805400e-01,8.119953252434661e-10
2.040039218729320e-01,8.118784756069326e-10
2.042169140653240e-01,8.117617591650672e-10
2.044299062577150e-01,8.116451501063711e-10
2.046428984501070e-01,8.115286226193439e-10
2.048558906424990e-01,8.114121508924867e-10
2.050688828348910e-01,8.112957091143003e-10
2.052818750272830e-01,8.111792714732855e-10
2.054948672196750e-01,8.110628121579429e-10
2.057078594120670e-01,8.109463053567730e-10
2.059208516044590e-01,8.108297453976723e-10
2.061338437968500e-01,8.107132072121860e-10
2.063468359892420e-01,8.105967858942932e-10
2.065598281816340e-01,8.104805765379744e-10
2.067728203740260e-01,8.103646742372098e-10
2.069858125664180e-01,8.102491740859798e-10
2.071988047588100e-01,8.101341711782641e-10
2.074117969512020e-01,8.100197606080431e-10
2.076247891435940e-01,8.099060374692969e-10
2.078377813359850e-01,8.097930968560061e-10
2.080507735283770e-01,8.096809586648030e-10
2.082637657207690e-01,8.095693419238507e-10
2.084767579131610e-01,8.094578904244186e-10
2.086897501055530e-01,8.093462479577761e-10
2.089027422979450e-01,8.092340583151924e-10
2.091157344903370e-01,8.091209652879368e-10
2.093287266827280e-01,8.090066126672791e-10
2.095417188751200e-01,8.088906442444876e-10
2.097547110675120e-01,8.087727038108321e-10
2.099677032599040e-01,8.086524351575817e-10
2.101806954522960e-01,8.085297628138478e-10
2.103936876446880e-01,8.084057342085473e-10
2.106066798370800e-01,8.082816774826603e-10
2.108196720294720e-01,8.081589207771665e-10
2.110326642218630e-01,8.080387922330457e-10
2.112456564142550e-01,8.079226199912770e-10
2.114586486066470e-01,8.078117321928405e-10
2.116716407990390e-01,8.077074569787156e-10
2.118846329914310e-01,8.076111224898825e-10
2.120976251838230e-01,8.075240568673204e-10
2.123106173762150e-01,8.074465402191131e-10
2.125236095686060e-01,8.073746620085067e-10
2.127366017609980e-01,8.073034644090922e-10
2.129495939533900e-01,8.072279895944613e-10
2.131625861457820e-01,8.071432797382056e-10
2.133755783381740e-01,8.070443770139166e-10
2.135885705305660e-01,8.069263235951858e-10
2.138015627229580e-01,8.067841616556047e-10
2.140145549153500e-01,8.066129333687647e-10
2.142275471077410e-01,8.064076809082586e-10
2.144405393001330e-01,8.061673587605287e-10
2.146535314925250e-01,8.059065602833857e-10
2.148665236849170e-01,8.056437859591898e-10
2.150795158773090e-01,8.053975362703007e-10
2.152925080697010e-01,8.051863116990785e-10
2.155055002620930e-01,8.050286127278835e-10
2.157184924544850e-01,8.049429398390756e-10
2.159314846468760e-01,8.049477935150147e-10
2.161444768392680e-01,8.050616742380608e-10
2.163574690316600e-01,8.053030824905741e-10
2.165704612240520e-01,8.056759333943400e-10
2.167834534164440e-01,8.061257751753516e-10
2.169964456088360e-01,8.065835579695055e-10
2.172094378012280e-01,8.069802319126976e-10
2.174224299936190e-01,8.072467471408233e-10
2.176354221860110e-01,8.073140537897815e-10
2.178484143784030e-01,8.071131019954666e-10
2.180614065707950e-01,8.065748418937751e-10
2.182743987631870e-01,8.056302236206030e-10
2.184873909555790e-01,8.042101973118464e-10
2.187003831479710e-01,8.023001641282498e-10
2.189133753403630e-01,8.001033570779752e-10
2.191263675327540e-01,7.978774740689390e-10
2.193393597251460e-01,7.958802130090240e-10
2.195523519175380e-01,7.943692718061480e-10
2.197653441099300e-01,7.936023483682158e-10
2.199783363023220e-01,7.938371406031335e-10
2.201913284947140e-01,7.953313464188075e-10
2.204043206871060e-01,7.983426637231424e-10
2.206173128794970e-01,8.031287904240190e-10
2.208303050718890e-01,8.098368337463531e-10
2.210432972642810e-01,8.181716184237468e-10
2.212562894566730e-01,8.277274186235789e-10
2.214692816490650e-01,8.380985085132336e-10
2.216822738414570e-01,8.488791622600909e-10
2.218952660338490e-01,8.596636540315302e-10
2.221082582262410e-01,8.700462579949362e-10
2.223212504186320e-01,8.796212483176454e-10
2.225342426110240e-01,8.879828991671320e-10
2.227472348034160e-01,8.947254847107298e-10
2.229602269958080e-01,8.995537363246180e-10
2.231732191882000e-01,9.026139976856960e-10
2.233862113805920e-01,9.041629614389540e-10
2.235992035729840e-01,9.044573202293815e-10
2.238121957653760e-01,9.037537667019670e-10
2.240251879577670e-01,9.023089935017092e-10
2.242381801501590e-01,9.003796932735823e-10
2.244511723425510e-01,8.982225586625815e-10
2.246641645349430e-01,8.960942823136957e-10
2.248771567273350e-01,8.942515568719150e-10
2.250901489197270e-01,8.928968617430539e-10
2.253031411121190e-01,8.920156911648206e-10
2.255161333045100e-01,8.915392600098972e-10
2.257291254969020e-01,8.913987831509599e-10
2.259421176892940e-01,8.915254754606913e-10
2.261551098816860e-01,8.918505518117722e-10
2.263681020740780e-01,8.923052270768824e-10
2.265810942664700e-01,8.928207161287019e-10
2.267940864588620e-01,8.933282338399110e-10
2.270070786512540e-01,8.937589950831899e-10
2.272200708436450e-01,8.940587463516351e-10
2.274330630360370e-01,8.942313781011394e-10
2.276460552284290e-01,8.942953211498836e-10
2.278590474208210e-01,8.942690063160498e-10
2.280720396132130e-01,8.941708644178207e-10
2.282850318056050e-01,8.940193262733783e-10
2.284980239979970e-01,8.938328227009053e-10
2.287110161903880e-01,8.936297845185850e-10
2.289240083827800e-01,8.934286425445977e-10
2.291370005751720e-01,8.932478275971267e-10
2.293499927675640e-01,8.931018755602974e-10
2.295629849599560e-01,8.929897427082221e-10
2.297759771523480e-01,8.929064904440640e-10
2.299889693447400e-01,8.928471801709860e-10
2.302019615371320e-01,8.928068732921512e-10
2.304149537295230e-01,8.927806312107227e-10
2.306279459219150e-01,8.927635153298631e-10
2.308409381143070e-01,8.927505870527358e-10
2.310539303066990e-01,8.927369077825036e-10
2.312669224990910e-01,8.927175389223298e-10
2.314799146914830e-01,8.926885858456829e-10
2.316929068838750e-01,8.926503284841274e-10
2.319058990762670e-01,8.926040900780740e-10
2.321188912686580e-01,8.925511938679337e-10
2.323318834610500e-01,8.924929630941170e-10
2.325448756534420e-01,8.924307209970348e-10
2.327578678458340e-01,8.923657908170982e-10
2.329708600382260e-01,8.922994957947179e-10
2.331838522306180e-01,8.922331591703048e-10
2.333968444230100e-01,8.921681041842694e-10
2.336098366154010e-01,8.921053742680849e-10
2.338228288077930e-01,8.920448943175544e-10
2.340358210001850e-01,8.919863097694774e-10
2.342488131925770e-01,8.919292660606535e-10
2.344618053849690e-01,8.918734086278811e-10
2.346747975773610e-01,8.918183829079596e-10
2.348877897697530e-01,8.917638343376881e-10
2.351007819621450e-01,8.917094083538659e-10
2.353137741545360e-01,8.916547503932921e-10
2.355267663469280e-01,8.915995058927655e-10
2.357397585393200e-01,8.915433951814856e-10
2.359527507317120e-01,8.914864383002843e-10
2.361657429241040e-01,8.914287302534258e-10
2.363787351164960e-01,8.913703660451745e-10
2.365917273088880e-01,8.913114406797947e-10
2.368047195012800e-01,8.912520491615512e-10
2.370177116936710e-01,8.911922864947080e-10
2.372307038860630e-01,8.911322476835293e-10
2.374436960784550e-01,8.910720277322796e-10
2.376566882708470e-01,8.910117216452232e-10
2.378696804632390e-01,8.909514043583062e-10
2.380826726556310e-01,8.908910705209374e-10
2.382956648480230e-01,8.908306947075757e-10
2.385086570404140e-01,8.907702514926801e-10
2.387216492328060e-01,8.907097154507084e-10
2.389346414251980e-01,8.906490611561199e-10
2.391476336175900e-01,8.905882631833732e-10
2.393606258099820e-01,8.905272961069268e-10
2.395736180023740e-01,8.904661345012395e-10
2.397866101947660e-01,8.904047529407702e-10
2.399996023871580e-01,8.903431313812023e-10
2.402125945795490e-01,8.902812713000281e-10
2.404255867719410e-01,8.902191795544192e-10
2.406385789643330e-01,8.901568630015475e-10
2.408515711567250e-01,8.900943284985849e-10
2.410645633491170e-01,8.900315829027034e-10
2.412775555415090e-01,8.899686330710745e-10
2.414905477339010e-01,8.899054858608706e-10
2.417035399262920e-01,8.898421481292634e-10
2.419165321186840e-01,8.897786267334243e-10
2.421295243110760e-01,8.897149270910124e-10
2.423425165034680e-01,8.896510488642395e-10
2.425555086958600e-01,8.895869902771062e-10
2.427685008882520e-01,8.895227495536129e-10
2.429814930806440e-01,8.894583249177603e-10
2.431944852730360e-01,8.893937145935489e-10
2.434074774654270e-01,8.893289168049795e-10
2.436204696578190e-01,8.892639297760521e-10
2.438334618502110e-01,8.891987517307677e-10
2.440464540426030e-01,8.891333808931265e-10
2.442594462349950e-01,8.890678158768015e-10
2.444724384273870e-01,8.890020568551635e-10
2.446854306197790e-01,8.889361043917596e-10
2.448984228121710e-01,8.888699590501377e-10
2.451114150045620e-01,8.888036213938455e-10
2.453244071969540e-01,8.887370919864300e-10
2.455373993893460e-01,8.886703713914393e-10
2.457503915817380e-01,8.886034601724208e-10
2.459633837741300e-01,8.885363588929219e-10
2.461763759665220e-01,8.884690681164905e-10
2.463893681589140e-01,8.884015883050399e-10
2.466023603513050e-01,8.883339195138104e-10
2.468153525436970e-01,8.882660616963381e-10
2.470283447360890e-01,8.881980148061600e-10
2.472413369284810e-01,8.881297787968133e-10
2.474543291208730e-01,8.880613536218349e-10
2.476673213132650e-01,8.879927392347613e-10
2.478803135056570e-01,8.879239355891297e-10
2.480933056980490e-01,8.878549426384770e-10
2.483062978904400e-01,8.877857603363401e-10
2.485192900828320e-01,8.877163886666118e-10
2.487322822752240e-01,8.876468277346127e-10
2.489452744676160e-01,8.875770776760220e-10
2.491582666600080e-01,8.875071386265180e-10
2.493712588524000e-01,8.874370107217796e-10
2.495842510447920e-01,8.873666940974856e-10
2.497972432371830e-01,8.872961888893148e-10
2.500102354295750e-01,8.872254952329455e-10
2.502232276219670e-01,8.871546132640566e-10
2.504362198143590e-01,8.870835431183268e-10
2.506492120067510e-01,8.870122849261761e-10
2.508622041991430e-01,8.869408387969957e-10
2.510751963915350e-01,8.868692048349210e-10
2.512881885839270e-01,8.867973831440873e-10
2.515011807763180e-01,8.867253738286305e-10
2.517141729687100e-01,8.866531769926851e-10
2.519271651611020e-01,8.865807927403869e-10
2.521401573534940e-01,8.865082211758715e-10
2.523531495458860e-01,8.864354624032738e-10
2.525661417382780e-01,8.863625165267296e-10
2.527791339306700e-01,8.862893836545373e-10
2.529921261230620e-01,8.862160639116373e-10
2.532051183154530e-01,8.861425574271291e-10
2.534181105078450e-01,8.860688643301105e-10
2.536311027002370e-01,8.859949847496808e-10
2.538440948926290e-01,8.859209188149388e-10
2.540570870850210e-01,8.858466666549833e-10
2.542700792774130e-01,8.857722283989131e-10
2.544830714698050e-01,8.856976041758271e-10
2.546960636621960e-01,8.856227941148242e-10
2.549090558545880e-01,8.855477983465300e-10
2.551220480469800e-01,8.854726170076832e-10
2.553350402393720e-01,8.853972502365509e-10
2.555480324317640e-01,8.853216981714006e-10
2.557610246241560e-01,8.852459609504996e-10
2.559740168165480e-01,8.851700387121148e-10
2.561870090089400e-01,8.850939315945136e-10
2.564000012013310e-01,8.850176397359637e-10
2.566129933937230e-01,8.849411632747316e-10
2.568259855861150e-01,8.848645023490848e-10
2.570389777785070e-01,8.847876570993923e-10
2.572519699708990e-01,8.847106276744294e-10
2.574649621632910e-01,8.846334142250753e-10
2.576779543556830e-01,8.845560169022077e-10
2.578909465480740e-01,8.844784358567055e-10
2.581039387404660e-01,8.844006712394462e-10
2.583169309328580e-01,8.843227232013086e-10
2.585299231252500e-01,8.842445918931710e-10
2.587429153176420e-01,8.841662774659115e-10
2.589559075100340e-01,8.840877800704089e-10
2.591688997024260e-01,8.840090998594414e-10
2.593818918948180e-01,8.839302369933891e-10
2.595948840872090e-01,8.838511916345327e-10
2.598078762796010e-01,8.837719639451514e-10
2.600208684719930e-01,8.836925540875254e-10
2.602338606643850e-01,8.836129622239347e-10
2.604468528567770e-01,8.835331885166597e-10
2.606598450491690e-01,8.834532331279802e-10
2.608728372415610e-01,8.833730962201759e-10
2.610858294339530e-01,8.832927779555275e-10
2.612988216263440e-01,8.832122784980090e-10
2.615118138187360e-01,8.831315980183670e-10
2.617248060111280e-01,8.830507366890416e-10
2.619377982035200e-01,8.829696946824730e-10
2.621507903959120e-01,8.828884721711005e-10
2.623637825883040e-01,8.828070693273647e-10
2.625767747806960e-01,8.827254863237049e-10
2.627897669730870e-01,8.826437233325619e-10
2.630027591654790e-01,8.825617805263741e-10
2.632157513578710e-01,8.824796580775824e-10
2.634287435502630e-01,8.823973561601155e-10
2.636417357426550e-01,8.823148749538643e-10
2.638547279350470e-01,8.822322146402107e-10
2.640677201274390e-01,8.821493754005362e-10
2.642807123198310e-01,8.820663574162230e-10
2.644937045122220e-01,8.819831608686538e-10
2.647066967046140e-01,8.818997859392090e-10
2.649196888970060e-01,8.818162328092713e-10
2.651326810893980e-01,8.817325016602227e-10
2.653456732817900e-01,8.816485926734449e-10
2.655586654741820e-01,8.815645060336733e-10
2.657716576665740e-01,8.814802419390636e-10
2.659846498589660e-01,8.813958005911272e-10
2.661976420513570e-01,8.813111821913755e-10
2.664106342437490e-01,8.812263869413195e-10
2.666236264361410e-01,8.811414150424712e-10
2.668366186285330e-01,8.810562666963415e-10
2.670496108209250e-01,8.809709421044423e-10
2.672626030133170e-01,8.808854414682849e-10
2.674755952057090e-01,8.807997649893807e-10
2.676885873981000e-01,8.807139128639677e-10
2.679015795904920e-01,8.806278852671845e-10
2.681145717828840e-01,8.805416823688966e-10
2.683275639752760e-01,8.804553043389690e-10
2.685405561676680e-01,8.803687513472667e-10
2.687535483600600e-01,8.802820235636544e-10
2.689665405524520e-01,8.801951211579975e-10
2.691795327448440e-01,8.801080443001607e-10
2.693925249372350e-01,8.800207931600091e-10
2.696055171296270e-01,8.799333679074073e-10
2.698185093220190e-01,8.798457687382225e-10
2.700315015144110e-01,8.797579959523045e-10
2.702444937068030e-01,8.796700498754926e-10
2.704574858991950e-01,8.795819308336262e-10
2.706704780915870e-01,8.794936391525445e-10
2.708834702839780e-01,8.794051751580872e-10
2.710964624763700e-01,8.793165391760931e-10
2.713094546687620e-01,8.792277315324014e-10
2.715224468611540e-01,8.791387525528519e-10
2.717354390535460e-01,8.790496025632835e-10
2.719484312459380e-01,8.789602818035551e-10
2.721614234383300e-01,8.788707901697904e-10
2.723744156307220e-01,8.787811274722278e-10
2.725874078231130e-01,8.786912935211055e-10
2.728004000155050e-01,8.786012881266606e-10
2.730133922078970e-01,8.785111110991314e-10
2.732263844002890e-01,8.784207622487558e-10
2.734393765926810e-01,8.783302413857719e-10
2.736523687850730e-01,8.782395483204174e-10
2.738653609774650e-01,8.781486828629303e-10
2.740783531698570e-01,8.780576451406338e-10
2.742913453622480e-01,8.779664365498880e-10
2.745043375546400e-01,8.778750588044858e-10
2.747173297470320e-01,8.777835136182218e-10
2.749303219394240e-01,8.776918027048892e-10
2.751433141318160e-01,8.775999277782825e-10
2.753563063242080e-01,8.775078905521948e-10
2.755692985166000e-01,8.774156927404201e-10
2.757822907089910e-01,8.773233360567528e-10
2.759952829013830e-01,8.772308222149856e-10
2.762082750937750e-01,8.771381517625706e-10
2.764212672861670e-01,8.770453205804677e-10
2.766342594785590e-01,8.769523233827325e-10
2.768472516709510e-01,8.768591548834209e-10
2.770602438633430e-01,8.767658097965884e-10
2.772732360557350e-01,8.766722828362909e-10
2.774862282481260e-01,8.765785687165845e-10
2.776992204405180e-01,8.764846621515241e-10
2.779122126329100e-01,8.763905578551659e-10
2.781252048253020e-01,8.762962505415655e-10
2.783381970176940e-01,8.762017392778189e-10
2.785511892100860e-01,8.761070405419987e-10
