7.791356504680618e-06,4.629624779291815e-09
8.610780621332552e-06,4.564188450754781e-09
9.516384324626089e-06,4.499506155449671e-09
1.051723120080771e-05,4.435571991068948e-09
1.162333806181051e-05,4.372381688217389e-09
1.284577519687474e-05,4.309931657741156e-09
1.419677716772344e-05,4.248218983995231e-09
1.568986525616830e-05,4.187241541355576e-09
1.733998278964274e-05,4.126997923781713e-09
1.916364469904539e-05,4.067487517657506e-09
2.117910280571951e-05,4.008710264808018e-09
2.340652849181556e-05,3.950663926425709e-09
2.586821458226360e-05,3.893341258474346e-09
2.858879845885812e-05,3.836734787219915e-09
3.159550863945590e-05,3.780836924649262e-09
3.491843729013453e-05,3.725640126972610e-09
3.859084139770492e-05,3.671136885382637e-09
4.264947561681323e-05,3.617319714863127e-09
4.713496012287843e-05,3.564181150746998e-09
5.209218715246060e-05,3.511713767377408e-09
5.757077029985334e-05,3.459910173549468e-09
6.362554106661115e-05,3.408763006034584e-09
7.031709763364645e-05,3.358264946971377e-09
7.771241134819200e-05,3.308408718588241e-09
8.588549699555374e-05,3.259187048172256e-09
9.491815356395940e-05,3.210592850452267e-09
1.049007829163263e-04,3.162618878395922e-09
1.159332945624905e-04,3.115258076780795e-09
1.281261055871622e-04,3.068503402476168e-09
1.416012457412214e-04,3.022347874788917e-09
1.564935787564811e-04,2.976784571166464e-09
1.729521521072439e-04,2.931806624739892e-09
1.911416887275217e-04,2.887407239778120e-09
2.112442356135248e-04,2.843579691494705e-09
2.334609858111876e-04,2.800317321701539e-09
2.580142920237960e-04,2.757613558921220e-09
2.851498919925769e-04,2.715461917749648e-09
3.151393679226079e-04,2.673856002227159e-09
3.482828645688079e-04,2.632789522981027e-09
3.849120931855259e-04,2.592256306825689e-09
4.253936514042669e-04,2.552250328163215e-09
4.701326922660057e-04,2.512765607892326e-09
5.195769791289974e-04,2.473796466253291e-09
5.742213670349657e-04,2.435337296878669e-09
6.346127553846864e-04,2.397382686981334e-09
7.013555614910102e-04,2.359927404848996e-09
7.751177697904812e-04,2.322966370061134e-09
8.566376172560946e-04,2.286494611602478e-09
9.467309819210534e-04,2.250507205079409e-09
1.046299548460350e-03,2.214999185938957e-09
1.156339832554060e-03,2.179965463239181e-09
1.277953154351212e-03,2.145229047541127e-09
1.405748469786333e-03,2.112550935812168e-09
1.533543785221454e-03,2.083239889859625e-09
1.661339100656575e-03,2.056735079644167e-09
1.789134416091696e-03,2.032475675126465e-09
1.916929731526817e-03,2.009977182821334e-09
2.000000000000000e-03,1.996207278760417e-09
2.044725046961939e-03,1.989059993439695e-09
2.172520362397060e-03,1.969596322751495e-09
2.300315677832181e-03,1.951422044001640e-09
2.428110993267302e-03,1.934370089177788e-09
2.555906308702423e-03,1.918288985788586e-09
2.683701624137544e-03,1.903089643436464e-09
2.811496939572665e-03,1.888698567249765e-09
2.939292255007787e-03,1.875042262356831e-09
3.067087570442908e-03,1.862047233886006e-09
3.194882885878029e-03,1.849645821526912e-09
3.322678201313150e-03,1.837793703449627e-09
3.450473516748271e-03,1.826452392503179e-09
3.578268832183392e-03,1.815583401536596e-09
3.706064147618514e-03,1.805148243398907e-09
3.833859463053635e-03,1.795111090027418e-09
3.961654778488756e-03,1.785446749675689e-09
4.089450093923877e-03,1.776132689667129e-09
4.217245409358998e-03,1.767146377325148e-09
4.345040724794119e-03,1.758465279973155e-09
4.472836040229241e-03,1.750068246476777e-09
4.600631355664362e-03,1.741939651906221e-09
4.728426671099482e-03,1.734065252891760e-09
4.856221986534604e-03,1.726430806063670e-09
4.984017301969726e-03,1.719022068052224e-09
5.111812617404846e-03,1.711825578213928e-09
5.239607932839968e-03,1.704831006788018e-09
5.367403248275089e-03,1.698028806728861e-09
5.495198563710209e-03,1.691409430990827e-09
5.622993879145331e-03,1.684963332528284e-09
5.750789194580453e-03,1.678681439917737e-09
5.878584510015573e-03,1.672556584229637e-09
6.006379825450694e-03,1.666582072159270e-09
6.134175140885816e-03,1.660751210401920e-09
6.261970456320937e-03,1.655057305652875e-09
6.389765771756058e-03,1.649493969360805e-09
6.517561087191179e-03,1.644056031974871e-09
6.645356402626300e-03,1.638738628691090e-09
6.773151718061422e-03,1.633536894705479e-09
6.900947033496543e-03,1.628445965214055e-09
7.028742348931663e-03,1.623461179328350e-09
7.156537664366785e-03,1.618578691821312e-09
7.284332979801906e-03,1.613794861381085e-09
7.412128295237027e-03,1.609106046695811e-09
7.539923610672148e-03,1.604508606453632e-09
7.667718926107269e-03,1.599999040942920e-09
7.795514241542391e-03,1.595574416858129e-09
7.923309556977513e-03,1.591231942496531e-09
8.051104872412632e-03,1.586968826155397e-09
8.178900187847754e-03,1.582782276131998e-09
8.306695503282877e-03,1.578669601042352e-09
8.434490818717996e-03,1.574628510775684e-09
8.562286134153118e-03,1.570656815539084e-09
8.690081449588239e-03,1.566752325539638e-09
8.817876765023359e-03,1.562912850984434e-09
8.945672080458482e-03,1.559136278646896e-09
9.073467395893601e-03,1.555420801567480e-09
9.201262711328723e-03,1.551764689353825e-09
9.329058026763846e-03,1.548166211613567e-09
9.456853342198965e-03,1.544623637954344e-09
9.584648657634087e-03,1.541135283856250e-09
9.712443973069206e-03,1.537699648287735e-09
9.840239288504329e-03,1.534315276088966e-09
9.968034603939451e-03,1.530980712100111e-09
1.009582991937457e-02,1.527694501161341e-09
1.022362523480969e-02,1.524455253508643e-09
1.035142055024482e-02,1.521261840961786e-09
1.047921586567993e-02,1.518113200736609e-09
1.060701118111506e-02,1.515008270048944e-09
1.073480649655018e-02,1.511945986114632e-09
1.086260181198530e-02,1.508925286149509e-09
1.099039712742042e-02,1.505945107369410e-09
1.111819244285554e-02,1.503004386990174e-09
1.124598775829066e-02,1.500102062227636e-09
1.137378307372578e-02,1.497237070297634e-09
1.150157838916090e-02,1.494408403656319e-09
1.162937370459603e-02,1.491615275705161e-09
1.175716902003114e-02,1.488856955077974e-09
1.188496433546627e-02,1.486132710408572e-09
1.201275965090139e-02,1.483441810330769e-09
1.214055496633651e-02,1.480783523478378e-09
1.226835028177163e-02,1.478157118485213e-09
1.239614559720675e-02,1.475561863985087e-09
1.252394091264187e-02,1.472997028611815e-09
1.265173622807700e-02,1.470461880999210e-09
1.277953154351211e-02,1.467955722063154e-09
1.290732685894724e-02,1.465477981859229e-09
1.303512217438236e-02,1.463028122730804e-09
1.316291748981748e-02,1.460605607021247e-09
1.329071280525260e-02,1.458209897073926e-09
1.341850812068772e-02,1.455840455232209e-09
1.354630343612284e-02,1.453496743839465e-09
1.367409875155796e-02,1.451178225239061e-09
1.380189406699308e-02,1.448884361774367e-09
1.392968938242821e-02,1.446614615788749e-09
1.405748469786333e-02,1.444368472223483e-09
1.418528001329845e-02,1.442145506412782e-09
1.431307532873357e-02,1.439945316289421e-09
1.444087064416869e-02,1.437767499786174e-09
1.456866595960381e-02,1.435611654835819e-09
1.469646127503893e-02,1.433477379371128e-09
1.482425659047405e-02,1.431364271324878e-09
1.495205190590917e-02,1.429271928629843e-09
1.507984722134430e-02,1.427199949218798e-09
1.520764253677942e-02,1.425147931024519e-09
1.533543785221454e-02,1.423115487430154e-09
1.546323316764966e-02,1.421102293616664e-09
1.559102848308478e-02,1.419108040213544e-09
1.571882379851990e-02,1.417132417850288e-09
1.584661911395502e-02,1.415175117156389e-09
1.597441442939014e-02,1.413235828761344e-09
1.610220974482527e-02,1.411314243294644e-09
1.623000506026039e-02,1.409410051385787e-09
1.635780037569551e-02,1.407522943664265e-09
1.648559569113063e-02,1.405652610759573e-09
1.661339100656575e-02,1.403798754437928e-09
1.674118632200087e-02,1.401961121016942e-09
1.686898163743599e-02,1.400139467953205e-09
1.699677695287111e-02,1.398333552703304e-09
1.712457226830624e-02,1.396543132723828e-09
1.725236758374135e-02,1.394767965471366e-09
1.738016289917648e-02,1.393007808402505e-09
1.750795821461160e-02,1.391262418973836e-09
1.763575353004672e-02,1.389531554641945e-09
1.776354884548184e-02,1.387814972863422e-09
1.789134416091696e-02,1.386112439250026e-09
1.801913947635208e-02,1.384423752035087e-09
1.814693479178720e-02,1.382748717607550e-09
1.827473010722232e-02,1.381087142356355e-09
1.840252542265745e-02,1.379438832670448e-09
1.853032073809257e-02,1.377803594938771e-09
1.865811605352769e-02,1.376181235550268e-09
1.878591136896281e-02,1.374571560893882e-09
1.891370668439793e-02,1.372974377358556e-09
1.904150199983305e-02,1.371389491333233e-09
1.916929731526817e-02,1.369816715332993e-09
1.929709263070329e-02,1.368255886376309e-09
1.942488794613842e-02,1.366706847607212e-09
1.955268326157353e-02,1.365169442169737e-09
1.968047857700866e-02,1.363643513207916e-09
1.980827389244378e-02,1.362128903865782e-09
1.993606920787890e-02,1.360625457287368e-09
2.006386452331402e-02,1.359133016616707e-09
2.019165983874914e-02,1.357651424997833e-09
2.031945515418426e-02,1.356180525574779e-09
2.044725046961939e-02,1.354720166170661e-09
2.057504578505450e-02,1.353270213327064e-09
2.070284110048963e-02,1.351830538265724e-09
2.083063641592475e-02,1.350401012208372e-09
2.095843173135987e-02,1.348981506376744e-09
2.108622704679499e-02,1.347571891992573e-09
2.121402236223011e-02,1.346172040277593e-09
2.134181767766523e-02,1.344781822453538e-09
2.146961299310035e-02,1.343401109742141e-09
2.159740830853547e-02,1.342029773365137e-09
2.172520362397060e-02,1.340667688179129e-09
2.185299893940572e-02,1.339314743580774e-09
2.198079425484084e-02,1.337970832601889e-09
2.210858957027596e-02,1.336635848274287e-09
2.223638488571108e-02,1.335309683629786e-09
2.236418020114620e-02,1.333992231700201e-09
2.249197551658132e-02,1.332683385517347e-09
2.261977083201644e-02,1.331383038113040e-09
2.274756614745157e-02,1.330091082519096e-09
2.287536146288669e-02,1.328807411767329e-09
2.300315677832181e-02,1.327531921757587e-09
2.313095209375693e-02,1.326264519861442e-09
2.325874740919205e-02,1.325005116318299e-09
2.338654272462717e-02,1.323753621367565e-09
2.351433804006229e-02,1.322509945248647e-09
2.364213335549741e-02,1.321273998200949e-09
2.376992867093253e-02,1.320045690463879e-09
2.389772398636766e-02,1.318824932276842e-09
2.402551930180278e-02,1.317611633879245e-09
2.415331461723790e-02,1.316405705510492e-09
2.428110993267302e-02,1.315207059697307e-09
2.440890524810814e-02,1.314015618114679e-09
2.453670056354326e-02,1.312831304724417e-09
2.466449587897838e-02,1.311654043488332e-09
2.479229119441350e-02,1.310483758368232e-09
2.492008650984863e-02,1.309320373325928e-09
2.504788182528375e-02,1.308163812323228e-09
2.517567714071887e-02,1.307013999321944e-09
2.530347245615399e-02,1.305870858283883e-09
2.543126777158911e-02,1.304734313170857e-09
2.555906308702423e-02,1.303604289794383e-09
2.568685840245935e-02,1.302480721365205e-09
2.581465371789447e-02,1.301363542943967e-09
2.594244903332960e-02,1.300252689591316e-09
2.607024434876471e-02,1.299148096367896e-09
2.619803966419984e-02,1.298049698334353e-09
2.632583497963496e-02,1.296957430551332e-09
2.645363029507008e-02,1.295871228079479e-09
2.658142561050520e-02,1.294791025979440e-09
2.670922092594032e-02,1.293716759311859e-09
2.683701624137544e-02,1.292648364646569e-09
2.696481155681056e-02,1.291585784590020e-09
2.709260687224568e-02,1.290528963257781e-09
2.722040218768081e-02,1.289477844765425e-09
2.734819750311593e-02,1.288432373228523e-09
2.747599281855105e-02,1.287392492762643e-09
2.760378813398617e-02,1.286358147483359e-09
2.773158344942129e-02,1.285329281506240e-09
2.785937876485641e-02,1.284305838946858e-09
2.798717408029153e-02,1.283287763920783e-09
2.811496939572665e-02,1.282275001787576e-09
2.824276471116178e-02,1.281267502882284e-09
2.837056002659689e-02,1.280265218783705e-09
2.849835534203202e-02,1.279268101070637e-09
2.862615065746714e-02,1.278276101321880e-09
2.875394597290226e-02,1.277289171116231e-09
2.888174128833738e-02,1.276307262032489e-09
2.900953660377250e-02,1.275330325649451e-09
2.913733191920762e-02,1.274358313545917e-09
2.926512723464274e-02,1.273391177300685e-09
2.939292255007787e-02,1.272428869526148e-09
2.952071786551299e-02,1.271471346969341e-09
2.964851318094811e-02,1.270518567411029e-09
2.977630849638323e-02,1.269570488631979e-09
2.990410381181835e-02,1.268627068412954e-09
3.003189912725347e-02,1.267688264534719e-09
3.015969444268859e-02,1.266754034778039e-09
3.028748975812371e-02,1.265824336923679e-09
3.041528507355883e-02,1.264899128752404e-09
3.054308038899396e-02,1.263978368044979e-09
3.067087570442908e-02,1.263062013448378e-09
3.079867101986420e-02,1.262150027074382e-09
3.092646633529932e-02,1.261242371900966e-09
3.105426165073444e-02,1.260339010906105e-09
3.118205696616956e-02,1.259439907067773e-09
3.130985228160468e-02,1.258545023363947e-09
3.143764759703981e-02,1.257654322772600e-09
3.156544291247493e-02,1.256767768271707e-09
3.169323822791005e-02,1.255885322839244e-09
3.182103354334517e-02,1.255006949453184e-09
3.194882885878029e-02,1.254132611823338e-09
3.207662417421541e-02,1.253262276586602e-09
3.220441948965053e-02,1.252395911111587e-09
3.233221480508566e-02,1.251533482766902e-09
3.246001012052077e-02,1.250674958921158e-09
3.258780543595589e-02,1.249820306942964e-09
3.271560075139102e-02,1.248969494200931e-09
3.284339606682614e-02,1.248122488063668e-09
3.297119138226126e-02,1.247279255899785e-09
3.309898669769638e-02,1.246439765077892e-09
3.322678201313150e-02,1.245603983586677e-09
3.335457732856662e-02,1.244771881895325e-09
3.348237264400174e-02,1.243943431093199e-09
3.361016795943687e-02,1.243118602269659e-09
3.373796327487198e-02,1.242297366514064e-09
3.386575859030710e-02,1.241479694915776e-09
3.399355390574223e-02,1.240665558564155e-09
3.412134922117735e-02,1.239854928548561e-09
3.424914453661247e-02,1.239047775958356e-09
3.437693985204759e-02,1.238244071882898e-09
3.450473516748271e-02,1.237443787943099e-09
3.463253048291783e-02,1.236646897886073e-09
3.476032579835295e-02,1.235853375990487e-09
3.488812111378808e-02,1.235063196535010e-09
3.501591642922319e-02,1.234276333798308e-09
3.514371174465832e-02,1.233492762059049e-09
3.527150706009344e-02,1.232712455595901e-09
3.539930237552856e-02,1.231935388687531e-09
3.552709769096368e-02,1.231161535612607e-09
3.565489300639881e-02,1.230390870649796e-09
3.578268832183392e-02,1.229623368533886e-09
3.591048363726904e-02,1.228859005824006e-09
3.603827895270417e-02,1.228097759535341e-09
3.616607426813929e-02,1.227339606683077e-09
3.629386958357441e-02,1.226584524282399e-09
3.642166489900953e-02,1.225832489348493e-09
3.654946021444465e-02,1.225083478896542e-09
3.667725552987977e-02,1.224337469941733e-09
3.680505084531489e-02,1.223594439499250e-09
3.693284616075002e-02,1.222854364584278e-09
3.706064147618514e-02,1.222117222606798e-09
3.718843679162025e-02,1.221382992556110e-09
3.731623210705538e-02,1.220651653816381e-09
3.744402742249050e-02,1.219923185771778e-09
3.757182273792562e-02,1.219197567806468e-09
3.769961805336074e-02,1.218474779304618e-09
3.782741336879586e-02,1.217754799650394e-09
3.795520868423098e-02,1.217037608227963e-09
3.808300399966610e-02,1.216323184421492e-09
3.821079931510123e-02,1.215611507615148e-09
3.833859463053635e-02,1.214902557535654e-09
3.846638994597146e-02,1.214196315279984e-09
3.859418526140659e-02,1.213492762287676e-09
3.872198057684171e-02,1.212791879998270e-09
3.884977589227683e-02,1.212093649851306e-09
3.897757120771195e-02,1.211398053286326e-09
3.910536652314707e-02,1.210705071742867e-09
3.923316183858219e-02,1.210014686660471e-09
3.936095715401731e-02,1.209326879478677e-09
3.948875246945244e-02,1.208641631637026e-09
3.961654778488756e-02,1.207958924873980e-09
3.974434310032268e-02,1.207278742123630e-09
3.987213841575780e-02,1.206601066618956e-09
3.999993373119292e-02,1.205925881592935e-09
4.012772904662804e-02,1.205253170278548e-09
4.025552436206317e-02,1.204582915908774e-09
4.038331967749829e-02,1.203915101716591e-09
4.051111499293340e-02,1.203249710934979e-09
4.063891030836853e-02,1.202586726796917e-09
4.076670562380365e-02,1.201926132535384e-09
4.089450093923877e-02,1.201267911645579e-09
4.102229625467389e-02,1.200612048671690e-09
4.115009157010902e-02,1.199958528420178e-09
4.127788688554413e-02,1.199307335697505e-09
4.140568220097925e-02,1.198658455310132e-09
4.153347751641438e-02,1.198011872064521e-09
4.166127283184950e-02,1.197367570767132e-09
4.178906814728462e-02,1.196725536224429e-09
4.191686346271974e-02,1.196085753242871e-09
4.204465877815486e-02,1.195448206628921e-09
4.217245409358998e-02,1.194812881419327e-09
4.230024940902510e-02,1.194179763572015e-09
4.242804472446023e-02,1.193548839275211e-09
4.255584003989534e-02,1.192920094717141e-09
4.268363535533046e-02,1.192293516086031e-09
4.281143067076559e-02,1.191669089570107e-09
4.293922598620071e-02,1.191046801357596e-09
4.306702130163583e-02,1.190426637636723e-09
4.319481661707095e-02,1.189808584595715e-09
4.332261193250607e-02,1.189192628422797e-09
4.345040724794119e-02,1.188578755511255e-09
4.357820256337631e-02,1.187966953074579e-09
4.370599787881144e-02,1.187357208531297e-09
4.383379319424656e-02,1.186749509299940e-09
4.396158850968167e-02,1.186143842799037e-09
4.408938382511680e-02,1.185540196447117e-09
4.421717914055192e-02,1.184938557662710e-09
4.434497445598704e-02,1.184338913864347e-09
4.447276977142216e-02,1.183741252470556e-09
4.460056508685728e-02,1.183145560899868e-09
4.472836040229240e-02,1.182551826748619e-09
4.485615571772752e-02,1.181960038324463e-09
4.498395103316265e-02,1.181370184112900e-09
4.511174634859777e-02,1.180782252599432e-09
4.523954166403289e-02,1.180196232269558e-09
4.536733697946801e-02,1.179612111608782e-09
4.549513229490313e-02,1.179029879102603e-09
4.562292761033825e-02,1.178449523236523e-09
4.575072292577338e-02,1.177871032496043e-09
4.587851824120850e-02,1.177294395366665e-09
4.600631355664361e-02,1.176719600498215e-09
4.613410887207874e-02,1.176146637197853e-09
4.626190418751386e-02,1.175575494937081e-09
4.638969950294898e-02,1.175006163187399e-09
4.651749481838410e-02,1.174438631420305e-09
4.664529013381922e-02,1.173872889107303e-09
4.677308544925434e-02,1.173308925719890e-09
4.690088076468946e-02,1.172746730729568e-09
4.702867608012459e-02,1.172186293607836e-09
4.715647139555971e-02,1.171627603826196e-09
4.728426671099482e-02,1.171070650996232e-09
4.741206202642995e-02,1.170515425289852e-09
4.753985734186507e-02,1.169961917019040e-09
4.766765265730019e-02,1.169410116495781e-09
4.779544797273531e-02,1.168860014032058e-09
4.792324328817044e-02,1.168311599939855e-09
4.805103860360555e-02,1.167764864531155e-09
4.817883391904067e-02,1.167219798117943e-09
4.830662923447580e-02,1.166676391012203e-09
4.843442454991092e-02,1.166134633525918e-09
4.856221986534604e-02,1.165594516103620e-09
4.869001518078116e-02,1.165056029719976e-09
4.881781049621628e-02,1.164519165482171e-09
4.894560581165140e-02,1.163983914497392e-09
4.907340112708652e-02,1.163450267872823e-09
4.920119644252165e-02,1.162918216715652e-09
4.932899175795677e-02,1.162387752133063e-09
4.945678707339188e-02,1.161858865232243e-09
4.958458238882701e-02,1.161331547120378e-09
4.971237770426213e-02,1.160805788904653e-09
4.984017301969725e-02,1.160281581783050e-09
4.996796833513237e-02,1.159758917316759e-09
5.000000000000000e-02,1.159628153221380e-09
5.009576365056749e-02,1.159237787169016e-09
5.022355896600261e-02,1.158718183101123e-09
5.035135428143774e-02,1.158200096924964e-09
5.047914959687286e-02,1.157683520452846e-09
5.060694491230798e-02,1.157168445497072e-09
5.073474022774310e-02,1.156654863869948e-09
5.086253554317822e-02,1.156142767383780e-09
5.099033085861334e-02,1.155632147850872e-09
5.111812617404846e-02,1.155122997181162e-09
5.124592148948359e-02,1.154615307675101e-09
5.137371680491870e-02,1.154109071730772e-09
5.150151212035382e-02,1.153604281746253e-09
5.162930743578895e-02,1.153100930119626e-09
5.175710275122407e-02,1.152599009248971e-09
5.188489806665919e-02,1.152098511532368e-09
5.201269338209431e-02,1.151599429367899e-09
5.214048869752943e-02,1.151101755153642e-09
5.226828401296455e-02,1.150605481287680e-09
5.239607932839967e-02,1.150110600263212e-09
5.252387464383480e-02,1.149617104953890e-09
5.265166995926992e-02,1.149124988328467e-09
5.277946527470503e-02,1.148634243355696e-09
5.290726059014016e-02,1.148144863004330e-09
5.303505590557528e-02,1.147656840243122e-09
5.316285122101040e-02,1.147170168040827e-09
5.329064653644552e-02,1.146684839366196e-09
5.341844185188065e-02,1.146200847187984e-09
5.354623716731576e-02,1.145718184474943e-09
5.367403248275088e-02,1.145236844280110e-09
5.380182779818601e-02,1.144756819993668e-09
5.392962311362113e-02,1.144278105090097e-09
5.405741842905625e-02,1.143800693043875e-09
5.418521374449137e-02,1.143324577329480e-09
5.431300905992649e-02,1.142849751421391e-09
5.444080437536161e-02,1.142376208794086e-09
5.456859969079673e-02,1.141903942922044e-09
5.469639500623186e-02,1.141432947279742e-09
5.482419032166697e-02,1.140963215341660e-09
5.495198563710210e-02,1.140494740659190e-09
5.507978095253722e-02,1.140027517091383e-09
5.520757626797234e-02,1.139561538574201e-09
5.533537158340746e-02,1.139096799043607e-09
5.546316689884258e-02,1.138633292435566e-09
5.559096221427770e-02,1.138171012686040e-09
5.571875752971282e-02,1.137709953730992e-09
5.584655284514795e-02,1.137250109506387e-09
5.597434816058307e-02,1.136791473948186e-09
5.610214347601819e-02,1.136334040992354e-09
5.622993879145331e-02,1.135877804644807e-09
5.635773410688843e-02,1.135422759191249e-09
5.648552942232355e-02,1.134968898987329e-09
5.661332473775867e-02,1.134516218388692e-09
5.674112005319380e-02,1.134064711750985e-09
5.686891536862891e-02,1.133614373429855e-09
5.699671068406403e-02,1.133165197780950e-09
5.712450599949916e-02,1.132717179159915e-09
5.725230131493428e-02,1.132270311922398e-09
5.738009663036940e-02,1.131824590424045e-09
5.750789194580452e-02,1.131380009083666e-09
5.763568726123964e-02,1.130936562572738e-09
5.776348257667476e-02,1.130494245625913e-09
5.789127789210988e-02,1.130053052977842e-09
5.801907320754501e-02,1.129612979363174e-09
5.814686852298013e-02,1.129174019516560e-09
5.827466383841524e-02,1.128736168172652e-09
5.840245915385037e-02,1.128299420066099e-09
5.853025446928549e-02,1.127863769931553e-09
5.865804978472061e-02,1.127429212503663e-09
5.878584510015573e-02,1.126995742576826e-09
5.891364041559085e-02,1.126563355184415e-09
5.904143573102597e-02,1.126132045419549e-09
5.916923104646109e-02,1.125701808375347e-09
5.929702636189622e-02,1.125272639144928e-09
5.942482167733134e-02,1.124844532821412e-09
5.955261699276646e-02,1.124417484497916e-09
5.968041230820158e-02,1.123991489267562e-09
5.980820762363670e-02,1.123566542223466e-09
5.993600293907182e-02,1.123142638458749e-09
6.006379825450694e-02,1.122719773113654e-09
6.019159356994207e-02,1.122297941516918e-09
6.031938888537718e-02,1.121877139044394e-09
6.044718420081231e-02,1.121457361071936e-09
6.057497951624743e-02,1.121038602975399e-09
6.070277483168255e-02,1.120620860130636e-09
6.083057014711767e-02,1.120204127913501e-09
6.095836546255279e-02,1.119788401699850e-09
6.108616077798791e-02,1.119373676865535e-09
6.121395609342303e-02,1.118959948786411e-09
6.134175140885816e-02,1.118547212901135e-09
6.146954672429328e-02,1.118135464899593e-09
6.159734203972840e-02,1.117724700534486e-09
6.172513735516352e-02,1.117314915558515e-09
6.185293267059864e-02,1.116906105724380e-09
6.198072798603376e-02,1.116498266784782e-09
6.210852330146888e-02,1.116091394492423e-09
6.223631861690401e-02,1.115685484600001e-09
6.236411393233912e-02,1.115280532860220e-09
6.249190924777424e-02,1.114876535025778e-09
6.261970456320937e-02,1.114473486875118e-09
6.274749987864449e-02,1.114071384289643e-09
6.287529519407961e-02,1.113670223176501e-09
6.300309050951473e-02,1.113269999442838e-09
6.313088582494986e-02,1.112870708995799e-09
6.325868114038498e-02,1.112472347742532e-09
6.338647645582010e-02,1.112074911590182e-09
6.351427177125522e-02,1.111678396445895e-09
6.364206708669033e-02,1.111282798216819e-09
6.376986240212545e-02,1.110888112810098e-09
6.389765771756058e-02,1.110494336188072e-09
6.402545303299570e-02,1.110101464533839e-09
6.415324834843082e-02,1.109709494085680e-09
6.428104366386594e-02,1.109318421081879e-09
6.440883897930107e-02,1.108928241760720e-09
6.453663429473619e-02,1.108538952360486e-09
6.466442961017131e-02,1.108150549119459e-09
6.479222492560642e-02,1.107763028275924e-09
6.492002024104154e-02,1.107376386068163e-09
6.504781555647667e-02,1.106990618734459e-09
6.517561087191179e-02,1.106605722545020e-09
6.530340618734691e-02,1.106221693897758e-09
6.543120150278203e-02,1.105838529222517e-09
6.555899681821716e-02,1.105456224949139e-09
6.568679213365228e-02,1.105074777507469e-09
6.581458744908740e-02,1.104694183327350e-09
6.594238276452252e-02,1.104314438838624e-09
6.607017807995763e-02,1.103935540471134e-09
6.619797339539275e-02,1.103557484654726e-09
6.632576871082788e-02,1.103180267819240e-09
6.645356402626300e-02,1.102803886431065e-09
6.658135934169812e-02,1.102428337102767e-09
6.670915465713324e-02,1.102053616483457e-09
6.683694997256837e-02,1.101679721222249e-09
6.696474528800349e-02,1.101306647968252e-09
6.709254060343861e-02,1.100934393370582e-09
6.722033591887373e-02,1.100562954078348e-09
6.734813123430886e-02,1.100192326740663e-09
6.747592654974396e-02,1.099822508006639e-09
6.760372186517909e-02,1.099453494525389e-09
6.773151718061421e-02,1.099085282977623e-09
6.785931249604933e-02,1.098717870170436e-09
6.798710781148445e-02,1.098351252942523e-09
6.811490312691958e-02,1.097985428132575e-09
6.824269844235470e-02,1.097620392579284e-09
6.837049375778982e-02,1.097256143121343e-09
6.849828907322494e-02,1.096892676597445e-09
6.862608438866007e-02,1.096529989846280e-09
6.875387970409517e-02,1.096168079706542e-09
6.888167501953030e-02,1.095806943016924e-09
6.900947033496542e-02,1.095446576646809e-09
6.913726565040054e-02,1.095086977588362e-09
6.926506096583566e-02,1.094728142864447e-09
6.939285628127079e-02,1.094370069497929e-09
6.952065159670591e-02,1.094012754511671e-09
6.964844691214103e-02,1.093656194928538e-09
6.977624222757615e-02,1.093300387771393e-09
6.990403754301128e-02,1.092945330063101e-09
7.003183285844640e-02,1.092591018826526e-09
7.015962817388151e-02,1.092237451084531e-09
7.028742348931663e-02,1.091884623885346e-09
7.041521880475175e-02,1.091532534378663e-09
7.054301412018688e-02,1.091181179739539e-09
7.067080943562200e-02,1.090830557143034e-09
7.079860475105712e-02,1.090480663764206e-09
7.092640006649224e-02,1.090131496778115e-09
7.105419538192737e-02,1.089783053359818e-09
7.118199069736249e-02,1.089435330684375e-09
7.130978601279761e-02,1.089088325926843e-09
7.152277820518949e-02,1.088511572364749e-09
7.173577039758135e-02,1.087936792261042e-09
7.194876258997322e-02,1.087363973374587e-09
7.216175478236508e-02,1.086793103631715e-09
7.237474697475696e-02,1.086224170958754e-09
7.258773916714882e-02,1.085657163282034e-09
7.280073135954070e-02,1.085092068527885e-09
7.301372355193256e-02,1.084528874622637e-09
7.322671574432443e-02,1.083967569492619e-09
7.343970793671629e-02,1.083408141064160e-09
7.365270012910817e-02,1.082850577263591e-09
7.386569232150003e-02,1.082294866198032e-09
7.407868451389191e-02,1.081740996697773e-09
7.429167670628377e-02,1.081188957773889e-09
7.450466889867564e-02,1.080638738437462e-09
7.471766109106751e-02,1.080090327699569e-09
7.493065328345938e-02,1.079543714571289e-09
7.514364547585124e-02,1.078998888063701e-09
7.535663766824312e-02,1.078455837187884e-09
7.556962986063498e-02,1.077914550954916e-09
7.578262205302685e-02,1.077375018375876e-09
7.599561424541872e-02,1.076837228615025e-09
7.620860643781059e-02,1.076301171449338e-09
7.642159863020245e-02,1.075766836808965e-09
7.663459082259433e-02,1.075234214624053e-09
7.684758301498619e-02,1.074703294824752e-09
7.706057520737807e-02,1.074174067341210e-09
7.727356739976993e-02,1.073646522103577e-09
7.748655959216180e-02,1.073120649042000e-09
7.769955178455366e-02,1.072596438086630e-09
7.791254397694554e-02,1.072073879167613e-09
7.812553616933740e-02,1.071552962354529e-09
7.833852836172928e-02,1.071033678274640e-09
7.855152055412114e-02,1.070516017694623e-09
7.876451274651301e-02,1.069999971381153e-09
7.897750493890487e-02,1.069485530100907e-09
7.919049713129675e-02,1.068972684620561e-09
7.940348932368861e-02,1.068461425706792e-09
7.961648151608049e-02,1.067951744126275e-09
7.982947370847235e-02,1.067443630645688e-09
8.004246590086422e-02,1.066937076031706e-09
8.025545809325609e-02,1.066432071171815e-09
8.046845028564796e-02,1.065928607436774e-09
8.068144247803982e-02,1.065426676318161e-09
8.089443467043170e-02,1.064926269307558e-09
8.110742686282357e-02,1.064427377896545e-09
8.132041905521543e-02,1.063929993576704e-09
8.153341124760730e-02,1.063434107839615e-09
8.174640343999917e-02,1.062939712176859e-09
8.195939563239105e-02,1.062446798080016e-09
8.217238782478291e-02,1.061955357040668e-09
8.238538001717477e-02,1.061465380667089e-09
8.259837220956665e-02,1.060976861034347e-09
8.281136440195852e-02,1.060489790334210e-09
8.302435659435038e-02,1.060004160758448e-09
8.323734878674224e-02,1.059519964498829e-09
8.345034097913412e-02,1.059037193747122e-09
8.366333317152599e-02,1.058555840695096e-09
8.387632536391786e-02,1.058075897534520e-09
8.408931755630973e-02,1.057597356457162e-09
8.430230974870159e-02,1.057120209654792e-09
8.451530194109347e-02,1.056644449412499e-09
8.472829413348533e-02,1.056170068388660e-09
8.494128632587720e-02,1.055697059334975e-09
8.515427851826907e-02,1.055225415003141e-09
8.536727071066094e-02,1.054755128144858e-09
8.558026290305280e-02,1.054286191511825e-09
8.579325509544468e-02,1.053818597855740e-09
8.600624728783654e-02,1.053352339928302e-09
8.621923948022842e-02,1.052887410481210e-09
8.643223167262028e-02,1.052423802266162e-09
8.664522386501215e-02,1.051961508127625e-09
8.685821605740401e-02,1.051500521281126e-09
8.707120824979589e-02,1.051040835034956e-09
8.728420044218775e-02,1.050582442697405e-09
8.749719263457963e-02,1.050125337576764e-09
8.771018482697149e-02,1.049669512981322e-09
8.792317701936336e-02,1.049214962219371e-09
8.813616921175522e-02,1.048761678599201e-09
8.834916140414710e-02,1.048309655429102e-09
8.856215359653896e-02,1.047858886017364e-09
8.877514578893084e-02,1.047409363753730e-09
8.898813798132270e-02,1.046961082353731e-09
8.920113017371457e-02,1.046514035614339e-09
8.941412236610644e-02,1.046068217332530e-09
8.962711455849831e-02,1.045623621305276e-09
8.984010675089017e-02,1.045180241329553e-09
9.005309894328205e-02,1.044738071202334e-09
9.026609113567391e-02,1.044297104720592e-09
9.047908332806578e-02,1.043857335681302e-09
9.069207552045766e-02,1.043418757881438e-09
9.090506771284952e-02,1.042981365191090e-09
9.111805990524138e-02,1.042545151772829e-09
9.133105209763326e-02,1.042110111862354e-09
9.154404429002513e-02,1.041676239695362e-09
9.175703648241700e-02,1.041243529507551e-09
9.197002867480886e-02,1.040811975534617e-09
9.218302086720073e-02,1.040381572012259e-09
9.239601305959261e-02,1.039952313176175e-09
9.260900525198447e-02,1.039524193262060e-09
9.282199744437633e-02,1.039097206505614e-09
9.303498963676821e-02,1.038671347209573e-09
9.324798182916008e-02,1.038246609944837e-09
9.346097402155194e-02,1.037822989349354e-09
9.367396621394380e-02,1.037400480061067e-09
9.388695840633568e-02,1.036979076717923e-09
9.409995059872756e-02,1.036558773957868e-09
9.431294279111942e-02,1.036139566418846e-09
9.452593498351128e-02,1.035721448738803e-09
9.473892717590315e-02,1.035304415555684e-09
9.495191936829503e-02,1.034888461507436e-09
9.516491156068689e-02,1.034473581292936e-09
9.537790375307875e-02,1.034059769854794e-09
9.559089594547063e-02,1.033647022196555e-09
9.580388813786250e-02,1.033235333321763e-09
9.601688033025436e-02,1.032824698233962e-09
9.622987252264624e-02,1.032415111936696e-09
9.644286471503810e-02,1.032006569433510e-09
9.665585690742998e-02,1.031599065727948e-09
9.686884909982184e-02,1.031192595823553e-09
9.708184129221371e-02,1.030787154723870e-09
9.729483348460558e-02,1.030382737487919e-09
9.750782567699745e-02,1.029979339396619e-09
9.772081786938931e-02,1.029576955786360e-09
9.793381006178119e-02,1.029175581993536e-09
9.814680225417305e-02,1.028775213354538e-09
9.835979444656492e-02,1.028375845205758e-09
9.857278663895679e-02,1.027977472883588e-09
9.878577883134866e-02,1.027580091724421e-09
9.899877102374052e-02,1.027183697064648e-09
9.921176321613240e-02,1.026788284240661e-09
9.942475540852426e-02,1.026393848639613e-09
9.963774760091614e-02,1.026000385851695e-09
9.985073979330800e-02,1.025607891517854e-09
1.000637319857000e-01,1.025216361279035e-09
1.002767241780920e-01,1.024825790776185e-09
1.004897163704840e-01,1.024436175650253e-09
1.007027085628750e-01,1.024047511542185e-09
1.009157007552670e-01,1.023659794092925e-09
1.011286929476590e-01,1.023273018943421e-09
1.013416851400510e-01,1.022887181734621e-09
1.015546773324430e-01,1.022502278153940e-09
1.017676695248350e-01,1.022118304074714e-09
1.019806617172270e-01,1.021735255416765e-09
1.021936539096190e-01,1.021353128099917e-09
1.024066461020100e-01,1.020971918043994e-09
1.026196382944020e-01,1.020591621168818e-09
1.028326304867940e-01,1.020212233394213e-09
1.030456226791860e-01,1.019833750640003e-09
1.032586148715780e-01,1.019456168826010e-09
1.034716070639700e-01,1.019079483872059e-09
1.036845992563620e-01,1.018703691740652e-09
1.038975914487540e-01,1.018328788564990e-09
1.041105836411450e-01,1.017954770520945e-09
1.043235758335370e-01,1.017581633784385e-09
1.045365680259290e-01,1.017209374531184e-09
1.047495602183210e-01,1.016837988937212e-09
1.049625524107130e-01,1.016467473178342e-09
1.051755446031050e-01,1.016097823430443e-09
1.053885367954970e-01,1.015729035869387e-09
1.056015289878880e-01,1.015361106671047e-09
1.058145211802800e-01,1.014994032050415e-09
1.060275133726720e-01,1.014627808378923e-09
1.062405055650640e-01,1.014262432067093e-09
1.064534977574560e-01,1.013897899525447e-09
1.066664899498480e-01,1.013534207164507e-09
1.068794821422400e-01,1.013171351394795e-09
1.070924743346320e-01,1.012809328626833e-09
1.073054665270230e-01,1.012448135271145e-09
1.075184587194150e-01,1.012087767738250e-09
1.077314509118070e-01,1.011728222438671e-09
1.079444431041990e-01,1.011369495819365e-09
1.081574352965910e-01,1.011011584473120e-09
1.083704274889830e-01,1.010654485029209e-09
1.085834196813750e-01,1.010298194116907e-09
1.087964118737660e-01,1.009942708365487e-09
1.090094040661580e-01,1.009588024404219e-09
1.092223962585500e-01,1.009234138862378e-09
1.094353884509420e-01,1.008881048369237e-09
1.096483806433340e-01,1.008528749554070e-09
1.098613728357260e-01,1.008177239046150e-09
1.100743650281180e-01,1.007826513506579e-09
1.102873572205100e-01,1.007476569723831e-09
1.105003494129010e-01,1.007127404518234e-09
1.107133416052930e-01,1.006779014710112e-09
1.109263337976850e-01,1.006431397119793e-09
1.111393259900770e-01,1.006084548567605e-09
1.113523181824690e-01,1.005738465873875e-09
1.115653103748610e-01,1.005393145858929e-09
1.117783025672530e-01,1.005048585343095e-09
1.119912947596450e-01,1.004704781146700e-09
1.122042869520360e-01,1.004361730128187e-09
1.124172791444280e-01,1.004019429298459e-09
1.126302713368200e-01,1.003677875706545e-09
1.128432635292120e-01,1.003337066401474e-09
1.130562557216040e-01,1.002996998432270e-09
1.132692479139960e-01,1.002657668847963e-09
1.134822401063880e-01,1.002319074697579e-09
1.136952322987790e-01,1.001981213030146e-09
1.139082244911710e-01,1.001644080894689e-09
1.141212166835630e-01,1.001307675340236e-09
1.143342088759550e-01,1.000971993425268e-09
1.145472010683470e-01,1.000637032246067e-09
1.147601932607390e-01,1.000302788908367e-09
1.149731854531310e-01,9.999692605178980e-10
1.151861776455230e-01,9.996364441803935e-10
1.153991698379140e-01,9.993043370015862e-10
1.156121620303060e-01,9.989729360872055e-10
1.158251542226980e-01,9.986422385429851e-10
1.160381464150900e-01,9.983122414746563e-10
1.162511386074820e-01,9.979829419879522e-10
1.164641307998740e-01,9.976543372253722e-10
1.166771229922660e-01,9.973264244764100e-10
1.168901151846570e-01,9.969992010672887e-10
1.171031073770490e-01,9.966726643242274e-10
1.173160995694410e-01,9.963468115734485e-10
1.175290917618330e-01,9.960216401411742e-10
1.177420839542250e-01,9.956971473536260e-10
1.179550761466170e-01,9.953733305370257e-10
1.181680683390090e-01,9.950501870175949e-10
1.183810605314010e-01,9.947277141215553e-10
1.185940527237920e-01,9.944059092745364e-10
1.188070449161840e-01,9.940847703000092e-10
1.190200371085760e-01,9.937642951209662e-10
1.192330293009680e-01,9.934444816603983e-10
1.194460214933600e-01,9.931253278412970e-10
1.196590136857520e-01,9.928068315866527e-10
1.198720058781440e-01,9.924889908194570e-10
1.200849980705360e-01,9.921718034627003e-10
1.202979902629270e-01,9.918552674393753e-10
1.205109824553190e-01,9.915393806724703e-10
1.207239746477110e-01,9.912241407281401e-10
1.209369668401030e-01,9.909095437448365e-10
1.211499590324950e-01,9.905955855039972e-10
1.213629512248870e-01,9.902822617870604e-10
1.215759434172790e-01,9.899695683754636e-10
1.217889356096700e-01,9.896575010506465e-10
1.220019278020620e-01,9.893460555940437e-10
1.222149199944540e-01,9.890352277870950e-10
1.224279121868460e-01,9.887250134112377e-10
1.226409043792380e-01,9.884154082479103e-10
1.228538965716300e-01,9.881064095608744e-10
1.230668887640220e-01,9.877980205428217e-10
1.232798809564140e-01,9.874902458685858e-10
1.234928731488050e-01,9.871830902130009e-10
1.237058653411970e-01,9.868765582508976e-10
1.239188575335890e-01,9.865706546571100e-10
1.241318497259810e-01,9.862653841064716e-10
1.243448419183730e-01,9.859607512738156e-10
1.245578341107650e-01,9.856567608339746e-10
1.247708263031570e-01,9.853534174617823e-10
1.249838184955480e-01,9.850507203846534e-10
1.251968106879400e-01,9.847486470483935e-10
1.254098028803320e-01,9.844471694554271e-10
1.256227950727240e-01,9.841462596081780e-10
1.258357872651160e-01,9.838458895090693e-10
1.260487794575080e-01,9.835460311605248e-10
1.262617716499000e-01,9.832466565649678e-10
1.264747638422920e-01,9.829477377248214e-10
1.266877560346830e-01,9.826492466425114e-10
1.269007482270750e-01,9.823511553204573e-10
1.271137404194670e-01,9.820534561911142e-10
1.273267326118590e-01,9.817562233515599e-10
1.275397248042510e-01,9.814595513011651e-10
1.277527169966430e-01,9.811635345393004e-10
1.279657091890350e-01,9.808682675653371e-10
1.281787013814270e-01,9.805738448786457e-10
1.283916935738180e-01,9.802803609785983e-10
1.286046857662100e-01,9.799879103645634e-10
1.288176779586020e-01,9.796965875359127e-10
1.290306701509940e-01,9.794064869920172e-10
1.292436623433860e-01,9.791176271522453e-10
1.294566545357780e-01,9.788297219879826e-10
1.296696467281700e-01,9.785424093266152e-10
1.298826389205610e-01,9.782553269955288e-10
1.300956311129530e-01,9.779681128221059e-10
1.303086233053450e-01,9.776804046337330e-10
1.305216154977370e-01,9.773918402577954e-10
1.307346076901290e-01,9.771020575216779e-10
1.309475998825210e-01,9.768106942527655e-10
1.311605920749130e-01,9.765173882784434e-10
1.313735842673050e-01,9.762220615329481e-10
1.315865764596960e-01,9.759257725047820e-10
1.317995686520880e-01,9.756298638527296e-10
1.320125608444800e-01,9.753356782355787e-10
1.322255530368720e-01,9.750445583121159e-10
1.324385452292640e-01,9.747578467411284e-10
1.326515374216560e-01,9.744768861814021e-10
1.328645296140480e-01,9.742030192917246e-10
1.330775218064400e-01,9.739375887308819e-10
1.332905139988310e-01,9.736819371576623e-10
1.335035061912230e-01,9.734368315415880e-10
1.337164983836150e-01,9.732007365491362e-10
1.339294905760070e-01,9.729715413844981e-10
1.341424827683990e-01,9.727471352518651e-10
1.343554749607910e-01,9.725254073554272e-10
1.345684671531830e-01,9.723042468993765e-10
1.347814593455740e-01,9.720815430879046e-10
1.349944515379660e-01,9.718551851252006e-10
1.352074437303580e-01,9.716230622154568e-10
1.354204359227500e-01,9.713830635628640e-10
1.356334281151420e-01,9.711336517835533e-10
1.358464203075340e-01,9.708755819811853e-10
1.360594124999260e-01,9.706101820913930e-10
1.362724046923180e-01,9.703387800498088e-10
1.364853968847090e-01,9.700627037920667e-10
1.366983890771010e-01,9.697832812537966e-10
1.369113812694930e-01,9.695018403706323e-10
1.371243734618850e-01,9.692197090782067e-10
1.373373656542770e-01,9.689382153121523e-10
1.375503578466690e-01,9.686586870081018e-10
1.377633500390610e-01,9.683821713027750e-10
1.379763422314520e-01,9.681085914701719e-10
1.381893344238440e-01,9.678375896517386e-10
1.384023266162360e-01,9.675688079889263e-10
1.386153188086280e-01,9.673018886231849e-10
1.388283110010200e-01,9.670364736959633e-10
1.390413031934120e-01,9.667722053487116e-10
1.392542953858040e-01,9.665087257228794e-10
1.394672875781960e-01,9.662456769599161e-10
1.396802797705870e-01,9.659827012012723e-10
1.398932719629790e-01,9.657195158710820e-10
1.401062641553710e-01,9.654561396100415e-10
1.403192563477630e-01,9.651926663844456e-10
1.405322485401550e-01,9.649291901605891e-10
1.407452407325470e-01,9.646658049047667e-10
1.409582329249390e-01,9.644026045832735e-10
1.411712251173300e-01,9.641396831624051e-10
1.413842173097220e-01,9.638771346084540e-10
1.415972095021140e-01,9.636150528877166e-10
1.418102016945060e-01,9.633535319664871e-10
1.420231938868980e-01,9.630926456477851e-10
1.422361860792900e-01,9.628323870834527e-10
1.424491782716820e-01,9.625727292630194e-10
1.426621704640740e-01,9.623136451760141e-10
1.428751626564650e-01,9.620551078119671e-10
1.430881548488570e-01,9.617970901604054e-10
1.433011470412490e-01,9.615395652108595e-10
1.435141392336410e-01,9.612825059528582e-10
1.437271314260330e-01,9.610258853759310e-10
1.439401236184250e-01,9.607696764696070e-10
1.441531158108170e-01,9.605138576416124e-10
1.443661080032090e-01,9.602584289652520e-10
1.445791001956000e-01,9.600033959284264e-10
1.447920923879920e-01,9.597487640190309e-10
1.450050845803840e-01,9.594945387249657e-10
1.452180767727760e-01,9.592407255341290e-10
1.454310689651680e-01,9.589873299344196e-10
1.456440611575600e-01,9.587343574137359e-10
1.458570533499520e-01,9.584818134599763e-10
1.460700455423430e-01,9.582297035610405e-10
1.462830377347350e-01,9.579780317662880e-10
1.464960299271270e-01,9.577267963746233e-10
1.467090221195190e-01,9.574759942482576e-10
1.469220143119110e-01,9.572256222494018e-10
1.471350065043030e-01,9.569756772402671e-10
1.473479986966950e-01,9.567261560830646e-10
1.475609908890870e-01,9.564770556400052e-10
1.477739830814780e-01,9.562283727733012e-10
1.479869752738700e-01,9.559801043451610e-10
1.481999674662620e-01,9.557322472177973e-10
1.484129596586540e-01,9.554847986489876e-10
1.486259518510460e-01,9.552377574795011e-10
1.488389440434380e-01,9.549911229460369e-10
1.490519362358300e-01,9.547448942852938e-10
1.492649284282220e-01,9.544990707339701e-10
1.494779206206130e-01,9.542536515287663e-10
1.496909128130050e-01,9.540086359063785e-10
1.499039050053970e-01,9.537640231035065e-10
1.501168971977890e-01,9.535198123568495e-10
1.503298893901810e-01,9.532760029031060e-10
1.505428815825730e-01,9.530325938909074e-10
1.507558737749650e-01,9.527895841165638e-10
1.509688659673560e-01,9.525469722882917e-10
1.511818581597480e-01,9.523047571143056e-10
1.513948503521400e-01,9.520629373028221e-10
1.516078425445320e-01,9.518215115620576e-10
1.518208347369240e-01,9.515804786002282e-10
1.520338269293160e-01,9.513398371255499e-10
1.522468191217080e-01,9.510995858462383e-10
1.524598113141000e-01,9.508597234705102e-10
1.526728035064910e-01,9.506202487141443e-10
1.528857956988830e-01,9.503811603231598e-10
1.530987878912750e-01,9.501424570511394e-10
1.533117800836670e-01,9.499041376516636e-10
1.535247722760590e-01,9.496662008783137e-10
1.537377644684510e-01,9.494286454846709e-10
1.539507566608430e-01,9.491914702243163e-10
1.541637488532340e-01,9.489546738508318e-10
1.543767410456260e-01,9.487182551177965e-10
1.545897332380180e-01,9.484822127787926e-10
1.548027254304100e-01,9.482465456635404e-10
1.550157176228020e-01,9.480112529061759e-10
1.552287098151940e-01,9.477763337169026e-10
1.554417020075860e-01,9.475417873059244e-10
1.556546941999780e-01,9.473076128834453e-10
1.558676863923690e-01,9.470738096596701e-10
1.560806785847610e-01,9.468403768448003e-10
1.562936707771530e-01,9.466073136490412e-10
1.565066629695450e-01,9.463746192825962e-10
1.567196551619370e-01,9.461422929556694e-10
1.569326473543290e-01,9.459103337822099e-10
1.571456395467210e-01,9.456787404909033e-10
1.573586317391130e-01,9.454475117140598e-10
1.575716239315040e-01,9.452166460839896e-10
1.577846161238960e-01,9.449861422330004e-10
1.579976083162880e-01,9.447559987934025e-10
1.582106005086800e-01,9.445262143975061e-10
1.584235927010720e-01,9.442967876776200e-10
1.586365848934640e-01,9.440677172660546e-10
1.588495770858560e-01,9.438390017951188e-10
1.590625692782470e-01,9.436106399846740e-10
1.592755614706390e-01,9.433826309048932e-10
1.594885536630310e-01,9.431549737135589e-10
1.597015458554230e-01,9.429276675684539e-10
1.599145380478150e-01,9.427007116273593e-10
1.601275302402070e-01,9.424741050480577e-10
1.603405224325990e-01,9.422478469883304e-10
1.605535146249910e-01,9.420219366059601e-10
1.607665068173820e-01,9.417963730587294e-10
1.609794990097740e-01,9.415711555044180e-10
1.611924912021660e-01,9.413462830736119e-10
1.614054833945580e-01,9.411217547881061e-10
1.616184755869500e-01,9.408975696424967e-10
1.618314677793420e-01,9.406737266313811e-10
1.620444599717340e-01,9.404502247493554e-10
1.622574521641260e-01,9.402270629910168e-10
1.624704443565170e-01,9.400042403509623e-10
1.626834365489090e-01,9.397817558237876e-10
1.628964287413010e-01,9.395596084040898e-10
1.631094209336930e-01,9.393377970864659e-10
1.633224131260850e-01,9.391163208810947e-10
1.635354053184770e-01,9.388951788604689e-10
1.637483975108690e-01,9.386743701126530e-10
1.639613897032600e-01,9.384538937257133e-10
1.641743818956520e-01,9.382337487877128e-10
1.643873740880440e-01,9.380139343867180e-10
1.646003662804360e-01,9.377944496107938e-10
1.648133584728280e-01,9.375752935480060e-10
1.650263506652200e-01,9.373564652864190e-10
1.652393428576120e-01,9.371379639140985e-10
1.654523350500040e-01,9.369197885228002e-10
1.656653272423950e-01,9.367019382190378e-10
1.658783194347870e-01,9.364844121130075e-10
1.660913116271790e-01,9.362672093149086e-10
1.663043038195710e-01,9.360503289349401e-10
1.665172960119630e-01,9.358337700833005e-10
1.667302882043550e-01,9.356175318701880e-10
1.669432803967470e-01,9.354016134058016e-10
1.671562725891380e-01,9.351860138003411e-10
1.673692647815300e-01,9.349707321640022e-10
1.675822569739220e-01,9.347557676134267e-10
1.677952491663140e-01,9.345411192910344e-10
1.680082413587060e-01,9.343267863456926e-10
1.682212335510980e-01,9.341127679262691e-10
1.684342257434900e-01,9.338990631816319e-10
1.686472179358820e-01,9.336856712606481e-10
1.688602101282730e-01,9.334725913121866e-10
1.690732023206650e-01,9.332598224851132e-10
1.692861945130570e-01,9.330473639282963e-10
1.694991867054490e-01,9.328352147906039e-10
1.697121788978410e-01,9.326233742262460e-10
1.699251710902330e-01,9.324118414108062e-10
1.701381632826250e-01,9.322006155252124e-10
1.703511554750170e-01,9.319896957503934e-10
1.705641476674080e-01,9.317790812672780e-10
1.707771398598000e-01,9.315687712567920e-10
1.709901320521920e-01,9.313587648998652e-10
1.712031242445840e-01,9.311490613774252e-10
1.714161164369760e-01,9.309396598704003e-10
1.716291086293680e-01,9.307305595597186e-10
1.718421008217600e-01,9.305217596316110e-10
1.720550930141510e-01,9.303132592935165e-10
1.722680852065430e-01,9.301050577581725e-10
1.724810773989350e-01,9.298971542383196e-10
1.726940695913270e-01,9.296895479466971e-10
1.729070617837190e-01,9.294822380960446e-10
1.731200539761110e-01,9.292752238991017e-10
1.733330461685030e-01,9.290685045686075e-10
1.735460383608950e-01,9.288620793173016e-10
1.737590305532860e-01,9.286559473579245e-10
1.739720227456780e-01,9.284501079081617e-10
1.741850149380700e-01,9.282445602054867e-10
1.743980071304620e-01,9.280393034923156e-10
1.746109993228540e-01,9.278343370110646e-10
1.748239915152460e-01,9.276296600041500e-10
1.750369837076380e-01,9.274252717139879e-10
1.752499759000290e-01,9.272211713829956e-10
1.754629680924210e-01,9.270173582535871e-10
1.756759602848130e-01,9.268138315681799e-10
1.758889524772050e-01,9.266105905691902e-10
1.761019446695970e-01,9.264076345037590e-10
1.763149368619890e-01,9.262049626379395e-10
1.765279290543810e-01,9.260025742425164e-10
1.767409212467730e-01,9.258004685882740e-10
1.769539134391640e-01,9.255986449459977e-10
1.771669056315560e-01,9.253971025864704e-10
1.773798978239480e-01,9.251958407804772e-10
1.775928900163400e-01,9.249948587988029e-10
1.778058822087320e-01,9.247941559122319e-10
1.780188744011240e-01,9.245937313915486e-10
1.782318665935160e-01,9.243935845120286e-10
1.784448587859070e-01,9.241937145669189e-10
1.786578509782990e-01,9.239941208539581e-10
1.788708431706910e-01,9.237948026708875e-10
1.790838353630830e-01,9.235957593154471e-10
1.792968275554750e-01,9.233969900853777e-10
1.795098197478670e-01,9.231984942784197e-10
1.797228119402590e-01,9.230002711923133e-10
1.799358041326510e-01,9.228023201247990e-10
1.801487963250420e-01,9.226046403736177e-10
1.803617885174340e-01,9.224072312407870e-10
1.805747807098260e-01,9.222100920454409e-10
1.807877729022180e-01,9.220132221109921e-10
1.810007650946100e-01,9.218166207608530e-10
1.812137572870020e-01,9.216202873184358e-10
1.814267494793940e-01,9.214242211071533e-10
1.816397416717860e-01,9.212284214504179e-10
1.818527338641770e-01,9.210328876716428e-10
1.820657260565690e-01,9.208376190942388e-10
1.822787182489610e-01,9.206426150416194e-10
1.824917104413530e-01,9.204478748412743e-10
1.827047026337450e-01,9.202533978369992e-10
1.829176948261370e-01,9.200591833766656e-10
1.831306870185290e-01,9.198652308081446e-10
1.833436792109200e-01,9.196715394793084e-10
1.835566714033120e-01,9.194781087380264e-10
1.837696635957040e-01,9.192849379321708e-10
1.839826557880960e-01,9.190920264096128e-10
1.841956479804880e-01,9.188993735182234e-10
1.844086401728800e-01,9.187069786058743e-10
1.846216323652720e-01,9.185148410243238e-10
1.848346245576640e-01,9.183229601408730e-10
1.850476167500550e-01,9.181313353267064e-10
1.852606089424470e-01,9.179399659530065e-10
1.854736011348390e-01,9.177488513909575e-10
1.856865933272310e-01,9.175579910117437e-10
1.858995855196230e-01,9.173673841865490e-10
1.861125777120150e-01,9.171770302865569e-10
1.863255699044070e-01,9.169869286829518e-10
1.865385620967990e-01,9.167970787469173e-10
1.867515542891900e-01,9.166074798533377e-10
1.869645464815820e-01,9.164181313919010e-10
1.871775386739740e-01,9.162290327560007e-10
1.873905308663660e-01,9.160401833390303e-10
1.876035230587580e-01,9.158515825343827e-10
1.878165152511500e-01,9.156632297354509e-10
1.880295074435420e-01,9.154751243356278e-10
1.882424996359330e-01,9.152872657283077e-10
1.884554918283250e-01,9.150996533068816e-10
1.886684840207170e-01,9.149122864647435e-10
1.888814762131090e-01,9.147251645988232e-10
1.890944684055010e-01,9.145382871202010e-10
1.893074605978930e-01,9.143516534434956e-10
1.895204527902850e-01,9.141652629833255e-10
1.897334449826770e-01,9.139791151543096e-10
1.899464371750680e-01,9.137932093710673e-10
1.901594293674600e-01,9.136075450482154e-10
1.903724215598520e-01,9.134221216003736e-10
1.905854137522440e-01,9.132369384421604e-10
1.907984059446360e-01,9.130519949881946e-10
1.910113981370280e-01,9.128672906564670e-10
1.912243903294200e-01,9.126828248784539e-10
1.914373825218110e-01,9.124985970890057e-10
1.916503747142030e-01,9.123146067229685e-10
1.918633669065950e-01,9.121308532151916e-10
1.920763590989870e-01,9.119473360005239e-10
1.922893512913790e-01,9.117640545138135e-10
1.925023434837710e-01,9.115810081899089e-10
1.927153356761630e-01,9.113981964636589e-10
1.929283278685550e-01,9.112156187699116e-10
1.931413200609460e-01,9.110332745467362e-10
1.933543122533380e-01,9.108511632450725e-10
1.935673044457300e-01,9.106692843190800e-10
1.937802966381220e-01,9.104876372229172e-10
1.939932888305140e-01,9.103062214107430e-10
1.942062810229060e-01,9.101250363367161e-10
1.944192732152980e-01,9.099440814549948e-10
1.946322654076900e-01,9.097633562197382e-10
1.948452576000810e-01,9.095828600851054e-10
1.950582497924730e-01,9.094025925052538e-10
1.952712419848650e-01,9.092225529374378e-10
1.954842341772570e-01,9.090427408512846e-10
1.956972263696490e-01,9.088631557195118e-10
1.959102185620410e-01,9.086837970148374e-10
1.961232107544330e-01,9.085046642099789e-10
1.963362029468240e-01,9.083257567776553e-10
1.965491951392160e-01,9.081470741905828e-10
1.967621873316080e-01,9.079686159214797e-10
1.969751795240000e-01,9.077903814430640e-10
1.971881717163920e-01,9.076123702280536e-10
1.974011639087840e-01,9.074345817520479e-10
1.976141561011760e-01,9.072570155021769e-10
1.978271482935680e-01,9.070796709684545e-10
1.980401404859590e-01,9.069025476408957e-10
1.982531326783510e-01,9.067256450095123e-10
1.984661248707430e-01,9.065489625643197e-10
1.986791170631350e-01,9.063724997953313e-10
1.988921092555270e-01,9.061962561925615e-10
1.991051014479190e-01,9.060202312460239e-10
1.993180936403110e-01,9.058444244457325e-10
1.995310858327020e-01,9.056688352847385e-10
1.997440780250940e-01,9.054934632682378e-10
1.999570702174860e-01,9.053183079044654e-10
2.001700624098780e-01,9.051433687016553e-10
2.003830546022700e-01,9.049686451680425e-10
2.005960467946620e-01,9.047941368118605e-10
2.008090389870540e-01,9.046198431413441e-10
2.010220311794460e-01,9.044457636647276e-10
2.012350233718370e-01,9.042718978902461e-10
2.014480155642290e-01,9.040982453261321e-10
2.016610077566210e-01,9.039248054823194e-10
2.018739999490130e-01,9.037515778755322e-10
2.020869921414050e-01,9.035785620241932e-10
2.022999843337970e-01,9.034057574467245e-10
2.025129765261890e-01,9.032331636615483e-10
2.027259687185810e-01,9.030607801870869e-10
2.029389609109720e-01,9.028886065417636e-10
2.031519531033640e-01,9.027166422439987e-10
2.033649452957560e-01,9.025448868122153e-10
2.035779374881480e-01,9.023733397648362e-10
2.037909296805400e-01,9.022020006277166e-10
2.040039218729320e-01,9.020308689564311e-10
2.042169140653240e-01,9.018599443139798e-10
2.044299062577150e-01,9.016892262633638e-10
2.046428984501070e-01,9.015187143675815e-10
2.048558906424990e-01,9.013484081896334e-10
2.050688828348910e-01,9.011783072925202e-10
2.052818750272830e-01,9.010084112392417e-10
2.054948672196750e-01,9.008387195927980e-10
2.057078594120670e-01,9.006692319161892e-10
2.059208516044590e-01,9.004999477576943e-10
2.061338437968500e-01,9.003308666066744e-10
2.063468359892420e-01,9.001619879377502e-10
2.065598281816340e-01,8.999933112255452e-10
2.067728203740260e-01,8.998248359446813e-10
2.069858125664180e-01,8.996565615697810e-10
2.071988047588100e-01,8.994884875754667e-10
2.074117969512020e-01,8.993206134363608e-10
2.076247891435940e-01,8.991529386270855e-10
2.078377813359850e-01,8.989854626222639e-10
2.080507735283770e-01,8.988181849340081e-10
2.082637657207690e-01,8.986511052244362e-10
2.084767579131610e-01,8.984842231931761e-10
2.086897501055530e-01,8.983175385398563e-10
2.089027422979450e-01,8.981510509641049e-10
2.091157344903370e-01,8.979847601655500e-10
2.093287266827280e-01,8.978186658438205e-10
2.095417188751200e-01,8.976527676985433e-10
2.097547110675120e-01,8.974870654293471e-10
2.099677032599040e-01,8.973215587358604e-10
2.101806954522960e-01,8.971562472833726e-10
2.103936876446880e-01,8.969911305998278e-10
2.106066798370800e-01,8.968262081788345e-10
2.108196720294720e-01,8.966614795140011e-10
2.110326642218630e-01,8.964969440989371e-10
2.112456564142550e-01,8.963326014272493e-10
2.114586486066470e-01,8.961684509925474e-10
2.116716407990390e-01,8.960044922884395e-10
2.118846329914310e-01,8.958407248085345e-10
2.120976251838230e-01,8.956771480464410e-10
2.123106173762150e-01,8.955137615084440e-10
2.125236095686060e-01,8.953505647515195e-10
2.127366017609980e-01,8.951875573453080e-10
2.129495939533900e-01,8.950247388594529e-10
2.131625861457820e-01,8.948621088635967e-10
2.133755783381740e-01,8.946996669273818e-10
2.135885705305660e-01,8.945374126204509e-10
2.138015627229580e-01,8.943753455124463e-10
2.140145549153500e-01,8.942134651730105e-10
2.142275471077410e-01,8.940517711717869e-10
2.144405393001330e-01,8.938902630962134e-10
2.146535314925250e-01,8.937289406048700e-10
2.148665236849170e-01,8.935678033741099e-10
2.150795158773090e-01,8.934068510802858e-10
2.152925080697010e-01,8.932460833997508e-10
2.155055002620930e-01,8.930855000088576e-10
2.157184924544850e-01,8.929251005839590e-10
2.159314846468760e-01,8.927648848014091e-10
2.161444768392680e-01,8.926048523375586e-10
2.163574690316600e-01,8.924450028687616e-10
2.165704612240520e-01,8.922853360554959e-10
2.167834534164440e-01,8.921258514947119e-10
2.169964456088360e-01,8.919665487674711e-10
2.172094378012280e-01,8.918074274548351e-10
2.174224299936190e-01,8.916484871378663e-10
2.176354221860110e-01,8.914897273976245e-10
2.178484143784030e-01,8.913311478151724e-10
2.180614065707950e-01,8.911727479715712e-10
2.182743987631870e-01,8.910145274478829e-10
2.184873909555790e-01,8.908564858251688e-10
2.187003831479710e-01,8.906986226944645e-10
2.189133753403630e-01,8.905409376867081e-10
2.191263675327540e-01,8.903834304428145e-10
2.193393597251460e-01,8.902261006036969e-10
2.195523519175380e-01,8.900689478102703e-10
2.197653441099300e-01,8.899119717034493e-10
2.199783363023220e-01,8.897551719241484e-10
2.201913284947140e-01,8.895985481132818e-10
2.204043206871060e-01,8.894420999117643e-10
2.206173128794970e-01,8.892858269605109e-10
2.208303050718890e-01,8.891297288999074e-10
2.210432972642810e-01,8.889738053682347e-10
2.212562894566730e-01,8.888180560032454e-10
2.214692816490650e-01,8.886624804426924e-10
2.216822738414570e-01,8.885070783243286e-10
2.218952660338490e-01,8.883518492859071e-10
2.221082582262410e-01,8.881967929651806e-10
2.223212504186320e-01,8.880419089999025e-10
2.225342426110240e-01,8.878871970278246e-10
2.227472348034160e-01,8.877326566867005e-10
2.229602269958080e-01,8.875782876174978e-10
2.231732191882000e-01,8.874240894740387e-10
2.233862113805920e-01,8.872700619133567e-10
2.235992035729840e-01,8.871162045924853e-10
2.238121957653760e-01,8.869625171684586e-10
2.240251879577670e-01,8.868089992983107e-10
2.242381801501590e-01,8.866556506390740e-10
2.244511723425510e-01,8.865024708477827e-10
2.246641645349430e-01,8.863494595814709e-10
2.248771567273350e-01,8.861966164971719e-10
2.250901489197270e-01,8.860439412502421e-10
2.253031411121190e-01,8.858914334893244e-10
2.255161333045100e-01,8.857390928613829e-10
2.257291254969020e-01,8.855869190133795e-10
2.259421176892940e-01,8.854349115922782e-10
2.261551098816860e-01,8.852830702450423e-10
2.263681020740780e-01,8.851313946186354e-10
2.265810942664700e-01,8.849798843600211e-10
2.267940864588620e-01,8.848285391161622e-10
2.270070786512540e-01,8.846773585340225e-10
2.272200708436450e-01,8.845263422742928e-10
2.274330630360370e-01,8.843754900525866e-10
2.276460552284290e-01,8.842248015982544e-10
2.278590474208210e-01,8.840742766406464e-10
2.280720396132130e-01,8.839239149091122e-10
2.282850318056050e-01,8.837737161330022e-10
2.284980239979970e-01,8.836236800416659e-10
2.287110161903880e-01,8.834738063644542e-10
2.289240083827800e-01,8.833240948307157e-10
2.291370005751720e-01,8.831745451698010e-10
2.293499927675640e-01,8.830251570676321e-10
2.295629849599560e-01,8.828759300364213e-10
2.297759771523480e-01,8.827268635449539e-10
2.299889693447400e-01,8.825779570620152e-10
2.302019615371320e-01,8.824292100563901e-10
2.304149537295230e-01,8.822806219968643e-10
2.306279459219150e-01,8.821321923522218e-10
2.308409381143070e-01,8.819839205912486e-10
2.310539303066990e-01,8.818358061827296e-10
2.312669224990910e-01,8.816878485954501e-10
2.314799146914830e-01,8.815400474677115e-10
2.316929068838750e-01,8.813924031156653e-10
2.319058990762670e-01,8.812449160248718e-10
2.321188912686580e-01,8.810975866808924e-10
2.323318834610500e-01,8.809504155692861e-10
2.325448756534420e-01,8.808034031756138e-10
2.327578678458340e-01,8.806565499854363e-10
2.329708600382260e-01,8.805098564843136e-10
2.331838522306180e-01,8.803633231578064e-10
2.333968444230100e-01,8.802169504914749e-10
2.336098366154010e-01,8.800707383452540e-10
2.338228288077930e-01,8.799246840781349e-10
2.340358210001850e-01,8.797787844242676e-10
2.342488131925770e-01,8.796330361178004e-10
2.344618053849690e-01,8.794874358928826e-10
2.346747975773610e-01,8.793419804836630e-10
2.348877897697530e-01,8.791966666242904e-10
2.351007819621450e-01,8.790514910489134e-10
2.353137741545360e-01,8.789064504916820e-10
2.355267663469280e-01,8.787615416867433e-10
2.357397585393200e-01,8.786167637074587e-10
2.359527507317120e-01,8.784721249884735e-10
2.361657429241040e-01,8.783276363058622e-10
2.363787351164960e-01,8.781833084357003e-10
2.365917273088880e-01,8.780391521540631e-10
2.368047195012800e-01,8.778951782370256e-10
2.370177116936710e-01,8.777513974606641e-10
2.372307038860630e-01,8.776078206010519e-10
2.374436960784550e-01,8.774644584342655e-10
2.376566882708470e-01,8.773213217363797e-10
2.378696804632390e-01,8.771784125571752e-10
2.380826726556310e-01,8.770356980354872e-10
2.382956648480230e-01,8.768931365809720e-10
2.385086570404140e-01,8.767506866032871e-10
2.387216492328060e-01,8.766083065120875e-10
2.389346414251980e-01,8.764659547170308e-10
2.391476336175900e-01,8.763235896277735e-10
2.393606258099820e-01,8.761811696539721e-10
2.395736180023740e-01,8.760386532052833e-10
2.397866101947660e-01,8.758959986913636e-10
2.399996023871580e-01,8.757531971053107e-10
2.402125945795490e-01,8.756103697552730e-10
2.404255867719410e-01,8.754676705234806e-10
2.406385789643330e-01,8.753252532921671e-10
2.408515711567250e-01,8.751832719435643e-10
2.410645633491170e-01,8.750418803599044e-10
2.412775555415090e-01,8.749012324234198e-10
2.414905477339010e-01,8.747614820163427e-10
2.417035399262920e-01,8.746227830209058e-10
2.419165321186840e-01,8.744852893193399e-10
2.421295243110760e-01,8.743490331655429e-10
2.423425165034680e-01,8.742135605201148e-10
2.425555086958600e-01,8.740782958253186e-10
2.427685008882520e-01,8.739426635234171e-10
2.429814930806440e-01,8.738060880566729e-10
2.431944852730360e-01,8.736679938673490e-10
2.434074774654270e-01,8.735278053977087e-10
2.436204696578190e-01,8.733849470900136e-10
2.438334618502110e-01,8.732388433865269e-10
2.440464540426030e-01,8.730889187295118e-10
2.442594462349950e-01,8.729350510060496e-10
2.444724384273870e-01,8.727789330569576e-10
2.446854306197790e-01,8.726227117552918e-10
2.448984228121710e-01,8.724685339741080e-10
2.451114150045620e-01,8.723185465864628e-10
2.453244071969540e-01,8.721748964654108e-10
2.455373993893460e-01,8.720397304840087e-10
2.457503915817380e-01,8.719151955153121e-10
2.459633837741300e-01,8.718034384323771e-10
2.461763759665220e-01,8.717066061082597e-10
2.463893681589140e-01,8.716251525917818e-10
2.466023603513050e-01,8.715527583422770e-10
2.468153525436970e-01,8.714814098483724e-10
2.470283447360890e-01,8.714030935986967e-10
2.472413369284810e-01,8.713097960818783e-10
2.474543291208730e-01,8.711935037865449e-10
2.476673213132650e-01,8.710462032013250e-10
2.478803135056570e-01,8.708598808148465e-10
2.480933056980490e-01,8.706265231157377e-10
2.483062978904400e-01,8.703381165926282e-10
2.485192900828320e-01,8.699929674061929e-10
2.487322822752240e-01,8.696146611564287e-10
2.489452744676160e-01,8.692331034909481e-10
2.491582666600080e-01,8.688782000573630e-10
2.493712588524000e-01,8.685798565032850e-10
2.495842510447920e-01,8.683679784763266e-10
2.497972432371830e-01,8.682724716240994e-10
2.500102354295750e-01,8.683232415942149e-10
2.502232276219670e-01,8.685501940342854e-10
2.504362198143590e-01,8.689832345919228e-10
2.506492120067510e-01,8.696286762964675e-10
2.508622041991430e-01,8.703984880379450e-10
2.510751963915350e-01,8.711810592531601e-10
2.512881885839270e-01,8.718647793789175e-10
2.515011807763180e-01,8.723380378520204e-10
2.517141729687100e-01,8.724892241092778e-10
2.519271651611020e-01,8.722067275874922e-10
2.521401573534940e-01,8.713789377234677e-10
2.523531495458860e-01,8.698942439540092e-10
2.525661417382780e-01,8.676410357159217e-10
2.527791339306700e-01,8.645957740367143e-10
2.529921261230620e-01,8.610869992638480e-10
2.532051183154530e-01,8.575312198444912e-10
2.534181105078450e-01,8.543449442257616e-10
2.536311027002370e-01,8.519446808548286e-10
2.538440948926290e-01,8.507469381788424e-10
2.540570870850210e-01,8.511682246449564e-10
2.542700792774130e-01,8.536250487003227e-10
2.544830714698050e-01,8.585339187920914e-10
2.546960636621960e-01,8.663113433673741e-10
2.549090558545880e-01,8.770454938369940e-10
2.551220480469800e-01,8.895105210977259e-10
2.553350402393720e-01,9.021519027397504e-10
2.555480324317640e-01,9.134151163532520e-10
2.557610246241560e-01,9.217456395284088e-10
2.559740168165480e-01,9.255889498554014e-10
2.561870090089400e-01,9.233905249244111e-10
2.564000012013310e-01,9.135958423256850e-10
2.566129933937230e-01,8.946503796493122e-10
2.568259855861150e-01,8.649996144855065e-10
2.570389777785070e-01,8.237612312134306e-10
2.572519699708990e-01,7.727422873089459e-10
2.574649621632910e-01,7.144223200350501e-10
2.576779543556830e-01,6.512808666547581e-10
2.578909465480740e-01,5.857974644313812e-10
2.581039387404660e-01,5.204516506272625e-10
2.583169309328580e-01,4.577229625057164e-10
2.585299231252500e-01,4.000909373297393e-10
2.587429153176420e-01,3.500351123623347e-10
2.589559075100340e-01,3.100350248664833e-10
2.591688997024260e-01,2.818941785829527e-10
2.593818918948180e-01,2.647122291890361e-10
2.595948840872090e-01,2.569129418449774e-10
2.598078762796010e-01,2.569200817109439e-10
2.600208684719930e-01,2.631574139472269e-10
2.602338606643850e-01,2.740487037140521e-10
2.604468528567770e-01,2.880177161716588e-10
2.606598450491690e-01,3.034882164802761e-10
2.608728372415610e-01,3.188839698001379e-10
2.610858294339530e-01,3.326287412914682e-10
2.612988216263440e-01,3.434792087555612e-10
2.615118138187360e-01,3.515231485997325e-10
2.617248060111280e-01,3.571809739501922e-10
2.619377982035200e-01,3.608730979332064e-10
2.621507903959120e-01,3.630199336750449e-10
2.623637825883040e-01,3.640418943019726e-10
2.625767747806960e-01,3.643593929402572e-10
2.627897669730870e-01,3.643928427161655e-10
2.630027591654790e-01,3.645626567559633e-10
2.632157513578710e-01,3.652892481859173e-10
2.634287435502630e-01,3.669038602675749e-10
2.636417357426550e-01,3.693808123496646e-10
2.638547279350470e-01,3.726051316473482e-10
2.640677201274390e-01,3.764618453757854e-10
2.642807123198310e-01,3.808359807501357e-10
2.644937045122220e-01,3.856125649855349e-10
2.647066967046140e-01,3.906766252971908e-10
2.649196888970060e-01,3.959131889002394e-10
2.651326810893980e-01,4.012072830098410e-10
2.653456732817900e-01,4.064439348411541e-10
2.655586654741820e-01,4.115320252776539e-10
2.657716576665740e-01,4.164758857898935e-10
2.659846498589660e-01,4.213037194770398e-10
2.661976420513570e-01,4.260437294382360e-10
2.664106342437490e-01,4.307241187726944e-10
2.666236264361410e-01,4.353730905795580e-10
2.668366186285330e-01,4.400188479579920e-10
2.670496108209250e-01,4.446895940071642e-10
2.672626030133170e-01,4.494135318262400e-10
2.674755952057090e-01,4.542188645143854e-10
2.676885873981000e-01,4.591273698018044e-10
2.679015795904920e-01,4.641351222074025e-10
2.681145717828840e-01,4.692317700132363e-10
2.683275639752760e-01,4.744069615013839e-10
2.685405561676680e-01,4.796503449539244e-10
2.687535483600600e-01,4.849515686529405e-10
2.689665405524520e-01,4.903002808805117e-10
2.691795327448440e-01,4.956861299187155e-10
2.693925249372350e-01,5.010987640496065e-10
2.696055171296270e-01,5.065278315553174e-10
2.698185093220190e-01,5.119647027975000e-10
2.700315015144110e-01,5.174076347944752e-10
2.702444937068030e-01,5.228566058133856e-10
2.704574858991950e-01,5.283115941213764e-10
2.706704780915870e-01,5.337725779855900e-10
2.708834702839780e-01,5.392395356731450e-10
2.710964624763700e-01,5.447124454512333e-10
2.713094546687620e-01,5.501912855869767e-10
2.715224468611540e-01,5.556760343475169e-10
2.717354390535460e-01,5.611666699999983e-10
2.719484312459380e-01,5.666626824837464e-10
2.721614234383300e-01,5.721616095009989e-10
2.723744156307220e-01,5.776605009631071e-10
2.725874078231130e-01,5.831564067813981e-10
2.728004000155050e-01,5.886463768672744e-10
2.730133922078970e-01,5.941274611320652e-10
2.732263844002890e-01,5.995967094871225e-10
2.734393765926810e-01,6.050511718437985e-10
2.736523687850730e-01,6.104878981134456e-10
2.738653609774650e-01,6.159039382074180e-10
2.740783531698570e-01,6.212966334313694e-10
2.742913453622480e-01,6.266644913089527e-10
2.745043375546400e-01,6.320063110786971e-10
2.747173297470320e-01,6.373208919790534e-10
2.749303219394240e-01,6.426070332484985e-10
2.751433141318160e-01,6.478635341255086e-10
2.753563063242080e-01,6.530891938485622e-10
2.755692985166000e-01,6.582828116561356e-10
2.757822907089910e-01,6.634431867866820e-10
2.759952829013830e-01,6.685691184787243e-10
2.762082750937750e-01,6.736588700936237e-10
2.764212672861670e-01,6.787085609680817e-10
2.766342594785590e-01,6.837137743035302e-10
2.768472516709510e-01,6.886700933013993e-10
2.770602438633430e-01,6.935731011631239e-10
2.772732360557350e-01,6.984183810901321e-10
2.774862282481260e-01,7.032015162838336e-10
2.776992204405180e-01,7.079180899457044e-10
2.779122126329100e-01,7.125636852771544e-10
2.781252048253020e-01,7.171338854796140e-10
2.783381970176940e-01,7.216263402388678e-10
2.785511892100860e-01,7.260469646163411e-10
