7.791356504680618e-06,2.184775148596720e-09
8.610780621332552e-06,2.170990182903112e-09
9.516384324626089e-06,2.157199042348834e-09
1.051723120080771e-05,2.143401946137603e-09
1.162333806181051e-05,2.129599088408423e-09
1.284577519687474e-05,2.115788397923618e-09
1.419677716772344e-05,2.101969573361333e-09
1.568986525616830e-05,2.088141975760298e-09
1.733998278964274e-05,2.074304349789365e-09
1.916364469904539e-05,2.060456211493819e-09
2.117910280571951e-05,2.046596518680255e-09
2.340652849181556e-05,2.032724426424452e-09
2.586821458226360e-05,2.018839199109913e-09
2.858879845885812e-05,2.004939957183657e-09
3.159550863945590e-05,1.991025898200162e-09
3.491843729013453e-05,1.977096264722065e-09
3.859084139770492e-05,1.963150325444465e-09
4.264947561681323e-05,1.949187389825223e-09
4.713496012287843e-05,1.935206806497296e-09
5.209218715246060e-05,1.921207938233144e-09
5.757077029985334e-05,1.907190731010571e-09
6.362554106661115e-05,1.893156513662147e-09
7.031709763364645e-05,1.879106806148459e-09
7.771241134819200e-05,1.865043118738721e-09
8.588549699555374e-05,1.850966946999095e-09
9.491815356395940e-05,1.836879771518195e-09
1.049007829163263e-04,1.822783055314365e-09
1.159332945624905e-04,1.808678236907222e-09
1.281261055871622e-04,1.794566729827343e-09
1.416012457412214e-04,1.780449918661501e-09
1.564935787564811e-04,1.766329149198059e-09
1.729521521072439e-04,1.752205727064806e-09
1.911416887275217e-04,1.738080911397370e-09
2.112442356135248e-04,1.723955902646286e-09
2.334609858111876e-04,1.709831840839449e-09
2.580142920237960e-04,1.695709799849434e-09
2.851498919925769e-04,1.681590780253693e-09
3.151393679226079e-04,1.667475717451987e-09
3.482828645688079e-04,1.653365493486091e-09
3.849120931855259e-04,1.639260958334756e-09
4.253936514042669e-04,1.625162970108737e-09
4.701326922660057e-04,1.611072438647885e-09
5.195769791289974e-04,1.596990362032759e-09
5.742213670349657e-04,1.582917834878496e-09
6.346127553846864e-04,1.568856005537716e-09
7.013555614910102e-04,1.554805988480576e-09
7.751177697904812e-04,1.540768784649881e-09
8.566376172560946e-04,1.526745301335423e-09
9.467309819210534e-04,1.512736483629804e-09
1.046299548460350e-03,1.498743404037487e-09
1.156339832554060e-03,1.484767150248093e-09
1.277953154351212e-03,1.470751841149384e-09
1.405748469786333e-03,1.457410222507706e-09
1.533543785221454e-03,1.445298112179893e-09
1.661339100656575e-03,1.434221397534274e-09
1.789134416091696e-03,1.423985965939175e-09
1.916929731526817e-03,1.414423282050760e-09
2.000000000000000e-03,1.408535097439482e-09
2.044725046961939e-03,1.405466975752987e-09
2.172520362397060e-03,1.397068622381162e-09
2.300315677832181e-03,1.389168481807266e-09
2.428110993267302e-03,1.381705898125182e-09
2.555906308702423e-03,1.374625700889739e-09
2.683701624137544e-03,1.367894661503016e-09
2.811496939572665e-03,1.361485036829767e-09
2.939292255007787e-03,1.355369083734752e-09
3.067087570442908e-03,1.349519059082726e-09
3.194882885878029e-03,1.343909366844579e-09
3.322678201313150e-03,1.338522999502336e-09
3.450473516748271e-03,1.333345096687455e-09
3.578268832183392e-03,1.328360798031395e-09
3.706064147618514e-03,1.323555243165617e-09
3.833859463053635e-03,1.318914565735451e-09
3.961654778488756e-03,1.314428875427939e-09
4.089450093923877e-03,1.310089275937104e-09
4.217245409358998e-03,1.305886870956970e-09
4.345040724794119e-03,1.301812764181560e-09
4.472836040229241e-03,1.297858588368880e-09
4.600631355664362e-03,1.294018092546537e-09
4.728426671099482e-03,1.290285554812953e-09
4.856221986534604e-03,1.286655253266554e-09
4.984017301969726e-03,1.283121466005764e-09
5.111812617404846e-03,1.279678775379671e-09
5.239607932839968e-03,1.276322980731401e-09
5.367403248275089e-03,1.273050185650430e-09
5.495198563710209e-03,1.269856493726233e-09
5.622993879145331e-03,1.266738008548287e-09
5.750789194580453e-03,1.263691021537174e-09
5.878584510015573e-03,1.260712575440026e-09
6.006379825450694e-03,1.257799900836149e-09
6.134175140885816e-03,1.254950228304846e-09
6.261970456320937e-03,1.252160788425423e-09
6.389765771756058e-03,1.249428933597407e-09
6.517561087191179e-03,1.246752503495994e-09
6.645356402626300e-03,1.244129459613996e-09
6.773151718061422e-03,1.241557763444222e-09
6.900947033496543e-03,1.239035376479485e-09
7.028742348931663e-03,1.236560342838783e-09
7.156537664366785e-03,1.234131037145616e-09
7.284332979801906e-03,1.231745916649542e-09
7.412128295237027e-03,1.229403438600122e-09
7.539923610672148e-03,1.227102060246914e-09
7.667718926107269e-03,1.224840296812524e-09
7.795514241542391e-03,1.222616895413865e-09
7.923309556977513e-03,1.220430661141957e-09
8.051104872412632e-03,1.218280399087819e-09
8.178900187847754e-03,1.216164914342472e-09
8.306695503282877e-03,1.214083053484947e-09
8.434490818717996e-03,1.212033829045604e-09
8.562286134153118e-03,1.210016295042446e-09
8.690081449588239e-03,1.208029505493479e-09
8.817876765023359e-03,1.206072514416709e-09
8.945672080458482e-03,1.204144407804712e-09
9.073467395893601e-03,1.202244399549065e-09
9.201262711328723e-03,1.200371735516270e-09
9.329058026763846e-03,1.198525661572826e-09
9.456853342198965e-03,1.196705423585237e-09
9.584648657634087e-03,1.194910286669933e-09
9.712443973069206e-03,1.193139592942452e-09
9.840239288504329e-03,1.191392703767954e-09
9.968034603939451e-03,1.189668980511597e-09
1.009582991937457e-02,1.187967784538541e-09
1.022362523480969e-02,1.186288505009971e-09
1.035142055024482e-02,1.184630642271383e-09
1.047921586567993e-02,1.182993724464408e-09
1.060701118111506e-02,1.181377279730674e-09
1.073480649655018e-02,1.179780836211810e-09
1.086260181198530e-02,1.178203922049444e-09
1.099039712742042e-02,1.176646065385205e-09
1.111819244285554e-02,1.175106794360722e-09
1.124598775829066e-02,1.173585637117624e-09
1.137378307372578e-02,1.172082121797540e-09
1.150157838916090e-02,1.170595800282598e-09
1.162937370459603e-02,1.169126319410075e-09
1.175716902003114e-02,1.167673349754323e-09
1.188496433546627e-02,1.166236561889694e-09
1.201275965090139e-02,1.164815626390539e-09
1.214055496633651e-02,1.163410213831208e-09
1.226835028177163e-02,1.162019994786054e-09
1.239614559720675e-02,1.160644639829428e-09
1.252394091264187e-02,1.159283819535681e-09
1.265173622807700e-02,1.157937204479165e-09
1.277953154351211e-02,1.156604479314760e-09
1.290732685894724e-02,1.155285385024445e-09
1.303512217438236e-02,1.153979676673223e-09
1.316291748981748e-02,1.152687109326097e-09
1.329071280525260e-02,1.151407438048068e-09
1.341850812068772e-02,1.150140417904140e-09
1.354630343612284e-02,1.148885803959314e-09
1.367409875155796e-02,1.147643351278593e-09
1.380189406699308e-02,1.146412814926980e-09
1.392968938242821e-02,1.145193949969476e-09
1.405748469786333e-02,1.143986521421885e-09
1.418528001329845e-02,1.142790334103789e-09
1.431307532873357e-02,1.141605202785860e-09
1.444087064416869e-02,1.140430942238771e-09
1.456866595960381e-02,1.139267367233192e-09
1.469646127503893e-02,1.138114292539796e-09
1.482425659047405e-02,1.136971532929255e-09
1.495205190590917e-02,1.135838903172240e-09
1.507984722134430e-02,1.134716218039423e-09
1.520764253677942e-02,1.133603292301477e-09
1.533543785221454e-02,1.132499947617013e-09
1.546323316764966e-02,1.131406033194761e-09
1.559102848308478e-02,1.130321405130571e-09
1.571882379851990e-02,1.129245919520295e-09
1.584661911395502e-02,1.128179432459781e-09
1.597441442939014e-02,1.127121800044881e-09
1.610220974482527e-02,1.126072878371444e-09
1.623000506026039e-02,1.125032523535321e-09
1.635780037569551e-02,1.124000591632362e-09
1.648559569113063e-02,1.122976938758417e-09
1.661339100656575e-02,1.121961426017570e-09
1.674118632200087e-02,1.120953934548871e-09
1.686898163743599e-02,1.119954350500616e-09
1.699677695287111e-02,1.118962560021102e-09
1.712457226830624e-02,1.117978449258625e-09
1.725236758374135e-02,1.117001904361482e-09
1.738016289917648e-02,1.116032811477970e-09
1.750795821461160e-02,1.115071056756384e-09
1.763575353004672e-02,1.114116526345023e-09
1.776354884548184e-02,1.113169106392182e-09
1.789134416091696e-02,1.112228686748035e-09
1.801913947635208e-02,1.111295172070672e-09
1.814693479178720e-02,1.110368470720259e-09
1.827473010722232e-02,1.109448491056961e-09
1.840252542265745e-02,1.108535141440947e-09
1.853032073809257e-02,1.107628330232383e-09
1.865811605352769e-02,1.106727965791435e-09
1.878591136896281e-02,1.105833956478270e-09
1.891370668439793e-02,1.104946210653055e-09
1.904150199983305e-02,1.104064636675957e-09
1.916929731526817e-02,1.103189145709459e-09
1.929709263070329e-02,1.102319660124788e-09
1.942488794613842e-02,1.101456105095224e-09
1.955268326157353e-02,1.100598405794049e-09
1.968047857700866e-02,1.099746487394543e-09
1.980827389244378e-02,1.098900275069986e-09
1.993606920787890e-02,1.098059693993659e-09
2.006386452331402e-02,1.097224669338843e-09
2.019165983874914e-02,1.096395126278819e-09
2.031945515418426e-02,1.095570989986866e-09
2.044725046961939e-02,1.094752187792877e-09
2.057504578505450e-02,1.093938655654164e-09
2.070284110048963e-02,1.093130331685144e-09
2.083063641592475e-02,1.092327154000231e-09
2.095843173135987e-02,1.091529060713841e-09
2.108622704679499e-02,1.090735989940388e-09
2.121402236223011e-02,1.089947879794289e-09
2.134181767766523e-02,1.089164668389957e-09
2.146961299310035e-02,1.088386293841809e-09
2.159740830853547e-02,1.087612694264259e-09
2.172520362397060e-02,1.086843809460084e-09
2.185299893940572e-02,1.086079585985776e-09
2.198079425484084e-02,1.085319972086322e-09
2.210858957027596e-02,1.084564916006711e-09
2.223638488571108e-02,1.083814365991928e-09
2.236418020114620e-02,1.083068270286963e-09
2.249197551658132e-02,1.082326577136802e-09
2.261977083201644e-02,1.081589234786433e-09
2.274756614745157e-02,1.080856191480843e-09
2.287536146288669e-02,1.080127395465019e-09
2.300315677832181e-02,1.079402796323490e-09
2.313095209375693e-02,1.078682348998754e-09
2.325874740919205e-02,1.077966009772760e-09
2.338654272462717e-02,1.077253734927455e-09
2.351433804006229e-02,1.076545480744787e-09
2.364213335549741e-02,1.075841203506703e-09
2.376992867093253e-02,1.075140859495151e-09
2.389772398636766e-02,1.074444404992078e-09
2.402551930180278e-02,1.073751796279434e-09
2.415331461723790e-02,1.073062989639163e-09
2.428110993267302e-02,1.072377942429669e-09
2.440890524810814e-02,1.071696616314703e-09
2.453670056354326e-02,1.071018974034236e-09
2.466449587897838e-02,1.070344978328240e-09
2.479229119441350e-02,1.069674591936686e-09
2.492008650984863e-02,1.069007777599547e-09
2.504788182528375e-02,1.068344498056794e-09
2.517567714071887e-02,1.067684716048398e-09
2.530347245615399e-02,1.067028394314333e-09
2.543126777158911e-02,1.066375495594568e-09
2.555906308702423e-02,1.065725983504249e-09
2.568685840245935e-02,1.065079825159398e-09
2.581465371789447e-02,1.064436988551300e-09
2.594244903332960e-02,1.063797441671241e-09
2.607024434876471e-02,1.063161152510506e-09
2.619803966419984e-02,1.062528089060382e-09
2.632583497963496e-02,1.061898219312155e-09
2.645363029507008e-02,1.061271511257110e-09
2.658142561050520e-02,1.060647932886534e-09
2.670922092594032e-02,1.060027452191712e-09
2.683701624137544e-02,1.059410037881852e-09
2.696481155681056e-02,1.058795661537795e-09
2.709260687224568e-02,1.058184295458270e-09
2.722040218768081e-02,1.057575911942008e-09
2.734819750311593e-02,1.056970483287739e-09
2.747599281855105e-02,1.056367981794195e-09
2.760378813398617e-02,1.055768379760105e-09
2.773158344942129e-02,1.055171649484200e-09
2.785937876485641e-02,1.054577763265212e-09
2.798717408029153e-02,1.053986693401869e-09
2.811496939572665e-02,1.053398412788206e-09
2.824276471116178e-02,1.052812896699233e-09
2.837056002659689e-02,1.052230121005153e-09
2.849835534203202e-02,1.051650061576166e-09
2.862615065746714e-02,1.051072694282471e-09
2.875394597290226e-02,1.050497994994270e-09
2.888174128833738e-02,1.049925939581763e-09
2.900953660377250e-02,1.049356503915151e-09
2.913733191920762e-02,1.048789663864634e-09
2.926512723464274e-02,1.048225395300413e-09
2.939292255007787e-02,1.047663674590053e-09
2.952071786551299e-02,1.047104480090708e-09
2.964851318094811e-02,1.046547790656961e-09
2.977630849638323e-02,1.045993585143395e-09
2.990410381181835e-02,1.045441842404592e-09
3.003189912725347e-02,1.044892541295137e-09
3.015969444268859e-02,1.044345660669611e-09
3.028748975812371e-02,1.043801179382599e-09
3.041528507355883e-02,1.043259076288682e-09
3.054308038899396e-02,1.042719330242445e-09
3.067087570442908e-02,1.042181920517215e-09
3.079867101986420e-02,1.041646828061283e-09
3.092646633529932e-02,1.041114034241679e-09
3.105426165073444e-02,1.040583520425431e-09
3.118205696616956e-02,1.040055267979569e-09
3.130985228160468e-02,1.039529258271120e-09
3.143764759703981e-02,1.039005472667114e-09
3.156544291247493e-02,1.038483892534580e-09
3.169323822791005e-02,1.037964499240547e-09
3.182103354334517e-02,1.037447274152043e-09
3.194882885878029e-02,1.036932198991264e-09
3.207662417421541e-02,1.036419256900951e-09
3.220441948965053e-02,1.035908431378954e-09
3.233221480508566e-02,1.035399705923121e-09
3.246001012052077e-02,1.034893064031303e-09
3.258780543595589e-02,1.034388489201348e-09
3.271560075139102e-02,1.033885964931105e-09
3.284339606682614e-02,1.033385474718424e-09
3.297119138226126e-02,1.032887002061154e-09
3.309898669769638e-02,1.032390530457144e-09
3.322678201313150e-02,1.031896043707364e-09
3.335457732856662e-02,1.031403526825365e-09
3.348237264400174e-02,1.030912965127867e-09
3.361016795943687e-02,1.030424343931586e-09
3.373796327487198e-02,1.029937648553244e-09
3.386575859030710e-02,1.029452864309558e-09
3.399355390574223e-02,1.028969976517247e-09
3.412134922117735e-02,1.028488970493031e-09
3.424914453661247e-02,1.028009831553627e-09
3.437693985204759e-02,1.027532545015756e-09
3.450473516748271e-02,1.027057096456334e-09
3.463253048291783e-02,1.026583472493083e-09
3.476032579835295e-02,1.026111660003923e-09
3.488812111378808e-02,1.025641645866775e-09
3.501591642922319e-02,1.025173416959561e-09
3.514371174465832e-02,1.024706960160201e-09
3.527150706009344e-02,1.024242262346617e-09
3.539930237552856e-02,1.023779310396730e-09
3.552709769096368e-02,1.023318091188461e-09
3.565489300639881e-02,1.022858591599731e-09
3.578268832183392e-02,1.022400798733530e-09
3.591048363726904e-02,1.021944700593066e-09
3.603827895270417e-02,1.021490285406583e-09
3.616607426813929e-02,1.021037541402324e-09
3.629386958357441e-02,1.020586456808535e-09
3.642166489900953e-02,1.020137019853459e-09
3.654946021444465e-02,1.019689218765341e-09
3.667725552987977e-02,1.019243041772425e-09
3.680505084531489e-02,1.018798477102956e-09
3.693284616075002e-02,1.018355512985177e-09
3.706064147618514e-02,1.017914137842103e-09
3.718843679162025e-02,1.017474340875896e-09
3.731623210705538e-02,1.017036111483522e-09
3.744402742249050e-02,1.016599439061949e-09
3.757182273792562e-02,1.016164313008144e-09
3.769961805336074e-02,1.015730722719072e-09
3.782741336879586e-02,1.015298657591702e-09
3.795520868423098e-02,1.014868107022999e-09
3.808300399966610e-02,1.014439060409931e-09
3.821079931510123e-02,1.014011507149465e-09
3.833859463053635e-02,1.013585436808803e-09
3.846638994597146e-02,1.013160839636101e-09
3.859418526140659e-02,1.012737706049758e-09
3.872198057684171e-02,1.012316026468171e-09
3.884977589227683e-02,1.011895791309739e-09
3.897757120771195e-02,1.011476990992858e-09
3.910536652314707e-02,1.011059615935927e-09
3.923316183858219e-02,1.010643656557343e-09
3.936095715401731e-02,1.010229103275505e-09
3.948875246945244e-02,1.009815946508809e-09
3.961654778488756e-02,1.009404176824761e-09
3.974434310032268e-02,1.008993785387255e-09
3.987213841575780e-02,1.008584763509274e-09
3.999993373119292e-02,1.008177102503803e-09
4.012772904662804e-02,1.007770793683826e-09
4.025552436206317e-02,1.007365828362326e-09
4.038331967749829e-02,1.006962197852288e-09
4.051111499293340e-02,1.006559893466695e-09
4.063891030836853e-02,1.006158906518530e-09
4.076670562380365e-02,1.005759228320779e-09
4.089450093923877e-02,1.005360850317522e-09
4.102229625467389e-02,1.004963764477289e-09
4.115009157010902e-02,1.004567962899733e-09
4.127788688554413e-02,1.004173437684508e-09
4.140568220097925e-02,1.003780180931267e-09
4.153347751641438e-02,1.003388184739665e-09
4.166127283184950e-02,1.002997441209355e-09
4.178906814728462e-02,1.002607942439992e-09
4.191686346271974e-02,1.002219680531227e-09
4.204465877815486e-02,1.001832647582717e-09
4.217245409358998e-02,1.001446835809913e-09
4.230024940902510e-02,1.001062237891487e-09
4.242804472446023e-02,1.000678846621915e-09
4.255584003989534e-02,1.000296654795673e-09
4.268363535533046e-02,9.999156552072387e-10
4.281143067076559e-02,9.995358406510883e-10
4.293922598620071e-02,9.991572039216983e-10
4.306702130163583e-02,9.987797378135460e-10
4.319481661707095e-02,9.984034351211076e-10
4.332261193250607e-02,9.980282886388598e-10
4.345040724794119e-02,9.976542912639473e-10
4.357820256337631e-02,9.972814363041662e-10
4.370599787881144e-02,9.969097171699711e-10
4.383379319424656e-02,9.965391272718165e-10
4.396158850968167e-02,9.961696600201572e-10
4.408938382511680e-02,9.958013088254478e-10
4.421717914055192e-02,9.954340670981428e-10
4.434497445598704e-02,9.950679282486970e-10
4.447276977142216e-02,9.947028856875650e-10
4.460056508685728e-02,9.943389328252011e-10
4.472836040229240e-02,9.939760631633185e-10
4.485615571772752e-02,9.936142705687059e-10
4.498395103316265e-02,9.932535489994309e-10
4.511174634859777e-02,9.928938924135613e-10
4.523954166403289e-02,9.925352947691651e-10
4.536733697946801e-02,9.921777500243101e-10
4.549513229490313e-02,9.918212521370641e-10
4.562292761033825e-02,9.914657950654950e-10
4.575072292577338e-02,9.911113727676706e-10
4.587851824120850e-02,9.907579792016591e-10
4.600631355664361e-02,9.904056084071469e-10
4.613410887207874e-02,9.900542547503103e-10
4.626190418751386e-02,9.897039126789510e-10
4.638969950294898e-02,9.893545766408713e-10
4.651749481838410e-02,9.890062410838724e-10
4.664529013381922e-02,9.886589004557565e-10
4.677308544925434e-02,9.883125492043255e-10
4.690088076468946e-02,9.879671817773809e-10
4.702867608012459e-02,9.876227926227248e-10
4.715647139555971e-02,9.872793761881591e-10
4.728426671099482e-02,9.869369269939132e-10
4.741206202642995e-02,9.865954398499185e-10
4.753985734186507e-02,9.862549096385292e-10
4.766765265730019e-02,9.859153312420997e-10
4.779544797273531e-02,9.855766995429844e-10
4.792324328817044e-02,9.852390094235374e-10
4.805103860360555e-02,9.849022557661128e-10
4.817883391904067e-02,9.845664334530653e-10
4.830662923447580e-02,9.842315373667492e-10
4.843442454991092e-02,9.838975623895182e-10
4.856221986534604e-02,9.835645034709407e-10
4.869001518078116e-02,9.832323558294094e-10
4.881781049621628e-02,9.829011147505162e-10
4.894560581165140e-02,9.825707755198533e-10
4.907340112708652e-02,9.822413334230126e-10
4.920119644252165e-02,9.819127837455863e-10
4.932899175795677e-02,9.815851217731658e-10
4.945678707339188e-02,9.812583427913438e-10
4.958458238882701e-02,9.809324420857119e-10
4.971237770426213e-02,9.806074149418624e-10
4.984017301969725e-02,9.802832566921617e-10
4.996796833513237e-02,9.799599628560857e-10
5.000000000000000e-02,9.798790648040095e-10
5.009576365056749e-02,9.796375290055448e-10
5.022355896600261e-02,9.793159507617755e-10
5.035135428143774e-02,9.789952237714564e-10
5.047914959687286e-02,9.786753436814787e-10
5.060694491230798e-02,9.783563061387325e-10
5.073474022774310e-02,9.780381067901092e-10
5.086253554317822e-02,9.777207412824991e-10
5.099033085861334e-02,9.774042052627930e-10
5.111812617404846e-02,9.770884944278412e-10
5.124592148948359e-02,9.767736046743307e-10
5.137371680491870e-02,9.764595319489057e-10
5.150151212035382e-02,9.761462721982105e-10
5.162930743578895e-02,9.758338213688894e-10
5.175710275122407e-02,9.755221754075869e-10
5.188489806665919e-02,9.752113302609475e-10
5.201269338209431e-02,9.749012818756152e-10
5.214048869752943e-02,9.745920261982349e-10
5.226828401296455e-02,9.742835591754507e-10
5.239607932839967e-02,9.739758768029060e-10
5.252387464383480e-02,9.736689752722205e-10
5.265166995926992e-02,9.733628508240044e-10
5.277946527470503e-02,9.730574996988674e-10
5.290726059014016e-02,9.727529181374190e-10
5.303505590557528e-02,9.724491023802691e-10
5.316285122101040e-02,9.721460486680276e-10
5.329064653644552e-02,9.718437532413041e-10
5.341844185188065e-02,9.715422123407084e-10
5.354623716731576e-02,9.712414222068504e-10
5.367403248275088e-02,9.709413791238496e-10
5.380182779818601e-02,9.706420795498773e-10
5.392962311362113e-02,9.703435199866205e-10
5.405741842905625e-02,9.700456969357661e-10
5.418521374449137e-02,9.697486068990011e-10
5.431300905992649e-02,9.694522463780124e-10
5.444080437536161e-02,9.691566118744870e-10
5.456859969079673e-02,9.688616998901120e-10
5.469639500623186e-02,9.685675069265742e-10
5.482419032166697e-02,9.682740294855606e-10
5.495198563710210e-02,9.679812641085406e-10
5.507978095253722e-02,9.676892074961117e-10
5.520757626797234e-02,9.673978563886529e-10
5.533537158340746e-02,9.671072075265434e-10
5.546316689884258e-02,9.668172576501627e-10
5.559096221427770e-02,9.665280034998896e-10
5.571875752971282e-02,9.662394418161039e-10
5.584655284514795e-02,9.659515693391844e-10
5.597434816058307e-02,9.656643828095103e-10
5.610214347601819e-02,9.653778789674609e-10
5.622993879145331e-02,9.650920545896156e-10
5.635773410688843e-02,9.648069065973431e-10
5.648552942232355e-02,9.645224319482059e-10
5.661332473775867e-02,9.642386275997668e-10
5.674112005319380e-02,9.639554905095886e-10
5.686891536862891e-02,9.636730176352342e-10
5.699671068406403e-02,9.633912059342662e-10
5.712450599949916e-02,9.631100523642474e-10
5.725230131493428e-02,9.628295538827409e-10
5.738009663036940e-02,9.625497074473087e-10
5.750789194580452e-02,9.622705100485896e-10
5.763568726123964e-02,9.619919588095328e-10
5.776348257667476e-02,9.617140508861683e-10
5.789127789210988e-02,9.614367834345261e-10
5.801907320754501e-02,9.611601536106364e-10
5.814686852298013e-02,9.608841585705289e-10
5.827466383841524e-02,9.606087954702337e-10
5.840245915385037e-02,9.603340614657808e-10
5.853025446928549e-02,9.600599537132002e-10
5.865804978472061e-02,9.597864693685219e-10
5.878584510015573e-02,9.595136056180455e-10
5.891364041559085e-02,9.592413597691485e-10
5.904143573102597e-02,9.589697291594787e-10
5.916923104646109e-02,9.586987111266833e-10
5.929702636189622e-02,9.584283030084102e-10
5.942482167733134e-02,9.581585021423071e-10
5.955261699276646e-02,9.578893058660213e-10
5.968041230820158e-02,9.576207115172003e-10
5.980820762363670e-02,9.573527164334918e-10
5.993600293907182e-02,9.570853179525432e-10
6.006379825450694e-02,9.568185134397603e-10
6.019159356994207e-02,9.565523003715725e-10
6.031938888537718e-02,9.562866762521637e-10
6.044718420081231e-02,9.560216385857174e-10
6.057497951624743e-02,9.557571848764180e-10
6.070277483168255e-02,9.554933126284485e-10
6.083057014711767e-02,9.552300193459935e-10
6.095836546255279e-02,9.549673025332359e-10
6.108616077798791e-02,9.547051596943603e-10
6.121395609342303e-02,9.544435883335499e-10
6.134175140885816e-02,9.541825859804873e-10
6.146954672429328e-02,9.539221502668603e-10
6.159734203972840e-02,9.536622788498587e-10
6.172513735516352e-02,9.534029693866737e-10
6.185293267059864e-02,9.531442195344957e-10
6.198072798603376e-02,9.528860269505154e-10
6.210852330146888e-02,9.526283892919234e-10
6.223631861690401e-02,9.523713042159103e-10
6.236411393233912e-02,9.521147693796669e-10
6.249190924777424e-02,9.518587824403836e-10
6.261970456320937e-02,9.516033410787156e-10
6.274749987864449e-02,9.513484430691766e-10
6.287529519407961e-02,9.510940862097458e-10
6.300309050951473e-02,9.508402682984026e-10
6.313088582494986e-02,9.505869871331257e-10
6.325868114038498e-02,9.503342405118943e-10
6.338647645582010e-02,9.500820262326878e-10
6.351427177125522e-02,9.498303420934850e-10
6.364206708669033e-02,9.495791858922652e-10
6.376986240212545e-02,9.493285554270073e-10
6.389765771756058e-02,9.490784485173440e-10
6.402545303299570e-02,9.488288630695188e-10
6.415324834843082e-02,9.485797970114256e-10
6.428104366386594e-02,9.483312482709586e-10
6.440883897930107e-02,9.480832147760119e-10
6.453663429473619e-02,9.478356944544800e-10
6.466442961017131e-02,9.475886852342572e-10
6.479222492560642e-02,9.473421850432374e-10
6.492002024104154e-02,9.470961918093151e-10
6.504781555647667e-02,9.468507034603841e-10
6.517561087191179e-02,9.466057179442499e-10
6.530340618734691e-02,9.463612332883684e-10
6.543120150278203e-02,9.461172475401111e-10
6.555899681821716e-02,9.458737587468490e-10
6.568679213365228e-02,9.456307649559536e-10
6.581458744908740e-02,9.453882642147961e-10
6.594238276452252e-02,9.451462545707478e-10
6.607017807995763e-02,9.449047340711798e-10
6.619797339539275e-02,9.446637007634632e-10
6.632576871082788e-02,9.444231526949694e-10
6.645356402626300e-02,9.441830879316389e-10
6.658135934169812e-02,9.439435046136913e-10
6.670915465713324e-02,9.437044008999164e-10
6.683694997256837e-02,9.434657749491043e-10
6.696474528800349e-02,9.432276249200446e-10
6.709254060343861e-02,9.429899489715279e-10
6.722033591887373e-02,9.427527452623434e-10
6.734813123430886e-02,9.425160119512816e-10
6.747592654974396e-02,9.422797471971321e-10
6.760372186517909e-02,9.420439491586849e-10
6.773151718061421e-02,9.418086160117345e-10
6.785931249604933e-02,9.415737460000894e-10
6.798710781148445e-02,9.413393373845615e-10
6.811490312691958e-02,9.411053884259626e-10
6.824269844235470e-02,9.408718973851043e-10
6.837049375778982e-02,9.406388625227982e-10
6.849828907322494e-02,9.404062820998561e-10
6.862608438866007e-02,9.401741543770899e-10
6.875387970409517e-02,9.399424776153107e-10
6.888167501953030e-02,9.397112500753310e-10
6.900947033496542e-02,9.394804700341474e-10
6.913726565040054e-02,9.392501358335064e-10
6.926506096583566e-02,9.390202458313437e-10
6.939285628127079e-02,9.387907983855948e-10
6.952065159670591e-02,9.385617918541953e-10
6.964844691214103e-02,9.383332245950808e-10
6.977624222757615e-02,9.381050949661869e-10
6.990403754301128e-02,9.378774013254493e-10
7.003183285844640e-02,9.376501420308032e-10
7.015962817388151e-02,9.374233154401848e-10
7.028742348931663e-02,9.371969199250458e-10
7.041521880475175e-02,9.369709539109075e-10
7.054301412018688e-02,9.367454158368082e-10
7.067080943562200e-02,9.365203041417873e-10
7.079860475105712e-02,9.362956172648831e-10
7.092640006649224e-02,9.360713536451348e-10
7.105419538192737e-02,9.358475117215805e-10
7.118199069736249e-02,9.356240899332597e-10
7.130978601279761e-02,9.354010867192106e-10
7.152277820518949e-02,9.350303406211964e-10
7.173577039758135e-02,9.346607457562905e-10
7.194876258997322e-02,9.342922953451954e-10
7.216175478236508e-02,9.339249826980912e-10
7.237474697475696e-02,9.335588011251582e-10
7.258773916714882e-02,9.331937439365768e-10
7.280073135954070e-02,9.328298044425268e-10
7.301372355193256e-02,9.324669759531888e-10
7.322671574432443e-02,9.321052517787429e-10
7.343970793671629e-02,9.317446252293691e-10
7.365270012910817e-02,9.313850896152478e-10
7.386569232150003e-02,9.310266383433634e-10
7.407868451389191e-02,9.306692652079156e-10
7.429167670628377e-02,9.303129640999077e-10
7.450466889867564e-02,9.299577289103434e-10
7.471766109106751e-02,9.296035535302259e-10
7.493065328345938e-02,9.292504318505588e-10
7.514364547585124e-02,9.288983577623456e-10
7.535663766824312e-02,9.285473251565898e-10
7.556962986063498e-02,9.281973279242948e-10
7.578262205302685e-02,9.278483599564639e-10
7.599561424541872e-02,9.275004152264068e-10
7.620860643781059e-02,9.271534880366468e-10
7.642159863020245e-02,9.268075727720084e-10
7.663459082259433e-02,9.264626638173165e-10
7.684758301498619e-02,9.261187555573954e-10
7.706057520737807e-02,9.257758423770698e-10
7.727356739976993e-02,9.254339186611646e-10
7.748655959216180e-02,9.250929787945040e-10
7.769955178455366e-02,9.247530171619129e-10
7.791254397694554e-02,9.244140281482158e-10
7.812553616933740e-02,9.240760062128882e-10
7.833852836172928e-02,9.237389461139931e-10
7.855152055412114e-02,9.234028426842362e-10
7.876451274651301e-02,9.230676907563224e-10
7.897750493890487e-02,9.227334851629577e-10
7.919049713129675e-02,9.224002207368473e-10
7.940348932368861e-02,9.220678923106969e-10
7.961648151608049e-02,9.217364947172117e-10
7.982947370847235e-02,9.214060227890975e-10
8.004246590086422e-02,9.210764713590594e-10
8.025545809325609e-02,9.207478353264584e-10
8.046845028564796e-02,9.204201098572914e-10
8.068144247803982e-02,9.200932901842181e-10
8.089443467043170e-02,9.197673715398983e-10
8.110742686282357e-02,9.194423491569921e-10
8.132041905521543e-02,9.191182182681592e-10
8.153341124760730e-02,9.187949741060594e-10
8.174640343999917e-02,9.184726119033526e-10
8.195939563239105e-02,9.181511268926985e-10
8.217238782478291e-02,9.178305143067571e-10
8.238538001717477e-02,9.175107694382294e-10
8.259837220956665e-02,9.171918878199878e-10
8.281136440195852e-02,9.168738650449496e-10
8.302435659435038e-02,9.165566967060326e-10
8.323734878674224e-02,9.162403783961539e-10
8.345034097913412e-02,9.159249057082311e-10
8.366333317152599e-02,9.156102742351815e-10
8.387632536391786e-02,9.152964795699224e-10
8.408931755630973e-02,9.149835173053713e-10
8.430230974870159e-02,9.146713830344454e-10
8.451530194109347e-02,9.143600724042069e-10
8.472829413348533e-02,9.140495812782955e-10
8.494128632587720e-02,9.137399055744960e-10
8.515427851826907e-02,9.134310412105934e-10
8.536727071066094e-02,9.131229841043724e-10
8.558026290305280e-02,9.128157301736176e-10
8.579325509544468e-02,9.125092753361142e-10
8.600624728783654e-02,9.122036155096466e-10
8.621923948022842e-02,9.118987466119999e-10
8.643223167262028e-02,9.115946645609586e-10
8.664522386501215e-02,9.112913653233177e-10
8.685821605740401e-02,9.109888450619059e-10
8.707120824979589e-02,9.106870999885597e-10
8.728420044218775e-02,9.103861263151155e-10
8.749719263457963e-02,9.100859202534101e-10
8.771018482697149e-02,9.097864780152797e-10
8.792317701936336e-02,9.094877958125611e-10
8.813616921175522e-02,9.091898698570904e-10
8.834916140414710e-02,9.088926963607043e-10
8.856215359653896e-02,9.085962715352392e-10
8.877514578893084e-02,9.083005916369073e-10
8.898813798132270e-02,9.080056530994147e-10
8.920113017371457e-02,9.077114524008387e-10
8.941412236610644e-02,9.074179860192562e-10
8.962711455849831e-02,9.071252504327444e-10
8.984010675089017e-02,9.068332421193810e-10
9.005309894328205e-02,9.065419575572427e-10
9.026609113567391e-02,9.062513932244068e-10
9.047908332806578e-02,9.059615455989507e-10
9.069207552045766e-02,9.056724111589514e-10
9.090506771284952e-02,9.053839864229476e-10
9.111805990524138e-02,9.050962680713325e-10
9.133105209763326e-02,9.048092528249661e-10
9.154404429002513e-02,9.045229374047082e-10
9.175703648241700e-02,9.042373185314185e-10
9.197002867480886e-02,9.039523929259569e-10
9.218302086720073e-02,9.036681573091833e-10
9.239601305959261e-02,9.033846084019574e-10
9.260900525198447e-02,9.031017429251391e-10
9.282199744437633e-02,9.028195575995882e-10
9.303498963676821e-02,9.025380491829524e-10
9.324798182916008e-02,9.022572145800360e-10
9.346097402155194e-02,9.019770507324340e-10
9.367396621394380e-02,9.016975545817413e-10
9.388695840633568e-02,9.014187230695525e-10
9.409995059872756e-02,9.011405531374629e-10
9.431294279111942e-02,9.008630417270671e-10
9.452593498351128e-02,9.005861857799602e-10
9.473892717590315e-02,9.003099822377367e-10
9.495191936829503e-02,9.000344280419920e-10
9.516491156068689e-02,8.997595201678483e-10
9.537790375307875e-02,8.994852557245393e-10
9.559089594547063e-02,8.992116318548269e-10
9.580388813786250e-02,8.989386457014731e-10
9.601688033025436e-02,8.986662944072399e-10
9.622987252264624e-02,8.983945751148889e-10
9.644286471503810e-02,8.981234849671824e-10
9.665585690742998e-02,8.978530211068820e-10
9.686884909982184e-02,8.975831806767498e-10
9.708184129221371e-02,8.973139608195475e-10
9.729483348460558e-02,8.970453587087003e-10
9.750782567699745e-02,8.967773716402826e-10
9.772081786938931e-02,8.965099969410308e-10
9.793381006178119e-02,8.962432319376817e-10
9.814680225417305e-02,8.959770739569714e-10
9.835979444656492e-02,8.957115203256367e-10
9.857278663895679e-02,8.954465683704138e-10
9.878577883134866e-02,8.951822154180393e-10
9.899877102374052e-02,8.949184587952498e-10
9.921176321613240e-02,8.946552958287816e-10
9.942475540852426e-02,8.943927238735212e-10
9.963774760091614e-02,8.941307403969490e-10
9.985073979330800e-02,8.938693428946930e-10
1.000637319857000e-01,8.936085288623808e-10
1.002767241780920e-01,8.933482957956408e-10
1.004897163704840e-01,8.930886411901004e-10
1.007027085628750e-01,8.928295625413892e-10
1.009157007552670e-01,8.925710573451322e-10
1.011286929476590e-01,8.923131230969588e-10
1.013416851400510e-01,8.920557572924967e-10
1.015546773324430e-01,8.917989574531535e-10
1.017676695248350e-01,8.915427212034759e-10
1.019806617172270e-01,8.912870461938007e-10
1.021936539096190e-01,8.910319300744655e-10
1.024066461020100e-01,8.907773704958082e-10
1.026196382944020e-01,8.905233651081636e-10
1.028326304867940e-01,8.902699115618700e-10
1.030456226791860e-01,8.900170075072646e-10
1.032586148715780e-01,8.897646505946841e-10
1.034716070639700e-01,8.895128384744659e-10
1.036845992563620e-01,8.892615688206486e-10
1.038975914487540e-01,8.890108394020681e-10
1.041105836411450e-01,8.887606480112576e-10
1.043235758335370e-01,8.885109924407478e-10
1.045365680259290e-01,8.882618704830722e-10
1.047495602183210e-01,8.880132799307637e-10
1.049625524107130e-01,8.877652185763544e-10
1.051755446031050e-01,8.875176842123771e-10
1.053885367954970e-01,8.872706746313644e-10
1.056015289878880e-01,8.870241876258499e-10
1.058145211802800e-01,8.867782210102023e-10
1.060275133726720e-01,8.865327726861112e-10
1.062405055650640e-01,8.862878405770854e-10
1.064534977574560e-01,8.860434226066338e-10
1.066664899498480e-01,8.857995166982654e-10
1.068794821422400e-01,8.855561207754892e-10
1.070924743346320e-01,8.853132327618139e-10
1.073054665270230e-01,8.850708505807498e-10
1.075184587194150e-01,8.848289721558034e-10
1.077314509118070e-01,8.845875954104846e-10
1.079444431041990e-01,8.843467182884227e-10
1.081574352965910e-01,8.841063388137818e-10
1.083704274889830e-01,8.838664550308740e-10
1.085834196813750e-01,8.836270649840119e-10
1.087964118737660e-01,8.833881667175083e-10
1.090094040661580e-01,8.831497582756735e-10
1.092223962585500e-01,8.829118377028208e-10
1.094353884509420e-01,8.826744030432624e-10
1.096483806433340e-01,8.824374523413103e-10
1.098613728357260e-01,8.822009836412769e-10
1.100743650281180e-01,8.819649950060874e-10
1.102873572205100e-01,8.817294845731469e-10
1.105003494129010e-01,8.814944504984889e-10
1.107133416052930e-01,8.812598909381441e-10
1.109263337976850e-01,8.810258040481458e-10
1.111393259900770e-01,8.807921879845265e-10
1.113523181824690e-01,8.805590409033187e-10
1.115653103748610e-01,8.803263609605550e-10
1.117783025672530e-01,8.800941463122678e-10
1.119912947596450e-01,8.798623951144896e-10
1.122042869520360e-01,8.796311055404838e-10
1.124172791444280e-01,8.794002758324351e-10
1.126302713368200e-01,8.791699042497641e-10
1.128432635292120e-01,8.789399890518897e-10
1.130562557216040e-01,8.787105284982318e-10
1.132692479139960e-01,8.784815208482092e-10
1.134822401063880e-01,8.782529643612414e-10
1.136952322987790e-01,8.780248572967486e-10
1.139082244911710e-01,8.777971979141482e-10
1.141212166835630e-01,8.775699844728604e-10
1.143342088759550e-01,8.773432152482955e-10
1.145472010683470e-01,8.771168885798110e-10
1.147601932607390e-01,8.768910028227479e-10
1.149731854531310e-01,8.766655563324478e-10
1.151861776455230e-01,8.764405474642513e-10
1.153991698379140e-01,8.762159745735008e-10
1.156121620303060e-01,8.759918360155349e-10
1.158251542226980e-01,8.757681301456961e-10
1.160381464150900e-01,8.755448553193251e-10
1.162511386074820e-01,8.753220098917634e-10
1.164641307998740e-01,8.750995922331999e-10
1.166771229922660e-01,8.748776007731841e-10
1.168901151846570e-01,8.746560339560986e-10
1.171031073770490e-01,8.744348902263227e-10
1.173160995694410e-01,8.742141680282392e-10
1.175290917618330e-01,8.739938658062294e-10
1.177420839542250e-01,8.737739820046748e-10
1.179550761466170e-01,8.735545150679570e-10
1.181680683390090e-01,8.733354634404574e-10
1.183810605314010e-01,8.731168255665575e-10
1.185940527237920e-01,8.728985999044307e-10
1.188070449161840e-01,8.726807849674409e-10
1.190200371085760e-01,8.724633792827619e-10
1.192330293009680e-01,8.722463813775658e-10
1.194460214933600e-01,8.720297897790248e-10
1.196590136857520e-01,8.718136030143115e-10
1.198720058781440e-01,8.715978196105981e-10
1.200849980705360e-01,8.713824380950571e-10
1.202979902629270e-01,8.711674569948617e-10
1.205109824553190e-01,8.709528748371824e-10
1.207239746477110e-01,8.707386901620310e-10
1.209369668401030e-01,8.705249015607856e-10
1.211499590324950e-01,8.703115076376696e-10
1.213629512248870e-01,8.700985069969060e-10
1.215759434172790e-01,8.698858982427178e-10
1.217889356096700e-01,8.696736799793292e-10
1.220019278020620e-01,8.694618508109613e-10
1.222149199944540e-01,8.692504093418383e-10
1.224279121868460e-01,8.690393541761832e-10
1.226409043792380e-01,8.688286839182193e-10
1.228538965716300e-01,8.686183971841104e-10
1.230668887640220e-01,8.684084926377806e-10
1.232798809564140e-01,8.681989689550941e-10
1.234928731488050e-01,8.679898248119151e-10
1.237058653411970e-01,8.677810588841055e-10
1.239188575335890e-01,8.675726698475299e-10
1.241318497259810e-01,8.673646563780517e-10
1.243448419183730e-01,8.671570171515350e-10
1.245578341107650e-01,8.669497508438432e-10
1.247708263031570e-01,8.667428561308400e-10
1.249838184955480e-01,8.665363316995324e-10
1.251968106879400e-01,8.663301762814778e-10
1.254098028803320e-01,8.661243886193703e-10
1.256227950727240e-01,8.659189674559033e-10
1.258357872651160e-01,8.657139115337699e-10
1.260487794575080e-01,8.655092195956636e-10
1.262617716499000e-01,8.653048903842776e-10
1.264747638422920e-01,8.651009226423053e-10
1.266877560346830e-01,8.648973151124409e-10
1.269007482270750e-01,8.646940665373760e-10
1.271137404194670e-01,8.644911756704725e-10
1.273267326118590e-01,8.642886413077341e-10
1.275397248042510e-01,8.640864622558181e-10
1.277527169966430e-01,8.638846373213816e-10
1.279657091890350e-01,8.636831653110818e-10
1.281787013814270e-01,8.634820450315758e-10
1.283916935738180e-01,8.632812752895215e-10
1.286046857662100e-01,8.630808548915745e-10
1.288176779586020e-01,8.628807826443925e-10
1.290306701509940e-01,8.626810573546330e-10
1.292436623433860e-01,8.624816778376702e-10
1.294566545357780e-01,8.622826429437613e-10
1.296696467281700e-01,8.620839515318889e-10
1.298826389205610e-01,8.618856024610356e-10
1.300956311129530e-01,8.616875945901816e-10
1.303086233053450e-01,8.614899267783102e-10
1.305216154977370e-01,8.612925978844029e-10
1.307346076901290e-01,8.610956067674422e-10
1.309475998825210e-01,8.608989522864100e-10
1.311605920749130e-01,8.607026333002884e-10
1.313735842673050e-01,8.605066486808735e-10
1.315865764596960e-01,8.603109973512252e-10
1.317995686520880e-01,8.601156782472176e-10
1.320125608444800e-01,8.599206903047277e-10
1.322255530368720e-01,8.597260324596316e-10
1.324385452292640e-01,8.595317036478049e-10
1.326515374216560e-01,8.593377028051239e-10
1.328645296140480e-01,8.591440288674644e-10
1.330775218064400e-01,8.589506807707024e-10
1.332905139988310e-01,8.587576574507150e-10
1.335035061912230e-01,8.585649578380262e-10
1.337164983836150e-01,8.583725808417674e-10
1.339294905760070e-01,8.581805253657213e-10
1.341424827683990e-01,8.579887903136702e-10
1.343554749607910e-01,8.577973745893969e-10
1.345684671531830e-01,8.576062770966841e-10
1.347814593455740e-01,8.574154967393152e-10
1.349944515379660e-01,8.572250324210709e-10
1.352074437303580e-01,8.570348830457349e-10
1.354204359227500e-01,8.568450475170896e-10
1.356334281151420e-01,8.566555247987045e-10
1.358464203075340e-01,8.564663140931757e-10
1.360594124999260e-01,8.562774146628256e-10
1.362724046923180e-01,8.560888257699766e-10
1.364853968847090e-01,8.559005466769521e-10
1.366983890771010e-01,8.557125766460726e-10
1.369113812694930e-01,8.555249149396614e-10
1.371243734618850e-01,8.553375608200414e-10
1.373373656542770e-01,8.551505135495345e-10
1.375503578466690e-01,8.549637723904633e-10
1.377633500390610e-01,8.547773364197243e-10
1.379763422314520e-01,8.545912039720711e-10
1.381893344238440e-01,8.544053731966085e-10
1.384023266162360e-01,8.542198422424437e-10
1.386153188086280e-01,8.540346092586833e-10
1.388283110010200e-01,8.538496723944335e-10
1.390413031934120e-01,8.536650297988010e-10
1.392542953858040e-01,8.534806796208922e-10
1.394672875781960e-01,8.532966200098136e-10
1.396802797705870e-01,8.531128491146726e-10
1.398932719629790e-01,8.529293658119323e-10
1.401062641553710e-01,8.527461718883220e-10
1.403192563477630e-01,8.525632698583433e-10
1.405322485401550e-01,8.523806622364979e-10
1.407452407325470e-01,8.521983515372872e-10
1.409582329249390e-01,8.520163402752127e-10
1.411712251173300e-01,8.518346309647770e-10
1.413842173097220e-01,8.516532261204799e-10
1.415972095021140e-01,8.514721282568238e-10
1.418102016945060e-01,8.512913398883100e-10
1.420231938868980e-01,8.511108608471292e-10
1.422361860792900e-01,8.509306802364824e-10
1.424491782716820e-01,8.507507844773874e-10
1.426621704640740e-01,8.505711599908621e-10
1.428751626564650e-01,8.503917931979255e-10
1.430881548488570e-01,8.502126705195936e-10
1.433011470412490e-01,8.500337783768852e-10
1.435141392336410e-01,8.498551031908184e-10
1.437271314260330e-01,8.496766313824107e-10
1.439401236184250e-01,8.494983493726804e-10
1.441531158108170e-01,8.493202536273881e-10
1.443661080032090e-01,8.491423807779018e-10
1.445791001956000e-01,8.489647774936531e-10
1.447920923879920e-01,8.487874904440700e-10
1.450050845803840e-01,8.486105662985838e-10
1.452180767727760e-01,8.484340517266245e-10
1.454310689651680e-01,8.482579933976226e-10
1.456440611575600e-01,8.480824379810082e-10
1.458570533499520e-01,8.479074321462114e-10
1.460700455423430e-01,8.477330225626634e-10
1.462830377347350e-01,8.475592184319538e-10
1.464960299271270e-01,8.473858791804273e-10
1.467090221195190e-01,8.472128268146260e-10
1.469220143119110e-01,8.470398833410928e-10
1.471350065043030e-01,8.468668707663700e-10
1.473479986966950e-01,8.466936110970005e-10
1.475609908890870e-01,8.465199263395265e-10
1.477739830814780e-01,8.463456385004916e-10
1.479869752738700e-01,8.461705695864366e-10
1.481999674662620e-01,8.459945416039050e-10
1.484129596586540e-01,8.458175162697695e-10
1.486259518510460e-01,8.456400143983640e-10
1.488389440434380e-01,8.454626966424529e-10
1.490519362358300e-01,8.452862236548002e-10
1.492649284282220e-01,8.451112560881703e-10
1.494779206206130e-01,8.449384545953280e-10
1.496909128130050e-01,8.447684798290360e-10
1.499039050053970e-01,8.446019924420591e-10
1.501168971977890e-01,8.444396530871617e-10
1.503298893901810e-01,8.442821224171081e-10
1.505428815825730e-01,8.441295395349697e-10
1.507558737749650e-01,8.439799570332643e-10
1.509688659673560e-01,8.438309057989142e-10
1.511818581597480e-01,8.436799167188394e-10
1.513948503521400e-01,8.435245206799625e-10
1.516078425445320e-01,8.433622485692050e-10
1.518208347369240e-01,8.431906312734882e-10
1.520338269293160e-01,8.430071996797340e-10
1.522468191217080e-01,8.428094846748636e-10
1.524598113141000e-01,8.425950171457991e-10
1.526728035064910e-01,8.423623862619188e-10
1.528857956988830e-01,8.421144136478867e-10
1.530987878912750e-01,8.418549788735850e-10
1.533117800836670e-01,8.415879615088952e-10
1.535247722760590e-01,8.413172411236984e-10
1.537377644684510e-01,8.410466972878763e-10
1.539507566608430e-01,8.407802095713097e-10
1.541637488532340e-01,8.405216575438816e-10
1.543767410456260e-01,8.402749207754706e-10
1.545897332380180e-01,8.400438788359594e-10
1.548027254304100e-01,8.398313555331746e-10
1.550157176228020e-01,8.396359536033171e-10
1.552287098151940e-01,8.394552210085981e-10
1.554417020075860e-01,8.392867057112285e-10
1.556546941999780e-01,8.391279556734194e-10
1.558676863923690e-01,8.389765188573826e-10
1.560806785847610e-01,8.388299432253279e-10
1.562936707771530e-01,8.386857767394670e-10
1.565066629695450e-01,8.385415673620109e-10
1.567196551619370e-01,8.383948630551708e-10
1.569326473543290e-01,8.382437295026003e-10
1.571456395467210e-01,8.380883045819956e-10
1.573586317391130e-01,8.379292445468367e-10
1.575716239315040e-01,8.377672056506054e-10
1.577846161238960e-01,8.376028441467806e-10
1.579976083162880e-01,8.374368162888435e-10
1.582106005086800e-01,8.372697783302748e-10
1.584235927010720e-01,8.371023865245550e-10
1.586365848934640e-01,8.369352971251648e-10
1.588495770858560e-01,8.367691663855847e-10
1.590625692782470e-01,8.366045117917797e-10
1.592755614706390e-01,8.364412955804726e-10
1.594885536630310e-01,8.362793411312696e-10
1.597015458554230e-01,8.361184718237761e-10
1.599145380478150e-01,8.359585110375976e-10
1.601275302402070e-01,8.357992821523400e-10
1.603405224325990e-01,8.356406085476084e-10
1.605535146249910e-01,8.354823136030086e-10
1.607665068173820e-01,8.353242206981468e-10
1.609794990097740e-01,8.351661532126269e-10
1.611924912021660e-01,8.350079717252927e-10
1.614054833945580e-01,8.348496856140115e-10
1.616184755869500e-01,8.346913414569254e-10
1.618314677793420e-01,8.345329858321771e-10
1.620444599717340e-01,8.343746653179084e-10
1.622574521641260e-01,8.342164264922621e-10
1.624704443565170e-01,8.340583159333809e-10
1.626834365489090e-01,8.339003802194058e-10
1.628964287413010e-01,8.337426659284798e-10
1.631094209336930e-01,8.335852196387452e-10
1.633224131260850e-01,8.334280779626297e-10
1.635354053184770e-01,8.332712376614550e-10
1.637483975108690e-01,8.331146855367029e-10
1.639613897032600e-01,8.329584083898566e-10
1.641743818956520e-01,8.328023930223961e-10
1.643873740880440e-01,8.326466262358046e-10
1.646003662804360e-01,8.324910948315641e-10
1.648133584728280e-01,8.323357856111566e-10
1.650263506652200e-01,8.321806853760641e-10
1.652393428576120e-01,8.320257809277687e-10
1.654523350500040e-01,8.318710617434484e-10
1.656653272423950e-01,8.317165279966071e-10
1.658783194347870e-01,8.315621825332141e-10
1.660913116271790e-01,8.314080281992413e-10
1.663043038195710e-01,8.312540678406589e-10
1.665172960119630e-01,8.311003043034380e-10
1.667302882043550e-01,8.309467404335492e-10
1.669432803967470e-01,8.307933790769635e-10
1.671562725891380e-01,8.306402230796521e-10
1.673692647815300e-01,8.304872752875846e-10
1.675822569739220e-01,8.303345378349702e-10
1.677952491663140e-01,8.301820100075564e-10
1.680082413587060e-01,8.300296903786216e-10
1.682212335510980e-01,8.298775775214449e-10
1.684342257434900e-01,8.297256700093049e-10
1.686472179358820e-01,8.295739664154802e-10
1.688602101282730e-01,8.294224653132504e-10
1.690732023206650e-01,8.292711652758928e-10
1.692861945130570e-01,8.291200648766868e-10
1.694991867054490e-01,8.289691626889110e-10
1.697121788978410e-01,8.288184574807886e-10
1.699251710902330e-01,8.286679488004647e-10
1.701381632826250e-01,8.285176363911025e-10
1.703511554750170e-01,8.283675199958643e-10
1.705641476674080e-01,8.282175993579138e-10
1.707771398598000e-01,8.280678742204122e-10
1.709901320521920e-01,8.279183443265230e-10
1.712031242445840e-01,8.277690094194088e-10
1.714161164369760e-01,8.276198692422326e-10
1.716291086293680e-01,8.274709235381568e-10
1.718421008217600e-01,8.273221720020475e-10
1.720550930141510e-01,8.271736141356083e-10
1.722680852065430e-01,8.270252493922556e-10
1.724810773989350e-01,8.268770772254080e-10
1.726940695913270e-01,8.267290970884834e-10
1.729070617837190e-01,8.265813084348994e-10
1.731200539761110e-01,8.264337107180742e-10
1.733330461685030e-01,8.262863033914254e-10
1.735460383608950e-01,8.261390859083710e-10
1.737590305532860e-01,8.259920577223294e-10
1.739720227456780e-01,8.258452183034321e-10
1.741850149380700e-01,8.256985671886424e-10
1.743980071304620e-01,8.255521039316239e-10
1.746109993228540e-01,8.254058280860398e-10
1.748239915152460e-01,8.252597392055536e-10
1.750369837076380e-01,8.251138368438285e-10
1.752499759000290e-01,8.249681205545285e-10
1.754629680924210e-01,8.248225898913157e-10
1.756759602848130e-01,8.246772444078540e-10
1.758889524772050e-01,8.245320836578066e-10
1.761019446695970e-01,8.243871071939213e-10
1.763149368619890e-01,8.242423145652781e-10
1.765279290543810e-01,8.240977053200405e-10
1.767409212467730e-01,8.239532790063717e-10
1.769539134391640e-01,8.238090351724356e-10
1.771669056315560e-01,8.236649733663940e-10
1.773798978239480e-01,8.235210931364111e-10
1.775928900163400e-01,8.233773940306500e-10
1.778058822087320e-01,8.232338755972739e-10
1.780188744011240e-01,8.230905373844459e-10
1.782318665935160e-01,8.229473789439953e-10
1.784448587859070e-01,8.228043998424202e-10
1.786578509782990e-01,8.226615996498846e-10
1.788708431706910e-01,8.225189779365551e-10
1.790838353630830e-01,8.223765342725975e-10
1.792968275554750e-01,8.222342682281775e-10
1.795098197478670e-01,8.220921793734608e-10
1.797228119402590e-01,8.219502672786132e-10
1.799358041326510e-01,8.218085315138004e-10
1.801487963250420e-01,8.216669716491888e-10
1.803617885174340e-01,8.215255872572108e-10
1.805747807098260e-01,8.213843779193722e-10
1.807877729022180e-01,8.212433432194463e-10
1.810007650946100e-01,8.211024827412069e-10
1.812137572870020e-01,8.209617960684272e-10
1.814267494793940e-01,8.208212827848805e-10
1.816397416717860e-01,8.206809424743405e-10
1.818527338641770e-01,8.205407747205807e-10
1.820657260565690e-01,8.204007791073737e-10
1.822787182489610e-01,8.202609552184935e-10
1.824917104413530e-01,8.201213026401935e-10
1.827047026337450e-01,8.199818209686455e-10
1.829176948261370e-01,8.198425098025003e-10
1.831306870185290e-01,8.197033687404085e-10
1.833436792109200e-01,8.195643973810214e-10
1.835566714033120e-01,8.194255953229883e-10
1.837696635957040e-01,8.192869621649607e-10
1.839826557880960e-01,8.191484975055889e-10
1.841956479804880e-01,8.190102009435241e-10
1.844086401728800e-01,8.188720720774166e-10
1.846216323652720e-01,8.187341105082010e-10
1.848346245576640e-01,8.185963158459411e-10
1.850476167500550e-01,8.184586877029837e-10
1.852606089424470e-01,8.183212256916724e-10
1.854736011348390e-01,8.181839294243534e-10
1.856865933272310e-01,8.180467985133721e-10
1.858995855196230e-01,8.179098325710740e-10
1.861125777120150e-01,8.177730312098044e-10
1.863255699044070e-01,8.176363940419088e-10
1.865385620967990e-01,8.174999206797326e-10
1.867515542891900e-01,8.173636107378246e-10
1.869645464815820e-01,8.172274638395482e-10
1.871775386739740e-01,8.170914796104730e-10
1.873905308663660e-01,8.169556576761688e-10
1.876035230587580e-01,8.168199976622052e-10
1.878165152511500e-01,8.166844991941513e-10
1.880295074435420e-01,8.165491618975773e-10
1.882424996359330e-01,8.164139853980526e-10
1.884554918283250e-01,8.162789693211459e-10
1.886684840207170e-01,8.161441132924271e-10
1.888814762131090e-01,8.160094169395680e-10
1.890944684055010e-01,8.158748798986510e-10
1.893074605978930e-01,8.157405018078614e-10
1.895204527902850e-01,8.156062823053851e-10
1.897334449826770e-01,8.154722210294071e-10
1.899464371750680e-01,8.153383176181138e-10
1.901594293674600e-01,8.152045717096895e-10
1.903724215598520e-01,8.150709829423201e-10
1.905854137522440e-01,8.149375509541912e-10
1.907984059446360e-01,8.148042753834884e-10
1.910113981370280e-01,8.146711558704051e-10
1.912243903294200e-01,8.145381920631663e-10
1.914373825218110e-01,8.144053836120054e-10
1.916503747142030e-01,8.142727301671536e-10
1.918633669065950e-01,8.141402313788443e-10
1.920763590989870e-01,8.140078868973102e-10
1.922893512913790e-01,8.138756963727839e-10
1.925023434837710e-01,8.137436594554982e-10
1.927153356761630e-01,8.136117757956856e-10
1.929283278685550e-01,8.134800450435789e-10
1.931413200609460e-01,8.133484668513391e-10
1.933543122533380e-01,8.132170408788336e-10
1.935673044457300e-01,8.130857667878577e-10
1.937802966381220e-01,8.129546442402068e-10
1.939932888305140e-01,8.128236728976754e-10
1.942062810229060e-01,8.126928524220584e-10
1.944192732152980e-01,8.125621824751510e-10
1.946322654076900e-01,8.124316627187480e-10
1.948452576000810e-01,8.123012928146446e-10
1.950582497924730e-01,8.121710724246349e-10
1.952712419848650e-01,8.120410012123582e-10
1.954842341772570e-01,8.119110788488254e-10
1.956972263696490e-01,8.117813050068881e-10
1.959102185620410e-01,8.116516793593986e-10
1.961232107544330e-01,8.115222015792090e-10
1.963362029468240e-01,8.113928713391716e-10
1.965491951392160e-01,8.112636883121376e-10
1.967621873316080e-01,8.111346521709596e-10
1.969751795240000e-01,8.110057625884895e-10
1.971881717163920e-01,8.108770192375793e-10
1.974011639087840e-01,8.107484217928538e-10
1.976141561011760e-01,8.106199699360307e-10
1.978271482935680e-01,8.104916633506013e-10
1.980401404859590e-01,8.103635017200580e-10
1.982531326783510e-01,8.102354847278911e-10
1.984661248707430e-01,8.101076120575931e-10
1.986791170631350e-01,8.099798833926551e-10
1.988921092555270e-01,8.098522984165694e-10
1.991051014479190e-01,8.097248568128269e-10
1.993180936403110e-01,8.095975582649197e-10
1.995310858327020e-01,8.094704024579917e-10
1.997440780250940e-01,8.093433890837942e-10
1.999570702174860e-01,8.092165178357319e-10
2.001700624098780e-01,8.090897884072093e-10
2.003830546022700e-01,8.089632004916307e-10
2.005960467946620e-01,8.088367537824007e-10
2.008090389870540e-01,8.087104479729234e-10
2.010220311794460e-01,8.085842827566037e-10
2.012350233718370e-01,8.084582578268463e-10
2.014480155642290e-01,8.083323728770544e-10
2.016610077566210e-01,8.082066276023741e-10
2.018739999490130e-01,8.080810217049132e-10
2.020869921414050e-01,8.079555548885199e-10
2.022999843337970e-01,8.078302268570423e-10
2.025129765261890e-01,8.077050373143283e-10
2.027259687185810e-01,8.075799859642264e-10
2.029389609109720e-01,8.074550725105850e-10
2.031519531033640e-01,8.073302966572511e-10
2.033649452957560e-01,8.072056581080734e-10
2.035779374881480e-01,8.070811565669002e-10
2.037909296805400e-01,8.069567917386535e-10
2.040039218729320e-01,8.068325633325502e-10
2.042169140653240e-01,8.067084710588801e-10
2.044299062577150e-01,8.065845146279335e-10
2.046428984501070e-01,8.064606937499991e-10
2.048558906424990e-01,8.063370081353673e-10
2.050688828348910e-01,8.062134574943278e-10
2.052818750272830e-01,8.060900415371705e-10
2.054948672196750e-01,8.059667599741851e-10
2.057078594120670e-01,8.058436125156614e-10
2.059208516044590e-01,8.057205988751358e-10
2.061338437968500e-01,8.055977187791385e-10
2.063468359892420e-01,8.054749719574483e-10
2.065598281816340e-01,8.053523581398457e-10
2.067728203740260e-01,8.052298770561108e-10
2.069858125664180e-01,8.051075284360234e-10
2.071988047588100e-01,8.049853120093637e-10
2.074117969512020e-01,8.048632275059113e-10
2.076247891435940e-01,8.047412746554464e-10
2.078377813359850e-01,8.046194531877494e-10
2.080507735283770e-01,8.044977628274253e-10
2.082637657207690e-01,8.043762032783784e-10
2.084767579131610e-01,8.042547742393361e-10
2.086897501055530e-01,8.041334754090260e-10
2.089027422979450e-01,8.040123064861750e-10
2.091157344903370e-01,8.038912671695106e-10
2.093287266827280e-01,8.037703571577607e-10
2.095417188751200e-01,8.036495761496516e-10
2.097547110675120e-01,8.035289238439110e-10
2.099677032599040e-01,8.034083999392663e-10
2.101806954522960e-01,8.032880041604290e-10
2.103936876446880e-01,8.031677363360439e-10
2.106066798370800e-01,8.030475963207375e-10
2.108196720294720e-01,8.029275839691364e-10
2.110326642218630e-01,8.028076991358676e-10
2.112456564142550e-01,8.026879416755568e-10
2.114586486066470e-01,8.025683114428309e-10
2.116716407990390e-01,8.024488082923168e-10
2.118846329914310e-01,8.023294320786407e-10
2.120976251838230e-01,8.022101826564292e-10
2.123106173762150e-01,8.020910597897060e-10
2.125236095686060e-01,8.019720628802116e-10
2.127366017609980e-01,8.018531912391458e-10
2.129495939533900e-01,8.017344441777105e-10
2.131625861457820e-01,8.016158210071065e-10
2.133755783381740e-01,8.014973210385352e-10
2.135885705305660e-01,8.013789435831974e-10
2.138015627229580e-01,8.012606879522944e-10
2.140145549153500e-01,8.011425534570273e-10
2.142275471077410e-01,8.010245394085977e-10
2.144405393001330e-01,8.009066454625829e-10
2.146535314925250e-01,8.007888726511590e-10
2.148665236849170e-01,8.006712223504218e-10
2.150795158773090e-01,8.005536959364670e-10
2.152925080697010e-01,8.004362947853907e-10
2.155055002620930e-01,8.003190202732891e-10
2.157184924544850e-01,8.002018737762577e-10
2.159314846468760e-01,8.000848566703933e-10
2.161444768392680e-01,7.999679703317907e-10
2.163574690316600e-01,7.998512161365463e-10
2.165704612240520e-01,7.997345941828045e-10
2.167834534164440e-01,7.996180994546720e-10
2.169964456088360e-01,7.995017256571890e-10
2.172094378012280e-01,7.993854664953953e-10
2.174224299936190e-01,7.992693156743315e-10
2.176354221860110e-01,7.991532668990364e-10
2.178484143784030e-01,7.990373138745505e-10
2.180614065707950e-01,7.989214503059136e-10
2.182743987631870e-01,7.988056698981658e-10
2.184873909555790e-01,7.986899663563470e-10
2.187003831479710e-01,7.985743381621172e-10
2.189133753403630e-01,7.984588029060517e-10
2.191263675327540e-01,7.983433829565636e-10
2.193393597251460e-01,7.982281006820639e-10
2.195523519175380e-01,7.981129784509660e-10
2.197653441099300e-01,7.979980386316823e-10
2.199783363023220e-01,7.978833035926251e-10
2.201913284947140e-01,7.977687957022070e-10
2.204043206871060e-01,7.976545373288406e-10
2.206173128794970e-01,7.975405508409387e-10
2.208303050718890e-01,7.974268407802634e-10
2.210432972642810e-01,7.973133403949155e-10
2.212562894566730e-01,7.971999651128123e-10
2.214692816490650e-01,7.970866303618711e-10
2.216822738414570e-01,7.969732515700095e-10
2.218952660338490e-01,7.968597441651449e-10
2.221082582262410e-01,7.967460235751945e-10
2.223212504186320e-01,7.966320052280764e-10
2.225342426110240e-01,7.965176045517069e-10
2.227472348034160e-01,7.964027369740039e-10
2.229602269958080e-01,7.962873844752981e-10
2.231732191882000e-01,7.961717951151075e-10
2.233862113805920e-01,7.960562834401465e-10
2.235992035729840e-01,7.959411639971291e-10
2.238121957653760e-01,7.958267513327700e-10
2.240251879577670e-01,7.957133599937836e-10
2.242381801501590e-01,7.956013045268833e-10
2.244511723425510e-01,7.954908994787842e-10
2.246641645349430e-01,7.953824593962003e-10
2.248771567273350e-01,7.952762988258459e-10
2.250901489197270e-01,7.951724842074460e-10
2.253031411121190e-01,7.950700889477013e-10
2.255161333045100e-01,7.949679380436983e-10
2.257291254969020e-01,7.948648564925227e-10
2.259421176892940e-01,7.947596692912609e-10
2.261551098816860e-01,7.946512014369994e-10
2.263681020740780e-01,7.945382779268240e-10
2.265810942664700e-01,7.944197237578213e-10
2.267940864588620e-01,7.942943639270773e-10
2.270070786512540e-01,7.941610234316784e-10
2.272200708436450e-01,7.940194535228654e-10
2.274330630360370e-01,7.938731115827499e-10
2.276460552284290e-01,7.937263818048122e-10
2.278590474208210e-01,7.935836483825315e-10
2.280720396132130e-01,7.934492955093875e-10
2.282850318056050e-01,7.933277073788594e-10
2.284980239979970e-01,7.932232681844265e-10
2.287110161903880e-01,7.931403621195688e-10
2.289240083827800e-01,7.930833733777647e-10
2.291370005751720e-01,7.930566861524941e-10
2.293499927675640e-01,7.930612267416445e-10
2.295629849599560e-01,7.930840899727895e-10
2.297759771523480e-01,7.931089128339372e-10
2.299889693447400e-01,7.931193323130955e-10
2.302019615371320e-01,7.930989853982726e-10
2.304149537295230e-01,7.930315090774769e-10
2.306279459219150e-01,7.929005403387163e-10
2.308409381143070e-01,7.926897161699988e-10
2.310539303066990e-01,7.923826735593326e-10
2.312669224990910e-01,7.919630494947259e-10
2.314799146914830e-01,7.914273899975339e-10
2.316929068838750e-01,7.908238608615921e-10
2.319058990762670e-01,7.902135287349248e-10
2.321188912686580e-01,7.896574602655579e-10
2.323318834610500e-01,7.892167221015103e-10
2.325448756534420e-01,7.889523808908086e-10
2.327578678458340e-01,7.889255032814767e-10
2.329708600382260e-01,7.891971559215387e-10
2.331838522306180e-01,7.898284054590186e-10
2.333968444230100e-01,7.908803185419399e-10
2.336098366154010e-01,7.923657722144654e-10
2.338228288077930e-01,7.941050056764107e-10
2.340358210001850e-01,7.958701287903860e-10
2.342488131925770e-01,7.974332514190092e-10
2.344618053849690e-01,7.985664834248957e-10
2.346747975773610e-01,7.990419346706633e-10
2.348877897697530e-01,7.986317150189284e-10
2.351007819621450e-01,7.971079343323075e-10
2.353137741545360e-01,7.942427024734354e-10
2.355267663469280e-01,7.898081293049014e-10
2.357397585393200e-01,7.837559789048837e-10
2.359527507317120e-01,7.767569729219855e-10
2.361657429241040e-01,7.696616576148585e-10
2.363787351164960e-01,7.633205792421507e-10
2.365917273088880e-01,7.585842840625172e-10
2.368047195012800e-01,7.563033183346065e-10
2.370177116936710e-01,7.573282283170567e-10
2.372307038860630e-01,7.625095602685245e-10
2.374436960784550e-01,7.726978604476660e-10
2.376566882708470e-01,7.887436751131324e-10
2.378696804632390e-01,8.111343407270822e-10
2.380826726556310e-01,8.389041145290037e-10
2.382956648480230e-01,8.707239239336426e-10
2.385086570404140e-01,9.052646963555635e-10
2.387216492328060e-01,9.411973592098374e-10
2.389346414251980e-01,9.771928399110426e-10
2.391476336175900e-01,1.011922065873916e-09
2.393606258099820e-01,1.044055964513190e-09
2.395736180023740e-01,1.072265463243613e-09
2.397866101947660e-01,1.095221489479915e-09
2.399996023871580e-01,1.111955513338847e-09
2.402125945795490e-01,1.122940968673661e-09
2.404255867719410e-01,1.129011728511438e-09
2.406385789643330e-01,1.131001665879096e-09
2.408515711567250e-01,1.129744653803617e-09
2.410645633491170e-01,1.126074565311980e-09
2.412775555415090e-01,1.120825273431169e-09
2.414905477339010e-01,1.114830651188165e-09
2.417035399262920e-01,1.108924571609974e-09
2.419165321186840e-01,1.103940907723520e-09
2.421295243110760e-01,1.100537229593421e-09
2.423425165034680e-01,1.098666214395038e-09
2.425555086958600e-01,1.098104395785444e-09
2.427685008882520e-01,1.098628307421710e-09
2.429814930806440e-01,1.100014482960910e-09
2.431944852730360e-01,1.102039456060116e-09
2.434074774654270e-01,1.104479760376388e-09
2.436204696578190e-01,1.107111929566821e-09
2.438334618502110e-01,1.109712497288479e-09
2.440464540426030e-01,1.112057997198433e-09
2.442594462349950e-01,1.113972150497047e-09
2.444724384273870e-01,1.115467550777469e-09
2.446854306197790e-01,1.116604040305731e-09
2.448984228121710e-01,1.117441461347867e-09
2.451114150045620e-01,1.118039656169907e-09
2.453244071969540e-01,1.118458467037888e-09
2.455373993893460e-01,1.118757736217842e-09
2.457503915817380e-01,1.118997305975799e-09
2.459633837741300e-01,1.119237018577794e-09
2.461763759665220e-01,1.119536716289859e-09
2.463893681589140e-01,1.119943593735555e-09
2.466023603513050e-01,1.120454237840139e-09
2.468153525436970e-01,1.121052579320741e-09
2.470283447360890e-01,1.121722548894489e-09
2.472413369284810e-01,1.122448077278508e-09
2.474543291208730e-01,1.123213095189928e-09
2.476673213132650e-01,1.124001533345875e-09
2.478803135056570e-01,1.124797322463477e-09
2.480933056980490e-01,1.125584393259861e-09
2.483062978904400e-01,1.126346676452152e-09
2.485192900828320e-01,1.127071493500160e-09
2.487322822752240e-01,1.127759729237396e-09
2.489452744676160e-01,1.128415659441555e-09
2.491582666600080e-01,1.129043559890335e-09
2.493712588524000e-01,1.129647706361429e-09
2.495842510447920e-01,1.130232374632535e-09
2.497972432371830e-01,1.130801840481346e-09
2.500102354295750e-01,1.131360379685563e-09
2.502232276219670e-01,1.131912268022878e-09
2.504362198143590e-01,1.132461781270988e-09
2.506492120067510e-01,1.133012287151722e-09
2.508622041991430e-01,1.133563522176998e-09
2.510751963915350e-01,1.134114315309577e-09
2.512881885839270e-01,1.134663495512222e-09
2.515011807763180e-01,1.135209891747689e-09
2.517141729687100e-01,1.135752332978747e-09
2.519271651611020e-01,1.136289648168153e-09
2.521401573534940e-01,1.136820666278668e-09
2.523531495458860e-01,1.137344216273054e-09
2.525661417382780e-01,1.137859127114072e-09
2.527791339306700e-01,1.138364471914904e-09
2.529921261230620e-01,1.138860299816463e-09
2.532051183154530e-01,1.139346903823182e-09
2.534181105078450e-01,1.139824576939503e-09
2.536311027002370e-01,1.140293612169861e-09
2.538440948926290e-01,1.140754302518693e-09
2.540570870850210e-01,1.141206940990436e-09
2.542700792774130e-01,1.141651820589527e-09
2.544830714698050e-01,1.142089234320403e-09
2.546960636621960e-01,1.142519475187500e-09
2.549090558545880e-01,1.142942771607664e-09
2.551220480469800e-01,1.143359093515104e-09
2.553350402393720e-01,1.143768346190289e-09
2.555480324317640e-01,1.144170434913687e-09
2.557610246241560e-01,1.144565264965768e-09
2.559740168165480e-01,1.144952741626998e-09
2.561870090089400e-01,1.145332770177848e-09
2.564000012013310e-01,1.145705255898784e-09
2.566129933937230e-01,1.146070104070279e-09
2.568259855861150e-01,1.146427219972799e-09
2.570389777785070e-01,1.146776526947929e-09
2.572519699708990e-01,1.147118020596391e-09
2.574649621632910e-01,1.147451714587356e-09
2.576779543556830e-01,1.147777622589997e-09
2.578909465480740e-01,1.148095758273484e-09
2.581039387404660e-01,1.148406135306993e-09
2.583169309328580e-01,1.148708767359695e-09
2.585299231252500e-01,1.149003668100761e-09
2.587429153176420e-01,1.149290851199364e-09
2.589559075100340e-01,1.149570330324677e-09
2.591688997024260e-01,1.149842115039468e-09
2.593818918948180e-01,1.150106198482631e-09
2.595948840872090e-01,1.150362569687522e-09
2.598078762796010e-01,1.150611217687503e-09
2.600208684719930e-01,1.150852131515930e-09
2.602338606643850e-01,1.151085300206164e-09
2.604468528567770e-01,1.151310712791561e-09
2.606598450491690e-01,1.151528358305481e-09
2.608728372415610e-01,1.151738225781282e-09
2.610858294339530e-01,1.151940304252323e-09
2.612988216263440e-01,1.152134584576745e-09
2.615118138187360e-01,1.152321064908802e-09
2.617248060111280e-01,1.152499745226017e-09
2.619377982035200e-01,1.152670625505912e-09
2.621507903959120e-01,1.152833705726013e-09
2.623637825883040e-01,1.152988985863841e-09
2.625767747806960e-01,1.153136465896921e-09
2.627897669730870e-01,1.153276145802776e-09
2.630027591654790e-01,1.153408025558931e-09
2.632157513578710e-01,1.153532105142907e-09
2.634287435502630e-01,1.153648384728202e-09
2.636417357426550e-01,1.153756865272736e-09
2.638547279350470e-01,1.153857547930673e-09
2.640677201274390e-01,1.153950433856176e-09
2.642807123198310e-01,1.154035524203406e-09
2.644937045122220e-01,1.154112820126527e-09
2.647066967046140e-01,1.154182322779703e-09
2.649196888970060e-01,1.154244033317095e-09
2.651326810893980e-01,1.154297952892866e-09
2.653456732817900e-01,1.154344082661179e-09
2.655586654741820e-01,1.154382424467415e-09
2.657716576665740e-01,1.154412982922864e-09
2.659846498589660e-01,1.154435763330558e-09
2.661976420513570e-01,1.154450770993525e-09
2.664106342437490e-01,1.154458011214796e-09
2.666236264361410e-01,1.154457489297400e-09
2.668366186285330e-01,1.154449210544367e-09
2.670496108209250e-01,1.154433180258726e-09
2.672626030133170e-01,1.154409403743508e-09
2.674755952057090e-01,1.154377886301743e-09
2.676885873981000e-01,1.154338633474696e-09
2.679015795904920e-01,1.154291651756644e-09
2.681145717828840e-01,1.154236947880133e-09
2.683275639752760e-01,1.154174528577708e-09
2.685405561676680e-01,1.154104400581915e-09
2.687535483600600e-01,1.154026570625299e-09
2.689665405524520e-01,1.153941045440406e-09
2.691795327448440e-01,1.153847831759781e-09
2.693925249372350e-01,1.153746936315970e-09
2.696055171296270e-01,1.153638365841519e-09
2.698185093220190e-01,1.153522128516634e-09
2.700315015144110e-01,1.153398238310774e-09
2.702444937068030e-01,1.153266710640360e-09
2.704574858991950e-01,1.153127560921814e-09
2.706704780915870e-01,1.152980804571559e-09
2.708834702839780e-01,1.152826457006016e-09
2.710964624763700e-01,1.152664533641606e-09
2.713094546687620e-01,1.152495049894751e-09
2.715224468611540e-01,1.152318021181873e-09
2.717354390535460e-01,1.152133462919394e-09
2.719484312459380e-01,1.151941387469468e-09
2.721614234383300e-01,1.151741794983898e-09
2.723744156307220e-01,1.151534682563577e-09
2.725874078231130e-01,1.151320047309402e-09
2.728004000155050e-01,1.151097886322263e-09
2.730133922078970e-01,1.150868196703056e-09
2.732263844002890e-01,1.150630975552674e-09
2.734393765926810e-01,1.150386219972012e-09
2.736523687850730e-01,1.150133927061963e-09
2.738653609774650e-01,1.149874093923422e-09
2.740783531698570e-01,1.149606731262986e-09
2.742913453622480e-01,1.149331904239994e-09
2.745043375546400e-01,1.149049691634449e-09
2.747173297470320e-01,1.148760172226359e-09
2.749303219394240e-01,1.148463424795730e-09
2.751433141318160e-01,1.148159528122568e-09
2.753563063242080e-01,1.147848560986878e-09
2.755692985166000e-01,1.147530602168668e-09
2.757822907089910e-01,1.147205730447944e-09
2.759952829013830e-01,1.146874024604709e-09
2.762082750937750e-01,1.146535514748909e-09
2.764212672861670e-01,1.146190036263348e-09
2.766342594785590e-01,1.145837375837319e-09
2.768472516709510e-01,1.145477320160115e-09
2.770602438633430e-01,1.145109655921028e-09
2.772732360557350e-01,1.144734169809352e-09
2.774862282481260e-01,1.144350648514382e-09
2.776992204405180e-01,1.143958878725408e-09
2.779122126329100e-01,1.143558647131723e-09
2.781252048253020e-01,1.143149740422622e-09
2.783381970176940e-01,1.142732128993546e-09
2.785511892100860e-01,1.142306518014594e-09
