7.791356504680618e-06,3.876406236838663e-09
8.610780621332552e-06,3.820625217809637e-09
9.516384324626089e-06,3.765528071164265e-09
1.051723120080771e-05,3.711114375042926e-09
1.162333806181051e-05,3.657383622218090e-09
1.284577519687474e-05,3.604335131514870e-09
1.419677716772344e-05,3.551969552024973e-09
1.568986525616830e-05,3.500286812740288e-09
1.733998278964274e-05,3.449283479921932e-09
1.916364469904539e-05,3.398951729644719e-09
2.117910280571951e-05,3.349284006097480e-09
2.340652849181556e-05,3.300272331609044e-09
2.586821458226360e-05,3.251908589432364e-09
2.858879845885812e-05,3.204185588260643e-09
3.159550863945590e-05,3.157095590885674e-09
3.491843729013453e-05,3.110630755130031e-09
3.859084139770492e-05,3.064783862648219e-09
4.264947561681323e-05,3.019547698644297e-09
4.713496012287843e-05,2.974914497913865e-09
5.209218715246060e-05,2.930877181538046e-09
5.757077029985334e-05,2.887428720999385e-09
6.362554106661115e-05,2.844561715377903e-09
7.031709763364645e-05,2.802269062694626e-09
7.771241134819200e-05,2.760544192485553e-09
8.588549699555374e-05,2.719379760853286e-09
9.491815356395940e-05,2.678768924311076e-09
1.049007829163263e-04,2.638705199313943e-09
1.159332945624905e-04,2.599181759486522e-09
1.281261055871622e-04,2.560191764634335e-09
1.416012457412214e-04,2.521728793291062e-09
1.564935787564811e-04,2.483786515249880e-09
1.729521521072439e-04,2.446357982780048e-09
1.911416887275217e-04,2.409437341109686e-09
2.112442356135248e-04,2.373018150046254e-09
2.334609858111876e-04,2.337093944048720e-09
2.580142920237960e-04,2.301658871702257e-09
2.851498919925769e-04,2.266706776711753e-09
3.151393679226079e-04,2.232231623342768e-09
3.482828645688079e-04,2.198227292646570e-09
3.849120931855259e-04,2.164688301273704e-09
4.253936514042669e-04,2.131608705085005e-09
4.701326922660057e-04,2.098982652806564e-09
5.195769791289974e-04,2.066804958148173e-09
5.742213670349657e-04,2.035069771860755e-09
6.346127553846864e-04,2.003771778599355e-09
7.013555614910102e-04,1.972905945170960e-09
7.751177697904812e-04,1.942466743170703e-09
8.566376172560946e-04,1.912449186540196e-09
9.467309819210534e-04,1.882848547151297e-09
1.046299548460350e-03,1.853659716618569e-09
1.156339832554060e-03,1.824877692736749e-09
1.277953154351212e-03,1.796355579857991e-09
1.405748469786333e-03,1.769539005382245e-09
1.533543785221454e-03,1.745499657483638e-09
1.661339100656575e-03,1.723773662521930e-09
1.789134416091696e-03,1.703897146856883e-09
1.916929731526817e-03,1.685469486161142e-09
2.000000000000000e-03,1.674194128871545e-09
2.044725046961939e-03,1.668342669331118e-09
2.172520362397060e-03,1.652411560399805e-09
2.300315677832181e-03,1.637540815159032e-09
2.428110993267302e-03,1.623592644600543e-09
2.555906308702423e-03,1.610442139868334e-09
2.683701624137544e-03,1.598015912723527e-09
2.811496939572665e-03,1.586253455083562e-09
2.939292255007787e-03,1.575094258865879e-09
3.067087570442908e-03,1.564477815987920e-09
3.194882885878029e-03,1.554348428435929e-09
3.322678201313150e-03,1.544669638665381e-09
3.450473516748271e-03,1.535409799297566e-09
3.578268832183392e-03,1.526537262953771e-09
3.706064147618514e-03,1.518020382255286e-09
3.833859463053635e-03,1.509829700113368e-09
3.961654778488756e-03,1.501944520568800e-09
4.089450093923877e-03,1.494346337937149e-09
4.217245409358998e-03,1.487016646533987e-09
4.345040724794119e-03,1.479936940674883e-09
4.472836040229241e-03,1.473089850083416e-09
4.600631355664362e-03,1.466462546144536e-09
4.728426671099482e-03,1.460043335665870e-09
4.856221986534604e-03,1.453820525455047e-09
4.984017301969726e-03,1.447782422319694e-09
5.111812617404846e-03,1.441917978182137e-09
5.239607932839968e-03,1.436218725405194e-09
5.367403248275089e-03,1.430676841457235e-09
5.495198563710209e-03,1.425284503806629e-09
5.622993879145331e-03,1.420033889921747e-09
5.750789194580453e-03,1.414917565669039e-09
5.878584510015573e-03,1.409929650511693e-09
6.006379825450694e-03,1.405064652313180e-09
6.134175140885816e-03,1.400317078936972e-09
6.261970456320937e-03,1.395681438246542e-09
6.389765771756058e-03,1.391152490199930e-09
6.517561087191179e-03,1.386726003122636e-09
6.645356402626300e-03,1.382397997429328e-09
6.773151718061422e-03,1.378164493534674e-09
6.900947033496543e-03,1.374021511853341e-09
7.028742348931663e-03,1.369965238866886e-09
7.156537664366785e-03,1.365992525323897e-09
7.284332979801906e-03,1.362100388039590e-09
7.412128295237027e-03,1.358285843829182e-09
7.539923610672148e-03,1.354545909507889e-09
7.667718926107269e-03,1.350877718710126e-09
7.795514241542391e-03,1.347278872351382e-09
7.923309556977513e-03,1.343747088168479e-09
8.051104872412632e-03,1.340280083898241e-09
8.178900187847754e-03,1.336875577277489e-09
8.306695503282877e-03,1.333531367359571e-09
8.434490818717996e-03,1.330245578462490e-09
8.562286134153118e-03,1.327016416220061e-09
8.690081449588239e-03,1.323842086266094e-09
8.817876765023359e-03,1.320720794234401e-09
8.945672080458482e-03,1.317650809646345e-09
9.073467395893601e-03,1.314630657574908e-09
9.201262711328723e-03,1.311658926981328e-09
9.329058026763846e-03,1.308734206826842e-09
9.456853342198965e-03,1.305855086072688e-09
9.584648657634087e-03,1.303020190197565e-09
9.712443973069206e-03,1.300228290748833e-09
9.840239288504329e-03,1.297478195790730e-09
9.968034603939451e-03,1.294768713387489e-09
1.009582991937457e-02,1.292098651603346e-09
1.022362523480969e-02,1.289466872632108e-09
1.035142055024482e-02,1.286872455186269e-09
1.047921586567993e-02,1.284314532108102e-09
1.060701118111506e-02,1.281792236239876e-09
1.073480649655018e-02,1.279304700423864e-09
1.086260181198530e-02,1.276851057502338e-09
1.099039712742042e-02,1.274430440317567e-09
1.111819244285554e-02,1.272041981711824e-09
1.124598775829066e-02,1.269684814527379e-09
1.137378307372578e-02,1.267358071606503e-09
1.150157838916090e-02,1.265060930662042e-09
1.162937370459603e-02,1.262792748876181e-09
1.175716902003114e-02,1.260552928295208e-09
1.188496433546627e-02,1.258340870965407e-09
1.201275965090139e-02,1.256155978933063e-09
1.214055496633651e-02,1.253997654244461e-09
1.226835028177163e-02,1.251865298945889e-09
1.239614559720675e-02,1.249758315083630e-09
1.252394091264187e-02,1.247676104703971e-09
1.265173622807700e-02,1.245618069853196e-09
1.277953154351211e-02,1.243583639211615e-09
1.290732685894724e-02,1.241572348005063e-09
1.303512217438236e-02,1.239583758098118e-09
1.316291748981748e-02,1.237617431355356e-09
1.329071280525260e-02,1.235672929641354e-09
1.341850812068772e-02,1.233749814820688e-09
1.354630343612284e-02,1.231847648757936e-09
1.367409875155796e-02,1.229965993317673e-09
1.380189406699308e-02,1.228104410364477e-09
1.392968938242821e-02,1.226262461762924e-09
1.405748469786333e-02,1.224439727728054e-09
1.418528001329845e-02,1.222635861877826e-09
1.431307532873357e-02,1.220850536181192e-09
1.444087064416869e-02,1.219083422607106e-09
1.456866595960381e-02,1.217334193124521e-09
1.469646127503893e-02,1.215602519702390e-09
1.482425659047405e-02,1.213888074309667e-09
1.495205190590917e-02,1.212190528915305e-09
1.507984722134430e-02,1.210509555488258e-09
1.520764253677942e-02,1.208844825997478e-09
1.533543785221454e-02,1.207196024992154e-09
1.546323316764966e-02,1.205562887339416e-09
1.559102848308478e-02,1.203945160485132e-09
1.571882379851990e-02,1.202342591875168e-09
1.584661911395502e-02,1.200754928955392e-09
1.597441442939014e-02,1.199181919171670e-09
1.610220974482527e-02,1.197623309969870e-09
1.623000506026039e-02,1.196078848795859e-09
1.635780037569551e-02,1.194548283095503e-09
1.648559569113063e-02,1.193031360314670e-09
1.661339100656575e-02,1.191527837085851e-09
1.674118632200087e-02,1.190037506791747e-09
1.686898163743599e-02,1.188560172003544e-09
1.699677695287111e-02,1.187095635292425e-09
1.712457226830624e-02,1.185643699229576e-09
1.725236758374135e-02,1.184204166386181e-09
1.738016289917648e-02,1.182776839333424e-09
1.750795821461160e-02,1.181361520642490e-09
1.763575353004672e-02,1.179958012884565e-09
1.776354884548184e-02,1.178566118630830e-09
1.789134416091696e-02,1.177185647064561e-09
1.801913947635208e-02,1.175816433818094e-09
1.814693479178720e-02,1.174458321136213e-09
1.827473010722232e-02,1.173111151263703e-09
1.840252542265745e-02,1.171774766445348e-09
1.853032073809257e-02,1.170449008925932e-09
1.865811605352769e-02,1.169133720950239e-09
1.878591136896281e-02,1.167828744763055e-09
1.891370668439793e-02,1.166533922609161e-09
1.904150199983305e-02,1.165249096733343e-09
1.916929731526817e-02,1.163974114402628e-09
1.929709263070329e-02,1.162708842972068e-09
1.942488794613842e-02,1.161453154818487e-09
1.955268326157353e-02,1.160206922318711e-09
1.968047857700866e-02,1.158970017849562e-09
1.980827389244378e-02,1.157742313787864e-09
1.993606920787890e-02,1.156523682510442e-09
2.006386452331402e-02,1.155313996394120e-09
2.019165983874914e-02,1.154113127815722e-09
2.031945515418426e-02,1.152920949152071e-09
2.044725046961939e-02,1.151737336538990e-09
2.057504578505450e-02,1.150562181150007e-09
2.070284110048963e-02,1.149395377918499e-09
2.083063641592475e-02,1.148236821777848e-09
2.095843173135987e-02,1.147086407661434e-09
2.108622704679499e-02,1.145944030502637e-09
2.121402236223011e-02,1.144809585234836e-09
2.134181767766523e-02,1.143682966791412e-09
2.146961299310035e-02,1.142564070105745e-09
2.159740830853547e-02,1.141452790111215e-09
2.172520362397060e-02,1.140349024762054e-09
2.185299893940572e-02,1.139252684096388e-09
2.198079425484084e-02,1.138163681173430e-09
2.210858957027596e-02,1.137081929052400e-09
2.223638488571108e-02,1.136007340792511e-09
2.236418020114620e-02,1.134939829452983e-09
2.249197551658132e-02,1.133879308093029e-09
2.261977083201644e-02,1.132825689771868e-09
2.274756614745157e-02,1.131778887548716e-09
2.287536146288669e-02,1.130738814482789e-09
2.300315677832181e-02,1.129705385949412e-09
2.313095209375693e-02,1.128678526588031e-09
2.325874740919205e-02,1.127658163354041e-09
2.338654272462717e-02,1.126644223202836e-09
2.351433804006229e-02,1.125636633089813e-09
2.364213335549741e-02,1.124635319970366e-09
2.376992867093253e-02,1.123640210799891e-09
2.389772398636766e-02,1.122651232533782e-09
2.402551930180278e-02,1.121668312127435e-09
2.415331461723790e-02,1.120691376536245e-09
2.428110993267302e-02,1.119720354575098e-09
2.440890524810814e-02,1.118755182496036e-09
2.453670056354326e-02,1.117795798410190e-09
2.466449587897838e-02,1.116842140428691e-09
2.479229119441350e-02,1.115894146662668e-09
2.492008650984863e-02,1.114951755223253e-09
2.504788182528375e-02,1.114014904221577e-09
2.517567714071887e-02,1.113083531768768e-09
2.530347245615399e-02,1.112157575975958e-09
2.543126777158911e-02,1.111236974954278e-09
2.555906308702423e-02,1.110321668354019e-09
2.568685840245935e-02,1.109411601982442e-09
2.581465371789447e-02,1.108506723186132e-09
2.594244903332960e-02,1.107606979311671e-09
2.607024434876471e-02,1.106712317705643e-09
2.619803966419984e-02,1.105822685714632e-09
2.632583497963496e-02,1.104938030685222e-09
2.645363029507008e-02,1.104058299963996e-09
2.658142561050520e-02,1.103183440897537e-09
2.670922092594032e-02,1.102313400832430e-09
2.683701624137544e-02,1.101448128273918e-09
2.696481155681056e-02,1.100587576361779e-09
2.709260687224568e-02,1.099731699394402e-09
2.722040218768081e-02,1.098880451670176e-09
2.734819750311593e-02,1.098033787487490e-09
2.747599281855105e-02,1.097191661144731e-09
2.760378813398617e-02,1.096354026940289e-09
2.773158344942129e-02,1.095520839172551e-09
2.785937876485641e-02,1.094692052139907e-09
2.798717408029153e-02,1.093867620140744e-09
2.811496939572665e-02,1.093047498586367e-09
2.824276471116178e-02,1.092231647339321e-09
2.837056002659689e-02,1.091420027374851e-09
2.849835534203202e-02,1.090612599668207e-09
2.862615065746714e-02,1.089809325194633e-09
2.875394597290226e-02,1.089010164929378e-09
2.888174128833738e-02,1.088215079847688e-09
2.900953660377250e-02,1.087424030924811e-09
2.913733191920762e-02,1.086636979135992e-09
2.926512723464274e-02,1.085853885456480e-09
2.939292255007787e-02,1.085074711587753e-09
2.952071786551299e-02,1.084299422136406e-09
2.964851318094811e-02,1.083527982435360e-09
2.977630849638323e-02,1.082760357817534e-09
2.990410381181835e-02,1.081996513615850e-09
3.003189912725347e-02,1.081236415163229e-09
3.015969444268859e-02,1.080480027792591e-09
3.028748975812371e-02,1.079727316836856e-09
3.041528507355883e-02,1.078978247628946e-09
3.054308038899396e-02,1.078232785501781e-09
3.067087570442908e-02,1.077490896577206e-09
3.079867101986420e-02,1.076752550132730e-09
3.092646633529932e-02,1.076017716234775e-09
3.105426165073444e-02,1.075286364949760e-09
3.118205696616956e-02,1.074558466344104e-09
3.130985228160468e-02,1.073833990484228e-09
3.143764759703981e-02,1.073112907436552e-09
3.156544291247493e-02,1.072395187267496e-09
3.169323822791005e-02,1.071680800043479e-09
3.182103354334517e-02,1.070969715830921e-09
3.194882885878029e-02,1.070261905278378e-09
3.207662417421541e-02,1.069557341362756e-09
3.220441948965053e-02,1.068855997643001e-09
3.233221480508566e-02,1.068157847678056e-09
3.246001012052077e-02,1.067462865026867e-09
3.258780543595589e-02,1.066771023248378e-09
3.271560075139102e-02,1.066082295901536e-09
3.284339606682614e-02,1.065396656545283e-09
3.297119138226126e-02,1.064714078738566e-09
3.309898669769638e-02,1.064034536040330e-09
3.322678201313150e-02,1.063358002472423e-09
3.335457732856662e-02,1.062684453908459e-09
3.348237264400174e-02,1.062013866685024e-09
3.361016795943687e-02,1.061346217138709e-09
3.373796327487198e-02,1.060681481606101e-09
3.386575859030710e-02,1.060019636423789e-09
3.399355390574223e-02,1.059360657928360e-09
3.412134922117735e-02,1.058704522456404e-09
3.424914453661247e-02,1.058051206344509e-09
3.437693985204759e-02,1.057400685929263e-09
3.450473516748271e-02,1.056752938038012e-09
3.463253048291783e-02,1.056107941461136e-09
3.476032579835295e-02,1.055465675479773e-09
3.488812111378808e-02,1.054826119375064e-09
3.501591642922319e-02,1.054189252428149e-09
3.514371174465832e-02,1.053555053920167e-09
3.527150706009344e-02,1.052923503132258e-09
3.539930237552856e-02,1.052294579345563e-09
3.552709769096368e-02,1.051668261841220e-09
3.565489300639881e-02,1.051044529900370e-09
3.578268832183392e-02,1.050423363145633e-09
3.591048363726904e-02,1.049804742565456e-09
3.603827895270417e-02,1.049188649489718e-09
3.616607426813929e-02,1.048575065248298e-09
3.629386958357441e-02,1.047963971171076e-09
3.642166489900953e-02,1.047355348587930e-09
3.654946021444465e-02,1.046749178828739e-09
3.667725552987977e-02,1.046145443223383e-09
3.680505084531489e-02,1.045544123101742e-09
3.693284616075002e-02,1.044945199793693e-09
3.706064147618514e-02,1.044348654929777e-09
3.718843679162025e-02,1.043754471343285e-09
3.731623210705538e-02,1.043162632168222e-09
3.744402742249050e-02,1.042573120538594e-09
3.757182273792562e-02,1.041985919588406e-09
3.769961805336074e-02,1.041401012451664e-09
3.782741336879586e-02,1.040818382262373e-09
3.795520868423098e-02,1.040238012154539e-09
3.808300399966610e-02,1.039659885262168e-09
3.821079931510123e-02,1.039083984719264e-09
3.833859463053635e-02,1.038510293980561e-09
3.846638994597146e-02,1.037938797783715e-09
3.859418526140659e-02,1.037369481187120e-09
3.872198057684171e-02,1.036802329249172e-09
3.884977589227683e-02,1.036237327028263e-09
3.897757120771195e-02,1.035674459582789e-09
3.910536652314707e-02,1.035113711971142e-09
3.923316183858219e-02,1.034555069251719e-09
3.936095715401731e-02,1.033998516482911e-09
3.948875246945244e-02,1.033444038723115e-09
3.961654778488756e-02,1.032891621229797e-09
3.974434310032268e-02,1.032341250056677e-09
3.987213841575780e-02,1.031792911456522e-09
3.999993373119292e-02,1.031246591682102e-09
4.012772904662804e-02,1.030702276986186e-09
4.025552436206317e-02,1.030159953621542e-09
4.038331967749829e-02,1.029619607840940e-09
4.051111499293340e-02,1.029081225897148e-09
4.063891030836853e-02,1.028544794042936e-09
4.076670562380365e-02,1.028010298531072e-09
4.089450093923877e-02,1.027477725875511e-09
4.102229625467389e-02,1.026947063635059e-09
4.115009157010902e-02,1.026418299629760e-09
4.127788688554413e-02,1.025891421679659e-09
4.140568220097925e-02,1.025366417604802e-09
4.153347751641438e-02,1.024843275225232e-09
4.166127283184950e-02,1.024321982360994e-09
4.178906814728462e-02,1.023802526832135e-09
4.191686346271974e-02,1.023284896458698e-09
4.204465877815486e-02,1.022769079060729e-09
4.217245409358998e-02,1.022255062585685e-09
4.230024940902510e-02,1.021742835490692e-09
4.242804472446023e-02,1.021232386360294e-09
4.255584003989534e-02,1.020723703779040e-09
4.268363535533046e-02,1.020216776331472e-09
4.281143067076559e-02,1.019711592602139e-09
4.293922598620071e-02,1.019208141175584e-09
4.306702130163583e-02,1.018706410636354e-09
4.319481661707095e-02,1.018206389568995e-09
4.332261193250607e-02,1.017708066558052e-09
4.345040724794119e-02,1.017211430441169e-09
4.357820256337631e-02,1.016716471068336e-09
4.370599787881144e-02,1.016223178542618e-09
4.383379319424656e-02,1.015731542967081e-09
4.396158850968167e-02,1.015241554444788e-09
4.408938382511680e-02,1.014753203078807e-09
4.421717914055192e-02,1.014266478972200e-09
4.434497445598704e-02,1.013781372228034e-09
4.447276977142216e-02,1.013297872949375e-09
4.460056508685728e-02,1.012815971239286e-09
4.472836040229240e-02,1.012335657226395e-09
4.485615571772752e-02,1.011856921141592e-09
4.498395103316265e-02,1.011379753241335e-09
4.511174634859777e-02,1.010904143782080e-09
4.523954166403289e-02,1.010430083020285e-09
4.536733697946801e-02,1.009957561212409e-09
4.549513229490313e-02,1.009486568614908e-09
4.562292761033825e-02,1.009017095484240e-09
4.575072292577338e-02,1.008549132076863e-09
4.587851824120850e-02,1.008082668649234e-09
4.600631355664361e-02,1.007617695724608e-09
4.613410887207874e-02,1.007154204893474e-09
4.626190418751386e-02,1.006692188013137e-09
4.638969950294898e-02,1.006231636940907e-09
4.651749481838410e-02,1.005772543534089e-09
4.664529013381922e-02,1.005314899649992e-09
4.677308544925434e-02,1.004858697145922e-09
4.690088076468946e-02,1.004403927879186e-09
4.702867608012459e-02,1.003950583707093e-09
4.715647139555971e-02,1.003498656486949e-09
4.728426671099482e-02,1.003048138068559e-09
4.741206202642995e-02,1.002599020271721e-09
4.753985734186507e-02,1.002151294908731e-09
4.766765265730019e-02,1.001704953791885e-09
4.779544797273531e-02,1.001259988733479e-09
4.792324328817044e-02,1.000816391545809e-09
4.805103860360555e-02,1.000374154041171e-09
4.817883391904067e-02,9.999332680318612e-10
4.830662923447580e-02,9.994937253301749e-10
4.843442454991092e-02,9.990555177484087e-10
4.856221986534604e-02,9.986186373308715e-10
4.869001518078116e-02,9.981830770498267e-10
4.881781049621628e-02,9.977488301095007e-10
4.894560581165140e-02,9.973158897141199e-10
4.907340112708652e-02,9.968842490679115e-10
4.920119644252165e-02,9.964539013751020e-10
4.932899175795677e-02,9.960248398399177e-10
4.945678707339188e-02,9.955970576665858e-10
4.958458238882701e-02,9.951705480593327e-10
4.971237770426213e-02,9.947453042223853e-10
4.984017301969725e-02,9.943213190146395e-10
4.996796833513237e-02,9.938985839135968e-10
5.000000000000000e-02,9.937928210188984e-10
5.009576365056749e-02,9.934770902302054e-10
5.022355896600261e-02,9.930568308351449e-10
5.035135428143774e-02,9.926377994036197e-10
5.047914959687286e-02,9.922199896175256e-10
5.060694491230798e-02,9.918033951587595e-10
5.073474022774310e-02,9.913880097092173e-10
5.086253554317822e-02,9.909738269507958e-10
5.099033085861334e-02,9.905608405653907e-10
5.111812617404846e-02,9.901490442400850e-10
5.124592148948359e-02,9.897384316827064e-10
5.137371680491870e-02,9.893289966062686e-10
5.150151212035382e-02,9.889207327237853e-10
5.162930743578895e-02,9.885136337482705e-10
5.175710275122407e-02,9.881076933927378e-10
5.188489806665919e-02,9.877029053702010e-10
5.201269338209431e-02,9.872992633936738e-10
5.214048869752943e-02,9.868967611761702e-10
5.226828401296455e-02,9.864953924307039e-10
5.239607932839967e-02,9.860951510019757e-10
5.252387464383480e-02,9.856960312613852e-10
5.265166995926992e-02,9.852980277119947e-10
5.277946527470503e-02,9.849011348568657e-10
5.290726059014016e-02,9.845053471990607e-10
5.303505590557528e-02,9.841106592416411e-10
5.316285122101040e-02,9.837170654876693e-10
5.329064653644552e-02,9.833245604402070e-10
5.341844185188065e-02,9.829331386023164e-10
5.354623716731576e-02,9.825427944770593e-10
5.367403248275088e-02,9.821535225627982e-10
5.380182779818601e-02,9.817653173390961e-10
5.392962311362113e-02,9.813781732808157e-10
5.405741842905625e-02,9.809920848628198e-10
5.418521374449137e-02,9.806070465599716e-10
5.431300905992649e-02,9.802230528471338e-10
5.444080437536161e-02,9.798400981991691e-10
5.456859969079673e-02,9.794581770909402e-10
5.469639500623186e-02,9.790772839973104e-10
5.482419032166697e-02,9.786974133931420e-10
5.495198563710210e-02,9.783185598748837e-10
5.507978095253722e-02,9.779407185253212e-10
5.520757626797234e-02,9.775638845488242e-10
5.533537158340746e-02,9.771880531497623e-10
5.546316689884258e-02,9.768132195325050e-10
5.559096221427770e-02,9.764393789014218e-10
5.571875752971282e-02,9.760665264608827e-10
5.584655284514795e-02,9.756946574152567e-10
5.597434816058307e-02,9.753237669689136e-10
5.610214347601819e-02,9.749538503262231e-10
5.622993879145331e-02,9.745849027268556e-10
5.635773410688843e-02,9.742169195516732e-10
5.648552942232355e-02,9.738498962168333e-10
5.661332473775867e-02,9.734838281384934e-10
5.674112005319380e-02,9.731187107328108e-10
5.686891536862891e-02,9.727545394159426e-10
5.699671068406403e-02,9.723913096040463e-10
5.712450599949916e-02,9.720290167132793e-10
5.725230131493428e-02,9.716676561597988e-10
5.738009663036940e-02,9.713072233597626e-10
5.750789194580452e-02,9.709477137799546e-10
5.763568726123964e-02,9.705891230896841e-10
5.776348257667476e-02,9.702314470088948e-10
5.789127789210988e-02,9.698746812575307e-10
5.801907320754501e-02,9.695188215555362e-10
5.814686852298013e-02,9.691638636228549e-10
5.827466383841524e-02,9.688098031794310e-10
5.840245915385037e-02,9.684566359452087e-10
5.853025446928549e-02,9.681043576401317e-10
5.865804978472061e-02,9.677529639841442e-10
5.878584510015573e-02,9.674024507409716e-10
5.891364041559085e-02,9.670528138494638e-10
5.904143573102597e-02,9.667040492922535e-10
5.916923104646109e-02,9.663561530519728e-10
5.929702636189622e-02,9.660091211112535e-10
5.942482167733134e-02,9.656629494527283e-10
5.955261699276646e-02,9.653176340590290e-10
5.968041230820158e-02,9.649731709127877e-10
5.980820762363670e-02,9.646295559966364e-10
5.993600293907182e-02,9.642867852932079e-10
6.006379825450694e-02,9.639448548523211e-10
6.019159356994207e-02,9.636037609925250e-10
6.031938888537718e-02,9.632635000995476e-10
6.044718420081231e-02,9.629240685591161e-10
6.057497951624743e-02,9.625854627569573e-10
6.070277483168255e-02,9.622476790787988e-10
6.083057014711767e-02,9.619107139103680e-10
6.095836546255279e-02,9.615745636373922e-10
6.108616077798791e-02,9.612392246455984e-10
6.121395609342303e-02,9.609046933207142e-10
6.134175140885816e-02,9.605709660411631e-10
6.146954672429328e-02,9.602380391561527e-10
6.159734203972840e-02,9.599059090075851e-10
6.172513735516352e-02,9.595745719373626e-10
6.185293267059864e-02,9.592440242873878e-10
6.198072798603376e-02,9.589142623995630e-10
6.210852330146888e-02,9.585852826157903e-10
6.223631861690401e-02,9.582570812779723e-10
6.236411393233912e-02,9.579296547280115e-10
6.249190924777424e-02,9.576029993078099e-10
6.261970456320937e-02,9.572771114512551e-10
6.274749987864449e-02,9.569519879601799e-10
6.287529519407961e-02,9.566276257284058e-10
6.300309050951473e-02,9.563040216497541e-10
6.313088582494986e-02,9.559811726180457e-10
6.325868114038498e-02,9.556590755271021e-10
6.338647645582010e-02,9.553377272707444e-10
6.351427177125522e-02,9.550171247427942e-10
6.364206708669033e-02,9.546972648370722e-10
6.376986240212545e-02,9.543781444474000e-10
6.389765771756058e-02,9.540597604490713e-10
6.402545303299570e-02,9.537421096432729e-10
6.415324834843082e-02,9.534251888126668e-10
6.428104366386594e-02,9.531089947399146e-10
6.440883897930107e-02,9.527935242076779e-10
6.453663429473619e-02,9.524787739986187e-10
6.466442961017131e-02,9.521647408953980e-10
6.479222492560642e-02,9.518514216806781e-10
6.492002024104154e-02,9.515388131371202e-10
6.504781555647667e-02,9.512269120473863e-10
6.517561087191179e-02,9.509157152669954e-10
6.530340618734691e-02,9.506052199429271e-10
6.543120150278203e-02,9.502954232950342e-10
6.555899681821716e-02,9.499863225431685e-10
6.568679213365228e-02,9.496779149071828e-10
6.581458744908740e-02,9.493701976069291e-10
6.594238276452252e-02,9.490631678622602e-10
6.607017807995763e-02,9.487568228930283e-10
6.619797339539275e-02,9.484511599190856e-10
6.632576871082788e-02,9.481461761602845e-10
6.645356402626300e-02,9.478418688531786e-10
6.658135934169812e-02,9.475382353011259e-10
6.670915465713324e-02,9.472352728241873e-10
6.683694997256837e-02,9.469329787424228e-10
6.696474528800349e-02,9.466313503758931e-10
6.709254060343861e-02,9.463303850446580e-10
6.722033591887373e-02,9.460300800687784e-10
6.734813123430886e-02,9.457304327683147e-10
6.747592654974396e-02,9.454314404633269e-10
6.760372186517909e-02,9.451331004738758e-10
6.773151718061421e-02,9.448354101160034e-10
6.785931249604933e-02,9.445383666896810e-10
6.798710781148445e-02,9.442419674908619e-10
6.811490312691958e-02,9.439462098154995e-10
6.824269844235470e-02,9.436510909595471e-10
6.837049375778982e-02,9.433566082189583e-10
6.849828907322494e-02,9.430627588896864e-10
6.862608438866007e-02,9.427695402676846e-10
6.875387970409517e-02,9.424769496489066e-10
6.888167501953030e-02,9.421849843293053e-10
6.900947033496542e-02,9.418936416763502e-10
6.913726565040054e-02,9.416029193436046e-10
6.926506096583566e-02,9.413128150561647e-10
6.939285628127079e-02,9.410233265391262e-10
6.952065159670591e-02,9.407344515175856e-10
6.964844691214103e-02,9.404461877166384e-10
6.977624222757615e-02,9.401585328613808e-10
6.990403754301128e-02,9.398714846769087e-10
7.003183285844640e-02,9.395850408883182e-10
7.015962817388151e-02,9.392991992207051e-10
7.028742348931663e-02,9.390139573818246e-10
7.041521880475175e-02,9.387293130100649e-10
7.054301412018688e-02,9.384452637264724e-10
7.067080943562200e-02,9.381618071520926e-10
7.079860475105712e-02,9.378789409079719e-10
7.092640006649224e-02,9.375966626151561e-10
7.105419538192737e-02,9.373149698946914e-10
7.118199069736249e-02,9.370338603676237e-10
7.130978601279761e-02,9.367533316549990e-10
7.152277820518949e-02,9.362870680380302e-10
7.173577039758135e-02,9.358224004030900e-10
7.194876258997322e-02,9.353593188888115e-10
7.216175478236508e-02,9.348978138642968e-10
7.237474697475696e-02,9.344378756986476e-10
7.258773916714882e-02,9.339794947609659e-10
7.280073135954070e-02,9.335226614203536e-10
7.301372355193256e-02,9.330673660459129e-10
7.322671574432443e-02,9.326135990067456e-10
7.343970793671629e-02,9.321613506719536e-10
7.365270012910817e-02,9.317106114106390e-10
7.386569232150003e-02,9.312613717023765e-10
7.407868451389191e-02,9.308136224686330e-10
7.429167670628377e-02,9.303673547413474e-10
7.450466889867564e-02,9.299225595524591e-10
7.471766109106751e-02,9.294792279339071e-10
7.493065328345938e-02,9.290373509176307e-10
7.514364547585124e-02,9.285969195355689e-10
7.535663766824312e-02,9.281579248196609e-10
7.556962986063498e-02,9.277203578018461e-10
7.578262205302685e-02,9.272842095140636e-10
7.599561424541872e-02,9.268494711214331e-10
7.620860643781059e-02,9.264161343217822e-10
7.642159863020245e-02,9.259841909461115e-10
7.663459082259433e-02,9.255536328254212e-10
7.684758301498619e-02,9.251244517907119e-10
7.706057520737807e-02,9.246966396729839e-10
7.727356739976993e-02,9.242701883032381e-10
7.748655959216180e-02,9.238450895124743e-10
7.769955178455366e-02,9.234213351316936e-10
7.791254397694554e-02,9.229989169918961e-10
7.812553616933740e-02,9.225778270394971e-10
7.833852836172928e-02,9.221580576825441e-10
7.855152055412114e-02,9.217396014444870e-10
7.876451274651301e-02,9.213224508487752e-10
7.897750493890487e-02,9.209065984188582e-10
7.919049713129675e-02,9.204920366781855e-10
7.940348932368861e-02,9.200787581502068e-10
7.961648151608049e-02,9.196667553583714e-10
7.982947370847235e-02,9.192560208261289e-10
8.004246590086422e-02,9.188465470769290e-10
8.025545809325609e-02,9.184383267518646e-10
8.046845028564796e-02,9.180313529626299e-10
8.068144247803982e-02,9.176256189385766e-10
8.089443467043170e-02,9.172211179090556e-10
8.110742686282357e-02,9.168178431034186e-10
8.132041905521543e-02,9.164157877510171e-10
8.153341124760730e-02,9.160149450812021e-10
8.174640343999917e-02,9.156153083233251e-10
8.195939563239105e-02,9.152168707067378e-10
8.217238782478291e-02,9.148196254607912e-10
8.238538001717477e-02,9.144235658547032e-10
8.259837220956665e-02,9.140286853171618e-10
8.281136440195852e-02,9.136349773167239e-10
8.302435659435038e-02,9.132424353219466e-10
8.323734878674224e-02,9.128510528013867e-10
8.345034097913412e-02,9.124608232236009e-10
8.366333317152599e-02,9.120717400571463e-10
8.387632536391786e-02,9.116837967705799e-10
8.408931755630973e-02,9.112969868324585e-10
8.430230974870159e-02,9.109113037113390e-10
8.451530194109347e-02,9.105267410210261e-10
8.472829413348533e-02,9.101432929563176e-10
8.494128632587720e-02,9.097609538572602e-10
8.515427851826907e-02,9.093797180639009e-10
8.536727071066094e-02,9.089995799162862e-10
8.558026290305280e-02,9.086205337544627e-10
8.579325509544468e-02,9.082425739184772e-10
8.600624728783654e-02,9.078656947483765e-10
8.621923948022842e-02,9.074898905842072e-10
8.643223167262028e-02,9.071151557660161e-10
8.664522386501215e-02,9.067414846481267e-10
8.685821605740401e-02,9.063688716419697e-10
8.707120824979589e-02,9.059973111732513e-10
8.728420044218775e-02,9.056267976676783e-10
8.749719263457963e-02,9.052573255509573e-10
8.771018482697149e-02,9.048888892487950e-10
8.792317701936336e-02,9.045214831868979e-10
8.813616921175522e-02,9.041551017909727e-10
8.834916140414710e-02,9.037897394867261e-10
8.856215359653896e-02,9.034253906998646e-10
8.877514578893084e-02,9.030620499655353e-10
8.898813798132270e-02,9.026997122566260e-10
8.920113017371457e-02,9.023383726554537e-10
8.941412236610644e-02,9.019780262443356e-10
8.962711455849831e-02,9.016186681055886e-10
8.984010675089017e-02,9.012602933215299e-10
9.005309894328205e-02,9.009028969744766e-10
9.026609113567391e-02,9.005464741467458e-10
9.047908332806578e-02,9.001910199206547e-10
9.069207552045766e-02,8.998365293785201e-10
9.090506771284952e-02,8.994829976437825e-10
9.111805990524138e-02,8.991304200043860e-10
9.133105209763326e-02,8.987787917894030e-10
9.154404429002513e-02,8.984281083279057e-10
9.175703648241700e-02,8.980783649489670e-10
9.197002867480886e-02,8.977295569816588e-10
9.218302086720073e-02,8.973816797550538e-10
9.239601305959261e-02,8.970347285982245e-10
9.260900525198447e-02,8.966886988402432e-10
9.282199744437633e-02,8.963435858101823e-10
9.303498963676821e-02,8.959993848776442e-10
9.324798182916008e-02,8.956560915743555e-10
9.346097402155194e-02,8.953137014725758e-10
9.367396621394380e-02,8.949722101445645e-10
9.388695840633568e-02,8.946316131625810e-10
9.409995059872756e-02,8.942919060988848e-10
9.431294279111942e-02,8.939530845257355e-10
9.452593498351128e-02,8.936151440153924e-10
9.473892717590315e-02,8.932780801401151e-10
9.495191936829503e-02,8.929418884721628e-10
9.516491156068689e-02,8.926065646592149e-10
9.537790375307875e-02,8.922721046506304e-10
9.559089594547063e-02,8.919385044711897e-10
9.580388813786250e-02,8.916057601456732e-10
9.601688033025436e-02,8.912738676988610e-10
9.622987252264624e-02,8.909428231555333e-10
9.644286471503810e-02,8.906126225404705e-10
9.665585690742998e-02,8.902832618784526e-10
9.686884909982184e-02,8.899547371942602e-10
9.708184129221371e-02,8.896270445126732e-10
9.729483348460558e-02,8.893001798864885e-10
9.750782567699745e-02,8.889741394805653e-10
9.772081786938931e-02,8.886489194877789e-10
9.793381006178119e-02,8.883245161010038e-10
9.814680225417305e-02,8.880009255131153e-10
9.835979444656492e-02,8.876781439169877e-10
9.857278663895679e-02,8.873561675054964e-10
9.878577883134866e-02,8.870349924715160e-10
9.899877102374052e-02,8.867146150079215e-10
9.921176321613240e-02,8.863950313075877e-10
9.942475540852426e-02,8.860762376203726e-10
9.963774760091614e-02,8.857582304240554e-10
9.985073979330800e-02,8.854410062533938e-10
1.000637319857000e-01,8.851245616431445e-10
1.002767241780920e-01,8.848088931280654e-10
1.004897163704840e-01,8.844939972429135e-10
1.007027085628750e-01,8.841798705224477e-10
1.009157007552670e-01,8.838665095014223e-10
1.011286929476590e-01,8.835539107145962e-10
1.013416851400510e-01,8.832420706967266e-10
1.015546773324430e-01,8.829309860005072e-10
1.017676695248350e-01,8.826206532503917e-10
1.019806617172270e-01,8.823110690887780e-10
1.021936539096190e-01,8.820022301580637e-10
1.024066461020100e-01,8.816941331006478e-10
1.026196382944020e-01,8.813867745589255e-10
1.028326304867940e-01,8.810801511752954e-10
1.030456226791860e-01,8.807742595921555e-10
1.032586148715780e-01,8.804690964519036e-10
1.034716070639700e-01,8.801646583969372e-10
1.036845992563620e-01,8.798609421062800e-10
1.038975914487540e-01,8.795579444054456e-10
1.041105836411450e-01,8.792556621565671e-10
1.043235758335370e-01,8.789540922217741e-10
1.045365680259290e-01,8.786532314632001e-10
1.047495602183210e-01,8.783530767429770e-10
1.049625524107130e-01,8.780536249232369e-10
1.051755446031050e-01,8.777548728661122e-10
1.053885367954970e-01,8.774568174337347e-10
1.056015289878880e-01,8.771594554882379e-10
1.058145211802800e-01,8.768627839497666e-10
1.060275133726720e-01,8.765667999704352e-10
1.062405055650640e-01,8.762715007603252e-10
1.064534977574560e-01,8.759768835295175e-10
1.066664899498480e-01,8.756829454880935e-10
1.068794821422400e-01,8.753896838461345e-10
1.070924743346320e-01,8.750970958137215e-10
1.073054665270230e-01,8.748051786009373e-10
1.075184587194150e-01,8.745139294178602e-10
1.077314509118070e-01,8.742233454745730e-10
1.079444431041990e-01,8.739334239712370e-10
1.081574352965910e-01,8.736441620683081e-10
1.083704274889830e-01,8.733555569163086e-10
1.085834196813750e-01,8.730676056657608e-10
1.087964118737660e-01,8.727803054671885e-10
1.090094040661580e-01,8.724936534711114e-10
1.092223962585500e-01,8.722076468280530e-10
1.094353884509420e-01,8.719222826885360e-10
1.096483806433340e-01,8.716375582030824e-10
1.098613728357260e-01,8.713534705222148e-10
1.100743650281180e-01,8.710700168564811e-10
1.102873572205100e-01,8.707871946566233e-10
1.105003494129010e-01,8.705050014334566e-10
1.107133416052930e-01,8.702234346977921e-10
1.109263337976850e-01,8.699424919604445e-10
1.111393259900770e-01,8.696621707322277e-10
1.113523181824690e-01,8.693824685239554e-10
1.115653103748610e-01,8.691033828464413e-10
1.117783025672530e-01,8.688249112104990e-10
1.119912947596450e-01,8.685470511269422e-10
1.122042869520360e-01,8.682698001351268e-10
1.124172791444280e-01,8.679931558885751e-10
1.126302713368200e-01,8.677171160693593e-10
1.128432635292120e-01,8.674416783595494e-10
1.130562557216040e-01,8.671668404412156e-10
1.132692479139960e-01,8.668925999964285e-10
1.134822401063880e-01,8.666189547072584e-10
1.136952322987790e-01,8.663459022557765e-10
1.139082244911710e-01,8.660734403240510e-10
1.141212166835630e-01,8.658015665941532e-10
1.143342088759550e-01,8.655302786604380e-10
1.145472010683470e-01,8.652595737664803e-10
1.147601932607390e-01,8.649894490681803e-10
1.149731854531310e-01,8.647199017214386e-10
1.151861776455230e-01,8.644509288821555e-10
1.153991698379140e-01,8.641825277062331e-10
1.156121620303060e-01,8.639146953495689e-10
1.158251542226980e-01,8.636474289680648e-10
1.160381464150900e-01,8.633807257176212e-10
1.162511386074820e-01,8.631145827541387e-10
1.164641307998740e-01,8.628489976848709e-10
1.166771229922660e-01,8.625839699215046e-10
1.168901151846570e-01,8.623194993265900e-10
1.171031073770490e-01,8.620555857626741e-10
1.173160995694410e-01,8.617922290923072e-10
1.175290917618330e-01,8.615294291780387e-10
1.177420839542250e-01,8.612671858824176e-10
1.179550761466170e-01,8.610054990679936e-10
1.181680683390090e-01,8.607443685973156e-10
1.183810605314010e-01,8.604837943329331e-10
1.185940527237920e-01,8.602237745724569e-10
1.188070449161840e-01,8.599643013502565e-10
1.190200371085760e-01,8.597053651340238e-10
1.192330293009680e-01,8.594469563914503e-10
1.194460214933600e-01,8.591890655902271e-10
1.196590136857520e-01,8.589316831980454e-10
1.198720058781440e-01,8.586747996825963e-10
1.200849980705360e-01,8.584184055115712e-10
1.202979902629270e-01,8.581624911526623e-10
1.205109824553190e-01,8.579070470735584e-10
1.207239746477110e-01,8.576520697110916e-10
1.209369668401030e-01,8.573975793845514e-10
1.211499590324950e-01,8.571436023853182e-10
1.213629512248870e-01,8.568901650047719e-10
1.215759434172790e-01,8.566372935342930e-10
1.217889356096700e-01,8.563850142652627e-10
1.220019278020620e-01,8.561333534890589e-10
1.222149199944540e-01,8.558823374970629e-10
1.224279121868460e-01,8.556319925806548e-10
1.226409043792380e-01,8.553823450312149e-10
1.228538965716300e-01,8.551333988659153e-10
1.230668887640220e-01,8.548850690105919e-10
1.232798809564140e-01,8.546372481196195e-10
1.234928731488050e-01,8.543898288473752e-10
1.237058653411970e-01,8.541427038482314e-10
1.239188575335890e-01,8.538957657765649e-10
1.241318497259810e-01,8.536489072867511e-10
1.243448419183730e-01,8.534020210331650e-10
1.245578341107650e-01,8.531549996701821e-10
1.247708263031570e-01,8.529077358521779e-10
1.249838184955480e-01,8.526602055078252e-10
1.251968106879400e-01,8.524127175395981e-10
1.254098028803320e-01,8.521656640625905e-10
1.256227950727240e-01,8.519194371918948e-10
1.258357872651160e-01,8.516744290426041e-10
1.260487794575080e-01,8.514310317298108e-10
1.262617716499000e-01,8.511896373686079e-10
1.264747638422920e-01,8.509506380740878e-10
1.266877560346830e-01,8.507144259613446e-10
1.269007482270750e-01,8.504813931454685e-10
1.271137404194670e-01,8.502517631556789e-10
1.273267326118590e-01,8.500250856356059e-10
1.275397248042510e-01,8.498007418718842e-10
1.277527169966430e-01,8.495781131511478e-10
1.279657091890350e-01,8.493565807600307e-10
1.281787013814270e-01,8.491355259851673e-10
1.283916935738180e-01,8.489143301131927e-10
1.286046857662100e-01,8.486923744307389e-10
1.288176779586020e-01,8.484690402244412e-10
1.290306701509940e-01,8.482437087809338e-10
1.292436623433860e-01,8.480159289485254e-10
1.294566545357780e-01,8.477859201040708e-10
1.296696467281700e-01,8.475540693270520e-10
1.298826389205610e-01,8.473207636969524e-10
1.300956311129530e-01,8.470863902932524e-10
1.303086233053450e-01,8.468513361954351e-10
1.305216154977370e-01,8.466159884829829e-10
1.307346076901290e-01,8.463807342353780e-10
1.309475998825210e-01,8.461459605321029e-10
1.311605920749130e-01,8.459120544526397e-10
1.313735842673050e-01,8.456793209672047e-10
1.315865764596960e-01,8.454477365722870e-10
1.317995686520880e-01,8.452171956367732e-10
1.320125608444800e-01,8.449875925295535e-10
1.322255530368720e-01,8.447588216195165e-10
1.324385452292640e-01,8.445307772755514e-10
1.326515374216560e-01,8.443033538665471e-10
1.328645296140480e-01,8.440764457613924e-10
1.330775218064400e-01,8.438499473289761e-10
1.332905139988310e-01,8.436237529381885e-10
1.335035061912230e-01,8.433977789852402e-10
1.337164983836150e-01,8.431720299582700e-10
1.339294905760070e-01,8.429465323640550e-10
1.341424827683990e-01,8.427213127093720e-10
1.343554749607910e-01,8.424963975009983e-10
1.345684671531830e-01,8.422718132457108e-10
1.347814593455740e-01,8.420475864502874e-10
1.349944515379660e-01,8.418237436215033e-10
1.352074437303580e-01,8.416003112661366e-10
1.354204359227500e-01,8.413773158909641e-10
1.356334281151420e-01,8.411547781222512e-10
1.358464203075340e-01,8.409326950761161e-10
1.360594124999260e-01,8.407110579941125e-10
1.362724046923180e-01,8.404898581177948e-10
1.364853968847090e-01,8.402690866887181e-10
1.366983890771010e-01,8.400487349484340e-10
1.369113812694930e-01,8.398287941384980e-10
1.371243734618850e-01,8.396092555004639e-10
1.373373656542770e-01,8.393901102758859e-10
1.375503578466690e-01,8.391713497063183e-10
1.377633500390610e-01,8.389529665944442e-10
1.379763422314520e-01,8.387349599911751e-10
1.381893344238440e-01,8.385173305104032e-10
1.384023266162360e-01,8.383000787660243e-10
1.386153188086280e-01,8.380832053719324e-10
1.388283110010200e-01,8.378667109420225e-10
1.390413031934120e-01,8.376505960901887e-10
1.392542953858040e-01,8.374348614303258e-10
1.394672875781960e-01,8.372195075763280e-10
1.396802797705870e-01,8.370045351420911e-10
1.398932719629790e-01,8.367899443689959e-10
1.401062641553710e-01,8.365757340079572e-10
1.403192563477630e-01,8.363619024371650e-10
1.405322485401550e-01,8.361484480348090e-10
1.407452407325470e-01,8.359353691790795e-10
1.409582329249390e-01,8.357226642481658e-10
1.411712251173300e-01,8.355103316202594e-10
1.413842173097220e-01,8.352983696735481e-10
1.415972095021140e-01,8.350867767862227e-10
1.418102016945060e-01,8.348755513364732e-10
1.420231938868980e-01,8.346646917808747e-10
1.422361860792900e-01,8.344541968895366e-10
1.424491782716820e-01,8.342440655109490e-10
1.426621704640740e-01,8.340342964936026e-10
1.428751626564650e-01,8.338248886859889e-10
1.430881548488570e-01,8.336158409365968e-10
1.433011470412490e-01,8.334071520939174e-10
1.435141392336410e-01,8.331988210064416e-10
1.437271314260330e-01,8.329908465226599e-10
1.439401236184250e-01,8.327832274910626e-10
1.441531158108170e-01,8.325759627813461e-10
1.443661080032090e-01,8.323690513480010e-10
1.445791001956000e-01,8.321624921667103e-10
1.447920923879920e-01,8.319562842131538e-10
1.450050845803840e-01,8.317504264630149e-10
1.452180767727760e-01,8.315449178919756e-10
1.454310689651680e-01,8.313397574757178e-10
1.456440611575600e-01,8.311349441899233e-10
1.458570533499520e-01,8.309304770102748e-10
1.460700455423430e-01,8.307263549124548e-10
1.462830377347350e-01,8.305225768678971e-10
1.464960299271270e-01,8.303191418310629e-10
1.467090221195190e-01,8.301160487521717e-10
1.469220143119110e-01,8.299132965814425e-10
1.471350065043030e-01,8.297108842690947e-10
1.473479986966950e-01,8.295088107653475e-10
1.475609908890870e-01,8.293070750204200e-10
1.477739830814780e-01,8.291056759845327e-10
1.479869752738700e-01,8.289046126079027e-10
1.481999674662620e-01,8.287038838407506e-10
1.484129596586540e-01,8.285034886074673e-10
1.486259518510460e-01,8.283034257290854e-10
1.488389440434380e-01,8.281036940007857e-10
1.490519362358300e-01,8.279042922177488e-10
1.492649284282220e-01,8.277052191751556e-10
1.494779206206130e-01,8.275064736681877e-10
1.496909128130050e-01,8.273080544920240e-10
1.499039050053970e-01,8.271099604418463e-10
1.501168971977890e-01,8.269121903128352e-10
1.503298893901810e-01,8.267147429001716e-10
1.505428815825730e-01,8.265176170972118e-10
1.507558737749650e-01,8.263208121900740e-10
1.509688659673560e-01,8.261243275630814e-10
1.511818581597480e-01,8.259281626005555e-10
1.513948503521400e-01,8.257323166868200e-10
1.516078425445320e-01,8.255367892061977e-10
1.518208347369240e-01,8.253415795430113e-10
1.520338269293160e-01,8.251466870815840e-10
1.522468191217080e-01,8.249521112062385e-10
1.524598113141000e-01,8.247578513012977e-10
1.526728035064910e-01,8.245639066510212e-10
1.528857956988830e-01,8.243702761394742e-10
1.530987878912750e-01,8.241769585506921e-10
1.533117800836670e-01,8.239839526687098e-10
1.535247722760590e-01,8.237912572775615e-10
1.537377644684510e-01,8.235988711612819e-10
1.539507566608430e-01,8.234067931039060e-10
1.541637488532340e-01,8.232150218894690e-10
1.543767410456260e-01,8.230235563020038e-10
1.545897332380180e-01,8.228323951255461e-10
1.548027254304100e-01,8.226415372303617e-10
1.550157176228020e-01,8.224509818314803e-10
1.552287098151940e-01,8.222607282300823e-10
1.554417020075860e-01,8.220707757273480e-10
1.556546941999780e-01,8.218811236244574e-10
1.558676863923690e-01,8.216917712225923e-10
1.560806785847610e-01,8.215027178229308e-10
1.562936707771530e-01,8.213139627266542e-10
1.565066629695450e-01,8.211255052349427e-10
1.567196551619370e-01,8.209373446489769e-10
1.569326473543290e-01,8.207494802124166e-10
1.571456395467210e-01,8.205619109386954e-10
1.573586317391130e-01,8.203746357836537e-10
1.575716239315040e-01,8.201876537031330e-10
1.577846161238960e-01,8.200009636529721e-10
1.579976083162880e-01,8.198145645890122e-10
1.582106005086800e-01,8.196284554670938e-10
1.584235927010720e-01,8.194426352430576e-10
1.586365848934640e-01,8.192571028727440e-10
1.588495770858560e-01,8.190718573119934e-10
1.590625692782470e-01,8.188868975849805e-10
1.592755614706390e-01,8.187022229892985e-10
1.594885536630310e-01,8.185178328909205e-10
1.597015458554230e-01,8.183337266558185e-10
1.599145380478150e-01,8.181499036499648e-10
1.601275302402070e-01,8.179663632393319e-10
1.603405224325990e-01,8.177831047898916e-10
1.605535146249910e-01,8.176001276676164e-10
1.607665068173820e-01,8.174174312384795e-10
1.609794990097740e-01,8.172350148684511e-10
1.611924912021660e-01,8.170528778897599e-10
1.614054833945580e-01,8.168710194996538e-10
1.616184755869500e-01,8.166894388616356e-10
1.618314677793420e-01,8.165081351392076e-10
1.620444599717340e-01,8.163271074958725e-10
1.622574521641260e-01,8.161463550951326e-10
1.624704443565170e-01,8.159658771004913e-10
1.626834365489090e-01,8.157856726754496e-10
1.628964287413010e-01,8.156057409835108e-10
1.631094209336930e-01,8.154260811881776e-10
1.633224131260850e-01,8.152466924682332e-10
1.635354053184770e-01,8.150675740635670e-10
1.637483975108690e-01,8.148887252293404e-10
1.639613897032600e-01,8.147101452207154e-10
1.641743818956520e-01,8.145318332928512e-10
1.643873740880440e-01,8.143537887009103e-10
1.646003662804360e-01,8.141760107000539e-10
1.648133584728280e-01,8.139984985454430e-10
1.650263506652200e-01,8.138212514922391e-10
1.652393428576120e-01,8.136442687956031e-10
1.654523350500040e-01,8.134675497094355e-10
1.656653272423950e-01,8.132910934825961e-10
1.658783194347870e-01,8.131148993626830e-10
1.660913116271790e-01,8.129389665972963e-10
1.663043038195710e-01,8.127632944340358e-10
1.665172960119630e-01,8.125878821205011e-10
1.667302882043550e-01,8.124127289042918e-10
1.669432803967470e-01,8.122378340330074e-10
1.671562725891380e-01,8.120631967542483e-10
1.673692647815300e-01,8.118888163156126e-10
1.675822569739220e-01,8.117146919829890e-10
1.677952491663140e-01,8.115408230954563e-10
1.680082413587060e-01,8.113672090103994e-10
1.682212335510980e-01,8.111938490852034e-10
1.684342257434900e-01,8.110207426772536e-10
1.686472179358820e-01,8.108478891439351e-10
1.688602101282730e-01,8.106752878426339e-10
1.690732023206650e-01,8.105029381307334e-10
1.692861945130570e-01,8.103308393656196e-10
1.694991867054490e-01,8.101589909046777e-10
1.697121788978410e-01,8.099873921142814e-10
1.699251710902330e-01,8.098160423967641e-10
1.701381632826250e-01,8.096449411634521e-10
1.703511554750170e-01,8.094740878256707e-10
1.705641476674080e-01,8.093034817947464e-10
1.707771398598000e-01,8.091331224820033e-10
1.709901320521920e-01,8.089630092987682e-10
1.712031242445840e-01,8.087931416563663e-10
1.714161164369760e-01,8.086235189661235e-10
1.716291086293680e-01,8.084541406393656e-10
1.718421008217600e-01,8.082850060424713e-10
1.720550930141510e-01,8.081161143620554e-10
1.722680852065430e-01,8.079474647397946e-10
1.724810773989350e-01,8.077790563173674e-10
1.726940695913270e-01,8.076108882364523e-10
1.729070617837190e-01,8.074429596387271e-10
1.731200539761110e-01,8.072752696658702e-10
1.733330461685030e-01,8.071078174595591e-10
1.735460383608950e-01,8.069406021614726e-10
1.737590305532860e-01,8.067736229132892e-10
1.739720227456780e-01,8.066068789364428e-10
1.741850149380700e-01,8.064403697712624e-10
1.743980071304620e-01,8.062740950377646e-10
1.746109993228540e-01,8.061080543559661e-10
1.748239915152460e-01,8.059422473458839e-10
1.750369837076380e-01,8.057766736275344e-10
1.752499759000290e-01,8.056113328209356e-10
1.754629680924210e-01,8.054462245461024e-10
1.756759602848130e-01,8.052813484230526e-10
1.758889524772050e-01,8.051167040718026e-10
1.761019446695970e-01,8.049522910502104e-10
1.763149368619890e-01,8.047881086673305e-10
1.765279290543810e-01,8.046241561699755e-10
1.767409212467730e-01,8.044604328049578e-10
1.769539134391640e-01,8.042969378190904e-10
1.771669056315560e-01,8.041336704591843e-10
1.773798978239480e-01,8.039706299720526e-10
1.775928900163400e-01,8.038078156045079e-10
1.778058822087320e-01,8.036452266033621e-10
1.780188744011240e-01,8.034828622154280e-10
1.782318665935160e-01,8.033207217345192e-10
1.784448587859070e-01,8.031588046425223e-10
1.786578509782990e-01,8.029971104683570e-10
1.788708431706910e-01,8.028356387409452e-10
1.790838353630830e-01,8.026743889892079e-10
1.792968275554750e-01,8.025133607420664e-10
1.795098197478670e-01,8.023525535284418e-10
1.797228119402590e-01,8.021919668772551e-10
1.799358041326510e-01,8.020316003174276e-10
1.801487963250420e-01,8.018714533778813e-10
1.803617885174340e-01,8.017115255695708e-10
1.805747807098260e-01,8.015518163315922e-10
1.807877729022180e-01,8.013923250850737e-10
1.810007650946100e-01,8.012330512511443e-10
1.812137572870020e-01,8.010739942509318e-10
1.814267494793940e-01,8.009151535055652e-10
1.816397416717860e-01,8.007565284361728e-10
1.818527338641770e-01,8.005981184638841e-10
1.820657260565690e-01,8.004399230098258e-10
1.822787182489610e-01,8.002819414951274e-10
1.824917104413530e-01,8.001241733502737e-10
1.827047026337450e-01,7.999666180431656e-10
1.829176948261370e-01,7.998092750510557e-10
1.831306870185290e-01,7.996521438511965e-10
1.833436792109200e-01,7.994952239208415e-10
1.835566714033120e-01,7.993385147372414e-10
1.837696635957040e-01,7.991820157776499e-10
1.839826557880960e-01,7.990257265193191e-10
1.841956479804880e-01,7.988696464395020e-10
1.844086401728800e-01,7.987137750154508e-10
1.846216323652720e-01,7.985581117256440e-10
1.848346245576640e-01,7.984026560534596e-10
1.850476167500550e-01,7.982474074835006e-10
1.852606089424470e-01,7.980923655003684e-10
1.854736011348390e-01,7.979375295886658e-10
1.856865933272310e-01,7.977828992329955e-10
1.858995855196230e-01,7.976284739179597e-10
1.861125777120150e-01,7.974742531281610e-10
1.863255699044070e-01,7.973202363482019e-10
1.865385620967990e-01,7.971664230626846e-10
1.867515542891900e-01,7.970128127585870e-10
1.869645464815820e-01,7.968594049323874e-10
1.871775386739740e-01,7.967061990829430e-10
1.873905308663660e-01,7.965531947091107e-10
1.876035230587580e-01,7.964003913097476e-10
1.878165152511500e-01,7.962477883837099e-10
1.880295074435420e-01,7.960953854298549e-10
1.882424996359330e-01,7.959431819470396e-10
1.884554918283250e-01,7.957911774341196e-10
1.886684840207170e-01,7.956393713899525e-10
1.888814762131090e-01,7.954877633196683e-10
1.890944684055010e-01,7.953363527534974e-10
1.893074605978930e-01,7.951851392279462e-10
1.895204527902850e-01,7.950341222795212e-10
1.897334449826770e-01,7.948833014447290e-10
1.899464371750680e-01,7.947326762600768e-10
1.901594293674600e-01,7.945822462620695e-10
1.903724215598520e-01,7.944320109872148e-10
1.905854137522440e-01,7.942819699720188e-10
1.907984059446360e-01,7.941321227529881e-10
1.910113981370280e-01,7.939824688749261e-10
1.912243903294200e-01,7.938330079158204e-10
1.914373825218110e-01,7.936837394619550e-10
1.916503747142030e-01,7.935346630996115e-10
1.918633669065950e-01,7.933857784150737e-10
1.920763590989870e-01,7.932370849946247e-10
1.922893512913790e-01,7.930885824245476e-10
1.925023434837710e-01,7.929402702911255e-10
1.927153356761630e-01,7.927921481806416e-10
1.929283278685550e-01,7.926442156793792e-10
1.931413200609460e-01,7.924964723514619e-10
1.933543122533380e-01,7.923489176724081e-10
1.935673044457300e-01,7.922015510955951e-10
1.937802966381220e-01,7.920543720744003e-10
1.939932888305140e-01,7.919073800622006e-10
1.942062810229060e-01,7.917605745123728e-10
1.944192732152980e-01,7.916139548782941e-10
1.946322654076900e-01,7.914675206133415e-10
1.948452576000810e-01,7.913212711708924e-10
1.950582497924730e-01,7.911752060043228e-10
1.952712419848650e-01,7.910293246060022e-10
1.954842341772570e-01,7.908836266241584e-10
1.956972263696490e-01,7.907381117459562e-10
1.959102185620410e-01,7.905927796585611e-10
1.961232107544330e-01,7.904476300491378e-10
1.963362029468240e-01,7.903026626048519e-10
1.965491951392160e-01,7.901578770128675e-10
1.967621873316080e-01,7.900132729603501e-10
1.969751795240000e-01,7.898688501344646e-10
1.971881717163920e-01,7.897246082223764e-10
1.974011639087840e-01,7.895805468845698e-10
1.976141561011760e-01,7.894366656747652e-10
1.978271482935680e-01,7.892929641199811e-10
1.980401404859590e-01,7.891494417472370e-10
1.982531326783510e-01,7.890060980835499e-10
1.984661248707430e-01,7.888629326559391e-10
1.986791170631350e-01,7.887199449914235e-10
1.988921092555270e-01,7.885771346170213e-10
1.991051014479190e-01,7.884345010597514e-10
1.993180936403110e-01,7.882920438466322e-10
1.995310858327020e-01,7.881497625213643e-10
1.997440780250940e-01,7.880076566943779e-10
1.999570702174860e-01,7.878657259927895e-10
2.001700624098780e-01,7.877239700437151e-10
2.003830546022700e-01,7.875823884742702e-10
2.005960467946620e-01,7.874409809115708e-10
2.008090389870540e-01,7.872997469827328e-10
2.010220311794460e-01,7.871586863148719e-10
2.012350233718370e-01,7.870177985351046e-10
2.014480155642290e-01,7.868770832705453e-10
2.016610077566210e-01,7.867365401311196e-10
2.018739999490130e-01,7.865961686580032e-10
2.020869921414050e-01,7.864559683751883e-10
2.022999843337970e-01,7.863159388066669e-10
2.025129765261890e-01,7.861760794764313e-10
2.027259687185810e-01,7.860363899084736e-10
2.029389609109720e-01,7.858968696267865e-10
2.031519531033640e-01,7.857575181553611e-10
2.033649452957560e-01,7.856183350181902e-10
2.035779374881480e-01,7.854793197392658e-10
2.037909296805400e-01,7.853404718893833e-10
2.040039218729320e-01,7.852017912264527e-10
2.042169140653240e-01,7.850632775551371e-10
2.044299062577150e-01,7.849249306801009e-10
2.046428984501070e-01,7.847867504060064e-10
2.048558906424990e-01,7.846487365375176e-10
2.050688828348910e-01,7.845108888792981e-10
2.052818750272830e-01,7.843732072360115e-10
2.054948672196750e-01,7.842356914123212e-10
2.057078594120670e-01,7.840983412128908e-10
2.059208516044590e-01,7.839611563935037e-10
2.061338437968500e-01,7.838241365143133e-10
2.063468359892420e-01,7.836872810865348e-10
2.065598281816340e-01,7.835505896213853e-10
2.067728203740260e-01,7.834140616300815e-10
2.069858125664180e-01,7.832776966238400e-10
2.071988047588100e-01,7.831414941138773e-10
2.074117969512020e-01,7.830054536114099e-10
2.076247891435940e-01,7.828695746276548e-10
2.078377813359850e-01,7.827338566738288e-10
2.080507735283770e-01,7.825982992905226e-10
2.082637657207690e-01,7.824629021358605e-10
2.084767579131610e-01,7.823276648973566e-10
2.086897501055530e-01,7.821925872625252e-10
2.089027422979450e-01,7.820576689188807e-10
2.091157344903370e-01,7.819229095539371e-10
2.093287266827280e-01,7.817883088552097e-10
2.095417188751200e-01,7.816538665102112e-10
2.097547110675120e-01,7.815195822064565e-10
2.099677032599040e-01,7.813854556314598e-10
2.101806954522960e-01,7.812514864643102e-10
2.103936876446880e-01,7.811176743503961e-10
2.106066798370800e-01,7.809840189266812e-10
2.108196720294720e-01,7.808505198301296e-10
2.110326642218630e-01,7.807171766977056e-10
2.112456564142550e-01,7.805839891663717e-10
2.114586486066470e-01,7.804509568730928e-10
2.116716407990390e-01,7.803180794548325e-10
2.118846329914310e-01,7.801853565485548e-10
2.120976251838230e-01,7.800527877912234e-10
2.123106173762150e-01,7.799203728268381e-10
2.125236095686060e-01,7.797881113275341e-10
2.127366017609980e-01,7.796560029724753e-10
2.129495939533900e-01,7.795240474408278e-10
2.131625861457820e-01,7.793922444117567e-10
2.133755783381740e-01,7.792605935644273e-10
2.135885705305660e-01,7.791290945780051e-10
2.138015627229580e-01,7.789977471316555e-10
2.140145549153500e-01,7.788665509045435e-10
2.142275471077410e-01,7.787355055758352e-10
2.144405393001330e-01,7.786046108275605e-10
2.146535314925250e-01,7.784738663532072e-10
2.148665236849170e-01,7.783432718491238e-10
2.150795158773090e-01,7.782128270116596e-10
2.152925080697010e-01,7.780825315371634e-10
2.155055002620930e-01,7.779523851219842e-10
2.157184924544850e-01,7.778223874624710e-10
2.159314846468760e-01,7.776925382549731e-10
2.161444768392680e-01,7.775628371958388e-10
2.163574690316600e-01,7.774332839814171e-10
2.165704612240520e-01,7.773038783118952e-10
2.167834534164440e-01,7.771746199028182e-10
2.169964456088360e-01,7.770455084735726e-10
2.172094378012280e-01,7.769165437435448e-10
2.174224299936190e-01,7.767877254321221e-10
2.176354221860110e-01,7.766590532586894e-10
2.178484143784030e-01,7.765305269426343e-10
2.180614065707950e-01,7.764021462033428e-10
2.182743987631870e-01,7.762739107602016e-10
2.184873909555790e-01,7.761458203325973e-10
2.187003831479710e-01,7.760178746169655e-10
2.189133753403630e-01,7.758900732179286e-10
2.191263675327540e-01,7.757624157171530e-10
2.193393597251460e-01,7.756349016963032e-10
2.195523519175380e-01,7.755075307370456e-10
2.197653441099300e-01,7.753803024210460e-10
2.199783363023220e-01,7.752532163299701e-10
2.201913284947140e-01,7.751262720454837e-10
2.204043206871060e-01,7.749994691492526e-10
2.206173128794970e-01,7.748728072229433e-10
2.208303050718890e-01,7.747462859000708e-10
2.210432972642810e-01,7.746199050215170e-10
2.212562894566730e-01,7.744936644799950e-10
2.214692816490650e-01,7.743675641682181e-10
2.216822738414570e-01,7.742416039788992e-10
2.218952660338490e-01,7.741157838047514e-10
2.221082582262410e-01,7.739901035384880e-10
2.223212504186320e-01,7.738645630728224e-10
2.225342426110240e-01,7.737391623004669e-10
2.227472348034160e-01,7.736139011141347e-10
2.229602269958080e-01,7.734887793558937e-10
2.231732191882000e-01,7.733637966653276e-10
2.233862113805920e-01,7.732389526314243e-10
2.235992035729840e-01,7.731142468431718e-10
2.238121957653760e-01,7.729896788895584e-10
2.240251879577670e-01,7.728652483595719e-10
2.242381801501590e-01,7.727409548421997e-10
2.244511723425510e-01,7.726167979264298e-10
2.246641645349430e-01,7.724927772012507e-10
2.248771567273350e-01,7.723688922556498e-10
2.250901489197270e-01,7.722451427060546e-10
2.253031411121190e-01,7.721215282787167e-10
2.255161333045100e-01,7.719980487273606e-10
2.257291254969020e-01,7.718747038057096e-10
2.259421176892940e-01,7.717514932674885e-10
2.261551098816860e-01,7.716284168664214e-10
2.263681020740780e-01,7.715054743562328e-10
2.265810942664700e-01,7.713826654906468e-10
2.267940864588620e-01,7.712599900233876e-10
2.270070786512540e-01,7.711374477081797e-10
2.272200708436450e-01,7.710150382977719e-10
2.274330630360370e-01,7.708927615410079e-10
2.276460552284290e-01,7.707706171857565e-10
2.278590474208210e-01,7.706486049798860e-10
2.280720396132130e-01,7.705267246712648e-10
2.282850318056050e-01,7.704049760077612e-10
2.284980239979970e-01,7.702833587372433e-10
2.287110161903880e-01,7.701618726075803e-10
2.289240083827800e-01,7.700405173666393e-10
2.291370005751720e-01,7.699192927622890e-10
2.293499927675640e-01,7.697981985439868e-10
2.295629849599560e-01,7.696772344675441e-10
2.297759771523480e-01,7.695564002903615e-10
2.299889693447400e-01,7.694356957698394e-10
2.302019615371320e-01,7.693151206633781e-10
2.304149537295230e-01,7.691946747283788e-10
2.306279459219150e-01,7.690743577222408e-10
2.308409381143070e-01,7.689541694023648e-10
2.310539303066990e-01,7.688341095261516e-10
2.312669224990910e-01,7.687141778510013e-10
2.314799146914830e-01,7.685943741271691e-10
2.316929068838750e-01,7.684746980763368e-10
2.319058990762670e-01,7.683551494130455e-10
2.321188912686580e-01,7.682357278518365e-10
2.323318834610500e-01,7.681164331072500e-10
2.325448756534420e-01,7.679972648938273e-10
2.327578678458340e-01,7.678782229261095e-10
2.329708600382260e-01,7.677593069186373e-10
2.331838522306180e-01,7.676405165859521e-10
2.333968444230100e-01,7.675218516425948e-10
2.336098366154010e-01,7.674033118251935e-10
2.338228288077930e-01,7.672848969586670e-10
2.340358210001850e-01,7.671666068899949e-10
2.342488131925770e-01,7.670484414661560e-10
2.344618053849690e-01,7.669304005341292e-10
2.346747975773610e-01,7.668124839408936e-10
2.348877897697530e-01,7.666946915334282e-10
2.351007819621450e-01,7.665770231587118e-10
2.353137741545360e-01,7.664594786637239e-10
2.355267663469280e-01,7.663420578954425e-10
2.357397585393200e-01,7.662247606317002e-10
2.359527507317120e-01,7.661075863736125e-10
2.361657429241040e-01,7.659905345530818e-10
2.363787351164960e-01,7.658736046020110e-10
2.365917273088880e-01,7.657567959523031e-10
2.368047195012800e-01,7.656401080358608e-10
2.370177116936710e-01,7.655235402845874e-10
2.372307038860630e-01,7.654070921303847e-10
2.374436960784550e-01,7.652907630051560e-10
2.376566882708470e-01,7.651745523408044e-10
2.378696804632390e-01,7.650584597831686e-10
2.380826726556310e-01,7.649424858339749e-10
2.382956648480230e-01,7.648266312089559e-10
2.385086570404140e-01,7.647108966238453e-10
2.387216492328060e-01,7.645952827943746e-10
2.389346414251980e-01,7.644797904362774e-10
2.391476336175900e-01,7.643644202652865e-10
2.393606258099820e-01,7.642491729971349e-10
2.395736180023740e-01,7.641340493475556e-10
2.397866101947660e-01,7.640190500322812e-10
2.399996023871580e-01,7.639041751226328e-10
2.402125945795490e-01,7.637894221126549e-10
2.404255867719410e-01,7.636747878521630e-10
2.406385789643330e-01,7.635602691909748e-10
2.408515711567250e-01,7.634458629789072e-10
2.410645633491170e-01,7.633315660657771e-10
2.412775555415090e-01,7.632173753014012e-10
2.414905477339010e-01,7.631032875355967e-10
2.417035399262920e-01,7.629892996181808e-10
2.419165321186840e-01,7.628754083989697e-10
2.421295243110760e-01,7.627616129623421e-10
2.423425165034680e-01,7.626479213268815e-10
2.425555086958600e-01,7.625343437437119e-10
2.427685008882520e-01,7.624208904639570e-10
2.429814930806440e-01,7.623075717387410e-10
2.431944852730360e-01,7.621943978191877e-10
2.434074774654270e-01,7.620813789564219e-10
2.436204696578190e-01,7.619685254015662e-10
2.438334618502110e-01,7.618558474057452e-10
2.440464540426030e-01,7.617433552200830e-10
2.442594462349950e-01,7.616310508647976e-10
2.444724384273870e-01,7.615189034151638e-10
2.446854306197790e-01,7.614068737048883e-10
2.448984228121710e-01,7.612949225676769e-10
2.451114150045620e-01,7.611830108372367e-10
2.453244071969540e-01,7.610710993472728e-10
2.455373993893460e-01,7.609591489314922e-10
2.457503915817380e-01,7.608471204236010e-10
2.459633837741300e-01,7.607349746573055e-10
2.461763759665220e-01,7.606226724663120e-10
2.463893681589140e-01,7.605102054226624e-10
2.466023603513050e-01,7.603976880933695e-10
2.468153525436970e-01,7.602852658045979e-10
2.470283447360890e-01,7.601730838825138e-10
2.472413369284810e-01,7.600612876532826e-10
2.474543291208730e-01,7.599500224430702e-10
2.476673213132650e-01,7.598394335780422e-10
2.478803135056570e-01,7.597296663843640e-10
2.480933056980490e-01,7.596208661882014e-10
2.483062978904400e-01,7.595131783157202e-10
2.485192900828320e-01,7.594066332834552e-10
2.487322822752240e-01,7.593008023557763e-10
2.489452744676160e-01,7.591951419805993e-10
2.491582666600080e-01,7.590891086058405e-10
2.493712588524000e-01,7.589821586794162e-10
2.495842510447920e-01,7.588737486492426e-10
2.497972432371830e-01,7.587633349632363e-10
2.500102354295750e-01,7.586503740693127e-10
2.502232276219670e-01,7.585343224153884e-10
2.504362198143590e-01,7.584146364493795e-10
2.506492120067510e-01,7.582912012716352e-10
2.508622041991430e-01,7.581656161137807e-10
2.510751963915350e-01,7.580399086206789e-10
2.512881885839270e-01,7.579161064371933e-10
2.515011807763180e-01,7.577962372081874e-10
2.517141729687100e-01,7.576823285785232e-10
2.519271651611020e-01,7.575764081930646e-10
2.521401573534940e-01,7.574805036966749e-10
2.523531495458860e-01,7.573966427342170e-10
2.525661417382780e-01,7.573268529505543e-10
2.527791339306700e-01,7.572715618760249e-10
2.529921261230620e-01,7.572248003444912e-10
2.532051183154530e-01,7.571790009555509e-10
2.534181105078450e-01,7.571265963088011e-10
2.536311027002370e-01,7.570600190038390e-10
2.538440948926290e-01,7.569717016402621e-10
2.540570870850210e-01,7.568540768176675e-10
2.542700792774130e-01,7.566995771356530e-10
2.544830714698050e-01,7.565006351938156e-10
2.546960636621960e-01,7.562496835917538e-10
2.549090558545880e-01,7.559451201488533e-10
2.551220480469800e-01,7.556092157792352e-10
2.553350402393720e-01,7.552702127261610e-10
2.555480324317640e-01,7.549563532328912e-10
2.557610246241560e-01,7.546958795426866e-10
2.559740168165480e-01,7.545170338988080e-10
2.561870090089400e-01,7.544480585445161e-10
2.564000012013310e-01,7.545171957230712e-10
2.566129933937230e-01,7.547526876777346e-10
2.568259855861150e-01,7.551827766517669e-10
2.570389777785070e-01,7.558134352536837e-10
2.572519699708990e-01,7.565615394664670e-10
2.574649621632910e-01,7.573216865941586e-10
2.576779543556830e-01,7.579884739408007e-10
2.578909465480740e-01,7.584564988104336e-10
2.581039387404660e-01,7.586203585071046e-10
2.583169309328580e-01,7.583746503348525e-10
2.585299231252500e-01,7.576139715977197e-10
2.587429153176420e-01,7.562329195997486e-10
2.589559075100340e-01,7.541260916449805e-10
2.591688997024260e-01,7.512712222122086e-10
2.593818918948180e-01,7.479785593044200e-10
2.595948840872090e-01,7.446414705128914e-10
2.598078762796010e-01,7.416533234288525e-10
2.600208684719930e-01,7.394074856435816e-10
2.602338606643850e-01,7.382973247483421e-10
2.604468528567770e-01,7.387162083343953e-10
2.606598450491690e-01,7.410575039930044e-10
2.608728372415610e-01,7.457145793154326e-10
2.610858294339530e-01,7.530808018929376e-10
2.612988216263440e-01,7.632391869464745e-10
2.615118138187360e-01,7.750318547703767e-10
2.617248060111280e-01,7.869908305124001e-10
2.619377982035200e-01,7.976481393203389e-10
2.621507903959120e-01,8.055358063419983e-10
2.623637825883040e-01,8.091858567251690e-10
2.625767747806960e-01,8.071303156176497e-10
2.627897669730870e-01,7.979012081673027e-10
2.630027591654790e-01,7.800305595218407e-10
2.632157513578710e-01,7.520503948290868e-10
2.634287435502630e-01,7.131253606061728e-10
2.636417357426550e-01,6.649523231418483e-10
2.638547279350470e-01,6.098616375384234e-10
2.640677201274390e-01,5.501836588982375e-10
2.642807123198310e-01,4.882487423236237e-10
2.644937045122220e-01,4.263872429172146e-10
2.647066967046140e-01,3.669295157807169e-10
2.649196888970060e-01,3.122059160167880e-10
2.651326810893980e-01,2.645467987277514e-10
2.653456732817900e-01,2.262825190159499e-10
2.655586654741820e-01,1.991100840803201e-10
2.657716576665740e-01,1.821921559442669e-10
2.659846498589660e-01,1.740575718570246e-10
2.661976420513570e-01,1.732351690678196e-10
2.664106342437490e-01,1.782537848258879e-10
2.666236264361410e-01,1.876422563804881e-10
2.668366186285330e-01,1.999294209808563e-10
2.670496108209250e-01,2.136441158762344e-10
2.672626030133170e-01,2.273151783158587e-10
2.674755952057090e-01,2.394714455489671e-10
2.676885873981000e-01,2.489523349928265e-10
2.679015795904920e-01,2.558396686310005e-10
2.681145717828840e-01,2.605258905633385e-10
2.683275639752760e-01,2.634034448897417e-10
2.685405561676680e-01,2.648647757101130e-10
2.687535483600600e-01,2.653023271243558e-10
2.689665405524520e-01,2.651085432323717e-10
2.691795327448440e-01,2.646758681340633e-10
2.693925249372350e-01,2.643967459293335e-10
2.696055171296270e-01,2.646636207180801e-10
2.698185093220190e-01,2.657855914892225e-10
2.700315015144110e-01,2.677384572131315e-10
2.702444937068030e-01,2.704147119570396e-10
2.704574858991950e-01,2.737068497881806e-10
2.706704780915870e-01,2.775073647737869e-10
2.708834702839780e-01,2.817087509810716e-10
2.710964624763700e-01,2.862035024773052e-10
2.713094546687620e-01,2.908841133297050e-10
2.715224468611540e-01,2.956430776055024e-10
2.717354390535460e-01,3.003728893719314e-10
2.719484312459380e-01,3.049882949821874e-10
2.721614234383300e-01,3.094930009855291e-10
2.723744156307220e-01,3.139129417500025e-10
2.725874078231130e-01,3.182740516436346e-10
2.728004000155050e-01,3.226022650345122e-10
2.730133922078970e-01,3.269235162906638e-10
2.732263844002890e-01,3.312637397801356e-10
2.734393765926810e-01,3.356488698709751e-10
2.736523687850730e-01,3.401048409312289e-10
2.738653609774650e-01,3.446575873289454e-10
2.740783531698570e-01,3.493270623797537e-10
2.742913453622480e-01,3.541092820364321e-10
2.745043375546400e-01,3.589942746210258e-10
2.747173297470320e-01,3.639720684555100e-10
2.749303219394240e-01,3.690326918618824e-10
2.751433141318160e-01,3.741661731621408e-10
2.753563063242080e-01,3.793625406782846e-10
2.755692985166000e-01,3.846118227323114e-10
2.757822907089910e-01,3.899040476461949e-10
2.759952829013830e-01,3.952292437419803e-10
2.762082750937750e-01,4.005789106239485e-10
2.764212672861670e-01,4.059504344431211e-10
2.766342594785590e-01,4.113426733416680e-10
2.768472516709510e-01,4.167544854617566e-10
2.770602438633430e-01,4.221847289455605e-10
2.772732360557350e-01,4.276322619352453e-10
2.774862282481260e-01,4.330959425729552e-10
2.776992204405180e-01,4.385746290009103e-10
2.779122126329100e-01,4.440671793612558e-10
2.781252048253020e-01,4.495724517961597e-10
2.783381970176940e-01,4.550893017512168e-10
2.785511892100860e-01,4.606165738864545e-10
