7.791356504680618e-06,4.818305858083336e-09
8.610780621332552e-06,4.734767075520604e-09
9.516384324626089e-06,4.652741034255893e-09
1.051723120080771e-05,4.572202290576022e-09
1.162333806181051e-05,4.493122345361745e-09
1.284577519687474e-05,4.415470881626811e-09
1.419677716772344e-05,4.339213114028500e-09
1.568986525616830e-05,4.264311757302634e-09
1.733998278964274e-05,4.190727803100997e-09
1.916364469904539e-05,4.118420369191391e-09
2.117910280571951e-05,4.047349184830241e-09
2.340652849181556e-05,3.977476721230536e-09
2.586821458226360e-05,3.908769807963281e-09
2.858879845885812e-05,3.841198934781852e-09
3.159550863945590e-05,3.774737609660466e-09
3.491843729013453e-05,3.709357976325007e-09
3.859084139770492e-05,3.645028823061471e-09
4.264947561681323e-05,3.581715926469213e-09
4.713496012287843e-05,3.519388949104083e-09
5.209218715246060e-05,3.458023768054932e-09
5.757077029985334e-05,3.397596356337629e-09
6.362554106661115e-05,3.338079455493027e-09
7.031709763364645e-05,3.279449355640506e-09
7.771241134819200e-05,3.221686895762137e-09
8.588549699555374e-05,3.164769791193154e-09
9.491815356395940e-05,3.108680433302779e-09
1.049007829163263e-04,3.053401620792191e-09
1.159332945624905e-04,2.998918310987417e-09
1.281261055871622e-04,2.945216119347844e-09
1.416012457412214e-04,2.892283167783265e-09
1.564935787564811e-04,2.840108337095131e-09
1.729521521072439e-04,2.788681710577967e-09
1.911416887275217e-04,2.737994904635618e-09
2.112442356135248e-04,2.688040332783842e-09
2.334609858111876e-04,2.638811948270118e-09
2.580142920237960e-04,2.590303612789759e-09
2.851498919925769e-04,2.542510521129820e-09
3.151393679226079e-04,2.495428231613975e-09
3.482828645688079e-04,2.449052488102218e-09
3.849120931855259e-04,2.403378083553531e-09
4.253936514042669e-04,2.358399619343887e-09
4.701326922660057e-04,2.314111613315375e-09
5.195769791289974e-04,2.270508016643289e-09
5.742213670349657e-04,2.227582755076876e-09
6.346127553846864e-04,2.185329513722158e-09
7.013555614910102e-04,2.143741775709813e-09
7.751177697904812e-04,2.102812597318042e-09
8.566376172560946e-04,2.062535232633736e-09
9.467309819210534e-04,2.022902473798663e-09
1.046299548460350e-03,1.983906885158448e-09
1.156339832554060e-03,1.945541080471892e-09
1.277953154351212e-03,1.907602092572664e-09
1.405748469786333e-03,1.872011823947390e-09
1.533543785221454e-03,1.840181720393411e-09
1.661339100656575e-03,1.811478435992903e-09
1.789134416091696e-03,1.785268624828042e-09
1.916929731526817e-03,1.761005676380468e-09
2.000000000000000e-03,1.746178179350226e-09
2.044725046961939e-03,1.738489390883206e-09
2.172520362397060e-03,1.717578139048772e-09
2.300315677832181e-03,1.698088532202935e-09
2.428110993267302e-03,1.679833802019151e-09
2.555906308702423e-03,1.662644729461330e-09
2.683701624137544e-03,1.646422292666296e-09
2.811496939572665e-03,1.631085019066873e-09
2.939292255007787e-03,1.616551436095886e-09
3.067087570442908e-03,1.602740071186158e-09
3.194882885878029e-03,1.589575959296605e-09
3.322678201313150e-03,1.577010165752988e-09
3.450473516748271e-03,1.565000263538402e-09
3.578268832183392e-03,1.553503825635942e-09
3.706064147618514e-03,1.542478425028704e-09
3.833859463053635e-03,1.531884588602573e-09
3.961654778488756e-03,1.521694658813650e-09
4.089450093923877e-03,1.511883932000357e-09
4.217245409358998e-03,1.502427704501113e-09
4.345040724794119e-03,1.493301272654338e-09
4.472836040229241e-03,1.484481458010909e-09
4.600631355664362e-03,1.475951183010946e-09
4.728426671099482e-03,1.467694895326733e-09
4.856221986534604e-03,1.459697042630554e-09
4.984017301969726e-03,1.451942072594693e-09
5.111812617404846e-03,1.444415294583856e-09
5.239607932839968e-03,1.437105464707998e-09
5.367403248275089e-03,1.430002200757279e-09
5.495198563710209e-03,1.423095120521860e-09
5.622993879145331e-03,1.416373841791902e-09
5.750789194580453e-03,1.409828503686075e-09
5.878584510015573e-03,1.403451330643021e-09
6.006379825450694e-03,1.397235068432847e-09
6.134175140885816e-03,1.391172462825662e-09
6.261970456320937e-03,1.385256259591577e-09
6.389765771756058e-03,1.379479536822358e-09
6.517561087191179e-03,1.373836701882176e-09
6.645356402626300e-03,1.368322494449739e-09
6.773151718061422e-03,1.362931654203755e-09
6.900947033496543e-03,1.357658920822935e-09
7.028742348931663e-03,1.352499256692523e-09
7.156537664366785e-03,1.347448515023207e-09
7.284332979801906e-03,1.342502771731860e-09
7.412128295237027e-03,1.337658102735358e-09
7.539923610672148e-03,1.332910583950574e-09
7.667718926107269e-03,1.328256444646618e-09
7.795514241542391e-03,1.323692527507151e-09
7.923309556977513e-03,1.319215828570872e-09
8.051104872412632e-03,1.314823343876484e-09
8.178900187847754e-03,1.310512069462685e-09
8.306695503282877e-03,1.306279110297388e-09
8.434490818717996e-03,1.302122007063437e-09
8.562286134153118e-03,1.298038409371924e-09
8.690081449588239e-03,1.294025966833945e-09
8.817876765023359e-03,1.290082329060594e-09
8.945672080458482e-03,1.286205227692360e-09
9.073467395893601e-03,1.282392722489122e-09
9.201262711328723e-03,1.278642955241061e-09
9.329058026763846e-03,1.274954067738356e-09
9.456853342198965e-03,1.271324201771186e-09
9.584648657634087e-03,1.267751550692755e-09
9.712443973069206e-03,1.264234514106695e-09
9.840239288504329e-03,1.260771543178834e-09
9.968034603939451e-03,1.257361089075001e-09
1.009582991937457e-02,1.254001602961022e-09
1.022362523480969e-02,1.250691602947384e-09
1.035142055024482e-02,1.247429874923710e-09
1.047921586567993e-02,1.244215271724534e-09
1.060701118111506e-02,1.241046646184392e-09
1.073480649655018e-02,1.237922851137820e-09
1.086260181198530e-02,1.234842739419350e-09
1.099039712742042e-02,1.231805163863520e-09
1.111819244285554e-02,1.228808977304863e-09
1.124598775829066e-02,1.225853032577914e-09
1.137378307372578e-02,1.222936182517209e-09
1.150157838916090e-02,1.220057348819278e-09
1.162937370459603e-02,1.217215728608761e-09
1.175716902003114e-02,1.214410587862360e-09
1.188496433546627e-02,1.211641192556773e-09
1.201275965090139e-02,1.208906808668700e-09
1.214055496633651e-02,1.206206702174841e-09
1.226835028177163e-02,1.203540139051896e-09
1.239614559720675e-02,1.200906385276564e-09
1.252394091264187e-02,1.198304706825546e-09
1.265173622807700e-02,1.195734369675540e-09
1.277953154351211e-02,1.193194639726984e-09
1.290732685894724e-02,1.190684782575236e-09
1.303512217438236e-02,1.188204063739377e-09
1.316291748981748e-02,1.185751748738488e-09
1.329071280525260e-02,1.183327103091652e-09
1.341850812068772e-02,1.180929392317949e-09
1.354630343612284e-02,1.178557881936461e-09
1.367409875155796e-02,1.176211837466269e-09
1.380189406699308e-02,1.173890524426455e-09
1.392968938242821e-02,1.171593208336101e-09
1.405748469786333e-02,1.169319308892819e-09
1.418528001329845e-02,1.167068862517293e-09
1.431307532873357e-02,1.164842059813209e-09
1.444087064416869e-02,1.162639091384251e-09
1.456866595960381e-02,1.160460147834106e-09
1.469646127503893e-02,1.158305419766459e-09
1.482425659047405e-02,1.156175097784996e-09
1.495205190590917e-02,1.154069372493401e-09
1.507984722134430e-02,1.151988434495361e-09
1.520764253677942e-02,1.149932474394562e-09
1.533543785221454e-02,1.147901213939665e-09
1.546323316764966e-02,1.145892499570919e-09
1.559102848308478e-02,1.143903708929388e-09
1.571882379851990e-02,1.141932219656136e-09
1.584661911395502e-02,1.139975409392228e-09
1.597441442939014e-02,1.138030655778726e-09
1.610220974482527e-02,1.136095336456694e-09
1.623000506026039e-02,1.134166829067196e-09
1.635780037569551e-02,1.132242511251297e-09
1.648559569113063e-02,1.130319760650060e-09
1.661339100656575e-02,1.128396972254120e-09
1.674118632200087e-02,1.126476610864039e-09
1.686898163743599e-02,1.124562158835784e-09
1.699677695287111e-02,1.122657098525320e-09
1.712457226830624e-02,1.120764912288615e-09
1.725236758374135e-02,1.118889082481633e-09
1.738016289917648e-02,1.117033091460342e-09
1.750795821461160e-02,1.115200421580707e-09
1.763575353004672e-02,1.113394555198694e-09
1.776354884548184e-02,1.111618974670269e-09
1.789134416091696e-02,1.109876138493123e-09
1.801913947635208e-02,1.108164409620843e-09
1.814693479178720e-02,1.106481127093239e-09
1.827473010722232e-02,1.104823629950125e-09
1.840252542265745e-02,1.103189257231312e-09
1.853032073809257e-02,1.101575347976611e-09
1.865811605352769e-02,1.099979241225834e-09
1.878591136896281e-02,1.098398276018793e-09
1.891370668439793e-02,1.096829791395299e-09
1.904150199983305e-02,1.095271126395164e-09
1.916929731526817e-02,1.093720146447686e-09
1.929709263070329e-02,1.092176822441258e-09
1.942488794613842e-02,1.090641651604338e-09
1.955268326157353e-02,1.089115131165384e-09
1.968047857700866e-02,1.087597758352854e-09
1.980827389244378e-02,1.086090030395206e-09
1.993606920787890e-02,1.084592444520898e-09
2.006386452331402e-02,1.083105497958387e-09
2.019165983874914e-02,1.081629687936131e-09
2.031945515418426e-02,1.080165511682589e-09
2.044725046961939e-02,1.078713331990538e-09
2.057504578505450e-02,1.077272973848866e-09
2.070284110048963e-02,1.075844127780190e-09
2.083063641592475e-02,1.074426484307129e-09
2.095843173135987e-02,1.073019733952301e-09
2.108622704679499e-02,1.071623567238324e-09
2.121402236223011e-02,1.070237674687816e-09
2.134181767766523e-02,1.068861746823395e-09
2.146961299310035e-02,1.067495474167679e-09
2.159740830853547e-02,1.066138547243287e-09
2.172520362397060e-02,1.064790697636582e-09
2.185299893940572e-02,1.063451821195433e-09
2.198079425484084e-02,1.062121854834718e-09
2.210858957027596e-02,1.060800735469313e-09
2.223638488571108e-02,1.059488400014093e-09
2.236418020114620e-02,1.058184785383935e-09
2.249197551658132e-02,1.056889828493717e-09
2.261977083201644e-02,1.055603466258313e-09
2.274756614745157e-02,1.054325635592600e-09
2.287536146288669e-02,1.053056273411455e-09
2.300315677832181e-02,1.051795309704116e-09
2.313095209375693e-02,1.050542646758217e-09
2.325874740919205e-02,1.049298179936229e-09
2.338654272462717e-02,1.048061804600626e-09
2.351433804006229e-02,1.046833416113878e-09
2.364213335549741e-02,1.045612909838458e-09
2.376992867093253e-02,1.044400181136837e-09
2.389772398636766e-02,1.043195125371487e-09
2.402551930180278e-02,1.041997637904880e-09
2.415331461723790e-02,1.040807614099488e-09
2.428110993267302e-02,1.039624954260442e-09
2.440890524810814e-02,1.038449578461371e-09
2.453670056354326e-02,1.037281411717490e-09
2.466449587897838e-02,1.036120379044017e-09
2.479229119441350e-02,1.034966405456168e-09
2.492008650984863e-02,1.033819415969160e-09
2.504788182528375e-02,1.032679335598209e-09
2.517567714071887e-02,1.031546089358531e-09
2.530347245615399e-02,1.030419602265344e-09
2.543126777158911e-02,1.029299799333864e-09
2.555906308702423e-02,1.028186606875434e-09
2.568685840245935e-02,1.027079956386172e-09
2.581465371789447e-02,1.025979780658462e-09
2.594244903332960e-02,1.024886012484684e-09
2.607024434876471e-02,1.023798584657221e-09
2.619803966419984e-02,1.022717429968453e-09
2.632583497963496e-02,1.021642481210762e-09
2.645363029507008e-02,1.020573671176531e-09
2.658142561050520e-02,1.019510932658139e-09
2.670922092594032e-02,1.018454198447970e-09
2.683701624137544e-02,1.017403403001488e-09
2.696481155681056e-02,1.016358487426349e-09
2.709260687224568e-02,1.015319394493219e-09
2.722040218768081e-02,1.014286066972767e-09
2.734819750311593e-02,1.013258447635657e-09
2.747599281855105e-02,1.012236479252559e-09
2.760378813398617e-02,1.011220104594138e-09
2.773158344942129e-02,1.010209266431061e-09
2.785937876485641e-02,1.009203907533995e-09
2.798717408029153e-02,1.008203970673608e-09
2.811496939572665e-02,1.007209399912601e-09
2.824276471116178e-02,1.006220144481324e-09
2.837056002659689e-02,1.005236154901914e-09
2.849835534203202e-02,1.004257381696508e-09
2.862615065746714e-02,1.003283775387245e-09
2.875394597290226e-02,1.002315286496259e-09
2.888174128833738e-02,1.001351865545689e-09
2.900953660377250e-02,1.000393463057673e-09
2.913733191920762e-02,9.994400295543467e-10
2.926512723464274e-02,9.984915155578481e-10
2.939292255007787e-02,9.975478726253101e-10
2.952071786551299e-02,9.966090564541196e-10
2.964851318094811e-02,9.956750237767937e-10
2.977630849638323e-02,9.947457313258494e-10
2.990410381181835e-02,9.938211358338036e-10
3.003189912725347e-02,9.929011940331737e-10
3.015969444268859e-02,9.919858626564764e-10
3.028748975812371e-02,9.910750984362291e-10
3.041528507355883e-02,9.901688581049486e-10
3.054308038899396e-02,9.892670983951521e-10
3.067087570442908e-02,9.883697769678291e-10
3.079867101986420e-02,9.874768551978233e-10
3.092646633529932e-02,9.865882953884351e-10
3.105426165073444e-02,9.857040598429634e-10
3.118205696616956e-02,9.848241108647080e-10
3.130985228160468e-02,9.839484107569683e-10
3.143764759703981e-02,9.830769218230438e-10
3.156544291247493e-02,9.822096063662346e-10
3.169323822791005e-02,9.813464266898396e-10
3.182103354334517e-02,9.804873450971588e-10
3.194882885878029e-02,9.796323246288753e-10
3.207662417421541e-02,9.787813312749619e-10
3.220441948965053e-02,9.779343317626526e-10
3.233221480508566e-02,9.770912928191812e-10
3.246001012052077e-02,9.762521811717820e-10
3.258780543595589e-02,9.754169635476886e-10
3.271560075139102e-02,9.745856066741348e-10
3.284339606682614e-02,9.737580772783548e-10
3.297119138226126e-02,9.729343420875828e-10
3.309898669769638e-02,9.721143678290522e-10
3.322678201313150e-02,9.712981218654737e-10
3.335457732856662e-02,9.704855741016625e-10
3.348237264400174e-02,9.696766950780085e-10
3.361016795943687e-02,9.688714553349018e-10
3.373796327487198e-02,9.680698254127326e-10
3.386575859030710e-02,9.672717758518908e-10
3.399355390574223e-02,9.664772771927664e-10
3.412134922117735e-02,9.656862999757500e-10
3.424914453661247e-02,9.648988147412313e-10
3.437693985204759e-02,9.641147920296005e-10
3.450473516748271e-02,9.633342029339246e-10
3.463253048291783e-02,9.625570207579849e-10
3.476032579835295e-02,9.617832193582440e-10
3.488812111378808e-02,9.610127725911639e-10
3.501591642922319e-02,9.602456543132069e-10
3.514371174465832e-02,9.594818383808355e-10
3.527150706009344e-02,9.587212986505119e-10
3.539930237552856e-02,9.579640089786978e-10
3.552709769096368e-02,9.572099432218563e-10
3.565489300639881e-02,9.564590752364487e-10
3.578268832183392e-02,9.557113793406669e-10
3.591048363726904e-02,9.549668316994846e-10
3.603827895270417e-02,9.542254089395403e-10
3.616607426813929e-02,9.534870876874723e-10
3.629386958357441e-02,9.527518445699183e-10
3.642166489900953e-02,9.520196562135164e-10
3.654946021444465e-02,9.512904992449050e-10
3.667725552987977e-02,9.505643502907217e-10
3.680505084531489e-02,9.498411859776052e-10
3.693284616075002e-02,9.491209829321927e-10
3.706064147618514e-02,9.484037181685712e-10
3.718843679162025e-02,9.476893702507587e-10
3.731623210705538e-02,9.469779181302914e-10
3.744402742249050e-02,9.462693407587058e-10
3.757182273792562e-02,9.455636170875378e-10
3.769961805336074e-02,9.448607260683238e-10
3.782741336879586e-02,9.441606466526002e-10
3.795520868423098e-02,9.434633577919032e-10
3.808300399966610e-02,9.427688384377688e-10
3.821079931510123e-02,9.420770675417335e-10
3.833859463053635e-02,9.413880244620722e-10
3.846638994597146e-02,9.407016901840398e-10
3.859418526140659e-02,9.400180460996431e-10
3.872198057684171e-02,9.393370736008888e-10
3.884977589227683e-02,9.386587540797838e-10
3.897757120771195e-02,9.379830689283349e-10
3.910536652314707e-02,9.373099995385486e-10
3.923316183858219e-02,9.366395273024316e-10
3.936095715401731e-02,9.359716336119909e-10
3.948875246945244e-02,9.353062998592331e-10
3.961654778488756e-02,9.346435076833319e-10
3.974434310032268e-02,9.339832397120711e-10
3.987213841575780e-02,9.333254788203733e-10
3.999993373119292e-02,9.326702078831602e-10
4.012772904662804e-02,9.320174097753548e-10
4.025552436206317e-02,9.313670673718785e-10
4.038331967749829e-02,9.307191635476544e-10
4.051111499293340e-02,9.300736811776041e-10
4.063891030836853e-02,9.294306031366500e-10
4.076670562380365e-02,9.287899122997144e-10
4.089450093923877e-02,9.281515918381064e-10
4.102229625467389e-02,9.275156261088046e-10
4.115009157010902e-02,9.268819997652355e-10
4.127788688554413e-02,9.262506974608255e-10
4.140568220097925e-02,9.256217038490009e-10
4.153347751641438e-02,9.249950035831885e-10
4.166127283184950e-02,9.243705813168143e-10
4.178906814728462e-02,9.237484217033051e-10
4.191686346271974e-02,9.231285093960871e-10
4.204465877815486e-02,9.225108290485867e-10
4.217245409358998e-02,9.218953655383929e-10
4.230024940902510e-02,9.212821046397692e-10
4.242804472446023e-02,9.206710323511550e-10
4.255584003989534e-02,9.200621346709893e-10
4.268363535533046e-02,9.194553975977113e-10
4.281143067076559e-02,9.188508071297599e-10
4.293922598620071e-02,9.182483492655741e-10
4.306702130163583e-02,9.176480100035933e-10
4.319481661707095e-02,9.170497753422564e-10
4.332261193250607e-02,9.164536312800026e-10
4.345040724794119e-02,9.158595640248283e-10
4.357820256337631e-02,9.152675606229226e-10
4.370599787881144e-02,9.146776083300132e-10
4.383379319424656e-02,9.140896944018275e-10
4.396158850968167e-02,9.135038060940933e-10
4.408938382511680e-02,9.129199306625378e-10
4.421717914055192e-02,9.123380553628886e-10
4.434497445598704e-02,9.117581674508736e-10
4.447276977142216e-02,9.111802541822200e-10
4.460056508685728e-02,9.106043028126555e-10
4.472836040229240e-02,9.100303007964984e-10
4.485615571772752e-02,9.094582363825224e-10
4.498395103316265e-02,9.088880980181376e-10
4.511174634859777e-02,9.083198741507541e-10
4.523954166403289e-02,9.077535532277822e-10
4.536733697946801e-02,9.071891236966322e-10
4.549513229490313e-02,9.066265740047140e-10
4.562292761033825e-02,9.060658925994382e-10
4.575072292577338e-02,9.055070679282146e-10
4.587851824120850e-02,9.049500884384536e-10
4.600631355664361e-02,9.043949427198145e-10
4.613410887207874e-02,9.038416199309757e-10
4.626190418751386e-02,9.032901093728774e-10
4.638969950294898e-02,9.027404003464584e-10
4.651749481838410e-02,9.021924821526589e-10
4.664529013381922e-02,9.016463440924181e-10
4.677308544925434e-02,9.011019754666756e-10
4.690088076468946e-02,9.005593655763708e-10
4.702867608012459e-02,9.000185037224436e-10
4.715647139555971e-02,8.994793792058333e-10
4.728426671099482e-02,8.989419814714892e-10
4.741206202642995e-02,8.984063005403793e-10
4.753985734186507e-02,8.978723265774721e-10
4.766765265730019e-02,8.973400497477362e-10
4.779544797273531e-02,8.968094602161398e-10
4.792324328817044e-02,8.962805481476513e-10
4.805103860360555e-02,8.957533037072394e-10
4.817883391904067e-02,8.952277170598720e-10
4.830662923447580e-02,8.947037783705178e-10
4.843442454991092e-02,8.941814778041449e-10
4.856221986534604e-02,8.936608057636661e-10
4.869001518078116e-02,8.931417536036668e-10
4.881781049621628e-02,8.926243129166261e-10
4.894560581165140e-02,8.921084752950227e-10
4.907340112708652e-02,8.915942323313356e-10
4.920119644252165e-02,8.910815756180435e-10
4.932899175795677e-02,8.905704967476255e-10
4.945678707339188e-02,8.900609873125605e-10
4.958458238882701e-02,8.895530389053271e-10
4.971237770426213e-02,8.890466431184042e-10
4.984017301969725e-02,8.885417906321542e-10
4.996796833513237e-02,8.880384684782753e-10
5.000000000000000e-02,8.879125499165488e-10
5.009576365056749e-02,8.875366632805510e-10
5.022355896600261e-02,8.870363660615464e-10
5.035135428143774e-02,8.865375701127671e-10
5.047914959687286e-02,8.860402687445908e-10
5.060694491230798e-02,8.855444552673948e-10
5.073474022774310e-02,8.850501229915573e-10
5.086253554317822e-02,8.845572652274558e-10
5.099033085861334e-02,8.840658752854678e-10
5.111812617404846e-02,8.835759461995440e-10
5.124592148948359e-02,8.830874698979486e-10
5.137371680491870e-02,8.826004380325291e-10
5.150151212035382e-02,8.821148422551340e-10
5.162930743578895e-02,8.816306742176113e-10
5.175710275122407e-02,8.811479255718088e-10
5.188489806665919e-02,8.806665879695748e-10
5.201269338209431e-02,8.801866530627571e-10
5.214048869752943e-02,8.797081125032038e-10
5.226828401296455e-02,8.792309579427628e-10
5.239607932839967e-02,8.787551813232319e-10
5.252387464383480e-02,8.782807757460976e-10
5.265166995926992e-02,8.778077346027414e-10
5.277946527470503e-02,8.773360512845444e-10
5.290726059014016e-02,8.768657191828883e-10
5.303505590557528e-02,8.763967316891545e-10
5.316285122101040e-02,8.759290821947246e-10
5.329064653644552e-02,8.754627640909798e-10
5.341844185188065e-02,8.749977707693016e-10
5.354623716731576e-02,8.745340956210717e-10
5.367403248275088e-02,8.740717320028559e-10
5.380182779818601e-02,8.736106731319502e-10
5.392962311362113e-02,8.731509121908300e-10
5.405741842905625e-02,8.726924423619715e-10
5.418521374449137e-02,8.722352568278504e-10
5.431300905992649e-02,8.717793487709424e-10
5.444080437536161e-02,8.713247113737233e-10
5.456859969079673e-02,8.708713378186690e-10
5.469639500623186e-02,8.704192212882551e-10
5.482419032166697e-02,8.699683549649576e-10
5.495198563710210e-02,8.695187321691912e-10
5.507978095253722e-02,8.690703467731240e-10
5.520757626797234e-02,8.686231927868603e-10
5.533537158340746e-02,8.681772642205049e-10
5.546316689884258e-02,8.677325550841629e-10
5.559096221427770e-02,8.672890593879387e-10
5.571875752971282e-02,8.668467711419373e-10
5.584655284514795e-02,8.664056843562630e-10
5.597434816058307e-02,8.659657930410212e-10
5.610214347601819e-02,8.655270912063161e-10
5.622993879145331e-02,8.650895729118284e-10
5.635773410688843e-02,8.646532324155250e-10
5.648552942232355e-02,8.642180640249399e-10
5.661332473775867e-02,8.637840620476078e-10
5.674112005319380e-02,8.633512207910631e-10
5.686891536862891e-02,8.629195345628404e-10
5.699671068406403e-02,8.624889976704736e-10
5.712450599949916e-02,8.620596044214974e-10
5.725230131493428e-02,8.616313491234463e-10
5.738009663036940e-02,8.612042260838544e-10
5.750789194580452e-02,8.607782296694595e-10
5.763568726123964e-02,8.603533544838284e-10
5.776348257667476e-02,8.599295951897411e-10
5.789127789210988e-02,8.595069464499772e-10
5.801907320754501e-02,8.590854029273161e-10
5.814686852298013e-02,8.586649592845379e-10
5.827466383841524e-02,8.582456101844219e-10
5.840245915385037e-02,8.578273502897479e-10
5.853025446928549e-02,8.574101742632955e-10
5.865804978472061e-02,8.569940767678443e-10
5.878584510015573e-02,8.565790525620273e-10
5.891364041559085e-02,8.561650967878922e-10
5.904143573102597e-02,8.557522046833412e-10
5.916923104646109e-02,8.553403714862762e-10
5.929702636189622e-02,8.549295924345993e-10
5.942482167733134e-02,8.545198627662128e-10
5.955261699276646e-02,8.541111777190184e-10
5.968041230820158e-02,8.537035325309185e-10
5.980820762363670e-02,8.532969224398148e-10
5.993600293907182e-02,8.528913426836095e-10
6.006379825450694e-02,8.524867885051718e-10
6.019159356994207e-02,8.520832551672366e-10
6.031938888537718e-02,8.516807379375060e-10
6.044718420081231e-02,8.512792320836807e-10
6.057497951624743e-02,8.508787328734630e-10
6.070277483168255e-02,8.504792355745540e-10
6.083057014711767e-02,8.500807354546553e-10
6.095836546255279e-02,8.496832277814685e-10
6.108616077798791e-02,8.492867078226953e-10
6.121395609342303e-02,8.488911708460369e-10
6.134175140885816e-02,8.484966121927250e-10
6.146954672429328e-02,8.481030274981395e-10
6.159734203972840e-02,8.477104124712033e-10
6.172513735516352e-02,8.473187628208399e-10
6.185293267059864e-02,8.469280742559724e-10
6.198072798603376e-02,8.465383424855240e-10
6.210852330146888e-02,8.461495632184180e-10
6.223631861690401e-02,8.457617321635776e-10
6.236411393233912e-02,8.453748450299262e-10
6.249190924777424e-02,8.449888975263868e-10
6.261970456320937e-02,8.446038854101803e-10
6.274749987864449e-02,8.442198046317205e-10
6.287529519407961e-02,8.438366511897210e-10
6.300309050951473e-02,8.434544210828950e-10
6.313088582494986e-02,8.430731103099555e-10
6.325868114038498e-02,8.426927148696163e-10
6.338647645582010e-02,8.423132307605902e-10
6.351427177125522e-02,8.419346539815906e-10
6.364206708669033e-02,8.415569805313309e-10
6.376986240212545e-02,8.411802064085244e-10
6.389765771756058e-02,8.408043276354648e-10
6.402545303299570e-02,8.404293403287631e-10
6.415324834843082e-02,8.400552406286078e-10
6.428104366386594e-02,8.396820246751881e-10
6.440883897930107e-02,8.393096886086925e-10
6.453663429473619e-02,8.389382285693097e-10
6.466442961017131e-02,8.385676406972287e-10
6.479222492560642e-02,8.381979211326385e-10
6.492002024104154e-02,8.378290660157274e-10
6.504781555647667e-02,8.374610714866843e-10
6.517561087191179e-02,8.370939337604274e-10
6.530340618734691e-02,8.367276493508230e-10
6.543120150278203e-02,8.363622148464819e-10
6.555899681821716e-02,8.359976268360153e-10
6.568679213365228e-02,8.356338819080346e-10
6.581458744908740e-02,8.352709766511504e-10
6.594238276452252e-02,8.349089076539743e-10
6.607017807995763e-02,8.345476715051170e-10
6.619797339539275e-02,8.341872647931898e-10
6.632576871082788e-02,8.338276841068036e-10
6.645356402626300e-02,8.334689260087129e-10
6.658135934169812e-02,8.331109869582420e-10
6.670915465713324e-02,8.327538633888567e-10
6.683694997256837e-02,8.323975517340227e-10
6.696474528800349e-02,8.320420484272062e-10
6.709254060343861e-02,8.316873499018727e-10
6.722033591887373e-02,8.313334525914885e-10
6.734813123430886e-02,8.309803529295196e-10
6.747592654974396e-02,8.306280473494315e-10
6.760372186517909e-02,8.302765322846901e-10
6.773151718061421e-02,8.299258042941804e-10
6.785931249604933e-02,8.295758604384410e-10
6.798710781148445e-02,8.292266979034181e-10
6.811490312691958e-02,8.288783138750583e-10
6.824269844235470e-02,8.285307055393081e-10
6.837049375778982e-02,8.281838700821137e-10
6.849828907322494e-02,8.278378046894220e-10
6.862608438866007e-02,8.274925065471789e-10
6.875387970409517e-02,8.271479728413312e-10
6.888167501953030e-02,8.268042007578252e-10
6.900947033496542e-02,8.264611873871785e-10
6.913726565040054e-02,8.261189294381476e-10
6.926506096583566e-02,8.257774235240379e-10
6.939285628127079e-02,8.254366662581547e-10
6.952065159670591e-02,8.250966542538036e-10
6.964844691214103e-02,8.247573841242895e-10
6.977624222757615e-02,8.244188524829181e-10
6.990403754301128e-02,8.240810559429946e-10
7.003183285844640e-02,8.237439911178244e-10
7.015962817388151e-02,8.234076546207128e-10
7.028742348931663e-02,8.230720432050372e-10
7.041521880475175e-02,8.227371541844872e-10
7.054301412018688e-02,8.224029850128369e-10
7.067080943562200e-02,8.220695331438596e-10
7.079860475105712e-02,8.217367960313292e-10
7.092640006649224e-02,8.214047711290195e-10
7.105419538192737e-02,8.210734558907043e-10
7.118199069736249e-02,8.207428477701572e-10
7.130978601279761e-02,8.204129442211520e-10
7.152277820518949e-02,8.198646637716715e-10
7.173577039758135e-02,8.193183215228488e-10
7.194876258997322e-02,8.187739052786967e-10
7.216175478236508e-02,8.182314027616442e-10
7.237474697475696e-02,8.176908016941212e-10
7.258773916714882e-02,8.171520897985571e-10
7.280073135954070e-02,8.166152547973812e-10
7.301372355193256e-02,8.160802844130232e-10
7.322671574432443e-02,8.155471663679123e-10
7.343970793671629e-02,8.150158883844781e-10
7.365270012910817e-02,8.144864381851501e-10
7.386569232150003e-02,8.139588037238593e-10
7.407868451389191e-02,8.134329738805404e-10
7.429167670628377e-02,8.129089377666287e-10
7.450466889867564e-02,8.123866844935595e-10
7.471766109106751e-02,8.118662031727685e-10
7.493065328345938e-02,8.113474829156908e-10
7.514364547585124e-02,8.108305128337620e-10
7.535663766824312e-02,8.103152820384174e-10
7.556962986063498e-02,8.098017796410922e-10
7.578262205302685e-02,8.092899947532218e-10
7.599561424541872e-02,8.087799166315459e-10
7.620860643781059e-02,8.082715351140030e-10
7.642159863020245e-02,8.077648401838270e-10
7.663459082259433e-02,8.072598218242522e-10
7.684758301498619e-02,8.067564700185125e-10
7.706057520737807e-02,8.062547747498424e-10
7.727356739976993e-02,8.057547260014761e-10
7.748655959216180e-02,8.052563137566473e-10
7.769955178455366e-02,8.047595279985907e-10
7.791254397694554e-02,8.042643587105400e-10
7.812553616933740e-02,8.037707960101295e-10
7.833852836172928e-02,8.032788305525615e-10
7.855152055412114e-02,8.027884531274238e-10
7.876451274651301e-02,8.022996545243033e-10
7.897750493890487e-02,8.018124255327879e-10
7.919049713129675e-02,8.013267569424645e-10
7.940348932368861e-02,8.008426395429211e-10
7.961648151608049e-02,8.003600641237444e-10
7.982947370847235e-02,7.998790214745222e-10
8.004246590086422e-02,7.993995023848420e-10
8.025545809325609e-02,7.989214977837049e-10
8.046845028564796e-02,7.984449991578008e-10
8.068144247803982e-02,7.979699981332494e-10
8.089443467043170e-02,7.974964863361705e-10
8.110742686282357e-02,7.970244553926842e-10
8.132041905521543e-02,7.965538969289101e-10
8.153341124760730e-02,7.960848025709682e-10
8.174640343999917e-02,7.956171639449781e-10
8.195939563239105e-02,7.951509726770600e-10
8.217238782478291e-02,7.946862203933334e-10
8.238538001717477e-02,7.942228988164903e-10
8.259837220956665e-02,7.937610000555232e-10
8.281136440195852e-02,7.933005163160027e-10
8.302435659435038e-02,7.928414398034992e-10
8.323734878674224e-02,7.923837627235833e-10
8.345034097913412e-02,7.919274772818252e-10
8.366333317152599e-02,7.914725756837957e-10
8.387632536391786e-02,7.910190501350654e-10
8.408931755630973e-02,7.905668928412044e-10
8.430230974870159e-02,7.901160960077835e-10
8.451530194109347e-02,7.896666519448874e-10
8.472829413348533e-02,7.892185533806595e-10
8.494128632587720e-02,7.887717931477584e-10
8.515427851826907e-02,7.883263640788425e-10
8.536727071066094e-02,7.878822590065703e-10
8.558026290305280e-02,7.874394707636001e-10
8.579325509544468e-02,7.869979921825906e-10
8.600624728783654e-02,7.865578160962003e-10
8.621923948022842e-02,7.861189353370874e-10
8.643223167262028e-02,7.856813427379105e-10
8.664522386501215e-02,7.852450312285401e-10
8.685821605740401e-02,7.848099941276839e-10
8.707120824979589e-02,7.843762248512580e-10
8.728420044218775e-02,7.839437168151774e-10
8.749719263457963e-02,7.835124634353577e-10
8.771018482697149e-02,7.830824581277144e-10
8.792317701936336e-02,7.826536943081628e-10
8.813616921175522e-02,7.822261653926185e-10
8.834916140414710e-02,7.817998647969969e-10
8.856215359653896e-02,7.813747859372135e-10
8.877514578893084e-02,7.809509222794278e-10
8.898813798132270e-02,7.805282674907656e-10
8.920113017371457e-02,7.801068152885920e-10
8.941412236610644e-02,7.796865593902717e-10
8.962711455849831e-02,7.792674935131697e-10
8.984010675089017e-02,7.788496113746506e-10
9.005309894328205e-02,7.784329066920797e-10
9.026609113567391e-02,7.780173731828217e-10
9.047908332806578e-02,7.776030045642413e-10
9.069207552045766e-02,7.771897945537036e-10
9.090506771284952e-02,7.767777370154969e-10
9.111805990524138e-02,7.763668264016412e-10
9.133105209763326e-02,7.759570573110981e-10
9.154404429002513e-02,7.755484243428296e-10
9.175703648241700e-02,7.751409220957976e-10
9.197002867480886e-02,7.747345451689639e-10
9.218302086720073e-02,7.743292881612903e-10
9.239601305959261e-02,7.739251456717388e-10
9.260900525198447e-02,7.735221122992713e-10
9.282199744437633e-02,7.731201826428496e-10
9.303498963676821e-02,7.727193512631769e-10
9.324798182916008e-02,7.723196125679163e-10
9.346097402155194e-02,7.719209609264698e-10
9.367396621394380e-02,7.715233907082387e-10
9.388695840633568e-02,7.711268962826250e-10
9.409995059872756e-02,7.707314720190305e-10
9.431294279111942e-02,7.703371122868569e-10
9.452593498351128e-02,7.699438114555059e-10
9.473892717590315e-02,7.695515638943792e-10
9.495191936829503e-02,7.691603639728786e-10
9.516491156068689e-02,7.687702062147540e-10
9.537790375307875e-02,7.683810857611543e-10
9.559089594547063e-02,7.679929979075791e-10
9.580388813786250e-02,7.676059379495284e-10
9.601688033025436e-02,7.672199011825016e-10
9.622987252264624e-02,7.668348829019987e-10
9.644286471503810e-02,7.664508784035195e-10
9.665585690742998e-02,7.660678829825635e-10
9.686884909982184e-02,7.656858919346308e-10
9.708184129221371e-02,7.653049005552208e-10
9.729483348460558e-02,7.649249041400961e-10
9.750782567699745e-02,7.645458979860703e-10
9.772081786938931e-02,7.641678773902194e-10
9.793381006178119e-02,7.637908376496194e-10
9.814680225417305e-02,7.634147740613465e-10
9.835979444656492e-02,7.630396819224768e-10
9.857278663895679e-02,7.626655565300864e-10
9.878577883134866e-02,7.622923931812515e-10
9.899877102374052e-02,7.619201871730480e-10
9.921176321613240e-02,7.615489338025523e-10
9.942475540852426e-02,7.611786284441270e-10
9.963774760091614e-02,7.608092667812675e-10
9.985073979330800e-02,7.604408445747487e-10
1.000637319857000e-01,7.600733575853457e-10
1.002767241780920e-01,7.597068015738335e-10
1.004897163704840e-01,7.593411723009872e-10
1.007027085628750e-01,7.589764655275835e-10
1.009157007552670e-01,7.586126770143941e-10
1.011286929476590e-01,7.582498025221956e-10
1.013416851400510e-01,7.578878378117632e-10
1.015546773324430e-01,7.575267786722764e-10
1.017676695248350e-01,7.571666210065564e-10
1.019806617172270e-01,7.568073607458414e-10
1.021936539096190e-01,7.564489938213689e-10
1.024066461020100e-01,7.560915161643788e-10
1.026196382944020e-01,7.557349237061053e-10
1.028326304867940e-01,7.553792123777880e-10
1.030456226791860e-01,7.550243781106647e-10
1.032586148715780e-01,7.546704168359733e-10
1.034716070639700e-01,7.543173244849517e-10
1.036845992563620e-01,7.539650970489883e-10
1.038975914487540e-01,7.536137307600509e-10
1.041105836411450e-01,7.532632219102473e-10
1.043235758335370e-01,7.529135667916809e-10
1.045365680259290e-01,7.525647616964593e-10
1.047495602183210e-01,7.522168029166891e-10
1.049625524107130e-01,7.518696867444767e-10
1.051755446031050e-01,7.515234094719285e-10
1.053885367954970e-01,7.511779673911507e-10
1.056015289878880e-01,7.508333567942514e-10
1.058145211802800e-01,7.504895739820676e-10
1.060275133726720e-01,7.501466152903637e-10
1.062405055650640e-01,7.498044770636292e-10
1.064534977574560e-01,7.494631556463535e-10
1.066664899498480e-01,7.491226473830261e-10
1.068794821422400e-01,7.487829486181363e-10
1.070924743346320e-01,7.484440556961739e-10
1.073054665270230e-01,7.481059649616298e-10
1.075184587194150e-01,7.477686727589903e-10
1.077314509118070e-01,7.474321754327465e-10
1.079444431041990e-01,7.470964694162541e-10
1.081574352965910e-01,7.467615514985805e-10
1.083704274889830e-01,7.464274185577814e-10
1.085834196813750e-01,7.460940674719135e-10
1.087964118737660e-01,7.457614951190345e-10
1.090094040661580e-01,7.454296983771975e-10
1.092223962585500e-01,7.450986741244604e-10
1.094353884509420e-01,7.447684192388796e-10
1.096483806433340e-01,7.444389305985110e-10
1.098613728357260e-01,7.441102050814114e-10
1.100743650281180e-01,7.437822395388896e-10
1.102873572205100e-01,7.434550307152250e-10
1.105003494129010e-01,7.431285753279312e-10
1.107133416052930e-01,7.428028700945166e-10
1.109263337976850e-01,7.424779117324946e-10
1.111393259900770e-01,7.421536969593770e-10
1.113523181824690e-01,7.418302224926758e-10
1.115653103748610e-01,7.415074850499025e-10
1.117783025672530e-01,7.411854813485689e-10
1.119912947596450e-01,7.408642081061870e-10
1.122042869520360e-01,7.405436621153378e-10
1.124172791444280e-01,7.402238404688919e-10
1.126302713368200e-01,7.399047403348030e-10
1.128432635292120e-01,7.395863588810236e-10
1.130562557216040e-01,7.392686932755063e-10
1.132692479139960e-01,7.389517406862033e-10
1.134822401063880e-01,7.386354982810672e-10
1.136952322987790e-01,7.383199632280517e-10
1.139082244911710e-01,7.380051326951064e-10
1.141212166835630e-01,7.376910038501851e-10
1.143342088759550e-01,7.373775738609069e-10
1.145472010683470e-01,7.370648398935570e-10
1.147601932607390e-01,7.367527991140875e-10
1.149731854531310e-01,7.364414486884507e-10
1.151861776455230e-01,7.361307857825984e-10
1.153991698379140e-01,7.358208075624842e-10
1.156121620303060e-01,7.355115111940570e-10
1.158251542226980e-01,7.352028938432707e-10
1.160381464150900e-01,7.348949526760773e-10
1.162511386074820e-01,7.345876848584286e-10
1.164641307998740e-01,7.342810875956252e-10
1.166771229922660e-01,7.339751582502746e-10
1.168901151846570e-01,7.336698942242918e-10
1.171031073770490e-01,7.333652929195869e-10
1.173160995694410e-01,7.330613517380748e-10
1.175290917618330e-01,7.327580680816685e-10
1.177420839542250e-01,7.324554393522815e-10
1.179550761466170e-01,7.321534629518271e-10
1.181680683390090e-01,7.318521362822183e-10
1.183810605314010e-01,7.315514567453685e-10
1.185940527237920e-01,7.312514217791842e-10
1.188070449161840e-01,7.309520289656157e-10
1.190200371085760e-01,7.306532759226489e-10
1.192330293009680e-01,7.303551602682691e-10
1.194460214933600e-01,7.300576796204610e-10
1.196590136857520e-01,7.297608315972094e-10
1.198720058781440e-01,7.294646138164992e-10
1.200849980705360e-01,7.291690238963153e-10
1.202979902629270e-01,7.288740594546440e-10
1.205109824553190e-01,7.285797181094673e-10
1.207239746477110e-01,7.282859974631309e-10
1.209369668401030e-01,7.279928950554001e-10
1.211499590324950e-01,7.277004084103923e-10
1.213629512248870e-01,7.274085350522246e-10
1.215759434172790e-01,7.271172725050141e-10
1.217889356096700e-01,7.268266182928795e-10
1.220019278020620e-01,7.265365699399349e-10
1.222149199944540e-01,7.262471249702991e-10
1.224279121868460e-01,7.259582809080891e-10
1.226409043792380e-01,7.256700352774221e-10
1.228538965716300e-01,7.253823856716170e-10
1.230668887640220e-01,7.250953299607827e-10
1.232798809564140e-01,7.248088660842215e-10
1.234928731488050e-01,7.245229919812367e-10
1.237058653411970e-01,7.242377055911279e-10
1.239188575335890e-01,7.239530048531984e-10
1.241318497259810e-01,7.236688877067505e-10
1.243448419183730e-01,7.233853520910864e-10
1.245578341107650e-01,7.231023959455082e-10
1.247708263031570e-01,7.228200172093180e-10
1.249838184955480e-01,7.225382138126684e-10
1.251968106879400e-01,7.222569836491190e-10
1.254098028803320e-01,7.219763246030885e-10
1.256227950727240e-01,7.216962345589951e-10
1.258357872651160e-01,7.214167114012567e-10
1.260487794575080e-01,7.211377530142908e-10
1.262617716499000e-01,7.208593572825156e-10
1.264747638422920e-01,7.205815220903487e-10
1.266877560346830e-01,7.203042453222096e-10
1.269007482270750e-01,7.200275248625133e-10
1.271137404194670e-01,7.197513586019460e-10
1.273267326118590e-01,7.194757444562441e-10
1.275397248042510e-01,7.192006803474025e-10
1.277527169966430e-01,7.189261641974157e-10
1.279657091890350e-01,7.186521939282787e-10
1.281787013814270e-01,7.183787674619865e-10
1.283916935738180e-01,7.181058827205348e-10
1.286046857662100e-01,7.178335376259160e-10
1.288176779586020e-01,7.175617301001263e-10
1.290306701509940e-01,7.172904580651604e-10
1.292436623433860e-01,7.170197194895392e-10
1.294566545357780e-01,7.167495125279655e-10
1.296696467281700e-01,7.164798353817077e-10
1.298826389205610e-01,7.162106862520352e-10
1.300956311129530e-01,7.159420633402135e-10
1.303086233053450e-01,7.156739648475120e-10
1.305216154977370e-01,7.154063889751990e-10
1.307346076901290e-01,7.151393339245424e-10
1.309475998825210e-01,7.148727978968106e-10
1.311605920749130e-01,7.146067790932716e-10
1.313735842673050e-01,7.143412757226006e-10
1.315865764596960e-01,7.140762860231047e-10
1.317995686520880e-01,7.138118082404957e-10
1.320125608444800e-01,7.135478406204897e-10
1.322255530368720e-01,7.132843814088009e-10
1.324385452292640e-01,7.130214288511439e-10
1.326515374216560e-01,7.127589811932331e-10
1.328645296140480e-01,7.124970366807832e-10
1.330775218064400e-01,7.122355935595084e-10
1.332905139988310e-01,7.119746500751248e-10
1.335035061912230e-01,7.117142044801986e-10
1.337164983836150e-01,7.114542550547140e-10
1.339294905760070e-01,7.111948000855051e-10
1.341424827683990e-01,7.109358378594068e-10
1.343554749607910e-01,7.106773666632532e-10
1.345684671531830e-01,7.104193847838790e-10
1.347814593455740e-01,7.101618905081199e-10
1.349944515379660e-01,7.099048821228078e-10
1.352074437303580e-01,7.096483579147785e-10
1.354204359227500e-01,7.093923161708664e-10
1.356334281151420e-01,7.091367551881236e-10
1.358464203075340e-01,7.088816733044506e-10
1.360594124999260e-01,7.086270688679550e-10
1.362724046923180e-01,7.083729402267447e-10
1.364853968847090e-01,7.081192857289285e-10
1.366983890771010e-01,7.078661037226116e-10
1.369113812694930e-01,7.076133925559032e-10
1.371243734618850e-01,7.073611505769107e-10
1.373373656542770e-01,7.071093761337421e-10
1.375503578466690e-01,7.068580675745049e-10
1.377633500390610e-01,7.066072232724840e-10
1.379763422314520e-01,7.063568417017340e-10
1.381893344238440e-01,7.061069213615132e-10
1.384023266162360e-01,7.058574607510832e-10
1.386153188086280e-01,7.056084583697047e-10
1.388283110010200e-01,7.053599127166383e-10
1.390413031934120e-01,7.051118222911442e-10
1.392542953858040e-01,7.048641855924832e-10
1.394672875781960e-01,7.046170011199158e-10
1.396802797705870e-01,7.043702673727036e-10
1.398932719629790e-01,7.041239828529825e-10
1.401062641553710e-01,7.038781460744045e-10
1.403192563477630e-01,7.036327555534999e-10
1.405322485401550e-01,7.033878098067989e-10
1.407452407325470e-01,7.031433073508318e-10
1.409582329249390e-01,7.028992467021286e-10
1.411712251173300e-01,7.026556263772208e-10
1.413842173097220e-01,7.024124448926361e-10
1.415972095021140e-01,7.021697007649060e-10
1.418102016945060e-01,7.019273925105606e-10
1.420231938868980e-01,7.016855186699562e-10
1.422361860792900e-01,7.014440778787510e-10
1.424491782716820e-01,7.012030687964277e-10
1.426621704640740e-01,7.009624900824697e-10
1.428751626564650e-01,7.007223403963608e-10
1.430881548488570e-01,7.004826183975818e-10
1.433011470412490e-01,7.002433227456170e-10
1.435141392336410e-01,7.000044520999493e-10
1.437271314260330e-01,6.997660051200617e-10
1.439401236184250e-01,6.995279804654372e-10
1.441531158108170e-01,6.992903767780809e-10
1.443661080032090e-01,6.990531926301091e-10
1.445791001956000e-01,6.988164265761729e-10
1.447920923879920e-01,6.985800771709200e-10
1.450050845803840e-01,6.983441429690019e-10
1.452180767727760e-01,6.981086225250682e-10
1.454310689651680e-01,6.978735143937691e-10
1.456440611575600e-01,6.976388171297546e-10
1.458570533499520e-01,6.974045292876747e-10
1.460700455423430e-01,6.971706494221804e-10
1.462830377347350e-01,6.969371761441125e-10
1.464960299271270e-01,6.967041082889420e-10
1.467090221195190e-01,6.964714447482596e-10
1.469220143119110e-01,6.962391844136560e-10
1.471350065043030e-01,6.960073261767218e-10
1.473479986966950e-01,6.957758689290481e-10
1.475609908890870e-01,6.955448115622252e-10
1.477739830814780e-01,6.953141529678451e-10
1.479869752738700e-01,6.950838920374963e-10
1.481999674662620e-01,6.948540276627706e-10
1.484129596586540e-01,6.946245586968411e-10
1.486259518510460e-01,6.943954838391394e-10
1.488389440434380e-01,6.941668017506442e-10
1.490519362358300e-01,6.939385110923347e-10
1.492649284282220e-01,6.937106105251892e-10
1.494779206206130e-01,6.934830987101877e-10
1.496909128130050e-01,6.932559743083069e-10
1.499039050053970e-01,6.930292359805267e-10
1.501168971977890e-01,6.928028823878256e-10
1.503298893901810e-01,6.925769121911827e-10
1.505428815825730e-01,6.923513240906205e-10
1.507558737749650e-01,6.921261169423607e-10
1.509688659673560e-01,6.919012896416815e-10
1.511818581597480e-01,6.916768410838582e-10
1.513948503521400e-01,6.914527701641686e-10
1.516078425445320e-01,6.912290757778905e-10
1.518208347369240e-01,6.910057568203006e-10
1.520338269293160e-01,6.907828121866763e-10
1.522468191217080e-01,6.905602407722949e-10
1.524598113141000e-01,6.903380414724334e-10
1.526728035064910e-01,6.901162131833759e-10
1.528857956988830e-01,6.898947548054254e-10
1.530987878912750e-01,6.896736652398935e-10
1.533117800836670e-01,6.894529433880906e-10
1.535247722760590e-01,6.892325881513276e-10
1.537377644684510e-01,6.890125984309146e-10
1.539507566608430e-01,6.887929731281622e-10
1.541637488532340e-01,6.885737111443821e-10
1.543767410456260e-01,6.883548113808827e-10
1.545897332380180e-01,6.881362727389756e-10
1.548027254304100e-01,6.879180941186494e-10
1.550157176228020e-01,6.877002744146078e-10
1.552287098151940e-01,6.874828125202340e-10
1.554417020075860e-01,6.872657073289109e-10
1.556546941999780e-01,6.870489577340217e-10
1.558676863923690e-01,6.868325626289503e-10
1.560806785847610e-01,6.866165209070780e-10
1.562936707771530e-01,6.864008314617888e-10
1.565066629695450e-01,6.861854931864657e-10
1.567196551619370e-01,6.859705049744919e-10
1.569326473543290e-01,6.857558657417620e-10
1.571456395467210e-01,6.855415744942748e-10
1.573586317391130e-01,6.853276302605684e-10
1.575716239315040e-01,6.851140320691831e-10
1.577846161238960e-01,6.849007789486550e-10
1.579976083162880e-01,6.846878699275242e-10
1.582106005086800e-01,6.844753040343290e-10
1.584235927010720e-01,6.842630802976080e-10
1.586365848934640e-01,6.840511977459002e-10
1.588495770858560e-01,6.838396554077439e-10
1.590625692782470e-01,6.836284523043030e-10
1.592755614706390e-01,6.834175874272247e-10
1.594885536630310e-01,6.832070597607788e-10
1.597015458554230e-01,6.829968682892341e-10
1.599145380478150e-01,6.827870119968590e-10
1.601275302402070e-01,6.825774898679222e-10
1.603405224325990e-01,6.823683008866925e-10
1.605535146249910e-01,6.821594440374386e-10
1.607665068173820e-01,6.819509183044300e-10
1.609794990097740e-01,6.817427226719334e-10
1.611924912021660e-01,6.815348561464468e-10
1.614054833945580e-01,6.813273178233818e-10
1.616184755869500e-01,6.811201068203789e-10
1.618314677793420e-01,6.809132222550782e-10
1.620444599717340e-01,6.807066632451206e-10
1.622574521641260e-01,6.805004289081463e-10
1.624704443565170e-01,6.802945183617968e-10
1.626834365489090e-01,6.800889307237105e-10
1.628964287413010e-01,6.798836651115290e-10
1.631094209336930e-01,6.796787206428926e-10
1.633224131260850e-01,6.794740964264136e-10
1.635354053184770e-01,6.792697915346019e-10
1.637483975108690e-01,6.790658050309444e-10
1.639613897032600e-01,6.788621359789289e-10
1.641743818956520e-01,6.786587834420409e-10
1.643873740880440e-01,6.784557464837680e-10
1.646003662804360e-01,6.782530241675970e-10
1.648133584728280e-01,6.780506155570153e-10
1.650263506652200e-01,6.778485197155095e-10
1.652393428576120e-01,6.776467357065668e-10
1.654523350500040e-01,6.774452626100808e-10
1.656653272423950e-01,6.772440995715339e-10
1.658783194347870e-01,6.770432457527920e-10
1.660913116271790e-01,6.768427003157245e-10
1.663043038195710e-01,6.766424624221995e-10
1.665172960119630e-01,6.764425312340851e-10
1.667302882043550e-01,6.762429059132496e-10
1.669432803967470e-01,6.760435856215611e-10
1.671562725891380e-01,6.758445695208886e-10
1.673692647815300e-01,6.756458567730987e-10
1.675822569739220e-01,6.754474465406116e-10
1.677952491663140e-01,6.752493379880527e-10
1.680082413587060e-01,6.750515302805999e-10
1.682212335510980e-01,6.748540225834305e-10
1.684342257434900e-01,6.746568140617218e-10
1.686472179358820e-01,6.744599038806515e-10
1.688602101282730e-01,6.742632912053980e-10
1.690732023206650e-01,6.740669752011366e-10
1.692861945130570e-01,6.738709550330461e-10
1.694991867054490e-01,6.736752298663035e-10
1.697121788978410e-01,6.734797988822767e-10
1.699251710902330e-01,6.732846613271048e-10
1.701381632826250e-01,6.730898164631234e-10
1.703511554750170e-01,6.728952635526677e-10
1.705641476674080e-01,6.727010018580741e-10
1.707771398598000e-01,6.725070306416763e-10
1.709901320521920e-01,6.723133491658105e-10
1.712031242445840e-01,6.721199566928122e-10
1.714161164369760e-01,6.719268524850168e-10
1.716291086293680e-01,6.717340358047597e-10
1.718421008217600e-01,6.715415058969955e-10
1.720550930141510e-01,6.713492619371655e-10
1.722680852065430e-01,6.711573030833317e-10
1.724810773989350e-01,6.709656284935587e-10
1.726940695913270e-01,6.707742373259105e-10
1.729070617837190e-01,6.705831287384509e-10
1.731200539761110e-01,6.703923018892434e-10
1.733330461685030e-01,6.702017559363520e-10
1.735460383608950e-01,6.700114900378405e-10
1.737590305532860e-01,6.698215033517736e-10
1.739720227456780e-01,6.696317950522241e-10
1.741850149380700e-01,6.694423643772818e-10
1.743980071304620e-01,6.692532105810331e-10
1.746109993228540e-01,6.690643329175643e-10
1.748239915152460e-01,6.688757306409614e-10
1.750369837076380e-01,6.686874030053104e-10
1.752499759000290e-01,6.684993492646987e-10
1.754629680924210e-01,6.683115686732105e-10
1.756759602848130e-01,6.681240604849328e-10
1.758889524772050e-01,6.679368239539518e-10
1.761019446695970e-01,6.677498583501202e-10
1.763149368619890e-01,6.675631630063983e-10
1.765279290543810e-01,6.673767372715339e-10
1.767409212467730e-01,6.671905804942752e-10
1.769539134391640e-01,6.670046920233708e-10
1.771669056315560e-01,6.668190712075670e-10
1.773798978239480e-01,6.666337173956127e-10
1.775928900163400e-01,6.664486299362556e-10
1.778058822087320e-01,6.662638081782438e-10
1.780188744011240e-01,6.660792514703252e-10
1.782318665935160e-01,6.658949591635649e-10
1.784448587859070e-01,6.657109306183002e-10
1.786578509782990e-01,6.655271651971848e-10
1.788708431706910e-01,6.653436622628750e-10
1.790838353630830e-01,6.651604211780259e-10
1.792968275554750e-01,6.649774413052931e-10
1.795098197478670e-01,6.647947220073318e-10
1.797228119402590e-01,6.646122626467974e-10
1.799358041326510e-01,6.644300625863453e-10
1.801487963250420e-01,6.642481211886316e-10
1.803617885174340e-01,6.640664377957274e-10
1.805747807098260e-01,6.638850116673719e-10
1.807877729022180e-01,6.637038420427186e-10
1.810007650946100e-01,6.635229281609213e-10
1.812137572870020e-01,6.633422692611336e-10
1.814267494793940e-01,6.631618645825090e-10
1.816397416717860e-01,6.629817133642011e-10
1.818527338641770e-01,6.628018148453645e-10
1.820657260565690e-01,6.626221682651512e-10
1.822787182489610e-01,6.624427728627154e-10
1.824917104413530e-01,6.622636279152997e-10
1.827047026337450e-01,6.620847328524627e-10
1.829176948261370e-01,6.619060871418323e-10
1.831306870185290e-01,6.617276902510363e-10
1.833436792109200e-01,6.615495416477032e-10
1.835566714033120e-01,6.613716407994595e-10
1.837696635957040e-01,6.611939871739338e-10
1.839826557880960e-01,6.610165802387537e-10
1.841956479804880e-01,6.608394194615474e-10
1.844086401728800e-01,6.606625043099426e-10
1.846216323652720e-01,6.604858342302021e-10
1.848346245576640e-01,6.603094085831765e-10
1.850476167500550e-01,6.601332267083769e-10
1.852606089424470e-01,6.599572879453112e-10
1.854736011348390e-01,6.597815916334903e-10
1.856865933272310e-01,6.596061371124242e-10
1.858995855196230e-01,6.594309237216227e-10
1.861125777120150e-01,6.592559508005956e-10
1.863255699044070e-01,6.590812176888527e-10
1.865385620967990e-01,6.589067237259043e-10
1.867515542891900e-01,6.587324682489097e-10
1.869645464815820e-01,6.585584505856160e-10
1.871775386739740e-01,6.583846700614197e-10
1.873905308663660e-01,6.582111260017155e-10
1.876035230587580e-01,6.580378177318990e-10
1.878165152511500e-01,6.578647445773654e-10
1.880295074435420e-01,6.576919058635098e-10
1.882424996359330e-01,6.575193009157282e-10
1.884554918283250e-01,6.573469290594145e-10
1.886684840207170e-01,6.571747896199643e-10
1.888814762131090e-01,6.570028820289264e-10
1.890944684055010e-01,6.568312061425574e-10
1.893074605978930e-01,6.566597619233151e-10
1.895204527902850e-01,6.564885493336576e-10
1.897334449826770e-01,6.563175683360421e-10
1.899464371750680e-01,6.561468188929278e-10
1.901594293674600e-01,6.559763009667707e-10
1.903724215598520e-01,6.558060145200291e-10
1.905854137522440e-01,6.556359595151613e-10
1.907984059446360e-01,6.554661359146248e-10
1.910113981370280e-01,6.552965432572915e-10
1.912243903294200e-01,6.551271793878318e-10
1.914373825218110e-01,6.549580417274018e-10
1.916503747142030e-01,6.547891276971556e-10
1.918633669065950e-01,6.546204347182489e-10
1.920763590989870e-01,6.544519602118373e-10
1.922893512913790e-01,6.542837015990762e-10
1.925023434837710e-01,6.541156563011211e-10
1.927153356761630e-01,6.539478217391270e-10
1.929283278685550e-01,6.537801953342496e-10
1.931413200609460e-01,6.536127761116249e-10
1.933543122533380e-01,6.534455695097894e-10
1.935673044457300e-01,6.532785825700028e-10
1.937802966381220e-01,6.531118223335242e-10
1.939932888305140e-01,6.529452958416130e-10
1.942062810229060e-01,6.527790101355282e-10
1.944192732152980e-01,6.526129722565287e-10
1.946322654076900e-01,6.524471892458741e-10
1.948452576000810e-01,6.522816681448239e-10
1.950582497924730e-01,6.521164159946358e-10
1.952712419848650e-01,6.519514338835390e-10
1.954842341772570e-01,6.517866991043330e-10
1.956972263696490e-01,6.516221830051310e-10
1.959102185620410e-01,6.514578569340458e-10
1.961232107544330e-01,6.512936922391905e-10
1.963362029468240e-01,6.511296602686787e-10
1.965491951392160e-01,6.509657323706222e-10
1.967621873316080e-01,6.508018798931344e-10
1.969751795240000e-01,6.506380741843285e-10
1.971881717163920e-01,6.504742865923175e-10
1.974011639087840e-01,6.503105106326149e-10
1.976141561011760e-01,6.501468285256668e-10
1.978271482935680e-01,6.499833446769886e-10
1.980401404859590e-01,6.498201634920968e-10
1.982531326783510e-01,6.496573893765054e-10
1.984661248707430e-01,6.494951267357309e-10
1.986791170631350e-01,6.493334799752884e-10
1.988921092555270e-01,6.491725535006938e-10
1.991051014479190e-01,6.490124517174626e-10
1.993180936403110e-01,6.488532790311102e-10
1.995310858327020e-01,6.486950492612375e-10
1.997440780250940e-01,6.485374138513218e-10
1.999570702174860e-01,6.483799336426969e-10
2.001700624098780e-01,6.482221694766961e-10
2.003830546022700e-01,6.480636821946524e-10
2.005960467946620e-01,6.479040326378990e-10
2.008090389870540e-01,6.477427816477690e-10
2.010220311794460e-01,6.475794900655956e-10
2.012350233718370e-01,6.474137187327126e-10
2.014480155642290e-01,6.472450284904517e-10
2.016610077566210e-01,6.470730902305153e-10
2.018739999490130e-01,6.468980149495877e-10
2.020869921414050e-01,6.467200236464820e-10
2.022999843337970e-01,6.465393373200103e-10
2.025129765261890e-01,6.463561769689853e-10
2.027259687185810e-01,6.461707635922197e-10
2.029389609109720e-01,6.459833181885270e-10
2.031519531033640e-01,6.457940617567179e-10
2.033649452957560e-01,6.456032152956059e-10
2.035779374881480e-01,6.454109998040036e-10
2.037909296805400e-01,6.452175901953627e-10
2.040039218729320e-01,6.450229771390017e-10
2.042169140653240e-01,6.448271052675207e-10
2.044299062577150e-01,6.446299192135205e-10
2.046428984501070e-01,6.444313636095997e-10
2.048558906424990e-01,6.442313830883586e-10
2.050688828348910e-01,6.440299222823977e-10
2.052818750272830e-01,6.438269258243171e-10
2.054948672196750e-01,6.436223383467165e-10
2.057078594120670e-01,6.434161044821962e-10
2.059208516044590e-01,6.432081812991668e-10
2.061338437968500e-01,6.429985756377283e-10
2.063468359892420e-01,6.427873067880151e-10
2.065598281816340e-01,6.425743940401647e-10
2.067728203740260e-01,6.423598566843132e-10
2.069858125664180e-01,6.421437140105974e-10
2.071988047588100e-01,6.419259853091535e-10
2.074117969512020e-01,6.417066898701180e-10
2.076247891435940e-01,6.414858469836270e-10
2.078377813359850e-01,6.412634759398185e-10
2.080507735283770e-01,6.410395927859177e-10
2.082637657207690e-01,6.408142005941075e-10
2.084767579131610e-01,6.405872991919557e-10
2.086897501055530e-01,6.403588884070301e-10
2.089027422979450e-01,6.401289680668982e-10
2.091157344903370e-01,6.398975379991280e-10
2.093287266827280e-01,6.396645980312880e-10
2.095417188751200e-01,6.394301479909438e-10
2.097547110675120e-01,6.391941877056641e-10
2.099677032599040e-01,6.389567170030167e-10
2.101806954522960e-01,6.387177366981921e-10
2.103936876446880e-01,6.384772515566912e-10
2.106066798370800e-01,6.382352673315464e-10
2.108196720294720e-01,6.379917897757912e-10
2.110326642218630e-01,6.377468246424593e-10
2.112456564142550e-01,6.375003776845812e-10
2.114586486066470e-01,6.372524546551911e-10
2.116716407990390e-01,6.370030613073219e-10
2.118846329914310e-01,6.367522033940065e-10
2.120976251838230e-01,6.364998866682776e-10
2.123106173762150e-01,6.362461166612054e-10
2.125236095686060e-01,6.359908980163241e-10
2.127366017609980e-01,6.357342351553591e-10
2.129495939533900e-01,6.354761325000392e-10
2.131625861457820e-01,6.352165944720920e-10
2.133755783381740e-01,6.349556254932455e-10
2.135885705305660e-01,6.346932299852270e-10
2.138015627229580e-01,6.344294123697643e-10
2.140145549153500e-01,6.341641770685851e-10
2.142275471077410e-01,6.338975285034184e-10
2.144405393001330e-01,6.336294712911204e-10
2.146535314925250e-01,6.333600108285579e-10
2.148665236849170e-01,6.330891527074692e-10
2.150795158773090e-01,6.328169025195920e-10
2.152925080697010e-01,6.325432658566646e-10
2.155055002620930e-01,6.322682483104247e-10
2.157184924544850e-01,6.319918554726106e-10
2.159314846468760e-01,6.317140929349613e-10
2.161444768392680e-01,6.314349662892125e-10
2.163574690316600e-01,6.311544811271034e-10
2.165704612240520e-01,6.308726429932413e-10
2.167834534164440e-01,6.305894572436289e-10
2.169964456088360e-01,6.303049291870970e-10
2.172094378012280e-01,6.300190641324764e-10
2.174224299936190e-01,6.297318673885993e-10
2.176354221860110e-01,6.294433442642938e-10
2.178484143784030e-01,6.291535000683922e-10
2.180614065707950e-01,6.288623401097253e-10
2.182743987631870e-01,6.285698696971240e-10
2.184873909555790e-01,6.282760941394189e-10
2.187003831479710e-01,6.279810188789045e-10
2.189133753403630e-01,6.276846498917969e-10
2.191263675327540e-01,6.273869932878113e-10
2.193393597251460e-01,6.270880551766587e-10
2.195523519175380e-01,6.267878416680540e-10
2.197653441099300e-01,6.264863588717111e-10
2.199783363023220e-01,6.261836128973437e-10
2.201913284947140e-01,6.258796098546652e-10
2.204043206871060e-01,6.255743558533898e-10
2.206173128794970e-01,6.252678570032323e-10
2.208303050718890e-01,6.249601194169085e-10
2.210432972642810e-01,6.246511492191537e-10
2.212562894566730e-01,6.243409525377062e-10
2.214692816490650e-01,6.240295355003036e-10
2.216822738414570e-01,6.237169042346841e-10
2.218952660338490e-01,6.234030648685852e-10
2.221082582262410e-01,6.230880235297451e-10
2.223212504186320e-01,6.227717863459031e-10
2.225342426110240e-01,6.224543594447940e-10
2.227472348034160e-01,6.221357489541574e-10
2.229602269958080e-01,6.218159610503728e-10
2.231732191882000e-01,6.214950021042922e-10
2.233862113805920e-01,6.211728785353616e-10
2.235992035729840e-01,6.208495967630272e-10
2.238121957653760e-01,6.205251632067349e-10
2.240251879577670e-01,6.201995842859325e-10
2.242381801501590e-01,6.198728664200630e-10
2.244511723425510e-01,6.195450160285740e-10
2.246641645349430e-01,6.192160395309115e-10
2.248771567273350e-01,6.188859433465214e-10
2.250901489197270e-01,6.185547339351869e-10
2.253031411121190e-01,6.182224179181361e-10
2.255161333045100e-01,6.178890019569846e-10
2.257291254969020e-01,6.175544927133436e-10
2.259421176892940e-01,6.172188968488288e-10
2.261551098816860e-01,6.168822210250542e-10
2.263681020740780e-01,6.165444719036340e-10
2.265810942664700e-01,6.162056561461827e-10
2.267940864588620e-01,6.158657804143141e-10
2.270070786512540e-01,6.155248513696424e-10
2.272200708436450e-01,6.151828756929804e-10
2.274330630360370e-01,6.148398601419468e-10
2.276460552284290e-01,6.144958114933735e-10
2.278590474208210e-01,6.141507365240913e-10
2.280720396132130e-01,6.138046420109301e-10
2.282850318056050e-01,6.134575347307207e-10
2.284980239979970e-01,6.131094214602933e-10
2.287110161903880e-01,6.127603089764802e-10
2.289240083827800e-01,6.124102040561083e-10
2.291370005751720e-01,6.120591134760096e-10
2.293499927675640e-01,6.117070440518612e-10
2.295629849599560e-01,6.113540027547231e-10
2.297759771523480e-01,6.109999965945021e-10
2.299889693447400e-01,6.106450325811043e-10
2.302019615371320e-01,6.102891177244360e-10
2.304149537295230e-01,6.099322590344051e-10
2.306279459219150e-01,6.095744635209146e-10
2.308409381143070e-01,6.092157381938723e-10
2.310539303066990e-01,6.088560900631846e-10
2.312669224990910e-01,6.084955261387577e-10
2.314799146914830e-01,6.081340534461651e-10
2.316929068838750e-01,6.077716790736292e-10
2.319058990762670e-01,6.074084101250293e-10
2.321188912686580e-01,6.070442537042468e-10
2.323318834610500e-01,6.066792169151579e-10
2.325448756534420e-01,6.063133068616436e-10
2.327578678458340e-01,6.059465306475836e-10
2.329708600382260e-01,6.055788953768573e-10
2.331838522306180e-01,6.052104081533446e-10
2.333968444230100e-01,6.048410760809247e-10
2.336098366154010e-01,6.044709062845937e-10
2.338228288077930e-01,6.040999059737493e-10
2.340358210001850e-01,6.037280823788827e-10
2.342488131925770e-01,6.033554427304833e-10
2.344618053849690e-01,6.029819942590407e-10
2.346747975773610e-01,6.026077441950443e-10
2.348877897697530e-01,6.022326997689835e-10
2.351007819621450e-01,6.018568682113478e-10
2.353137741545360e-01,6.014802567526285e-10
2.355267663469280e-01,6.011028726233115e-10
2.357397585393200e-01,6.007247230591359e-10
2.359527507317120e-01,6.003458153168400e-10
2.361657429241040e-01,5.999661566584151e-10
2.363787351164960e-01,5.995857543458521e-10
2.365917273088880e-01,5.992046156411426e-10
2.368047195012800e-01,5.988227478062774e-10
2.370177116936710e-01,5.984401581032495e-10
2.372307038860630e-01,5.980568537940467e-10
2.374436960784550e-01,5.976728421406619e-10
2.376566882708470e-01,5.972881304050861e-10
2.378696804632390e-01,5.969027258757425e-10
2.380826726556310e-01,5.965166359467990e-10
2.382956648480230e-01,5.961298680388638e-10
2.385086570404140e-01,5.957424295725473e-10
2.387216492328060e-01,5.953543279684543e-10
2.389346414251980e-01,5.949655706471951e-10
2.391476336175900e-01,5.945761650293779e-10
2.393606258099820e-01,5.941861185356114e-10
2.395736180023740e-01,5.937954385865040e-10
2.397866101947660e-01,5.934041326026641e-10
2.399996023871580e-01,5.930122079812847e-10
2.402125945795490e-01,5.926196720259127e-10
2.404255867719410e-01,5.922265320166809e-10
2.406385789643330e-01,5.918327952337277e-10
2.408515711567250e-01,5.914384689571891e-10
2.410645633491170e-01,5.910435604672018e-10
2.412775555415090e-01,5.906480770439022e-10
2.414905477339010e-01,5.902520259674267e-10
2.417035399262920e-01,5.898554145179136e-10
2.419165321186840e-01,5.894582499754955e-10
2.421295243110760e-01,5.890605396538687e-10
2.423425165034680e-01,5.886622910008985e-10
2.425555086958600e-01,5.882635114979784e-10
2.427685008882520e-01,5.878642086265012e-10
2.429814930806440e-01,5.874643898678602e-10
2.431944852730360e-01,5.870640627034485e-10
2.434074774654270e-01,5.866632346146610e-10
2.436204696578190e-01,5.862619130828872e-10
2.438334618502110e-01,5.858601055895218e-10
2.440464540426030e-01,5.854578196159583e-10
2.442594462349950e-01,5.850550626197288e-10
2.444724384273870e-01,5.846518419628608e-10
2.446854306197790e-01,5.842481649834902e-10
2.448984228121710e-01,5.838440390197528e-10
2.451114150045620e-01,5.834394714097863e-10
2.453244071969540e-01,5.830344694917225e-10
2.455373993893460e-01,5.826290406036992e-10
2.457503915817380e-01,5.822231920838523e-10
2.459633837741300e-01,5.818169312703176e-10
2.461763759665220e-01,5.814102655012307e-10
2.463893681589140e-01,5.810032021179017e-10
2.466023603513050e-01,5.805957484743425e-10
2.468153525436970e-01,5.801879119277359e-10
2.470283447360890e-01,5.797796998352699e-10
2.472413369284810e-01,5.793711195541312e-10
2.474543291208730e-01,5.789621784415060e-10
2.476673213132650e-01,5.785528838545810e-10
2.478803135056570e-01,5.781432431505422e-10
2.480933056980490e-01,5.777332636865764e-10
2.483062978904400e-01,5.773229528198718e-10
2.485192900828320e-01,5.769123179045658e-10
2.487322822752240e-01,5.765013662826230e-10
2.489452744676160e-01,5.760901052929599e-10
2.491582666600080e-01,5.756785422744938e-10
2.493712588524000e-01,5.752666845661417e-10
2.495842510447920e-01,5.748545395068206e-10
2.497972432371830e-01,5.744421144354497e-10
2.500102354295750e-01,5.740294166909419e-10
2.502232276219670e-01,5.736164536122163e-10
2.504362198143590e-01,5.732032325381899e-10
2.506492120067510e-01,5.727897607768524e-10
2.508622041991430e-01,5.723760455125179e-10
2.510751963915350e-01,5.719620938985906e-10
2.512881885839270e-01,5.715479130884748e-10
2.515011807763180e-01,5.711335102355763e-10
2.517141729687100e-01,5.707188924932952e-10
2.519271651611020e-01,5.703040670150379e-10
2.521401573534940e-01,5.698890409542082e-10
2.523531495458860e-01,5.694738214642103e-10
2.525661417382780e-01,5.690584156984482e-10
2.527791339306700e-01,5.686428308276332e-10
2.529921261230620e-01,5.682270740916631e-10
2.532051183154530e-01,5.678111527477243e-10
2.534181105078450e-01,5.673950740529977e-10
2.536311027002370e-01,5.669788452646700e-10
2.538440948926290e-01,5.665624736399257e-10
2.540570870850210e-01,5.661459664359492e-10
2.542700792774130e-01,5.657293309099252e-10
2.544830714698050e-01,5.653125743190386e-10
2.546960636621960e-01,5.648957039204756e-10
2.549090558545880e-01,5.644787269260151e-10
2.551220480469800e-01,5.640616503657413e-10
2.553350402393720e-01,5.636444812242881e-10
2.555480324317640e-01,5.632272264862891e-10
2.557610246241560e-01,5.628098931363780e-10
2.559740168165480e-01,5.623924881591887e-10
2.561870090089400e-01,5.619750185393553e-10
2.564000012013310e-01,5.615574912615131e-10
2.566129933937230e-01,5.611399133102920e-10
2.568259855861150e-01,5.607222916703281e-10
2.570389777785070e-01,5.603046333058109e-10
2.572519699708990e-01,5.598869450991378e-10
2.574649621632910e-01,5.594692339122535e-10
2.576779543556830e-01,5.590515066071032e-10
2.578909465480740e-01,5.586337700456338e-10
2.581039387404660e-01,5.582160310897862e-10
2.583169309328580e-01,5.577982966015072e-10
2.585299231252500e-01,5.573805734427421e-10
2.587429153176420e-01,5.569628684754357e-10
2.589559075100340e-01,5.565451885615327e-10
2.591688997024260e-01,5.561275405830090e-10
2.593818918948180e-01,5.557099315019554e-10
2.595948840872090e-01,5.552923683004908e-10
2.598078762796010e-01,5.548748579607283e-10
2.600208684719930e-01,5.544574074647873e-10
2.602338606643850e-01,5.540400237947848e-10
2.604468528567770e-01,5.536227139328381e-10
2.606598450491690e-01,5.532054848610641e-10
2.608728372415610e-01,5.527883435615799e-10
2.610858294339530e-01,5.523712970165032e-10
2.612988216263440e-01,5.519543521217568e-10
2.615118138187360e-01,5.515375154286185e-10
2.617248060111280e-01,5.511207934022472e-10
2.619377982035200e-01,5.507041925078001e-10
2.621507903959120e-01,5.502877192104340e-10
2.623637825883040e-01,5.498713799753064e-10
2.625767747806960e-01,5.494551812675743e-10
2.627897669730870e-01,5.490391295523967e-10
2.630027591654790e-01,5.486232312949267e-10
2.632157513578710e-01,5.482074929603234e-10
2.634287435502630e-01,5.477919210394891e-10
2.636417357426550e-01,5.473765221263774e-10
2.638547279350470e-01,5.469613028407220e-10
2.640677201274390e-01,5.465462698022569e-10
2.642807123198310e-01,5.461314296307162e-10
2.644937045122220e-01,5.457167889458355e-10
2.647066967046140e-01,5.453023543673450e-10
2.649196888970060e-01,5.448881325149804e-10
2.651326810893980e-01,5.444741300084760e-10
2.653456732817900e-01,5.440603534675656e-10
2.655586654741820e-01,5.436468094529276e-10
2.657716576665740e-01,5.432335042889302e-10
2.659846498589660e-01,5.428204442408422e-10
2.661976420513570e-01,5.424076355739339e-10
2.664106342437490e-01,5.419950845534696e-10
2.666236264361410e-01,5.415827974447200e-10
2.668366186285330e-01,5.411707805129536e-10
2.670496108209250e-01,5.407590400234385e-10
2.672626030133170e-01,5.403475822414434e-10
2.674755952057090e-01,5.399364134322368e-10
2.676885873981000e-01,5.395255398594043e-10
2.679015795904920e-01,5.391149677797871e-10
2.681145717828840e-01,5.387047034485466e-10
2.683275639752760e-01,5.382947531208432e-10
2.685405561676680e-01,5.378851230518370e-10
2.687535483600600e-01,5.374758194966876e-10
2.689665405524520e-01,5.370668487105550e-10
2.691795327448440e-01,5.366582169485993e-10
2.693925249372350e-01,5.362499304659824e-10
2.696055171296270e-01,5.358419955178603e-10
2.698185093220190e-01,5.354344182521309e-10
2.700315015144110e-01,5.350272043877371e-10
2.702444937068030e-01,5.346203595364096e-10
2.704574858991950e-01,5.342138893098791e-10
2.706704780915870e-01,5.338077993198761e-10
2.708834702839780e-01,5.334020951781333e-10
2.710964624763700e-01,5.329967824963777e-10
2.713094546687620e-01,5.325918668863413e-10
2.715224468611540e-01,5.321873539597552e-10
2.717354390535460e-01,5.317832493283499e-10
2.719484312459380e-01,5.313795588756662e-10
2.721614234383300e-01,5.309762895718857e-10
2.723744156307220e-01,5.305734486587017e-10
2.725874078231130e-01,5.301710433778093e-10
2.728004000155050e-01,5.297690809708976e-10
2.730133922078970e-01,5.293675686796618e-10
2.732263844002890e-01,5.289665137457946e-10
2.734393765926810e-01,5.285659234109895e-10
2.736523687850730e-01,5.281658049169394e-10
2.738653609774650e-01,5.277661655053374e-10
2.740783531698570e-01,5.273670111859513e-10
2.742913453622480e-01,5.269683430381411e-10
2.745043375546400e-01,5.265701609079806e-10
2.747173297470320e-01,5.261724646415497e-10
2.749303219394240e-01,5.257752540849260e-10
2.751433141318160e-01,5.253785290841876e-10
2.753563063242080e-01,5.249822894854119e-10
2.755692985166000e-01,5.245865351346769e-10
2.757822907089910e-01,5.241912658780622e-10
2.759952829013830e-01,5.237964815616421e-10
2.762082750937750e-01,5.234021865385363e-10
2.764212672861670e-01,5.230084031943673e-10
2.766342594785590e-01,5.226151584239694e-10
2.768472516709510e-01,5.222224791221769e-10
2.770602438633430e-01,5.218303921838237e-10
2.772732360557350e-01,5.214389245037443e-10
2.774862282481260e-01,5.210481029767749e-10
2.776992204405180e-01,5.206579544977458e-10
2.779122126329100e-01,5.202685059614930e-10
2.781252048253020e-01,5.198797842628508e-10
2.783381970176940e-01,5.194917992506961e-10
2.785511892100860e-01,5.191044925947100e-10
