7.791356504680618e-06,2.970804774250712e-09
8.610780621332552e-06,2.943707666691073e-09
9.516384324626089e-06,2.916732243813775e-09
1.051723120080771e-05,2.889877956734329e-09
1.162333806181051e-05,2.863144258190749e-09
1.284577519687474e-05,2.836530607363453e-09
1.419677716772344e-05,2.810036470495062e-09
1.568986525616830e-05,2.783661318406376e-09
1.733998278964274e-05,2.757404630718450e-09
1.916364469904539e-05,2.731265897865464e-09
2.117910280571951e-05,2.705244621038265e-09
2.340652849181556e-05,2.679340316380323e-09
2.586821458226360e-05,2.653552519166153e-09
2.858879845885812e-05,2.627880786771742e-09
3.159550863945590e-05,2.602324704323914e-09
3.491843729013453e-05,2.576883892473366e-09
3.859084139770492e-05,2.551558015054994e-09
4.264947561681323e-05,2.526346788538058e-09
4.713496012287843e-05,2.501249996192861e-09
5.209218715246060e-05,2.476267502510270e-09
5.757077029985334e-05,2.451399271600089e-09
6.362554106661115e-05,2.426645389250595e-09
7.031709763364645e-05,2.420212669993276e-09
7.771241134819200e-05,2.394951910169187e-09
8.588549699555374e-05,2.369825458144051e-09
9.491815356395940e-05,2.344834163029116e-09
1.049007829163263e-04,2.319979024502410e-09
1.159332945624905e-04,2.295261175093836e-09
1.281261055871622e-04,2.270681807446516e-09
1.416012457412214e-04,2.246242060183282e-09
1.564935787564811e-04,2.221942880327804e-09
1.729521521072439e-04,2.197784896060842e-09
1.911416887275217e-04,2.173768381478095e-09
2.112442356135248e-04,2.149893378712080e-09
2.334609858111876e-04,2.126159978798054e-09
2.580142920237960e-04,2.102568587749698e-09
2.851498919925769e-04,2.079119890580445e-09
3.151393679226079e-04,2.055814452364339e-09
3.482828645688079e-04,2.032652399559961e-09
3.849120931855259e-04,2.009633750184019e-09
4.253936514042669e-04,1.986758911175878e-09
4.701326922660057e-04,1.964028264915248e-09
5.195769791289974e-04,1.941441813490870e-09
5.742213670349657e-04,1.918999830086207e-09
6.346127553846864e-04,1.896702510760936e-09
7.013555614910102e-04,1.874549948708607e-09
7.751177697904812e-04,1.852542334155860e-09
8.566376172560946e-04,1.830679762293452e-09
9.467309819210534e-04,1.808962338682899e-09
1.046299548460350e-03,1.787390170737346e-09
1.156339832554060e-03,1.765963327994983e-09
1.277953154351212e-03,1.744586795485081e-09
1.405748469786333e-03,1.724346569348397e-09
1.533543785221454e-03,1.706071410889817e-09
1.661339100656575e-03,1.689443215395858e-09
1.789134416091696e-03,1.674143878153042e-09
1.916929731526817e-03,1.659897847707329e-09
2.000000000000000e-03,1.651149862048799e-09
2.044725046961939e-03,1.646599538226570e-09
2.172520362397060e-03,1.634172794484974e-09
2.300315677832181e-03,1.622522004705880e-09
2.428110993267302e-03,1.611549982463611e-09
2.555906308702423e-03,1.601168458225489e-09
2.683701624137544e-03,1.591324830036468e-09
2.811496939572665e-03,1.581975412837315e-09
2.939292255007787e-03,1.573076521568800e-09
3.067087570442908e-03,1.564584471171691e-09
3.194882885878029e-03,1.556458996715386e-09
3.322678201313150e-03,1.548673513921753e-09
3.450473516748271e-03,1.541204858710264e-09
3.578268832183392e-03,1.534029867000392e-09
3.706064147618514e-03,1.527125374711610e-09
3.833859463053635e-03,1.520469790072741e-09
3.961654778488756e-03,1.514047810528215e-09
4.089450093923877e-03,1.507845705820913e-09
4.217245409358998e-03,1.501849745693720e-09
4.345040724794119e-03,1.496046199889517e-09
4.472836040229241e-03,1.490422166070988e-09
4.600631355664362e-03,1.484968053601421e-09
4.728426671099482e-03,1.479675099774600e-09
4.856221986534604e-03,1.474534541884311e-09
4.984017301969726e-03,1.469537617224340e-09
5.111812617404846e-03,1.464676036039254e-09
5.239607932839968e-03,1.459943400363330e-09
5.367403248275089e-03,1.455333785174923e-09
5.495198563710209e-03,1.450841265452389e-09
5.622993879145331e-03,1.446459916174080e-09
5.750789194580453e-03,1.442184102256785e-09
5.878584510015573e-03,1.438009348374310e-09
6.006379825450694e-03,1.433931469140537e-09
6.134175140885816e-03,1.429946279169353e-09
6.261970456320937e-03,1.426049593074640e-09
6.389765771756058e-03,1.422237412580637e-09
6.517561087191179e-03,1.418506487844973e-09
6.645356402626300e-03,1.414853756131626e-09
6.773151718061422e-03,1.411276154704571e-09
6.900947033496543e-03,1.407770620827785e-09
7.028742348931663e-03,1.404334217786143e-09
7.156537664366785e-03,1.400964512947728e-09
7.284332979801906e-03,1.397659199701325e-09
7.412128295237027e-03,1.394415971435719e-09
7.539923610672148e-03,1.391232521539694e-09
7.667718926107269e-03,1.388106631432429e-09
7.795514241542391e-03,1.385036434657902e-09
7.923309556977513e-03,1.382020152792092e-09
8.051104872412632e-03,1.379056007410981e-09
8.178900187847754e-03,1.376142220090549e-09
8.306695503282877e-03,1.373277075127148e-09
8.434490818717996e-03,1.370459107697509e-09
8.562286134153118e-03,1.367686915698182e-09
8.690081449588239e-03,1.364959097025716e-09
8.817876765023359e-03,1.362274249576662e-09
8.945672080458482e-03,1.359631019375533e-09
9.073467395893601e-03,1.357028244959765e-09
9.201262711328723e-03,1.354464812995286e-09
9.329058026763846e-03,1.351939610148026e-09
9.456853342198965e-03,1.349451523083916e-09
9.584648657634087e-03,1.346999467379682e-09
9.712443973069206e-03,1.344582474254310e-09
9.840239288504329e-03,1.342199603837120e-09
9.968034603939451e-03,1.339849916257430e-09
1.009582991937457e-02,1.337532471644559e-09
1.022362523480969e-02,1.335246371640651e-09
1.035142055024482e-02,1.332990883939476e-09
1.047921586567993e-02,1.330765317747783e-09
1.060701118111506e-02,1.328568982272325e-09
1.073480649655018e-02,1.326401186719853e-09
1.086260181198530e-02,1.324261240297117e-09
1.099039712742042e-02,1.322148452210871e-09
1.111819244285554e-02,1.320062131667863e-09
1.124598775829066e-02,1.318001587874848e-09
1.137378307372578e-02,1.315966130038574e-09
1.150157838916090e-02,1.313955102648981e-09
1.162937370459603e-02,1.311967991318568e-09
1.175716902003114e-02,1.310004316937930e-09
1.188496433546627e-02,1.308063600397662e-09
1.201275965090139e-02,1.306145362588357e-09
1.214055496633651e-02,1.304249124400611e-09
1.226835028177163e-02,1.302374406725019e-09
1.239614559720675e-02,1.300520730452175e-09
1.252394091264187e-02,1.298687616472674e-09
1.265173622807700e-02,1.296874585677110e-09
1.277953154351211e-02,1.295081179744345e-09
1.290732685894724e-02,1.293307023513668e-09
1.303512217438236e-02,1.291551762616317e-09
1.316291748981748e-02,1.289815042683530e-09
1.329071280525260e-02,1.288096509346544e-09
1.341850812068772e-02,1.286395808236598e-09
1.354630343612284e-02,1.284712584984927e-09
1.367409875155796e-02,1.283046485222772e-09
1.380189406699308e-02,1.281397154581368e-09
1.392968938242821e-02,1.279764238691955e-09
1.405748469786333e-02,1.278147397810945e-09
1.418528001329845e-02,1.276546350696307e-09
1.431307532873357e-02,1.274960830731608e-09
1.444087064416869e-02,1.273390571300415e-09
1.456866595960381e-02,1.271835305786297e-09
1.469646127503893e-02,1.270294767572821e-09
1.482425659047405e-02,1.268768690043555e-09
1.495205190590917e-02,1.267256806582066e-09
1.507984722134430e-02,1.265758850571923e-09
1.520764253677942e-02,1.264274555396693e-09
1.533543785221454e-02,1.262803664512453e-09
1.546323316764966e-02,1.261345961662924e-09
1.559102848308478e-02,1.259901240663135e-09
1.571882379851990e-02,1.258469295328117e-09
1.584661911395502e-02,1.257049919472899e-09
1.597441442939014e-02,1.255642906912510e-09
1.610220974482527e-02,1.254248051461982e-09
1.623000506026039e-02,1.252865146936344e-09
1.635780037569551e-02,1.251493987150627e-09
1.648559569113063e-02,1.250134365919859e-09
1.661339100656575e-02,1.248786084351227e-09
1.674118632200087e-02,1.247448972723490e-09
1.686898163743599e-02,1.246122868609036e-09
1.699677695287111e-02,1.244807609580257e-09
1.712457226830624e-02,1.243503033209542e-09
1.725236758374135e-02,1.242208977069279e-09
1.738016289917648e-02,1.240925278731861e-09
1.750795821461160e-02,1.239651775769675e-09
1.763575353004672e-02,1.238388305755112e-09
1.776354884548184e-02,1.237134706260561e-09
1.789134416091696e-02,1.235890820225661e-09
1.801913947635208e-02,1.234656512059626e-09
1.814693479178720e-02,1.233431651539210e-09
1.827473010722232e-02,1.232216108441166e-09
1.840252542265745e-02,1.231009752542247e-09
1.853032073809257e-02,1.229812453619208e-09
1.865811605352769e-02,1.228624081448803e-09
1.878591136896281e-02,1.227444505807784e-09
1.891370668439793e-02,1.226273596472905e-09
1.904150199983305e-02,1.225111223220920e-09
1.916929731526817e-02,1.223957259875053e-09
1.929709263070329e-02,1.222811596443646e-09
1.942488794613842e-02,1.221674126981132e-09
1.955268326157353e-02,1.220544745541943e-09
1.968047857700866e-02,1.219423346180513e-09
1.980827389244378e-02,1.218309822951275e-09
1.993606920787890e-02,1.217204069908660e-09
2.006386452331402e-02,1.216105981107102e-09
2.019165983874914e-02,1.215015450601033e-09
2.031945515418426e-02,1.213932372444887e-09
2.044725046961939e-02,1.212856643795834e-09
2.057504578505450e-02,1.211788174223414e-09
2.070284110048963e-02,1.210726876400611e-09
2.083063641592475e-02,1.209672663000410e-09
2.095843173135987e-02,1.208625446695794e-09
2.108622704679499e-02,1.207585140159747e-09
2.121402236223011e-02,1.206551656065254e-09
2.134181767766523e-02,1.205524907085298e-09
2.146961299310035e-02,1.204504805892864e-09
2.159740830853547e-02,1.203491265160937e-09
2.172520362397060e-02,1.202484199982537e-09
2.185299893940572e-02,1.201483535131231e-09
2.198079425484084e-02,1.200489197800811e-09
2.210858957027596e-02,1.199501115185072e-09
2.223638488571108e-02,1.198519214477809e-09
2.236418020114620e-02,1.197543422872816e-09
2.249197551658132e-02,1.196573667563888e-09
2.261977083201644e-02,1.195609875744819e-09
2.274756614745157e-02,1.194651974609403e-09
2.287536146288669e-02,1.193699891351436e-09
2.300315677832181e-02,1.192753555078734e-09
2.313095209375693e-02,1.191812902554941e-09
2.325874740919205e-02,1.190877872457596e-09
2.338654272462717e-02,1.189948403464232e-09
2.351433804006229e-02,1.189024434252386e-09
2.364213335549741e-02,1.188105903499594e-09
2.376992867093253e-02,1.187192749883393e-09
2.389772398636766e-02,1.186284912081318e-09
2.402551930180278e-02,1.185382328770905e-09
2.415331461723790e-02,1.184484938629691e-09
2.428110993267302e-02,1.183592681868781e-09
2.440890524810814e-02,1.182705504832893e-09
2.453670056354326e-02,1.181823355399985e-09
2.466449587897838e-02,1.180946181448011e-09
2.479229119441350e-02,1.180073930854929e-09
2.492008650984863e-02,1.179206551498695e-09
2.504788182528375e-02,1.178343991257263e-09
2.517567714071887e-02,1.177486198008592e-09
2.530347245615399e-02,1.176633119630636e-09
2.543126777158911e-02,1.175784704001352e-09
2.555906308702423e-02,1.174940900242283e-09
2.568685840245935e-02,1.174101662449574e-09
2.581465371789447e-02,1.173266945963089e-09
2.594244903332960e-02,1.172436706122691e-09
2.607024434876471e-02,1.171610898268242e-09
2.619803966419984e-02,1.170789477739606e-09
2.632583497963496e-02,1.169972399876646e-09
2.645363029507008e-02,1.169159620019225e-09
2.658142561050520e-02,1.168351093507204e-09
2.670922092594032e-02,1.167546775680449e-09
2.683701624137544e-02,1.166746622896559e-09
2.696481155681056e-02,1.165950595583999e-09
2.709260687224568e-02,1.165158655188927e-09
2.722040218768081e-02,1.164370763157501e-09
2.734819750311593e-02,1.163586880935880e-09
2.747599281855105e-02,1.162806969970221e-09
2.760378813398617e-02,1.162030991706684e-09
2.773158344942129e-02,1.161258907591426e-09
2.785937876485641e-02,1.160490679070606e-09
2.798717408029153e-02,1.159726267590380e-09
2.811496939572665e-02,1.158965635439269e-09
2.824276471116178e-02,1.158208748274901e-09
2.837056002659689e-02,1.157455572597106e-09
2.849835534203202e-02,1.156706074905714e-09
2.862615065746714e-02,1.155960221700553e-09
2.875394597290226e-02,1.155217979481453e-09
2.888174128833738e-02,1.154479314748242e-09
2.900953660377250e-02,1.153744194000750e-09
2.913733191920762e-02,1.153012583738805e-09
2.926512723464274e-02,1.152284450462237e-09
2.939292255007787e-02,1.151559761373022e-09
2.952071786551299e-02,1.150838486481917e-09
2.964851318094811e-02,1.150120596501915e-09
2.977630849638323e-02,1.149406062146009e-09
2.990410381181835e-02,1.148694854127195e-09
3.003189912725347e-02,1.147986943158466e-09
3.015969444268859e-02,1.147282299952817e-09
3.028748975812371e-02,1.146580895223242e-09
3.041528507355883e-02,1.145882699682735e-09
3.054308038899396e-02,1.145187684044291e-09
3.067087570442908e-02,1.144495819610987e-09
3.079867101986420e-02,1.143807080046217e-09
3.092646633529932e-02,1.143121439603448e-09
3.105426165073444e-02,1.142438872536146e-09
3.118205696616956e-02,1.141759353097778e-09
3.130985228160468e-02,1.141082855541809e-09
3.143764759703981e-02,1.140409354121707e-09
3.156544291247493e-02,1.139738823090939e-09
3.169323822791005e-02,1.139071236702971e-09
3.182103354334517e-02,1.138406569211269e-09
3.194882885878029e-02,1.137744795368703e-09
3.207662417421541e-02,1.137085891925589e-09
3.220441948965053e-02,1.136429836131560e-09
3.233221480508566e-02,1.135776605236253e-09
3.246001012052077e-02,1.135126176489303e-09
3.258780543595589e-02,1.134478527140345e-09
3.271560075139102e-02,1.133833634439013e-09
3.284339606682614e-02,1.133191475634943e-09
3.297119138226126e-02,1.132552027977771e-09
3.309898669769638e-02,1.131915268717131e-09
3.322678201313150e-02,1.131281175527789e-09
3.335457732856662e-02,1.130649727785172e-09
3.348237264400174e-02,1.130020905289901e-09
3.361016795943687e-02,1.129394687842598e-09
3.373796327487198e-02,1.128771055243886e-09
3.386575859030710e-02,1.128149987294387e-09
3.399355390574223e-02,1.127531463794723e-09
3.412134922117735e-02,1.126915464545517e-09
3.424914453661247e-02,1.126301969347392e-09
3.437693985204759e-02,1.125690958000969e-09
3.450473516748271e-02,1.125082410671135e-09
3.463253048291783e-02,1.124476308979843e-09
3.476032579835295e-02,1.123872634913309e-09
3.488812111378808e-02,1.123271370457753e-09
3.501591642922319e-02,1.122672497599393e-09
3.514371174465832e-02,1.122075998324447e-09
3.527150706009344e-02,1.121481854619134e-09
3.539930237552856e-02,1.120890048469673e-09
3.552709769096368e-02,1.120300561862281e-09
3.565489300639881e-02,1.119713376783177e-09
3.578268832183392e-02,1.119128475532436e-09
3.591048363726904e-02,1.118545841665472e-09
3.603827895270417e-02,1.117965459051511e-09
3.616607426813929e-02,1.117387311559777e-09
3.629386958357441e-02,1.116811383059497e-09
3.642166489900953e-02,1.116237657419898e-09
3.654946021444465e-02,1.115666118510203e-09
3.667725552987977e-02,1.115096750199640e-09
3.680505084531489e-02,1.114529536357434e-09
3.693284616075002e-02,1.113964460852810e-09
3.706064147618514e-02,1.113401507826237e-09
3.718843679162025e-02,1.112840662503251e-09
3.731623210705538e-02,1.112281910380677e-09
3.744402742249050e-02,1.111725236955344e-09
3.757182273792562e-02,1.111170627724077e-09
3.769961805336074e-02,1.110618068183702e-09
3.782741336879586e-02,1.110067543831047e-09
3.795520868423098e-02,1.109519040162939e-09
3.808300399966610e-02,1.108972542676204e-09
3.821079931510123e-02,1.108428036867668e-09
3.833859463053635e-02,1.107885508470643e-09
3.846638994597146e-02,1.107344944164390e-09
3.859418526140659e-02,1.106806330864661e-09
3.872198057684171e-02,1.106269655487211e-09
3.884977589227683e-02,1.105734904947792e-09
3.897757120771195e-02,1.105202066162158e-09
3.910536652314707e-02,1.104671126046061e-09
3.923316183858219e-02,1.104142071515254e-09
3.936095715401731e-02,1.103614889485491e-09
3.948875246945244e-02,1.103089566872525e-09
3.961654778488756e-02,1.102566090798702e-09
3.974434310032268e-02,1.102044449212694e-09
3.987213841575780e-02,1.101524630269743e-09
3.999993373119292e-02,1.101006622125089e-09
4.012772904662804e-02,1.100490412933974e-09
4.025552436206317e-02,1.099975990851639e-09
4.038331967749829e-02,1.099463344033326e-09
4.051111499293340e-02,1.098952460634276e-09
4.063891030836853e-02,1.098443328809730e-09
4.076670562380365e-02,1.097935936714929e-09
4.089450093923877e-02,1.097430272686565e-09
4.102229625467389e-02,1.096926325787201e-09
4.115009157010902e-02,1.096424085260889e-09
4.127788688554413e-02,1.095923540351679e-09
4.140568220097925e-02,1.095424680303622e-09
4.153347751641438e-02,1.094927494360771e-09
4.166127283184950e-02,1.094431971767175e-09
4.178906814728462e-02,1.093938101766886e-09
4.191686346271974e-02,1.093445873603954e-09
4.204465877815486e-02,1.092955276522432e-09
4.217245409358998e-02,1.092466299926437e-09
4.230024940902510e-02,1.091978933860376e-09
4.242804472446023e-02,1.091493168528732e-09
4.255584003989534e-02,1.091008994135988e-09
4.268363535533046e-02,1.090526400886628e-09
4.281143067076559e-02,1.090045378985134e-09
4.293922598620071e-02,1.089565918635991e-09
4.306702130163583e-02,1.089088010043680e-09
4.319481661707095e-02,1.088611643412687e-09
4.332261193250607e-02,1.088136808947492e-09
4.345040724794119e-02,1.087663496994363e-09
4.357820256337631e-02,1.087191698466667e-09
4.370599787881144e-02,1.086721404419545e-09
4.383379319424656e-02,1.086252605908133e-09
4.396158850968167e-02,1.085785293987572e-09
4.408938382511680e-02,1.085319459712999e-09
4.421717914055192e-02,1.084855094139553e-09
4.434497445598704e-02,1.084392188322372e-09
4.447276977142216e-02,1.083930733316595e-09
4.460056508685728e-02,1.083470720177361e-09
4.472836040229240e-02,1.083012140085759e-09
4.485615571772752e-02,1.082554984726739e-09
4.498395103316265e-02,1.082099245911229e-09
4.511174634859777e-02,1.081644915450161e-09
4.523954166403289e-02,1.081191985154464e-09
4.536733697946801e-02,1.080740446835066e-09
4.549513229490313e-02,1.080290292302899e-09
4.562292761033825e-02,1.079841513368891e-09
4.575072292577338e-02,1.079394101843973e-09
4.587851824120850e-02,1.078948049539073e-09
4.600631355664361e-02,1.078503348377578e-09
4.613410887207874e-02,1.078059990732722e-09
4.626190418751386e-02,1.077617969090203e-09
4.638969950294898e-02,1.077177275935721e-09
4.651749481838410e-02,1.076737903754974e-09
4.664529013381922e-02,1.076299845033662e-09
4.677308544925434e-02,1.075863092257485e-09
4.690088076468946e-02,1.075427637912140e-09
4.702867608012459e-02,1.074993474483328e-09
4.715647139555971e-02,1.074560594456748e-09
4.728426671099482e-02,1.074128990417960e-09
4.741206202642995e-02,1.073698655351966e-09
4.753985734186507e-02,1.073269582343620e-09
4.766765265730019e-02,1.072841764477779e-09
4.779544797273531e-02,1.072415194839297e-09
4.792324328817044e-02,1.071989866513032e-09
4.805103860360555e-02,1.071565772583838e-09
4.817883391904067e-02,1.071142906136571e-09
4.830662923447580e-02,1.070721260256088e-09
4.843442454991092e-02,1.070300828027243e-09
4.856221986534604e-02,1.069881602627237e-09
4.869001518078116e-02,1.069463577602610e-09
4.881781049621628e-02,1.069046746592226e-09
4.894560581165140e-02,1.068631103234950e-09
4.907340112708652e-02,1.068216641169644e-09
4.920119644252165e-02,1.067803354035176e-09
4.932899175795677e-02,1.067391235470407e-09
4.945678707339188e-02,1.066980279114204e-09
4.958458238882701e-02,1.066570478605430e-09
4.971237770426213e-02,1.066161827582949e-09
4.984017301969725e-02,1.065754319749660e-09
4.996796833513237e-02,1.065347949064609e-09
5.000000000000000e-02,1.065246270516444e-09
5.009576365056749e-02,1.064942709558700e-09
5.022355896600261e-02,1.064538595331021e-09
5.035135428143774e-02,1.064135600515834e-09
5.047914959687286e-02,1.063733719247691e-09
5.060694491230798e-02,1.063332945661145e-09
5.073474022774310e-02,1.062933273890748e-09
5.086253554317822e-02,1.062534698071054e-09
5.099033085861334e-02,1.062137212336615e-09
5.111812617404846e-02,1.061740810890440e-09
5.124592148948359e-02,1.061345488209351e-09
5.137371680491870e-02,1.060951238838625e-09
5.150151212035382e-02,1.060558057323538e-09
5.162930743578895e-02,1.060165938209366e-09
5.175710275122407e-02,1.059774876041385e-09
5.188489806665919e-02,1.059384865364871e-09
5.201269338209431e-02,1.058995900725100e-09
5.214048869752943e-02,1.058607976667348e-09
5.226828401296455e-02,1.058221087736892e-09
5.239607932839967e-02,1.057835228546059e-09
5.252387464383480e-02,1.057450393975365e-09
5.265166995926992e-02,1.057066578972366e-09
5.277946527470503e-02,1.056683778484615e-09
5.290726059014016e-02,1.056301987459669e-09
5.303505590557528e-02,1.055921200845082e-09
5.316285122101040e-02,1.055541413588410e-09
5.329064653644552e-02,1.055162620637207e-09
5.341844185188065e-02,1.054784816939029e-09
5.354623716731576e-02,1.054407997441432e-09
5.367403248275088e-02,1.054032157151296e-09
5.380182779818601e-02,1.053657291312832e-09
5.392962311362113e-02,1.053283395229582e-09
5.405741842905625e-02,1.052910464205090e-09
5.418521374449137e-02,1.052538493542900e-09
5.431300905992649e-02,1.052167478546556e-09
5.444080437536161e-02,1.051797414519601e-09
5.456859969079673e-02,1.051428296765579e-09
5.469639500623186e-02,1.051060120588034e-09
5.482419032166697e-02,1.050692881290508e-09
5.495198563710210e-02,1.050326574230792e-09
5.507978095253722e-02,1.049961194983646e-09
5.520757626797234e-02,1.049596739178079e-09
5.533537158340746e-02,1.049233202443095e-09
5.546316689884258e-02,1.048870580407702e-09
5.559096221427770e-02,1.048508868700907e-09
5.571875752971282e-02,1.048148062951715e-09
5.584655284514795e-02,1.047788158789133e-09
5.597434816058307e-02,1.047429151842168e-09
5.610214347601819e-02,1.047071037739826e-09
5.622993879145331e-02,1.046713812160416e-09
5.635773410688843e-02,1.046357470979442e-09
5.648552942232355e-02,1.046002010121702e-09
5.661332473775867e-02,1.045647425511995e-09
5.674112005319380e-02,1.045293713075119e-09
5.686891536862891e-02,1.044940868735872e-09
5.699671068406403e-02,1.044588888419052e-09
5.712450599949916e-02,1.044237768049457e-09
5.725230131493428e-02,1.043887503551886e-09
5.738009663036940e-02,1.043538090851138e-09
5.750789194580452e-02,1.043189525917032e-09
5.763568726123964e-02,1.042841804899488e-09
5.776348257667476e-02,1.042494923993457e-09
5.789127789210988e-02,1.042148879393887e-09
5.801907320754501e-02,1.041803667295728e-09
5.814686852298013e-02,1.041459283893930e-09
5.827466383841524e-02,1.041115725383442e-09
5.840245915385037e-02,1.040772987959213e-09
5.853025446928549e-02,1.040431067816194e-09
5.865804978472061e-02,1.040089961149333e-09
5.878584510015573e-02,1.039749664194766e-09
5.891364041559085e-02,1.039410173353377e-09
5.904143573102597e-02,1.039071485067236e-09
5.916923104646109e-02,1.038733595778415e-09
5.929702636189622e-02,1.038396501928983e-09
5.942482167733134e-02,1.038060199961011e-09
5.955261699276646e-02,1.037724686316568e-09
5.968041230820158e-02,1.037389957437727e-09
5.980820762363670e-02,1.037056009766558e-09
5.993600293907182e-02,1.036722839745129e-09
6.006379825450694e-02,1.036390443853267e-09
6.019159356994207e-02,1.036058818721798e-09
6.031938888537718e-02,1.035727961019297e-09
6.044718420081231e-02,1.035397867414340e-09
6.057497951624743e-02,1.035068534575503e-09
6.070277483168255e-02,1.034739959171360e-09
6.083057014711767e-02,1.034412137870488e-09
6.095836546255279e-02,1.034085067341461e-09
6.108616077798791e-02,1.033758744252857e-09
6.121395609342303e-02,1.033433165273249e-09
6.134175140885816e-02,1.033108327105862e-09
6.146954672429328e-02,1.032784226592530e-09
6.159734203972840e-02,1.032460860609742e-09
6.172513735516352e-02,1.032138226033986e-09
6.185293267059864e-02,1.031816319741751e-09
6.198072798603376e-02,1.031495138609525e-09
6.210852330146888e-02,1.031174679513798e-09
6.223631861690401e-02,1.030854939331058e-09
6.236411393233912e-02,1.030535914937795e-09
6.249190924777424e-02,1.030217603210495e-09
6.261970456320937e-02,1.029900001057511e-09
6.274749987864449e-02,1.029583105514644e-09
6.287529519407961e-02,1.029266913649557e-09
6.300309050951473e-02,1.028951422529914e-09
6.313088582494986e-02,1.028636629223380e-09
6.325868114038498e-02,1.028322530797619e-09
6.338647645582010e-02,1.028009124320294e-09
6.351427177125522e-02,1.027696406859070e-09
6.364206708669033e-02,1.027384375481610e-09
6.376986240212545e-02,1.027073027255580e-09
6.389765771756058e-02,1.026762359277920e-09
6.402545303299570e-02,1.026452368762677e-09
6.415324834843082e-02,1.026143052953171e-09
6.428104366386594e-02,1.025834409092724e-09
6.440883897930107e-02,1.025526434424656e-09
6.453663429473619e-02,1.025219126192288e-09
6.466442961017131e-02,1.024912481638940e-09
6.479222492560642e-02,1.024606498007934e-09
6.492002024104154e-02,1.024301172542589e-09
6.504781555647667e-02,1.023996502486227e-09
6.517561087191179e-02,1.023692485109218e-09
6.530340618734691e-02,1.023389117790149e-09
6.543120150278203e-02,1.023086397934658e-09
6.555899681821716e-02,1.022784322948387e-09
6.568679213365228e-02,1.022482890236976e-09
6.581458744908740e-02,1.022182097206066e-09
6.594238276452252e-02,1.021881941261298e-09
6.607017807995763e-02,1.021582419808312e-09
6.619797339539275e-02,1.021283530252750e-09
6.632576871082788e-02,1.020985270000251e-09
6.645356402626300e-02,1.020687636481433e-09
6.658135934169812e-02,1.020390627226822e-09
6.670915465713324e-02,1.020094239791923e-09
6.683694997256837e-02,1.019798471732240e-09
6.696474528800349e-02,1.019503320603278e-09
6.709254060343861e-02,1.019208783960540e-09
6.722033591887373e-02,1.018914859359533e-09
6.734813123430886e-02,1.018621544355759e-09
6.747592654974396e-02,1.018328836504723e-09
6.760372186517909e-02,1.018036733361931e-09
6.773151718061421e-02,1.017745232505763e-09
6.785931249604933e-02,1.017454331606106e-09
6.798710781148445e-02,1.017164028355722e-09
6.811490312691958e-02,1.016874320447373e-09
6.824269844235470e-02,1.016585205573821e-09
6.837049375778982e-02,1.016296681427827e-09
6.849828907322494e-02,1.016008745702155e-09
6.862608438866007e-02,1.015721396089564e-09
6.875387970409517e-02,1.015434630282818e-09
6.888167501953030e-02,1.015148445974678e-09
6.900947033496542e-02,1.014862840879695e-09
6.913726565040054e-02,1.014577812799581e-09
6.926506096583566e-02,1.014293359557844e-09
6.939285628127079e-02,1.014009478977991e-09
6.952065159670591e-02,1.013726168883528e-09
6.964844691214103e-02,1.013443427097962e-09
6.977624222757615e-02,1.013161251444800e-09
6.990403754301128e-02,1.012879639747549e-09
7.003183285844640e-02,1.012598589829715e-09
7.015962817388151e-02,1.012318099514806e-09
7.028742348931663e-02,1.012038166644501e-09
7.041521880475175e-02,1.011758789133178e-09
7.054301412018688e-02,1.011479964913389e-09
7.067080943562200e-02,1.011201691917685e-09
7.079860475105712e-02,1.010923968078619e-09
7.092640006649224e-02,1.010646791328742e-09
7.105419538192737e-02,1.010370159600606e-09
7.118199069736249e-02,1.010094070826763e-09
7.130978601279761e-02,1.009818522939766e-09
7.152277820518949e-02,1.009360472816913e-09
7.173577039758135e-02,1.008903909963383e-09
7.194876258997322e-02,1.008448825409141e-09
7.216175478236508e-02,1.007995210304451e-09
7.237474697475696e-02,1.007543055799578e-09
7.258773916714882e-02,1.007092353044787e-09
7.280073135954070e-02,1.006643093190343e-09
7.301372355193256e-02,1.006195267386511e-09
7.322671574432443e-02,1.005748866783554e-09
7.343970793671629e-02,1.005303882531740e-09
7.365270012910817e-02,1.004860305781331e-09
7.386569232150003e-02,1.004418127812618e-09
7.407868451389191e-02,1.003977340425988e-09
7.429167670628377e-02,1.003537935551853e-09
7.450466889867564e-02,1.003099905120623e-09
7.471766109106751e-02,1.002663241062712e-09
7.493065328345938e-02,1.002227935308530e-09
7.514364547585124e-02,1.001793979788490e-09
7.535663766824312e-02,1.001361366433001e-09
7.556962986063498e-02,1.000930087172477e-09
7.578262205302685e-02,1.000500133937329e-09
7.599561424541872e-02,1.000071498768675e-09
7.620860643781059e-02,9.996441741504474e-10
7.642159863020245e-02,9.992181526772780e-10
7.663459082259433e-02,9.987934269437995e-10
7.684758301498619e-02,9.983699895446444e-10
7.706057520737807e-02,9.979478330744447e-10
7.727356739976993e-02,9.975269501278331e-10
7.748655959216180e-02,9.971073332994415e-10
7.769955178455366e-02,9.966889751839026e-10
7.791254397694554e-02,9.962718683758486e-10
7.812553616933740e-02,9.958560055701708e-10
7.833852836172928e-02,9.954413798627726e-10
7.855152055412114e-02,9.950279844498062e-10
7.876451274651301e-02,9.946158125274226e-10
7.897750493890487e-02,9.942048572917733e-10
7.919049713129675e-02,9.937951119390099e-10
7.940348932368861e-02,9.933865696652839e-10
7.961648151608049e-02,9.929792236667465e-10
7.982947370847235e-02,9.925730671395495e-10
8.004246590086422e-02,9.921680932798442e-10
8.025545809325609e-02,9.917642953730730e-10
8.046845028564796e-02,9.913616670618621e-10
8.068144247803982e-02,9.909602020781390e-10
8.089443467043170e-02,9.905598941538312e-10
8.110742686282357e-02,9.901607370208660e-10
8.132041905521543e-02,9.897627244111712e-10
8.153341124760730e-02,9.893658500566741e-10
8.174640343999917e-02,9.889701076893020e-10
8.195939563239105e-02,9.885754910409825e-10
8.217238782478291e-02,9.881819938436432e-10
8.238538001717477e-02,9.877896099093665e-10
8.259837220956665e-02,9.873983333708662e-10
8.281136440195852e-02,9.870081584410158e-10
8.302435659435038e-02,9.866190793326889e-10
8.323734878674224e-02,9.862310902587594e-10
8.345034097913412e-02,9.858441854321007e-10
8.366333317152599e-02,9.854583590655868e-10
8.387632536391786e-02,9.850736053720909e-10
8.408931755630973e-02,9.846899185644871e-10
8.430230974870159e-02,9.843072928556490e-10
8.451530194109347e-02,9.839257225305946e-10
8.472829413348533e-02,9.835452021629227e-10
8.494128632587720e-02,9.831657263983769e-10
8.515427851826907e-02,9.827872898827010e-10
8.536727071066094e-02,9.824098872616389e-10
8.558026290305280e-02,9.820335131809341e-10
8.579325509544468e-02,9.816581622863303e-10
8.600624728783654e-02,9.812838292235713e-10
8.621923948022842e-02,9.809105086384008e-10
8.643223167262028e-02,9.805381951765625e-10
8.664522386501215e-02,9.801668835489648e-10
8.685821605740401e-02,9.797965687271693e-10
8.707120824979589e-02,9.794272457478991e-10
8.728420044218775e-02,9.790589096478777e-10
8.749719263457963e-02,9.786915554638277e-10
8.771018482697149e-02,9.783251782324731e-10
8.792317701936336e-02,9.779597729905363e-10
8.813616921175522e-02,9.775953347747405e-10
8.834916140414710e-02,9.772318586218095e-10
8.856215359653896e-02,9.768693395684660e-10
8.877514578893084e-02,9.765077727106599e-10
8.898813798132270e-02,9.761471533812349e-10
8.920113017371457e-02,9.757874769722556e-10
8.941412236610644e-02,9.754287388757863e-10
8.962711455849831e-02,9.750709344838916e-10
8.984010675089017e-02,9.747140591886354e-10
9.005309894328205e-02,9.743581083820827e-10
9.026609113567391e-02,9.740030774562974e-10
9.047908332806578e-02,9.736489618033443e-10
9.069207552045766e-02,9.732957568152877e-10
9.090506771284952e-02,9.729434579379993e-10
9.111805990524138e-02,9.725920608325922e-10
9.133105209763326e-02,9.722415612139943e-10
9.154404429002513e-02,9.718919547971329e-10
9.175703648241700e-02,9.715432372969360e-10
9.197002867480886e-02,9.711954044283307e-10
9.218302086720073e-02,9.708484519062447e-10
9.239601305959261e-02,9.705023754456058e-10
9.260900525198447e-02,9.701571707613409e-10
9.282199744437633e-02,9.698128335683781e-10
9.303498963676821e-02,9.694693596304897e-10
9.324798182916008e-02,9.691267449068355e-10
9.346097402155194e-02,9.687849854054238e-10
9.367396621394380e-02,9.684440771342627e-10
9.388695840633568e-02,9.681040161013608e-10
9.409995059872756e-02,9.677647983147259e-10
9.431294279111942e-02,9.674264197823667e-10
9.452593498351128e-02,9.670888765122912e-10
9.473892717590315e-02,9.667521645125077e-10
9.495191936829503e-02,9.664162797910246e-10
9.516491156068689e-02,9.660812184003207e-10
9.537790375307875e-02,9.657469765707601e-10
9.559089594547063e-02,9.654135505771781e-10
9.580388813786250e-02,9.650809366944101e-10
9.601688033025436e-02,9.647491311972917e-10
9.622987252264624e-02,9.644181303606580e-10
9.644286471503810e-02,9.640879304593448e-10
9.665585690742998e-02,9.637585277681871e-10
9.686884909982184e-02,9.634299185620209e-10
9.708184129221371e-02,9.631020991156812e-10
9.729483348460558e-02,9.627750657446051e-10
9.750782567699745e-02,9.624488149266354e-10
9.772081786938931e-02,9.621233431802139e-10
9.793381006178119e-02,9.617986470237836e-10
9.814680225417305e-02,9.614747229757869e-10
9.835979444656492e-02,9.611515675546660e-10
9.857278663895679e-02,9.608291772788640e-10
9.878577883134866e-02,9.605075486668229e-10
9.899877102374052e-02,9.601866782369854e-10
9.921176321613240e-02,9.598665625077942e-10
9.942475540852426e-02,9.595471980347829e-10
9.963774760091614e-02,9.592285815218441e-10
9.985073979330800e-02,9.589107097099588e-10
1.000637319857000e-01,9.585935793401071e-10
1.002767241780920e-01,9.582771871532699e-10
1.004897163704840e-01,9.579615298904278e-10
1.007027085628750e-01,9.576466042925631e-10
1.009157007552670e-01,9.573324071006534e-10
1.011286929476590e-01,9.570189350556808e-10
1.013416851400510e-01,9.567061848986259e-10
1.015546773324430e-01,9.563941534045078e-10
1.017676695248350e-01,9.560828374845269e-10
1.019806617172270e-01,9.557722340839364e-10
1.021936539096190e-01,9.554623401479897e-10
1.024066461020100e-01,9.551531526219410e-10
1.026196382944020e-01,9.548446684510411e-10
1.028326304867940e-01,9.545368845805441e-10
1.030456226791860e-01,9.542297979557038e-10
1.032586148715780e-01,9.539234055217728e-10
1.034716070639700e-01,9.536177042240046e-10
1.036845992563620e-01,9.533126910390086e-10
1.038975914487540e-01,9.530083630688071e-10
1.041105836411450e-01,9.527047174467738e-10
1.043235758335370e-01,9.524017513062783e-10
1.045365680259290e-01,9.520994617806940e-10
1.047495602183210e-01,9.517978460033938e-10
1.049625524107130e-01,9.514969011077496e-10
1.051755446031050e-01,9.511966242271341e-10
1.053885367954970e-01,9.508970124949194e-10
1.056015289878880e-01,9.505980630444792e-10
1.058145211802800e-01,9.502997730380949e-10
1.060275133726720e-01,9.500021397536510e-10
1.062405055650640e-01,9.497051604979186e-10
1.064534977574560e-01,9.494088325776696e-10
1.066664899498480e-01,9.491131532996752e-10
1.068794821422400e-01,9.488181199707066e-10
1.070924743346320e-01,9.485237298975349e-10
1.073054665270230e-01,9.482299803869330e-10
1.075184587194150e-01,9.479368687456696e-10
1.077314509118070e-01,9.476443922805173e-10
1.079444431041990e-01,9.473525483248546e-10
1.081574352965910e-01,9.470613343185613e-10
1.083704274889830e-01,9.467707477281611e-10
1.085834196813750e-01,9.464807860201781e-10
1.087964118737660e-01,9.461914466611376e-10
1.090094040661580e-01,9.459027271175605e-10
1.092223962585500e-01,9.456146248559720e-10
1.094353884509420e-01,9.453271373428959e-10
1.096483806433340e-01,9.450402620448562e-10
1.098613728357260e-01,9.447539964283767e-10
1.100743650281180e-01,9.444683379844985e-10
1.102873572205100e-01,9.441832843023695e-10
1.105003494129010e-01,9.438988329956753e-10
1.107133416052930e-01,9.436149816780970e-10
1.109263337976850e-01,9.433317279633202e-10
1.111393259900770e-01,9.430490694650292e-10
1.113523181824690e-01,9.427670037969074e-10
1.115653103748610e-01,9.424855285726395e-10
1.117783025672530e-01,9.422046414059092e-10
1.119912947596450e-01,9.419243399104007e-10
1.122042869520360e-01,9.416446217224183e-10
1.124172791444280e-01,9.413654845687455e-10
1.126302713368200e-01,9.410869261987921e-10
1.128432635292120e-01,9.408089443619668e-10
1.130562557216040e-01,9.405315368076779e-10
1.132692479139960e-01,9.402547012853334e-10
1.134822401063880e-01,9.399784355443424e-10
1.136952322987790e-01,9.397027373341143e-10
1.139082244911710e-01,9.394276044040552e-10
1.141212166835630e-01,9.391530345035746e-10
1.143342088759550e-01,9.388790254030163e-10
1.145472010683470e-01,9.386055749564441e-10
1.147601932607390e-01,9.383326810388472e-10
1.149731854531310e-01,9.380603415252146e-10
1.151861776455230e-01,9.377885542905357e-10
1.153991698379140e-01,9.375173172098008e-10
1.156121620303060e-01,9.372466281579965e-10
1.158251542226980e-01,9.369764850101133e-10
1.160381464150900e-01,9.367068856411401e-10
1.162511386074820e-01,9.364378279260665e-10
1.164641307998740e-01,9.361693097593361e-10
1.166771229922660e-01,9.359013291131676e-10
1.168901151846570e-01,9.356338839792155e-10
1.171031073770490e-01,9.353669723491297e-10
1.173160995694410e-01,9.351005922145637e-10
1.175290917618330e-01,9.348347415671706e-10
1.177420839542250e-01,9.345694183986026e-10
1.179550761466170e-01,9.343046207005127e-10
1.181680683390090e-01,9.340403464645533e-10
1.183810605314010e-01,9.337765936823769e-10
1.185940527237920e-01,9.335133603637141e-10
1.188070449161840e-01,9.332506445906402e-10
1.190200371085760e-01,9.329884444633305e-10
1.192330293009680e-01,9.327267580819590e-10
1.194460214933600e-01,9.324655835467006e-10
1.196590136857520e-01,9.322049189577292e-10
1.198720058781440e-01,9.319447624152192e-10
1.200849980705360e-01,9.316851120193448e-10
1.202979902629270e-01,9.314259658702818e-10
1.205109824553190e-01,9.311673220682019e-10
1.207239746477110e-01,9.309091787301289e-10
1.209369668401030e-01,9.306515340404952e-10
1.211499590324950e-01,9.303943862005901e-10
1.213629512248870e-01,9.301377334117030e-10
1.215759434172790e-01,9.298815738751224e-10
1.217889356096700e-01,9.296259057921394e-10
1.220019278020620e-01,9.293707273640401e-10
1.222149199944540e-01,9.291160367921150e-10
1.224279121868460e-01,9.288618322776537e-10
1.226409043792380e-01,9.286081120219447e-10
1.228538965716300e-01,9.283548742420170e-10
1.230668887640220e-01,9.281021172178532e-10
1.232798809564140e-01,9.278498392451730e-10
1.234928731488050e-01,9.275980386196976e-10
1.237058653411970e-01,9.273467136371450e-10
1.239188575335890e-01,9.270958625932361e-10
1.241318497259810e-01,9.268454837836911e-10
1.243448419183730e-01,9.265955755042299e-10
1.245578341107650e-01,9.263461360505724e-10
1.247708263031570e-01,9.260971637184390e-10
1.249838184955480e-01,9.258486568181011e-10
1.251968106879400e-01,9.256006137180078e-10
1.254098028803320e-01,9.253530328011512e-10
1.256227950727240e-01,9.251059124505225e-10
1.258357872651160e-01,9.248592510491128e-10
1.260487794575080e-01,9.246130469799127e-10
1.262617716499000e-01,9.243672986259139e-10
1.264747638422920e-01,9.241220043701070e-10
1.266877560346830e-01,9.238771625954842e-10
1.269007482270750e-01,9.236327716850344e-10
1.271137404194670e-01,9.233888300353278e-10
1.273267326118590e-01,9.231453360972085e-10
1.275397248042510e-01,9.229022883350805e-10
1.277527169966430e-01,9.226596852133474e-10
1.279657091890350e-01,9.224175251964133e-10
1.281787013814270e-01,9.221758067486816e-10
1.283916935738180e-01,9.219345283345577e-10
1.286046857662100e-01,9.216936884184427e-10
1.288176779586020e-01,9.214532854647420e-10
1.290306701509940e-01,9.212133179378591e-10
1.292436623433860e-01,9.209737843148558e-10
1.294566545357780e-01,9.207346831234469e-10
1.296696467281700e-01,9.204960129040151e-10
1.298826389205610e-01,9.202577721969452e-10
1.300956311129530e-01,9.200199595426177e-10
1.303086233053450e-01,9.197825734814175e-10
1.305216154977370e-01,9.195456125537271e-10
1.307346076901290e-01,9.193090752999301e-10
1.309475998825210e-01,9.190729602604096e-10
1.311605920749130e-01,9.188372659755487e-10
1.313735842673050e-01,9.186019909975955e-10
1.315865764596960e-01,9.183671339262658e-10
1.317995686520880e-01,9.181326933731384e-10
1.320125608444800e-01,9.178986679497967e-10
1.322255530368720e-01,9.176650562678222e-10
1.324385452292640e-01,9.174318569387970e-10
1.326515374216560e-01,9.171990685743026e-10
1.328645296140480e-01,9.169666897859210e-10
1.330775218064400e-01,9.167347191852340e-10
1.332905139988310e-01,9.165031553838243e-10
1.335035061912230e-01,9.162719970044796e-10
1.337164983836150e-01,9.160412427148142e-10
1.339294905760070e-01,9.158108911936446e-10
1.341424827683990e-01,9.155809411197877e-10
1.343554749607910e-01,9.153513911720598e-10
1.345684671531830e-01,9.151222400292775e-10
1.347814593455740e-01,9.148934863702592e-10
1.349944515379660e-01,9.146651288738187e-10
1.352074437303580e-01,9.144371662187741e-10
1.354204359227500e-01,9.142095970839420e-10
1.356334281151420e-01,9.139824201584912e-10
1.358464203075340e-01,9.137556341729785e-10
1.360594124999260e-01,9.135292378683021e-10
1.362724046923180e-01,9.133032299853604e-10
1.364853968847090e-01,9.130776092650528e-10
1.366983890771010e-01,9.128523744482758e-10
1.369113812694930e-01,9.126275242759288e-10
1.371243734618850e-01,9.124030574889099e-10
1.373373656542770e-01,9.121789728281178e-10
1.375503578466690e-01,9.119552690344506e-10
1.377633500390610e-01,9.117319448590604e-10
1.379763422314520e-01,9.115089990941375e-10
1.381893344238440e-01,9.112864305421352e-10
1.384023266162360e-01,9.110642380055098e-10
1.386153188086280e-01,9.108424202867165e-10
1.388283110010200e-01,9.106209761882104e-10
1.390413031934120e-01,9.103999045124467e-10
1.392542953858040e-01,9.101792040618807e-10
1.394672875781960e-01,9.099588736389675e-10
1.396802797705870e-01,9.097389120461631e-10
1.398932719629790e-01,9.095193180934695e-10
1.401062641553710e-01,9.093000906210921e-10
1.403192563477630e-01,9.090812284767893e-10
1.405322485401550e-01,9.088627305083182e-10
1.407452407325470e-01,9.086445955634364e-10
1.409582329249390e-01,9.084268224899021e-10
1.411712251173300e-01,9.082094101354733e-10
1.413842173097220e-01,9.079923573479062e-10
1.415972095021140e-01,9.077756629749589e-10
1.418102016945060e-01,9.075593258643896e-10
1.420231938868980e-01,9.073433448786897e-10
1.422361860792900e-01,9.071277189392871e-10
1.424491782716820e-01,9.069124469823425e-10
1.426621704640740e-01,9.066975279440172e-10
1.428751626564650e-01,9.064829607604727e-10
1.430881548488570e-01,9.062687443678685e-10
1.433011470412490e-01,9.060548777023662e-10
1.435141392336410e-01,9.058413597001271e-10
1.437271314260330e-01,9.056281892973120e-10
1.439401236184250e-01,9.054153654300821e-10
1.441531158108170e-01,9.052028870198706e-10
1.443661080032090e-01,9.049907529292194e-10
1.445791001956000e-01,9.047789620059533e-10
1.447920923879920e-01,9.045675130978947e-10
1.450050845803840e-01,9.043564050528684e-10
1.452180767727760e-01,9.041456367186981e-10
1.454310689651680e-01,9.039352069432085e-10
1.456440611575600e-01,9.037251145742229e-10
1.458570533499520e-01,9.035153584595657e-10
1.460700455423430e-01,9.033059374470618e-10
1.462830377347350e-01,9.030968504774354e-10
1.464960299271270e-01,9.028880968627842e-10
1.467090221195190e-01,9.026796760079883e-10
1.469220143119110e-01,9.024715873179275e-10
1.471350065043030e-01,9.022638301974818e-10
1.473479986966950e-01,9.020564040515310e-10
1.475609908890870e-01,9.018493082849551e-10
1.477739830814780e-01,9.016425423026350e-10
1.479869752738700e-01,9.014361055094487e-10
1.481999674662620e-01,9.012299973102770e-10
1.484129596586540e-01,9.010242167994233e-10
1.486259518510460e-01,9.008187618283153e-10
1.488389440434380e-01,9.006136299375194e-10
1.490519362358300e-01,9.004088186676020e-10
1.492649284282220e-01,9.002043255591294e-10
1.494779206206130e-01,9.000001481526692e-10
1.496909128130050e-01,8.997962839887855e-10
1.499039050053970e-01,8.995927306080458e-10
1.501168971977890e-01,8.993894855510168e-10
1.503298893901810e-01,8.991865463582644e-10
1.505428815825730e-01,8.989839117636636e-10
1.507558737749650e-01,8.987815852750363e-10
1.509688659673560e-01,8.985795715938704e-10
1.511818581597480e-01,8.983778754216509e-10
1.513948503521400e-01,8.981765014598656e-10
1.516078425445320e-01,8.979754544100018e-10
1.518208347369240e-01,8.977747389735462e-10
1.520338269293160e-01,8.975743598519858e-10
1.522468191217080e-01,8.973743217468074e-10
1.524598113141000e-01,8.971746293594983e-10
1.526728035064910e-01,8.969752829686439e-10
1.528857956988830e-01,8.967762651640371e-10
1.530987878912750e-01,8.965775541139808e-10
1.533117800836670e-01,8.963791279867768e-10
1.535247722760590e-01,8.961809649507271e-10
1.537377644684510e-01,8.959830431741334e-10
1.539507566608430e-01,8.957853408252979e-10
1.541637488532340e-01,8.955878360725234e-10
1.543767410456260e-01,8.953905070841097e-10
1.545897332380180e-01,8.951933320283598e-10
1.548027254304100e-01,8.949963056144832e-10
1.550157176228020e-01,8.947994886843512e-10
1.552287098151940e-01,8.946029586052629e-10
1.554417020075860e-01,8.944067927445168e-10
1.556546941999780e-01,8.942110684694118e-10
1.558676863923690e-01,8.940158631472477e-10
1.560806785847610e-01,8.938212541453213e-10
1.562936707771530e-01,8.936273188309325e-10
1.565066629695450e-01,8.934341345713800e-10
1.567196551619370e-01,8.932417787339624e-10
1.569326473543290e-01,8.930502670486874e-10
1.571456395467210e-01,8.928593685406407e-10
1.573586317391130e-01,8.926687905197142e-10
1.575716239315040e-01,8.924782402958006e-10
1.577846161238960e-01,8.922874251787902e-10
1.579976083162880e-01,8.920960524785753e-10
1.582106005086800e-01,8.919038295050480e-10
1.584235927010720e-01,8.917104635681002e-10
1.586365848934640e-01,8.915156619776237e-10
1.588495770858560e-01,8.913191320435102e-10
1.590625692782470e-01,8.911208112108082e-10
1.592755614706390e-01,8.909215577623333e-10
1.594885536630310e-01,8.907224602646585e-10
1.597015458554230e-01,8.905246072843554e-10
1.599145380478150e-01,8.903290873879958e-10
1.601275302402070e-01,8.901369891421513e-10
1.603405224325990e-01,8.899494011133939e-10
1.605535146249910e-01,8.897674118682951e-10
1.607665068173820e-01,8.895921099734276e-10
1.609794990097740e-01,8.894245839953613e-10
1.611924912021660e-01,8.892650633834080e-10
1.614054833945580e-01,8.891103410699030e-10
1.616184755869500e-01,8.889563508459562e-10
1.618314677793420e-01,8.887990265026772e-10
1.620444599717340e-01,8.886343018311752e-10
1.622574521641260e-01,8.884581106225601e-10
1.624704443565170e-01,8.882663866679421e-10
1.626834365489090e-01,8.880550637584290e-10
1.628964287413010e-01,8.878200756851310e-10
1.631094209336930e-01,8.875573562391580e-10
1.633224131260850e-01,8.872660464955301e-10
1.635354053184770e-01,8.869581128827771e-10
1.637483975108690e-01,8.866487272225520e-10
1.639613897032600e-01,8.863530613365092e-10
1.641743818956520e-01,8.860862870462987e-10
1.643873740880440e-01,8.858635761735750e-10
1.646003662804360e-01,8.857001005399908e-10
1.648133584728280e-01,8.856110319671992e-10
1.650263506652200e-01,8.856115422768531e-10
1.652393428576120e-01,8.857168032906055e-10
1.654523350500040e-01,8.859354726505859e-10
1.656653272423950e-01,8.862501670052323e-10
1.658783194347870e-01,8.866369966832936e-10
1.660913116271790e-01,8.870720720135142e-10
1.663043038195710e-01,8.875315033246399e-10
1.665172960119630e-01,8.879914009454164e-10
1.667302882043550e-01,8.884278752045895e-10
1.669432803967470e-01,8.888170364309050e-10
1.671562725891380e-01,8.891349949531073e-10
1.673692647815300e-01,8.893578610999451e-10
1.675822569739220e-01,8.894682432013713e-10
1.677952491663140e-01,8.894747544887846e-10
1.680082413587060e-01,8.893925126446971e-10
1.682212335510980e-01,8.892366353516210e-10
1.684342257434900e-01,8.890222402920678e-10
1.686472179358820e-01,8.887644451485499e-10
1.688602101282730e-01,8.884783676035807e-10
1.690732023206650e-01,8.881791253396694e-10
1.692861945130570e-01,8.878818360393292e-10
1.694991867054490e-01,8.876016173850722e-10
1.697121788978410e-01,8.873503927826737e-10
1.699251710902330e-01,8.871273061381720e-10
1.701381632826250e-01,8.869283058843628e-10
1.703511554750170e-01,8.867493404540411e-10
1.705641476674080e-01,8.865863582800030e-10
1.707771398598000e-01,8.864353077950419e-10
1.709901320521920e-01,8.862921374319541e-10
1.712031242445840e-01,8.861527956235348e-10
1.714161164369760e-01,8.860132308025791e-10
1.716291086293680e-01,8.858693914018823e-10
1.718421008217600e-01,8.857180820262283e-10
1.720550930141510e-01,8.855595315521285e-10
1.722680852065430e-01,8.853948248199796e-10
1.724810773989350e-01,8.852250466701803e-10
1.726940695913270e-01,8.850512819431286e-10
1.729070617837190e-01,8.848746154792226e-10
1.731200539761110e-01,8.846961321188606e-10
1.733330461685030e-01,8.845169167024402e-10
1.735460383608950e-01,8.843380540703598e-10
1.737590305532860e-01,8.841606290630182e-10
1.739720227456780e-01,8.839854970479468e-10
1.741850149380700e-01,8.838125958961440e-10
1.743980071304620e-01,8.836416342031612e-10
1.746109993228540e-01,8.834723205645506e-10
1.748239915152460e-01,8.833043635758638e-10
1.750369837076380e-01,8.831374718326528e-10
1.752499759000290e-01,8.829713539304701e-10
1.754629680924210e-01,8.828057184648659e-10
1.756759602848130e-01,8.826402740313932e-10
1.758889524772050e-01,8.824747292256033e-10
1.761019446695970e-01,8.823088540650831e-10
1.763149368619890e-01,8.821426644200672e-10
1.765279290543810e-01,8.819762376651067e-10
1.767409212467730e-01,8.818096511747533e-10
1.769539134391640e-01,8.816429823235587e-10
1.771669056315560e-01,8.814763084860728e-10
1.773798978239480e-01,8.813097070368477e-10
1.775928900163400e-01,8.811432553504347e-10
1.778058822087320e-01,8.809770308013851e-10
1.780188744011240e-01,8.808111107642500e-10
1.782318665935160e-01,8.806455561540209e-10
1.784448587859070e-01,8.804803620237049e-10
1.786578509782990e-01,8.803155069548736e-10
1.788708431706910e-01,8.801509695291007e-10
1.790838353630830e-01,8.799867283279593e-10
1.792968275554750e-01,8.798227619330219e-10
1.795098197478670e-01,8.796590489258618e-10
1.797228119402590e-01,8.794955678880518e-10
1.799358041326510e-01,8.793322974011648e-10
1.801487963250420e-01,8.791692160467745e-10
1.803617885174340e-01,8.790063068222798e-10
1.805747807098260e-01,8.788435703893067e-10
1.807877729022180e-01,8.786810118257650e-10
1.810007650946100e-01,8.785186362095645e-10
1.812137572870020e-01,8.783564486186148e-10
1.814267494793940e-01,8.781944541308262e-10
1.816397416717860e-01,8.780326578241080e-10
1.818527338641770e-01,8.778710647763711e-10
1.820657260565690e-01,8.777096800655238e-10
1.822787182489610e-01,8.775485087694766e-10
1.824917104413530e-01,8.773875547864829e-10
1.827047026337450e-01,8.772268172973837e-10
1.829176948261370e-01,8.770662943039692e-10
1.831306870185290e-01,8.769059838080305e-10
1.833436792109200e-01,8.767458838113588e-10
1.835566714033120e-01,8.765859923157433e-10
1.837696635957040e-01,8.764263073229753e-10
1.839826557880960e-01,8.762668268348455e-10
1.841956479804880e-01,8.761075488531446e-10
1.844086401728800e-01,8.759484713796632e-10
1.846216323652720e-01,8.757895927361529e-10
1.848346245576640e-01,8.756309125234856e-10
1.850476167500550e-01,8.754724306621330e-10
1.852606089424470e-01,8.753141470725642e-10
1.854736011348390e-01,8.751560616752511e-10
1.856865933272310e-01,8.749981743906643e-10
1.858995855196230e-01,8.748404851392751e-10
1.861125777120150e-01,8.746829938415541e-10
1.863255699044070e-01,8.745257004179720e-10
1.865385620967990e-01,8.743686047890001e-10
1.867515542891900e-01,8.742117067930242e-10
1.869645464815820e-01,8.740550059399097e-10
1.871775386739740e-01,8.738985016573509e-10
1.873905308663660e-01,8.737421933730416e-10
1.876035230587580e-01,8.735860805146751e-10
1.878165152511500e-01,8.734301625099453e-10
1.880295074435420e-01,8.732744387865457e-10
1.882424996359330e-01,8.731189087721705e-10
1.884554918283250e-01,8.729635718945120e-10
1.886684840207170e-01,8.728084275812644e-10
1.888814762131090e-01,8.726534752855141e-10
1.890944684055010e-01,8.724987145619407e-10
1.893074605978930e-01,8.723441449906284e-10
1.895204527902850e-01,8.721897661516611e-10
1.897334449826770e-01,8.720355776251227e-10
1.899464371750680e-01,8.718815789910977e-10
1.901594293674600e-01,8.717277698296689e-10
1.903724215598520e-01,8.715741497209207e-10
1.905854137522440e-01,8.714207182449372e-10
1.907984059446360e-01,8.712674749818023e-10
1.910113981370280e-01,8.711144195080436e-10
1.912243903294200e-01,8.709615513859646e-10
1.914373825218110e-01,8.708088701743140e-10
1.916503747142030e-01,8.706563754318380e-10
1.918633669065950e-01,8.705040667172851e-10
1.920763590989870e-01,8.703519435894033e-10
1.922893512913790e-01,8.702000056069402e-10
1.925023434837710e-01,8.700482523286438e-10
1.927153356761630e-01,8.698966833132618e-10
1.929283278685550e-01,8.697452981195421e-10
1.931413200609460e-01,8.695940963103093e-10
1.933543122533380e-01,8.694430774646849e-10
1.935673044457300e-01,8.692922411658655e-10
1.937802966381220e-01,8.691415869970468e-10
1.939932888305140e-01,8.689911145414246e-10
1.942062810229060e-01,8.688408233821950e-10
1.944192732152980e-01,8.686907131025535e-10
1.946322654076900e-01,8.685407832856961e-10
1.948452576000810e-01,8.683910335148192e-10
1.950582497924730e-01,8.682414633731174e-10
1.952712419848650e-01,8.680920724456744e-10
1.954842341772570e-01,8.679428603251170e-10
1.956972263696490e-01,8.677938266059562e-10
1.959102185620410e-01,8.676449708827037e-10
1.961232107544330e-01,8.674962927498703e-10
1.963362029468240e-01,8.673477918019683e-10
1.965491951392160e-01,8.671994676335076e-10
1.967621873316080e-01,8.670513198390000e-10
1.969751795240000e-01,8.669033480129568e-10
1.971881717163920e-01,8.667555517498894e-10
1.974011639087840e-01,8.666079306466683e-10
1.976141561011760e-01,8.664604843096059e-10
1.978271482935680e-01,8.663132123473754e-10
1.980401404859590e-01,8.661661143686510e-10
1.982531326783510e-01,8.660191899821046e-10
1.984661248707430e-01,8.658724387964103e-10
1.986791170631350e-01,8.657258604202416e-10
1.988921092555270e-01,8.655794544622718e-10
1.991051014479190e-01,8.654332205311743e-10
1.993180936403110e-01,8.652871582356226e-10
1.995310858327020e-01,8.651412671863765e-10
1.997440780250940e-01,8.649955470025378e-10
1.999570702174860e-01,8.648499973052965e-10
2.001700624098780e-01,8.647046177158416e-10
2.003830546022700e-01,8.645594078553628e-10
2.005960467946620e-01,8.644143673450491e-10
2.008090389870540e-01,8.642694958060899e-10
2.010220311794460e-01,8.641247928596745e-10
2.012350233718370e-01,8.639802581269927e-10
2.014480155642290e-01,8.638358912292326e-10
2.016610077566210e-01,8.636916917896212e-10
2.018739999490130e-01,8.635476594395319e-10
2.020869921414050e-01,8.634037938123743e-10
2.022999843337970e-01,8.632600945415579e-10
2.025129765261890e-01,8.631165612604922e-10
2.027259687185810e-01,8.629731936025870e-10
2.029389609109720e-01,8.628299912012523e-10
2.031519531033640e-01,8.626869536898966e-10
2.033649452957560e-01,8.625440807019299e-10
2.035779374881480e-01,8.624013718707620e-10
2.037909296805400e-01,8.622588268317429e-10
2.040039218729320e-01,8.621164452279815e-10
2.042169140653240e-01,8.619742267045254e-10
2.044299062577150e-01,8.618321709064223e-10
2.046428984501070e-01,8.616902774787187e-10
2.048558906424990e-01,8.615485460664623e-10
2.050688828348910e-01,8.614069763147008e-10
2.052818750272830e-01,8.612655678684815e-10
2.054948672196750e-01,8.611243203728519e-10
2.057078594120670e-01,8.609832334728593e-10
2.059208516044590e-01,8.608423068154200e-10
2.061338437968500e-01,8.607015400549312e-10
2.063468359892420e-01,8.605609328476586e-10
2.065598281816340e-01,8.604204848498704e-10
2.067728203740260e-01,8.602801957178338e-10
2.069858125664180e-01,8.601400651078163e-10
2.071988047588100e-01,8.600000926760851e-10
2.074117969512020e-01,8.598602780789075e-10
2.076247891435940e-01,8.597206209725510e-10
2.078377813359850e-01,8.595811210132834e-10
2.080507735283770e-01,8.594417778591702e-10
2.082637657207690e-01,8.593025911754783e-10
2.084767579131610e-01,8.591635606292742e-10
2.086897501055530e-01,8.590246858876244e-10
2.089027422979450e-01,8.588859666175955e-10
2.091157344903370e-01,8.587474024862539e-10
2.093287266827280e-01,8.586089931606669e-10
2.095417188751200e-01,8.584707383078997e-10
2.097547110675120e-01,8.583326375950194e-10
2.099677032599040e-01,8.581946906890926e-10
2.101806954522960e-01,8.580568972589129e-10
2.103936876446880e-01,8.579192569801818e-10
2.106066798370800e-01,8.577817695303274e-10
2.108196720294720e-01,8.576444345867784e-10
2.110326642218630e-01,8.575072518269636e-10
2.112456564142550e-01,8.573702209283100e-10
2.114586486066470e-01,8.572333415682468e-10
2.116716407990390e-01,8.570966134242023e-10
2.118846329914310e-01,8.569600361736046e-10
2.120976251838230e-01,8.568236094938823e-10
2.123106173762150e-01,8.566873330641165e-10
2.125236095686060e-01,8.565512065699974e-10
2.127366017609980e-01,8.564152296988654e-10
2.129495939533900e-01,8.562794021380623e-10
2.131625861457820e-01,8.561437235749296e-10
2.133755783381740e-01,8.560081936968084e-10
2.135885705305660e-01,8.558728121910403e-10
2.138015627229580e-01,8.557375787449667e-10
2.140145549153500e-01,8.556024930459288e-10
2.142275471077410e-01,8.554675547812686e-10
2.144405393001330e-01,8.553327636399047e-10
2.146535314925250e-01,8.551981193170660e-10
2.148665236849170e-01,8.550636215095575e-10
2.150795158773090e-01,8.549292699141841e-10
2.152925080697010e-01,8.547950642277501e-10
2.155055002620930e-01,8.546610041470608e-10
2.157184924544850e-01,8.545270893689209e-10
2.159314846468760e-01,8.543933195901355e-10
2.161444768392680e-01,8.542596945075084e-10
2.163574690316600e-01,8.541262138178450e-10
2.165704612240520e-01,8.539928772194609e-10
2.167834534164440e-01,8.538596844167180e-10
2.169964456088360e-01,8.537266351154906e-10
2.172094378012280e-01,8.535937290216526e-10
2.174224299936190e-01,8.534609658410788e-10
2.176354221860110e-01,8.533283452796423e-10
2.178484143784030e-01,8.531958670432176e-10
2.180614065707950e-01,8.530635308376789e-10
2.182743987631870e-01,8.529313363689006e-10
2.184873909555790e-01,8.527992833427565e-10
2.187003831479710e-01,8.526673714665750e-10
2.189133753403630e-01,8.525356004535023e-10
2.191263675327540e-01,8.524039700181394e-10
2.193393597251460e-01,8.522724798750860e-10
2.195523519175380e-01,8.521411297389432e-10
2.197653441099300e-01,8.520099193243118e-10
2.199783363023220e-01,8.518788483457923e-10
2.201913284947140e-01,8.517479165179854e-10
2.204043206871060e-01,8.516171235554916e-10
2.206173128794970e-01,8.514864691729124e-10
2.208303050718890e-01,8.513559530862516e-10
2.210432972642810e-01,8.512255750171322e-10
2.212562894566730e-01,8.510953346885800e-10
2.214692816490650e-01,8.509652318236218e-10
2.216822738414570e-01,8.508352661452836e-10
2.218952660338490e-01,8.507054373765916e-10
2.221082582262410e-01,8.505757452405721e-10
2.223212504186320e-01,8.504461894602520e-10
2.225342426110240e-01,8.503167697586562e-10
2.227472348034160e-01,8.501874858588117e-10
2.229602269958080e-01,8.500583374851014e-10
2.231732191882000e-01,8.499293243673324e-10
2.233862113805920e-01,8.498004462366676e-10
2.235992035729840e-01,8.496717028242692e-10
2.238121957653760e-01,8.495430938613001e-10
2.240251879577670e-01,8.494146190789236e-10
2.242381801501590e-01,8.492862782083008e-10
2.244511723425510e-01,8.491580709805950e-10
2.246641645349430e-01,8.490299971269688e-10
2.248771567273350e-01,8.489020563785849e-10
2.250901489197270e-01,8.487742484679092e-10
2.253031411121190e-01,8.486465731326245e-10
2.255161333045100e-01,8.485190301117188e-10
2.257291254969020e-01,8.483916191441789e-10
2.259421176892940e-01,8.482643399689928e-10
2.261551098816860e-01,8.481371923251483e-10
2.263681020740780e-01,8.480101759516329e-10
2.265810942664700e-01,8.478832905874346e-10
2.267940864588620e-01,8.477565359715407e-10
2.270070786512540e-01,8.476299118429389e-10
2.272200708436450e-01,8.475034179418662e-10
2.274330630360370e-01,8.473770540135529e-10
2.276460552284290e-01,8.472508198044808e-10
2.278590474208210e-01,8.471247150611308e-10
2.280720396132130e-01,8.469987395299838e-10
2.282850318056050e-01,8.468728929575211e-10
2.284980239979970e-01,8.467471750902235e-10
2.287110161903880e-01,8.466215856745726e-10
2.289240083827800e-01,8.464961244570482e-10
2.291370005751720e-01,8.463707911841319e-10
2.293499927675640e-01,8.462455856035036e-10
2.295629849599560e-01,8.461205074676370e-10
2.297759771523480e-01,8.459955565302051e-10
2.299889693447400e-01,8.458707325448804e-10
2.302019615371320e-01,8.457460352653360e-10
2.304149537295230e-01,8.456214644452450e-10
2.306279459219150e-01,8.454970198382789e-10
2.308409381143070e-01,8.453727011981111e-10
2.310539303066990e-01,8.452485082784145e-10
2.312669224990910e-01,8.451244408328615e-10
2.314799146914830e-01,8.450004986162732e-10
2.316929068838750e-01,8.448766813880614e-10
2.319058990762670e-01,8.447529889087855e-10
2.321188912686580e-01,8.446294209390054e-10
2.323318834610500e-01,8.445059772392794e-10
2.325448756534420e-01,8.443826575701672e-10
2.327578678458340e-01,8.442594616922281e-10
2.329708600382260e-01,8.441363893660216e-10
2.331838522306180e-01,8.440134403521070e-10
2.333968444230100e-01,8.438906144110435e-10
2.336098366154010e-01,8.437679113045046e-10
2.338228288077930e-01,8.436453307986130e-10
2.340358210001850e-01,8.435228726606049e-10
2.342488131925770e-01,8.434005366577162e-10
2.344618053849690e-01,8.432783225571830e-10
2.346747975773610e-01,8.431562301262410e-10
2.348877897697530e-01,8.430342591321260e-10
2.351007819621450e-01,8.429124093420740e-10
2.353137741545360e-01,8.427906805233215e-10
2.355267663469280e-01,8.426690724431029e-10
2.357397585393200e-01,8.425475848697308e-10
2.359527507317120e-01,8.424262175758235e-10
2.361657429241040e-01,8.423049703350762e-10
2.363787351164960e-01,8.421838429211839e-10
2.365917273088880e-01,8.420628351078420e-10
2.368047195012800e-01,8.419419466687457e-10
2.370177116936710e-01,8.418211773775906e-10
2.372307038860630e-01,8.417005270080710e-10
2.374436960784550e-01,8.415799953338824e-10
2.376566882708470e-01,8.414595821287204e-10
2.378696804632390e-01,8.413392871672969e-10
2.380826726556310e-01,8.412191102283940e-10
2.382956648480230e-01,8.410990510918105e-10
2.385086570404140e-01,8.409791095373465e-10
2.387216492328060e-01,8.408592853447998e-10
2.389346414251980e-01,8.407395782939703e-10
2.391476336175900e-01,8.406199881646571e-10
2.393606258099820e-01,8.405005147366595e-10
2.395736180023740e-01,8.403811577897763e-10
2.397866101947660e-01,8.402619171038072e-10
2.399996023871580e-01,8.401427924595734e-10
2.402125945795490e-01,8.400237836419864e-10
2.404255867719410e-01,8.399048904369777e-10
2.406385789643330e-01,8.397861126304808e-10
2.408515711567250e-01,8.396674500084282e-10
2.410645633491170e-01,8.395489023567530e-10
2.412775555415090e-01,8.394304694613878e-10
2.414905477339010e-01,8.393121511082656e-10
2.417035399262920e-01,8.391939470833195e-10
2.419165321186840e-01,8.390758571724812e-10
2.421295243110760e-01,8.389578811626410e-10
2.423425165034680e-01,8.388400188445135e-10
2.425555086958600e-01,8.387222700097693e-10
2.427685008882520e-01,8.386046344500791e-10
2.429814930806440e-01,8.384871119571135e-10
2.431944852730360e-01,8.383697023225430e-10
2.434074774654270e-01,8.382524053380389e-10
2.436204696578190e-01,8.381352207952706e-10
2.438334618502110e-01,8.380181484859096e-10
2.440464540426030e-01,8.379011882016260e-10
2.442594462349950e-01,8.377843397350166e-10
2.444724384273870e-01,8.376676028823822e-10
2.446854306197790e-01,8.375509774409512e-10
2.448984228121710e-01,8.374344632079517e-10
2.451114150045620e-01,8.373180599806120e-10
2.453244071969540e-01,8.372017675561596e-10
2.455373993893460e-01,8.370855857318227e-10
2.457503915817380e-01,8.369695143048297e-10
2.459633837741300e-01,8.368535530724086e-10
2.461763759665220e-01,8.367377018317875e-10
2.463893681589140e-01,8.366219603810877e-10
2.466023603513050e-01,8.365063285220049e-10
2.468153525436970e-01,8.363908060571268e-10
2.470283447360890e-01,8.362753927890432e-10
2.472413369284810e-01,8.361600885203430e-10
2.474543291208730e-01,8.360448930536149e-10
2.476673213132650e-01,8.359298061914481e-10
2.478803135056570e-01,8.358148277364317e-10
2.480933056980490e-01,8.356999574911542e-10
2.483062978904400e-01,8.355851952582054e-10
2.485192900828320e-01,8.354705408410369e-10
2.487322822752240e-01,8.353559940465566e-10
2.489452744676160e-01,8.352415546825360e-10
2.491582666600080e-01,8.351272225567463e-10
2.493712588524000e-01,8.350129974769589e-10
2.495842510447920e-01,8.348988792509452e-10
2.497972432371830e-01,8.347848676864767e-10
2.500102354295750e-01,8.346709625913239e-10
2.502232276219670e-01,8.345571637732586e-10
2.504362198143590e-01,8.344434710400520e-10
2.506492120067510e-01,8.343298842003088e-10
2.508622041991430e-01,8.342164030659652e-10
2.510751963915350e-01,8.341030274497904e-10
2.512881885839270e-01,8.339897571645532e-10
2.515011807763180e-01,8.338765920230236e-10
2.517141729687100e-01,8.337635318379692e-10
2.519271651611020e-01,8.336505764221598e-10
2.521401573534940e-01,8.335377255883647e-10
2.523531495458860e-01,8.334249791493525e-10
2.525661417382780e-01,8.333123369178926e-10
2.527791339306700e-01,8.331997987075626e-10
2.529921261230620e-01,8.330873643351733e-10
2.532051183154530e-01,8.329750336183434e-10
2.534181105078450e-01,8.328628063746905e-10
2.536311027002370e-01,8.327506824218330e-10
2.538440948926290e-01,8.326386615773899e-10
2.540570870850210e-01,8.325267436589789e-10
2.542700792774130e-01,8.324149284842189e-10
2.544830714698050e-01,8.323032158707280e-10
2.546960636621960e-01,8.321916056361252e-10
2.549090558545880e-01,8.320800975987993e-10
2.551220480469800e-01,8.319686915802284e-10
2.553350402393720e-01,8.318573874026621e-10
2.555480324317640e-01,8.317461848883505e-10
2.557610246241560e-01,8.316350838595431e-10
2.559740168165480e-01,8.315240841384900e-10
2.561870090089400e-01,8.314131855474409e-10
2.564000012013310e-01,8.313023879086461e-10
2.566129933937230e-01,8.311916910443543e-10
2.568259855861150e-01,8.310810947768159e-10
2.570389777785070e-01,8.309705989290376e-10
2.572519699708990e-01,8.308602033270533e-10
2.574649621632910e-01,8.307499077976544e-10
2.576779543556830e-01,8.306397121676320e-10
2.578909465480740e-01,8.305296162637779e-10
2.581039387404660e-01,8.304196199128820e-10
2.583169309328580e-01,8.303097229417364e-10
2.585299231252500e-01,8.301999251771320e-10
2.587429153176420e-01,8.300902264458602e-10
2.589559075100340e-01,8.299806265747121e-10
2.591688997024260e-01,8.298711253912228e-10
2.593818918948180e-01,8.297617227259036e-10
2.595948840872090e-01,8.296524184100096e-10
2.598078762796010e-01,8.295432122747949e-10
2.600208684719930e-01,8.294341041515148e-10
2.602338606643850e-01,8.293250938714241e-10
2.604468528567770e-01,8.292161812657778e-10
2.606598450491690e-01,8.291073661658308e-10
2.608728372415610e-01,8.289986484028379e-10
2.610858294339530e-01,8.288900278080542e-10
2.612988216263440e-01,8.287815042133768e-10
2.615118138187360e-01,8.286730774532682e-10
2.617248060111280e-01,8.285647473628340e-10
2.619377982035200e-01,8.284565137771790e-10
2.621507903959120e-01,8.283483765314082e-10
2.623637825883040e-01,8.282403354606266e-10
2.625767747806960e-01,8.281323903999390e-10
2.627897669730870e-01,8.280245411844509e-10
2.630027591654790e-01,8.279167876492663e-10
2.632157513578710e-01,8.278091296294904e-10
2.634287435502630e-01,8.277015669611338e-10
2.636417357426550e-01,8.275940994838304e-10
2.638547279350470e-01,8.274867270381213e-10
2.640677201274390e-01,8.273794494645470e-10
2.642807123198310e-01,8.272722666036484e-10
2.644937045122220e-01,8.271651782959668e-10
2.647066967046140e-01,8.270581843820420e-10
2.649196888970060e-01,8.269512847024153e-10
2.651326810893980e-01,8.268444790976274e-10
2.653456732817900e-01,8.267377674082192e-10
2.655586654741820e-01,8.266311494745577e-10
2.657716576665740e-01,8.265246251363153e-10
2.659846498589660e-01,8.264181942329908e-10
2.661976420513570e-01,8.263118566040832e-10
2.664106342437490e-01,8.262056120890901e-10
2.666236264361410e-01,8.260994605275106e-10
2.668366186285330e-01,8.259934017588433e-10
2.670496108209250e-01,8.258874356225869e-10
2.672626030133170e-01,8.257815619582399e-10
2.674755952057090e-01,8.256757806053011e-10
2.676885873981000e-01,8.255700914070009e-10
2.679015795904920e-01,8.254644942214954e-10
2.681145717828840e-01,8.253589889106741e-10
2.683275639752760e-01,8.252535753364263e-10
2.685405561676680e-01,8.251482533606408e-10
2.687535483600600e-01,8.250430228452065e-10
2.689665405524520e-01,8.249378836520128e-10
2.691795327448440e-01,8.248328356429484e-10
2.693925249372350e-01,8.247278786799031e-10
2.696055171296270e-01,8.246230126247646e-10
2.698185093220190e-01,8.245182373284960e-10
2.700315015144110e-01,8.244135525983635e-10
2.702444937068030e-01,8.243089582307113e-10
2.704574858991950e-01,8.242044540218844e-10
2.706704780915870e-01,8.241000397682271e-10
2.708834702839780e-01,8.239957152660848e-10
2.710964624763700e-01,8.238914803118009e-10
2.713094546687620e-01,8.237873347017207e-10
2.715224468611540e-01,8.236832782321887e-10
2.717354390535460e-01,8.235793106995495e-10
2.719484312459380e-01,8.234754319438352e-10
2.721614234383300e-01,8.233716419797299e-10
2.723744156307220e-01,8.232679408655575e-10
2.725874078231130e-01,8.231643286596419e-10
2.728004000155050e-01,8.230608054203061e-10
2.730133922078970e-01,8.229573712058740e-10
2.732263844002890e-01,8.228540260746694e-10
2.734393765926810e-01,8.227507700850158e-10
2.736523687850730e-01,8.226476032952368e-10
2.738653609774650e-01,8.225445257636564e-10
2.740783531698570e-01,8.224415373885341e-10
2.742913453622480e-01,8.223386374275248e-10
2.745043375546400e-01,8.222358249780412e-10
2.747173297470320e-01,8.221330991374982e-10
2.749303219394240e-01,8.220304590033100e-10
2.751433141318160e-01,8.219279036728907e-10
2.753563063242080e-01,8.218254322436545e-10
2.755692985166000e-01,8.217230438130154e-10
2.757822907089910e-01,8.216207374783883e-10
2.759952829013830e-01,8.215185123371864e-10
2.762082750937750e-01,8.214163680871021e-10
2.764212672861670e-01,8.213143068275198e-10
2.766342594785590e-01,8.212123312583902e-10
2.768472516709510e-01,8.211104440796647e-10
2.770602438633430e-01,8.210086479912941e-10
2.772732360557350e-01,8.209069456932297e-10
2.774862282481260e-01,8.208053398854233e-10
2.776992204405180e-01,8.207038332678249e-10
2.779122126329100e-01,8.206024285403862e-10
2.781252048253020e-01,8.205011284030581e-10
2.783381970176940e-01,8.203999333174629e-10
2.785511892100860e-01,8.202988347925148e-10
