7.791356504680618e-06,2.324870222762629e-09
8.610780621332552e-06,2.292456171568503e-09
9.516384324626089e-06,2.261736736848339e-09
1.051723120080771e-05,2.232615458132760e-09
1.162333806181051e-05,2.205000034887646e-09
1.284577519687474e-05,2.178802174886898e-09
1.419677716772344e-05,2.153937188851345e-09
1.568986525616830e-05,2.130323657133237e-09
1.733998278964274e-05,2.107883336319339e-09
1.916364469904539e-05,2.086540995209546e-09
2.117910280571951e-05,2.066224131515781e-09
2.340652849181556e-05,2.046862889162895e-09
2.586821458226360e-05,2.028390253943160e-09
2.858879845885812e-05,2.010741703672244e-09
3.159550863945590e-05,1.993855786744001e-09
3.491843729013453e-05,1.977673810295666e-09
3.859084139770492e-05,1.962140282637811e-09
4.264947561681323e-05,1.947203298069877e-09
4.713496012287843e-05,1.932814895035807e-09
5.209218715246060e-05,1.918931109654988e-09
5.757077029985334e-05,1.905512730450162e-09
6.362554106661115e-05,1.892525074041582e-09
7.031709763364645e-05,1.879937248132544e-09
7.771241134819200e-05,1.867722138444265e-09
8.588549699555374e-05,1.855853585444286e-09
9.491815356395940e-05,1.844305714155860e-09
1.049007829163263e-04,1.833052933033141e-09
1.159332945624905e-04,1.822070919685621e-09
1.281261055871622e-04,1.811336556875740e-09
1.416012457412214e-04,1.800827702557340e-09
1.564935787564811e-04,1.790522769436212e-09
1.729521521072439e-04,1.780400367409654e-09
1.911416887275217e-04,1.770438144673918e-09
2.112442356135248e-04,1.760612014924632e-09
2.334609858111876e-04,1.750894036324896e-09
2.580142920237960e-04,1.741249716867660e-09
2.851498919925769e-04,1.731636015151957e-09
3.151393679226079e-04,1.721997004510305e-09
3.482828645688079e-04,1.712260242364057e-09
3.849120931855259e-04,1.702333295021504e-09
4.253936514042669e-04,1.692101848192360e-09
4.701326922660057e-04,1.681431701578998e-09
5.195769791289974e-04,1.670176294319796e-09
5.742213670349657e-04,1.658195189737504e-09
6.346127553846864e-04,1.645385139082868e-09
7.013555614910102e-04,1.631725284561714e-09
7.751177697904812e-04,1.617331868021878e-09
8.566376172560946e-04,1.602503796507217e-09
9.467309819210534e-04,1.587726914195191e-09
1.046299548460350e-03,1.573587523780780e-09
1.156339832554060e-03,1.560559696985727e-09
1.277953154351212e-03,1.548178709496008e-09
1.405748469786333e-03,1.536713984170986e-09
1.533543785221454e-03,1.526282572405656e-09
1.661339100656575e-03,1.516324825411072e-09
1.789134416091696e-03,1.506281094398288e-09
1.916929731526817e-03,1.495918346936623e-09
2.000000000000000e-03,1.489499276160118e-09
2.044725046961939e-03,1.486296182633084e-09
2.172520362397060e-03,1.478062868156900e-09
2.300315677832181e-03,1.470772475780864e-09
2.428110993267302e-03,1.463890522918373e-09
2.555906308702423e-03,1.456991818098820e-09
2.683701624137544e-03,1.450088334384666e-09
2.811496939572665e-03,1.443301335988914e-09
2.939292255007787e-03,1.436752087124568e-09
3.067087570442908e-03,1.430561852004632e-09
3.194882885878029e-03,1.424815654446985e-09
3.322678201313150e-03,1.419453555227230e-09
3.450473516748271e-03,1.414379373994953e-09
3.578268832183392e-03,1.409496930399738e-09
3.706064147618514e-03,1.404710044091171e-09
3.833859463053635e-03,1.399943927409422e-09
3.961654778488756e-03,1.395209363160461e-09
4.089450093923877e-03,1.390538526692579e-09
4.217245409358998e-03,1.385963593354064e-09
4.345040724794119e-03,1.381516738493206e-09
4.472836040229241e-03,1.377223505529492e-09
4.600631355664362e-03,1.373082909995815e-09
4.728426671099482e-03,1.369087335410573e-09
4.856221986534604e-03,1.365229165292165e-09
4.984017301969726e-03,1.361500783158990e-09
5.111812617404846e-03,1.357892354186919e-09
5.239607932839968e-03,1.354385170244625e-09
5.367403248275089e-03,1.350958304889703e-09
5.495198563710209e-03,1.347590831679747e-09
5.622993879145331e-03,1.344261824172353e-09
5.750789194580453e-03,1.340955972197255e-09
5.878584510015573e-03,1.337680430736477e-09
6.006379825450694e-03,1.334447971076047e-09
6.134175140885816e-03,1.331271364501997e-09
6.261970456320937e-03,1.328163382300355e-09
6.389765771756058e-03,1.325133972922071e-09
6.517561087191179e-03,1.322181793598733e-09
6.645356402626300e-03,1.319302678787321e-09
6.773151718061422e-03,1.316492462944819e-09
6.900947033496543e-03,1.313746980528211e-09
7.028742348931663e-03,1.311061095943878e-09
7.156537664366785e-03,1.308425793398856e-09
7.284332979801906e-03,1.305831087051105e-09
7.412128295237027e-03,1.303266991058586e-09
7.539923610672148e-03,1.300723519579259e-09
7.667718926107269e-03,1.298193756898733e-09
7.795514241542391e-03,1.295683067925443e-09
7.923309556977513e-03,1.293199887751591e-09
8.051104872412632e-03,1.290752651469380e-09
8.178900187847754e-03,1.288349794171011e-09
8.306695503282877e-03,1.285997683221705e-09
8.434490818717996e-03,1.283694415115223e-09
8.562286134153118e-03,1.281436018636583e-09
8.690081449588239e-03,1.279218522570800e-09
8.817876765023359e-03,1.277037955702890e-09
8.945672080458482e-03,1.274890224027821e-09
9.073467395893601e-03,1.272770742377665e-09
9.201262711328723e-03,1.270674802793088e-09
9.329058026763846e-03,1.268597697314758e-09
9.456853342198965e-03,1.266534717983343e-09
9.584648657634087e-03,1.264482752956500e-09
9.712443973069206e-03,1.262445074808548e-09
9.840239288504329e-03,1.260426552205152e-09
9.968034603939451e-03,1.258432053811978e-09
1.009582991937457e-02,1.256466448294691e-09
1.022362523480969e-02,1.254533449459765e-09
1.035142055024482e-02,1.252632151668165e-09
1.047921586567993e-02,1.250760494417297e-09
1.060701118111506e-02,1.248916417204564e-09
1.073480649655018e-02,1.247097859527368e-09
1.086260181198530e-02,1.245302760883116e-09
1.099039712742042e-02,1.243529060769209e-09
1.111819244285554e-02,1.241774698683051e-09
1.124598775829066e-02,1.240037614122047e-09
1.137378307372578e-02,1.238315746583601e-09
1.150157838916090e-02,1.236607419952274e-09
1.162937370459603e-02,1.234912495550323e-09
1.175716902003114e-02,1.233231219031696e-09
1.188496433546627e-02,1.231563836050342e-09
1.201275965090139e-02,1.229910592260207e-09
1.214055496633651e-02,1.228271733315240e-09
1.226835028177163e-02,1.226647504869388e-09
1.239614559720675e-02,1.225038152576599e-09
1.252394091264187e-02,1.223443922090822e-09
1.265173622807700e-02,1.221865059066003e-09
1.277953154351211e-02,1.220301734650608e-09
1.290732685894724e-02,1.218753821944786e-09
1.303512217438236e-02,1.217221119530007e-09
1.316291748981748e-02,1.215703425987739e-09
1.329071280525260e-02,1.214200539899454e-09
1.341850812068772e-02,1.212712259846621e-09
1.354630343612284e-02,1.211238384410710e-09
1.367409875155796e-02,1.209778712173192e-09
1.380189406699308e-02,1.208333041715537e-09
1.392968938242821e-02,1.206901171619214e-09
1.405748469786333e-02,1.205482864619574e-09
1.418528001329845e-02,1.204077740065410e-09
1.431307532873357e-02,1.202685381458355e-09
1.444087064416869e-02,1.201305372300045e-09
1.456866595960381e-02,1.199937296092113e-09
1.469646127503893e-02,1.198580736336192e-09
1.482425659047405e-02,1.197235276533917e-09
1.495205190590917e-02,1.195900500186921e-09
1.507984722134430e-02,1.194575990796840e-09
1.520764253677942e-02,1.193261331865305e-09
1.533543785221454e-02,1.191956158574769e-09
1.546323316764966e-02,1.190660312818634e-09
1.559102848308478e-02,1.189373688164966e-09
1.571882379851990e-02,1.188096178181830e-09
1.584661911395502e-02,1.186827676437292e-09
1.597441442939014e-02,1.185568076499417e-09
1.610220974482527e-02,1.184317271936270e-09
1.623000506026039e-02,1.183075156315916e-09
1.635780037569551e-02,1.181841623206421e-09
1.648559569113063e-02,1.180616566175849e-09
1.661339100656575e-02,1.179399902690640e-09
1.674118632200087e-02,1.178191645820390e-09
1.686898163743599e-02,1.176991832537906e-09
1.699677695287111e-02,1.175800499815993e-09
1.712457226830624e-02,1.174617684627457e-09
1.725236758374135e-02,1.173443423945104e-09
1.738016289917648e-02,1.172277754741740e-09
1.750795821461160e-02,1.171120713990170e-09
1.763575353004672e-02,1.169972338663201e-09
1.776354884548184e-02,1.168832665733638e-09
1.789134416091696e-02,1.167701688519713e-09
1.801913947635208e-02,1.166579225716631e-09
1.814693479178720e-02,1.165465052362659e-09
1.827473010722232e-02,1.164358943496060e-09
1.840252542265745e-02,1.163260674155101e-09
1.853032073809257e-02,1.162170019378047e-09
1.865811605352769e-02,1.161086754203164e-09
1.878591136896281e-02,1.160010653668715e-09
1.891370668439793e-02,1.158941492812968e-09
1.904150199983305e-02,1.157879046674186e-09
1.916929731526817e-02,1.156823108432244e-09
1.929709263070329e-02,1.155773543830034e-09
1.942488794613842e-02,1.154730236750355e-09
1.955268326157353e-02,1.153693071076006e-09
1.968047857700866e-02,1.152661930689785e-09
1.980827389244378e-02,1.151636699474490e-09
1.993606920787890e-02,1.150617261312919e-09
2.006386452331402e-02,1.149603500087870e-09
2.019165983874914e-02,1.148595299682142e-09
2.031945515418426e-02,1.147592543978532e-09
2.044725046961939e-02,1.146595145704648e-09
2.057504578505450e-02,1.145603132980447e-09
2.070284110048963e-02,1.144616562777262e-09
2.083063641592475e-02,1.143635492066422e-09
2.095843173135987e-02,1.142659977819258e-09
2.108622704679499e-02,1.141690077007101e-09
2.121402236223011e-02,1.140725846601282e-09
2.134181767766523e-02,1.139767343573131e-09
2.146961299310035e-02,1.138814624893977e-09
2.159740830853547e-02,1.137867747535153e-09
2.172520362397060e-02,1.136926741746994e-09
2.185299893940572e-02,1.135991530891608e-09
2.198079425484084e-02,1.135062011607989e-09
2.210858957027596e-02,1.134138080535128e-09
2.223638488571108e-02,1.133219634312019e-09
2.236418020114620e-02,1.132306569577652e-09
2.249197551658132e-02,1.131398782971022e-09
2.261977083201644e-02,1.130496171131119e-09
2.274756614745157e-02,1.129598630696936e-09
2.287536146288669e-02,1.128706058307466e-09
2.300315677832181e-02,1.127818348892806e-09
2.313095209375693e-02,1.126935390547712e-09
2.325874740919205e-02,1.126057069658163e-09
2.338654272462717e-02,1.125183272610135e-09
2.351433804006229e-02,1.124313885789609e-09
2.364213335549741e-02,1.123448795582562e-09
2.376992867093253e-02,1.122587888374972e-09
2.389772398636766e-02,1.121731050552818e-09
2.402551930180278e-02,1.120878168502078e-09
2.415331461723790e-02,1.120029128608731e-09
2.428110993267302e-02,1.119183843234995e-09
2.440890524810814e-02,1.118342328636788e-09
2.453670056354326e-02,1.117504627040637e-09
2.466449587897838e-02,1.116670780673069e-09
2.479229119441350e-02,1.115840831760612e-09
2.492008650984863e-02,1.115014822529792e-09
2.504788182528375e-02,1.114192795207138e-09
2.517567714071887e-02,1.113374792019177e-09
2.530347245615399e-02,1.112560855192435e-09
2.543126777158911e-02,1.111751026953440e-09
2.555906308702423e-02,1.110945336728270e-09
2.568685840245935e-02,1.110143762738526e-09
2.581465371789447e-02,1.109346270404019e-09
2.594244903332960e-02,1.108552825144561e-09
2.607024434876471e-02,1.107763392379965e-09
2.619803966419984e-02,1.106977937530041e-09
2.632583497963496e-02,1.106196426014601e-09
2.645363029507008e-02,1.105418823253458e-09
2.658142561050520e-02,1.104645094666423e-09
2.670922092594032e-02,1.103875205673309e-09
2.683701624137544e-02,1.103109111155539e-09
2.696481155681056e-02,1.102346723841911e-09
2.709260687224568e-02,1.101587945923292e-09
2.722040218768081e-02,1.100832679590548e-09
2.734819750311593e-02,1.100080827034549e-09
2.747599281855105e-02,1.099332290446160e-09
2.760378813398617e-02,1.098586972016251e-09
2.773158344942129e-02,1.097844773935688e-09
2.785937876485641e-02,1.097105598395338e-09
2.798717408029153e-02,1.096369347586070e-09
2.811496939572665e-02,1.095635943053098e-09
2.824276471116178e-02,1.094905383751609e-09
2.837056002659689e-02,1.094177687987429e-09
2.849835534203202e-02,1.093452874066386e-09
2.862615065746714e-02,1.092730960294306e-09
2.875394597290226e-02,1.092011964977016e-09
2.888174128833738e-02,1.091295906420343e-09
2.900953660377250e-02,1.090582802930113e-09
2.913733191920762e-02,1.089872672812154e-09
2.926512723464274e-02,1.089165534372292e-09
2.939292255007787e-02,1.088461403533487e-09
2.952071786551299e-02,1.087760286686615e-09
2.964851318094811e-02,1.087062187839376e-09
2.977630849638323e-02,1.086367110999469e-09
2.990410381181835e-02,1.085675060174594e-09
3.003189912725347e-02,1.084986039372452e-09
3.015969444268859e-02,1.084300052600740e-09
3.028748975812371e-02,1.083617103867160e-09
3.041528507355883e-02,1.082937197179411e-09
3.054308038899396e-02,1.082260336545193e-09
3.067087570442908e-02,1.081586512425198e-09
3.079867101986420e-02,1.080915661092583e-09
3.092646633529932e-02,1.080247705273744e-09
3.105426165073444e-02,1.079582567695080e-09
3.118205696616956e-02,1.078920171082987e-09
3.130985228160468e-02,1.078260438163862e-09
3.143764759703981e-02,1.077603291664102e-09
3.156544291247493e-02,1.076948654310104e-09
3.169323822791005e-02,1.076296448828265e-09
3.182103354334517e-02,1.075646597944982e-09
3.194882885878029e-02,1.074999036810864e-09
3.207662417421541e-02,1.074353750269232e-09
3.220441948965053e-02,1.073710735585554e-09
3.233221480508566e-02,1.073069990025296e-09
3.246001012052077e-02,1.072431510853924e-09
3.258780543595589e-02,1.071795295336907e-09
3.271560075139102e-02,1.071161340739710e-09
3.284339606682614e-02,1.070529644327800e-09
3.297119138226126e-02,1.069900203366644e-09
3.309898669769638e-02,1.069273015121709e-09
3.322678201313150e-02,1.068648080845454e-09
3.335457732856662e-02,1.068025417739542e-09
3.348237264400174e-02,1.067405046993249e-09
3.361016795943687e-02,1.066786989795848e-09
3.373796327487198e-02,1.066171267336613e-09
3.386575859030710e-02,1.065557900804819e-09
3.399355390574223e-02,1.064946911389741e-09
3.412134922117735e-02,1.064338320280652e-09
3.424914453661247e-02,1.063732148666828e-09
3.437693985204759e-02,1.063128417737541e-09
3.450473516748271e-02,1.062527136193456e-09
3.463253048291783e-02,1.061928262780617e-09
3.476032579835295e-02,1.061331743756369e-09
3.488812111378808e-02,1.060737525378060e-09
3.501591642922319e-02,1.060145553903037e-09
3.514371174465832e-02,1.059555775588645e-09
3.527150706009344e-02,1.058968136692231e-09
3.539930237552856e-02,1.058382583471141e-09
3.552709769096368e-02,1.057799062182721e-09
3.565489300639881e-02,1.057217519084319e-09
3.578268832183392e-02,1.056637906219072e-09
3.591048363726904e-02,1.056060198771644e-09
3.603827895270417e-02,1.055484377711678e-09
3.616607426813929e-02,1.054910424008812e-09
3.629386958357441e-02,1.054338318632688e-09
3.642166489900953e-02,1.053768042552945e-09
3.654946021444465e-02,1.053199576739225e-09
3.667725552987977e-02,1.052632902161167e-09
3.680505084531489e-02,1.052067999788410e-09
3.693284616075002e-02,1.051504850590597e-09
3.706064147618514e-02,1.050943443056927e-09
3.718843679162025e-02,1.050383795757550e-09
3.731623210705538e-02,1.049825934783531e-09
3.744402742249050e-02,1.049269886225937e-09
3.757182273792562e-02,1.048715676175833e-09
3.769961805336074e-02,1.048163330724285e-09
3.782741336879586e-02,1.047612875962358e-09
3.795520868423098e-02,1.047064337981119e-09
3.808300399966610e-02,1.046517742871632e-09
3.821079931510123e-02,1.045973116724963e-09
3.833859463053635e-02,1.045430475898186e-09
3.846638994597146e-02,1.044889797811779e-09
3.859418526140659e-02,1.044351050151915e-09
3.872198057684171e-02,1.043814200604766e-09
3.884977589227683e-02,1.043279216856504e-09
3.897757120771195e-02,1.042746066593304e-09
3.910536652314707e-02,1.042214717501337e-09
3.923316183858219e-02,1.041685137266776e-09
3.936095715401731e-02,1.041157293575794e-09
3.948875246945244e-02,1.040631154114564e-09
3.961654778488756e-02,1.040106687165677e-09
3.974434310032268e-02,1.039583863397267e-09
3.987213841575780e-02,1.039062654073815e-09
3.999993373119292e-02,1.038543030459803e-09
4.012772904662804e-02,1.038024963819715e-09
4.025552436206317e-02,1.037508425418033e-09
4.038331967749829e-02,1.036993386519238e-09
4.051111499293340e-02,1.036479818387814e-09
4.063891030836853e-02,1.035967692288242e-09
4.076670562380365e-02,1.035456979485006e-09
4.089450093923877e-02,1.034947659874621e-09
4.102229625467389e-02,1.034439747885294e-09
4.115009157010902e-02,1.033933266579033e-09
4.127788688554413e-02,1.033428239017854e-09
4.140568220097925e-02,1.032924688263766e-09
4.153347751641438e-02,1.032422637378783e-09
4.166127283184950e-02,1.031922109424916e-09
4.178906814728462e-02,1.031423127464178e-09
4.191686346271974e-02,1.030925714558580e-09
4.204465877815486e-02,1.030429893770136e-09
4.217245409358998e-02,1.029935681951574e-09
4.230024940902510e-02,1.029443071117784e-09
4.242804472446023e-02,1.028952047074015e-09
4.255584003989534e-02,1.028462595625519e-09
4.268363535533046e-02,1.027974702577546e-09
4.281143067076559e-02,1.027488353735346e-09
4.293922598620071e-02,1.027003534904169e-09
4.306702130163583e-02,1.026520231889266e-09
4.319481661707095e-02,1.026038430495887e-09
4.332261193250607e-02,1.025558116529283e-09
4.345040724794119e-02,1.025079272783371e-09
4.357820256337631e-02,1.024601870007284e-09
4.370599787881144e-02,1.024125875939097e-09
4.383379319424656e-02,1.023651258316882e-09
4.396158850968167e-02,1.023177984878714e-09
4.408938382511680e-02,1.022706023362667e-09
4.421717914055192e-02,1.022235341506813e-09
4.434497445598704e-02,1.021765907049227e-09
4.447276977142216e-02,1.021297687727983e-09
4.460056508685728e-02,1.020830651281154e-09
4.472836040229240e-02,1.020364773490742e-09
4.485615571772752e-02,1.019900062318177e-09
4.498395103316265e-02,1.019436533770672e-09
4.511174634859777e-02,1.018974203855441e-09
4.523954166403289e-02,1.018513088579696e-09
4.536733697946801e-02,1.018053203950651e-09
4.549513229490313e-02,1.017594565975520e-09
4.562292761033825e-02,1.017137190661516e-09
4.575072292577338e-02,1.016681094015852e-09
4.587851824120850e-02,1.016226292045742e-09
4.600631355664361e-02,1.015772797619312e-09
4.613410887207874e-02,1.015320611047812e-09
4.626190418751386e-02,1.014869729503151e-09
4.638969950294898e-02,1.014420150157231e-09
4.651749481838410e-02,1.013971870181960e-09
4.664529013381922e-02,1.013524886749242e-09
4.677308544925434e-02,1.013079197030983e-09
4.690088076468946e-02,1.012634798199088e-09
4.702867608012459e-02,1.012191687425462e-09
4.715647139555971e-02,1.011749861882011e-09
4.728426671099482e-02,1.011309315752448e-09
4.741206202642995e-02,1.010870031268103e-09
4.753985734186507e-02,1.010431987672314e-09
4.766765265730019e-02,1.009995164208413e-09
4.779544797273531e-02,1.009559540119736e-09
4.792324328817044e-02,1.009125094649618e-09
4.805103860360555e-02,1.008691807041393e-09
4.817883391904067e-02,1.008259656538397e-09
4.830662923447580e-02,1.007828622383964e-09
4.843442454991092e-02,1.007398683821430e-09
4.856221986534604e-02,1.006969818352033e-09
4.869001518078116e-02,1.006541996509375e-09
4.881781049621628e-02,1.006115187085336e-09
4.894560581165140e-02,1.005689358871794e-09
4.907340112708652e-02,1.005264480660628e-09
4.920119644252165e-02,1.004840521243716e-09
4.932899175795677e-02,1.004417449412937e-09
4.945678707339188e-02,1.003995233960169e-09
4.958458238882701e-02,1.003573843677292e-09
4.971237770426213e-02,1.003153247356184e-09
4.984017301969725e-02,1.002733475156814e-09
4.996796833513237e-02,1.002314802724745e-09
5.000000000000000e-02,1.002210075238681e-09
5.009576365056749e-02,1.001897538673160e-09
5.022355896600261e-02,1.001481743833016e-09
5.035135428143774e-02,1.001067351226478e-09
5.047914959687286e-02,1.000654292812643e-09
5.060694491230798e-02,1.000242500550604e-09
5.073474022774310e-02,9.998319063994555e-10
5.086253554317822e-02,9.994224423182921e-10
5.099033085861334e-02,9.990140402662081e-10
5.111812617404846e-02,9.986066425325425e-10
5.124592148948359e-02,9.982002327267810e-10
5.137371680491870e-02,9.977948047882376e-10
5.150151212035382e-02,9.973903526562264e-10
5.162930743578895e-02,9.969868702700606e-10
5.175710275122407e-02,9.965843515690554e-10
5.188489806665919e-02,9.961827904925238e-10
5.201269338209431e-02,9.957821809797800e-10
5.214048869752943e-02,9.953825169701379e-10
5.226828401296455e-02,9.949837924029118e-10
5.239607932839967e-02,9.945860008920979e-10
5.252387464383480e-02,9.941891347505451e-10
5.265166995926992e-02,9.937931859658460e-10
5.277946527470503e-02,9.933981465255938e-10
5.290726059014016e-02,9.930040084173810e-10
5.303505590557528e-02,9.926107636288002e-10
5.316285122101040e-02,9.922184041474443e-10
5.329064653644552e-02,9.918269219609061e-10
5.341844185188065e-02,9.914363090567781e-10
5.354623716731576e-02,9.910465574226531e-10
5.367403248275088e-02,9.906576628667240e-10
5.380182779818601e-02,9.902696364805981e-10
5.392962311362113e-02,9.898824931769919e-10
5.405741842905625e-02,9.894962478686211e-10
5.418521374449137e-02,9.891109154682015e-10
5.431300905992649e-02,9.887265108884492e-10
5.444080437536161e-02,9.883430490420802e-10
5.456859969079673e-02,9.879605448418102e-10
5.469639500623186e-02,9.875790132003551e-10
5.482419032166697e-02,9.871984690304311e-10
5.495198563710210e-02,9.868189216773774e-10
5.507978095253722e-02,9.864403582171949e-10
5.520757626797234e-02,9.860627601585923e-10
5.533537158340746e-02,9.856861090102782e-10
5.546316689884258e-02,9.853103862809611e-10
5.559096221427770e-02,9.849355734793496e-10
5.571875752971282e-02,9.845616521141525e-10
5.584655284514795e-02,9.841886036940778e-10
5.597434816058307e-02,9.838164097278348e-10
5.610214347601819e-02,9.834450517241317e-10
5.622993879145331e-02,9.830745126708221e-10
5.635773410688843e-02,9.827047814718574e-10
5.648552942232355e-02,9.823358485100933e-10
5.661332473775867e-02,9.819677041683850e-10
5.674112005319380e-02,9.816003388295875e-10
5.686891536862891e-02,9.812337428765560e-10
5.699671068406403e-02,9.808679066921462e-10
5.712450599949916e-02,9.805028206592133e-10
5.725230131493428e-02,9.801384751606120e-10
5.738009663036940e-02,9.797748605791984e-10
5.750789194580452e-02,9.794119712052962e-10
5.763568726123964e-02,9.790498169603440e-10
5.776348257667476e-02,9.786884116738668e-10
5.789127789210988e-02,9.783277691753905e-10
5.801907320754501e-02,9.779679032944402e-10
5.814686852298013e-02,9.776088278605412e-10
5.827466383841524e-02,9.772505567032191e-10
5.840245915385037e-02,9.768931036519996e-10
5.853025446928549e-02,9.765364825364075e-10
5.865804978472061e-02,9.761807071859691e-10
5.878584510015573e-02,9.758257874789965e-10
5.891364041559085e-02,9.754717174888730e-10
5.904143573102597e-02,9.751184873377291e-10
5.916923104646109e-02,9.747660871476952e-10
5.929702636189622e-02,9.744145070409015e-10
5.942482167733134e-02,9.740637371394791e-10
5.955261699276646e-02,9.737137675655580e-10
5.968041230820158e-02,9.733645884412687e-10
5.980820762363670e-02,9.730161898887417e-10
5.993600293907182e-02,9.726685620301075e-10
6.006379825450694e-02,9.723216942455602e-10
6.019159356994207e-02,9.719755729477513e-10
6.031938888537718e-02,9.716301838074990e-10
6.044718420081231e-02,9.712855124956208e-10
6.057497951624743e-02,9.709415446829348e-10
6.070277483168255e-02,9.705982660402584e-10
6.083057014711767e-02,9.702556622384097e-10
6.095836546255279e-02,9.699137189482064e-10
6.108616077798791e-02,9.695724218404661e-10
6.121395609342303e-02,9.692317565860068e-10
6.134175140885816e-02,9.688917131461032e-10
6.146954672429328e-02,9.685522986454302e-10
6.159734203972840e-02,9.682135244999079e-10
6.172513735516352e-02,9.678754021254548e-10
6.185293267059864e-02,9.675379429379905e-10
6.198072798603376e-02,9.672011583534343e-10
6.210852330146888e-02,9.668650597877054e-10
6.223631861690401e-02,9.665296586567233e-10
6.236411393233912e-02,9.661949663764069e-10
6.249190924777424e-02,9.658609943626755e-10
6.261970456320937e-02,9.655277517629775e-10
6.274749987864449e-02,9.651952386507158e-10
6.287529519407961e-02,9.648634528307417e-10
6.300309050951473e-02,9.645323921079075e-10
6.313088582494986e-02,9.642020542870646e-10
6.325868114038498e-02,9.638724371730646e-10
6.338647645582010e-02,9.635435385707595e-10
6.351427177125522e-02,9.632153562850011e-10
6.364206708669033e-02,9.628878881206406e-10
6.376986240212545e-02,9.625611318825298e-10
6.389765771756058e-02,9.622350829957644e-10
6.402545303299570e-02,9.619097273669512e-10
6.415324834843082e-02,9.615850485232085e-10
6.428104366386594e-02,9.612610299916557e-10
6.440883897930107e-02,9.609376552994112e-10
6.453663429473619e-02,9.606149079735938e-10
6.466442961017131e-02,9.602927715413228e-10
6.479222492560642e-02,9.599712295297164e-10
6.492002024104154e-02,9.596502654658937e-10
6.504781555647667e-02,9.593298628769733e-10
6.517561087191179e-02,9.590100092991729e-10
6.530340618734691e-02,9.586907083067770e-10
6.543120150278203e-02,9.583719674840056e-10
6.555899681821716e-02,9.580537944150785e-10
6.568679213365228e-02,9.577361966842154e-10
6.581458744908740e-02,9.574191818756362e-10
6.594238276452252e-02,9.571027575735610e-10
6.607017807995763e-02,9.567869313622090e-10
6.619797339539275e-02,9.564717108258007e-10
6.632576871082788e-02,9.561571035485557e-10
6.645356402626300e-02,9.558431164077849e-10
6.658135934169812e-02,9.555297534530814e-10
6.670915465713324e-02,9.552170180270858e-10
6.683694997256837e-02,9.549049134724395e-10
6.696474528800349e-02,9.545934431317835e-10
6.709254060343861e-02,9.542826103477589e-10
6.722033591887373e-02,9.539724184630066e-10
6.734813123430886e-02,9.536628708201681e-10
6.747592654974396e-02,9.533539707618843e-10
6.760372186517909e-02,9.530457216307960e-10
6.773151718061421e-02,9.527381236313496e-10
6.785931249604933e-02,9.524311644157587e-10
6.798710781148445e-02,9.521248284983171e-10
6.811490312691958e-02,9.518191003933182e-10
6.824269844235470e-02,9.515139646150553e-10
6.837049375778982e-02,9.512094056778222e-10
6.849828907322494e-02,9.509054080959119e-10
6.862608438866007e-02,9.506019563836187e-10
6.875387970409517e-02,9.502990350552357e-10
6.888167501953030e-02,9.499966286250562e-10
6.900947033496542e-02,9.496947248301814e-10
6.913726565040054e-02,9.493933243004488e-10
6.926506096583566e-02,9.490924308892569e-10
6.939285628127079e-02,9.487920484500050e-10
6.952065159670591e-02,9.484921808360911e-10
6.964844691214103e-02,9.481928319009144e-10
6.977624222757615e-02,9.478940054978735e-10
6.990403754301128e-02,9.475957054803669e-10
7.003183285844640e-02,9.472979357017933e-10
7.015962817388151e-02,9.470007000155516e-10
7.028742348931663e-02,9.467040018799122e-10
7.041521880475175e-02,9.464078431725629e-10
7.054301412018688e-02,9.461122253760297e-10
7.067080943562200e-02,9.458171499728390e-10
7.079860475105712e-02,9.455226184455164e-10
7.092640006649224e-02,9.452286322765877e-10
7.105419538192737e-02,9.449351929485795e-10
7.118199069736249e-02,9.446423019440170e-10
7.130978601279761e-02,9.443499607454264e-10
7.152277820518949e-02,9.438639512321044e-10
7.173577039758135e-02,9.433794756292232e-10
7.194876258997322e-02,9.428965192496754e-10
7.216175478236508e-02,9.424150630960912e-10
7.237474697475696e-02,9.419350881711014e-10
7.258773916714882e-02,9.414565754773367e-10
7.280073135954070e-02,9.409795060174274e-10
7.301372355193256e-02,9.405038607940047e-10
7.322671574432443e-02,9.400296208096988e-10
7.343970793671629e-02,9.395567670671409e-10
7.365270012910817e-02,9.390852805689611e-10
7.386569232150003e-02,9.386151443882991e-10
7.407868451389191e-02,9.381463498803163e-10
7.429167670628377e-02,9.376788904706751e-10
7.450466889867564e-02,9.372127595850380e-10
7.471766109106751e-02,9.367479506490676e-10
7.493065328345938e-02,9.362844570884264e-10
7.514364547585124e-02,9.358222723287770e-10
7.535663766824312e-02,9.353613897957817e-10
7.556962986063498e-02,9.349018029151033e-10
7.578262205302685e-02,9.344435051124043e-10
7.599561424541872e-02,9.339864898516295e-10
7.620860643781059e-02,9.335307507498502e-10
7.642159863020245e-02,9.330762814624173e-10
7.663459082259433e-02,9.326230756446820e-10
7.684758301498619e-02,9.321711269519949e-10
7.706057520737807e-02,9.317204290397081e-10
7.727356739976993e-02,9.312709755631718e-10
7.748655959216180e-02,9.308227601777378e-10
7.769955178455366e-02,9.303757765387569e-10
7.791254397694554e-02,9.299300183015801e-10
7.812553616933740e-02,9.294854794205686e-10
7.833852836172928e-02,9.290421550460546e-10
7.855152055412114e-02,9.286000406273467e-10
7.876451274651301e-02,9.281591316137532e-10
7.897750493890487e-02,9.277194234545832e-10
7.919049713129675e-02,9.272809115991448e-10
7.940348932368861e-02,9.268435914967471e-10
7.961648151608049e-02,9.264074585966983e-10
7.982947370847235e-02,9.259725083483071e-10
8.004246590086422e-02,9.255387362008818e-10
8.025545809325609e-02,9.251061375840147e-10
8.046845028564796e-02,9.246747078484245e-10
8.068144247803982e-02,9.242444423251117e-10
8.089443467043170e-02,9.238153363450760e-10
8.110742686282357e-02,9.233873852393178e-10
8.132041905521543e-02,9.229605843388373e-10
8.153341124760730e-02,9.225349289746344e-10
8.174640343999917e-02,9.221104144777092e-10
8.195939563239105e-02,9.216870361790619e-10
8.217238782478291e-02,9.212647894096927e-10
8.238538001717477e-02,9.208436690702117e-10
8.259837220956665e-02,9.204236683396171e-10
8.281136440195852e-02,9.200047799664906e-10
8.302435659435038e-02,9.195869966994144e-10
8.323734878674224e-02,9.191703112869706e-10
8.345034097913412e-02,9.187547164777405e-10
8.366333317152599e-02,9.183402050203063e-10
8.387632536391786e-02,9.179267696632501e-10
8.408931755630973e-02,9.175144031551533e-10
8.430230974870159e-02,9.171030982445984e-10
8.451530194109347e-02,9.166928478293345e-10
8.472829413348533e-02,9.162836454037835e-10
8.494128632587720e-02,9.158754846115356e-10
8.515427851826907e-02,9.154683590961813e-10
8.536727071066094e-02,9.150622625013109e-10
8.558026290305280e-02,9.146571884705147e-10
8.579325509544468e-02,9.142531306473831e-10
8.600624728783654e-02,9.138500826755064e-10
8.621923948022842e-02,9.134480381984752e-10
8.643223167262028e-02,9.130469908598794e-10
8.664522386501215e-02,9.126469345511825e-10
8.685821605740401e-02,9.122478641553164e-10
8.707120824979589e-02,9.118497748030734e-10
8.728420044218775e-02,9.114526616252464e-10
8.749719263457963e-02,9.110565197526286e-10
8.771018482697149e-02,9.106613443160123e-10
8.792317701936336e-02,9.102671304461908e-10
8.813616921175522e-02,9.098738732739568e-10
8.834916140414710e-02,9.094815679301028e-10
8.856215359653896e-02,9.090902095454221e-10
8.877514578893084e-02,9.086997935675155e-10
8.898813798132270e-02,9.083103167111544e-10
8.920113017371457e-02,9.079217760078857e-10
8.941412236610644e-02,9.075341684892569e-10
8.962711455849831e-02,9.071474911868151e-10
8.984010675089017e-02,9.067617411321075e-10
9.005309894328205e-02,9.063769153566817e-10
9.026609113567391e-02,9.059930108920848e-10
9.047908332806578e-02,9.056100247698640e-10
9.069207552045766e-02,9.052279540215668e-10
9.090506771284952e-02,9.048467957043206e-10
9.111805990524138e-02,9.044665469775829e-10
9.133105209763326e-02,9.040872050263940e-10
9.154404429002513e-02,9.037087670357947e-10
9.175703648241700e-02,9.033312301908257e-10
9.197002867480886e-02,9.029545916765281e-10
9.218302086720073e-02,9.025788486779421e-10
9.239601305959261e-02,9.022039983801085e-10
9.260900525198447e-02,9.018300379680685e-10
9.282199744437633e-02,9.014569646268621e-10
9.303498963676821e-02,9.010847752858335e-10
9.324798182916008e-02,9.007134658515009e-10
9.346097402155194e-02,9.003430319746673e-10
9.367396621394380e-02,8.999734693061358e-10
9.388695840633568e-02,8.996047734967089e-10
9.409995059872756e-02,8.992369401971897e-10
9.431294279111942e-02,8.988699650583813e-10
9.452593498351128e-02,8.985038437310868e-10
9.473892717590315e-02,8.981385718661085e-10
9.495191936829503e-02,8.977741451142498e-10
9.516491156068689e-02,8.974105590348639e-10
9.537790375307875e-02,8.970478088215011e-10
9.559089594547063e-02,8.966858895762605e-10
9.580388813786250e-02,8.963247964012413e-10
9.601688033025436e-02,8.959645243985427e-10
9.622987252264624e-02,8.956050686702635e-10
9.644286471503810e-02,8.952464243185031e-10
9.665585690742998e-02,8.948885864453604e-10
9.686884909982184e-02,8.945315501529347e-10
9.708184129221371e-02,8.941753105433248e-10
9.729483348460558e-02,8.938198628465544e-10
9.750782567699745e-02,8.934652028043348e-10
9.772081786938931e-02,8.931113262862975e-10
9.793381006178119e-02,8.927582291620730e-10
9.814680225417305e-02,8.924059073012928e-10
9.835979444656492e-02,8.920543565735881e-10
9.857278663895679e-02,8.917035728485896e-10
9.878577883134866e-02,8.913535519959289e-10
9.899877102374052e-02,8.910042898852368e-10
9.921176321613240e-02,8.906557823861446e-10
9.942475540852426e-02,8.903080256111392e-10
9.963774760091614e-02,8.899610166440872e-10
9.985073979330800e-02,8.896147528116885e-10
1.000637319857000e-01,8.892692314406433e-10
1.002767241780920e-01,8.889244498576523e-10
1.004897163704840e-01,8.885804053894154e-10
1.007027085628750e-01,8.882370953626349e-10
1.009157007552670e-01,8.878945171040074e-10
1.011286929476590e-01,8.875526679402350e-10
1.013416851400510e-01,8.872115451980179e-10
1.015546773324430e-01,8.868711464401334e-10
1.017676695248350e-01,8.865314701738634e-10
1.019806617172270e-01,8.861925151426665e-10
1.021936539096190e-01,8.858542800900001e-10
1.024066461020100e-01,8.855167637593241e-10
1.026196382944020e-01,8.851799648940933e-10
1.028326304867940e-01,8.848438822377673e-10
1.030456226791860e-01,8.845085145338041e-10
1.032586148715780e-01,8.841738605256616e-10
1.034716070639700e-01,8.838399189567979e-10
1.036845992563620e-01,8.835066883250168e-10
1.038975914487540e-01,8.831741661456028e-10
1.041105836411450e-01,8.828423496882363e-10
1.043235758335370e-01,8.825112362225935e-10
1.045365680259290e-01,8.821808230183552e-10
1.047495602183210e-01,8.818511073452001e-10
1.049625524107130e-01,8.815220864728078e-10
1.051755446031050e-01,8.811937576708570e-10
1.053885367954970e-01,8.808661182090270e-10
1.056015289878880e-01,8.805391653569983e-10
1.058145211802800e-01,8.802128962406921e-10
1.060275133726720e-01,8.798873074112483e-10
1.062405055650640e-01,8.795623952761678e-10
1.064534977574560e-01,8.792381562429515e-10
1.066664899498480e-01,8.789145867191002e-10
1.068794821422400e-01,8.785916831121148e-10
1.070924743346320e-01,8.782694418294960e-10
1.073054665270230e-01,8.779478592787464e-10
1.075184587194150e-01,8.776269318673637e-10
1.077314509118070e-01,8.773066560028501e-10
1.079444431041990e-01,8.769870281118099e-10
1.081574352965910e-01,8.766680446973121e-10
1.083704274889830e-01,8.763497022815553e-10
1.085834196813750e-01,8.760319973867384e-10
1.087964118737660e-01,8.757149265350612e-10
1.090094040661580e-01,8.753984862487199e-10
1.092223962585500e-01,8.750826730499145e-10
1.094353884509420e-01,8.747674834608437e-10
1.096483806433340e-01,8.744529140037061e-10
1.098613728357260e-01,8.741389612007006e-10
1.100743650281180e-01,8.738256217756180e-10
1.102873572205100e-01,8.735128932589275e-10
1.105003494129010e-01,8.732007733828452e-10
1.107133416052930e-01,8.728892598795843e-10
1.109263337976850e-01,8.725783504813612e-10
1.111393259900770e-01,8.722680429203914e-10
1.113523181824690e-01,8.719583349288905e-10
1.115653103748610e-01,8.716492242390737e-10
1.117783025672530e-01,8.713407085831563e-10
1.119912947596450e-01,8.710327856933539e-10
1.122042869520360e-01,8.707254534841022e-10
1.124172791444280e-01,8.704187105987616e-10
1.126302713368200e-01,8.701125558629435e-10
1.128432635292120e-01,8.698069881022568e-10
1.130562557216040e-01,8.695020061423111e-10
1.132692479139960e-01,8.691976088087156e-10
1.134822401063880e-01,8.688937949270800e-10
1.136952322987790e-01,8.685905633230149e-10
1.139082244911710e-01,8.682879128221267e-10
1.141212166835630e-01,8.679858422500267e-10
1.143342088759550e-01,8.676843504246488e-10
1.145472010683470e-01,8.673834361332351e-10
1.147601932607390e-01,8.670830981553558e-10
1.149731854531310e-01,8.667833352705816e-10
1.151861776455230e-01,8.664841462584827e-10
1.153991698379140e-01,8.661855298986309e-10
1.156121620303060e-01,8.658874849705941e-10
1.158251542226980e-01,8.655900102539439e-10
1.160381464150900e-01,8.652931045282507e-10
1.162511386074820e-01,8.649967665730851e-10
1.164641307998740e-01,8.647009949615249e-10
1.166771229922660e-01,8.644057874411279e-10
1.168901151846570e-01,8.641111415531846e-10
1.171031073770490e-01,8.638170548389820e-10
1.173160995694410e-01,8.635235248398110e-10
1.175290917618330e-01,8.632305490969610e-10
1.177420839542250e-01,8.629381251517216e-10
1.179550761466170e-01,8.626462505453824e-10
1.181680683390090e-01,8.623549228192328e-10
1.183810605314010e-01,8.620641395145623e-10
1.185940527237920e-01,8.617738981116590e-10
1.188070449161840e-01,8.614841958466598e-10
1.190200371085760e-01,8.611950298946348e-10
1.192330293009680e-01,8.609063974306532e-10
1.194460214933600e-01,8.606182956297836e-10
1.196590136857520e-01,8.603307216670949e-10
1.198720058781440e-01,8.600436727176562e-10
1.200849980705360e-01,8.597571459565361e-10
1.202979902629270e-01,8.594711385588051e-10
1.205109824553190e-01,8.591856476995291e-10
1.207239746477110e-01,8.589006706375992e-10
1.209369668401030e-01,8.586162049672696e-10
1.211499590324950e-01,8.583322483666566e-10
1.213629512248870e-01,8.580487985138764e-10
1.215759434172790e-01,8.577658530870456e-10
1.217889356096700e-01,8.574834097642819e-10
1.220019278020620e-01,8.572014662236986e-10
1.222149199944540e-01,8.569200201434136e-10
1.224279121868460e-01,8.566390692015433e-10
1.226409043792380e-01,8.563586110762038e-10
1.228538965716300e-01,8.560786436801329e-10
1.230668887640220e-01,8.557991658644962e-10
1.232798809564140e-01,8.555201767150511e-10
1.234928731488050e-01,8.552416753175570e-10
1.237058653411970e-01,8.549636607577689e-10
1.239188575335890e-01,8.546861321214459e-10
1.241318497259810e-01,8.544090884943460e-10
1.243448419183730e-01,8.541325289622269e-10
1.245578341107650e-01,8.538564526108463e-10
1.247708263031570e-01,8.535808585259622e-10
1.249838184955480e-01,8.533057458110164e-10
1.251968106879400e-01,8.530311136401525e-10
1.254098028803320e-01,8.527569612051875e-10
1.256227950727240e-01,8.524832876979375e-10
1.258357872651160e-01,8.522100923102184e-10
1.260487794575080e-01,8.519373742338460e-10
1.262617716499000e-01,8.516651326606362e-10
1.264747638422920e-01,8.513933667824048e-10
1.266877560346830e-01,8.511220757909690e-10
1.269007482270750e-01,8.508512588781422e-10
1.271137404194670e-01,8.505809151544889e-10
1.273267326118590e-01,8.503110434057824e-10
1.275397248042510e-01,8.500416423366538e-10
1.277527169966430e-01,8.497727106517340e-10
1.279657091890350e-01,8.495042470556540e-10
1.281787013814270e-01,8.492362502530452e-10
1.283916935738180e-01,8.489687189485394e-10
1.286046857662100e-01,8.487016518467655e-10
1.288176779586020e-01,8.484350476523555e-10
1.290306701509940e-01,8.481689050699405e-10
1.292436623433860e-01,8.479032226546979e-10
1.294566545357780e-01,8.476379983637392e-10
1.296696467281700e-01,8.473732300045962e-10
1.298826389205610e-01,8.471089153848023e-10
1.300956311129530e-01,8.468450523118869e-10
1.303086233053450e-01,8.465816385933835e-10
1.305216154977370e-01,8.463186720368240e-10
1.307346076901290e-01,8.460561504497403e-10
1.309475998825210e-01,8.457940716396646e-10
1.311605920749130e-01,8.455324334141287e-10
1.313735842673050e-01,8.452712335528144e-10
1.315865764596960e-01,8.450104697239902e-10
1.317995686520880e-01,8.447501395680643e-10
1.320125608444800e-01,8.444902407254486e-10
1.322255530368720e-01,8.442307708365539e-10
1.324385452292640e-01,8.439717275417908e-10
1.326515374216560e-01,8.437131084815701e-10
1.328645296140480e-01,8.434549112963022e-10
1.330775218064400e-01,8.431971336263981e-10
1.332905139988310e-01,8.429397731122697e-10
1.335035061912230e-01,8.426828276565502e-10
1.337164983836150e-01,8.424262962105708e-10
1.339294905760070e-01,8.421701779877828e-10
1.341424827683990e-01,8.419144722016377e-10
1.343554749607910e-01,8.416591780655871e-10
1.345684671531830e-01,8.414042947930824e-10
1.347814593455740e-01,8.411498215975765e-10
1.349944515379660e-01,8.408957576925183e-10
1.352074437303580e-01,8.406421022913606e-10
1.354204359227500e-01,8.403888546075547e-10
1.356334281151420e-01,8.401360138551054e-10
1.358464203075340e-01,8.398835792502283e-10
1.360594124999260e-01,8.396315500096916e-10
1.362724046923180e-01,8.393799253502631e-10
1.364853968847090e-01,8.391287044887126e-10
1.366983890771010e-01,8.388778866418058e-10
1.369113812694930e-01,8.386274710263118e-10
1.371243734618850e-01,8.383774568589988e-10
1.373373656542770e-01,8.381278433566350e-10
1.375503578466690e-01,8.378786297359887e-10
1.377633500390610e-01,8.376298152633808e-10
1.379763422314520e-01,8.373813994034622e-10
1.381893344238440e-01,8.371333816704927e-10
1.384023266162360e-01,8.368857615787352e-10
1.386153188086280e-01,8.366385386424513e-10
1.388283110010200e-01,8.363917123759028e-10
1.390413031934120e-01,8.361452822933514e-10
1.392542953858040e-01,8.358992479090590e-10
1.394672875781960e-01,8.356536087372871e-10
1.396802797705870e-01,8.354083642922989e-10
1.398932719629790e-01,8.351635139068262e-10
1.401062641553710e-01,8.349190561872884e-10
1.403192563477630e-01,8.346749895584724e-10
1.405322485401550e-01,8.344313124451655e-10
1.407452407325470e-01,8.341880232721548e-10
1.409582329249390e-01,8.339451204642275e-10
1.411712251173300e-01,8.337026024461717e-10
1.413842173097220e-01,8.334604676427726e-10
1.415972095021140e-01,8.332187144788182e-10
1.418102016945060e-01,8.329773413790959e-10
1.420231938868980e-01,8.327363466903280e-10
1.422361860792900e-01,8.324957284469861e-10
1.424491782716820e-01,8.322554846054808e-10
1.426621704640740e-01,8.320156131222227e-10
1.428751626564650e-01,8.317761119536236e-10
1.430881548488570e-01,8.315369790560917e-10
1.433011470412490e-01,8.312982123860390e-10
1.435141392336410e-01,8.310598098998757e-10
1.437271314260330e-01,8.308217695540128e-10
1.439401236184250e-01,8.305840893048607e-10
1.441531158108170e-01,8.303467672635719e-10
1.443661080032090e-01,8.301098021600599e-10
1.445791001956000e-01,8.298731928788782e-10
1.447920923879920e-01,8.296369383045773e-10
1.450050845803840e-01,8.294010373217104e-10
1.452180767727760e-01,8.291654888148301e-10
1.454310689651680e-01,8.289302916684888e-10
1.456440611575600e-01,8.286954447672390e-10
1.458570533499520e-01,8.284609469956332e-10
1.460700455423430e-01,8.282267972382247e-10
1.462830377347350e-01,8.279929944737601e-10
1.464960299271270e-01,8.277595380575310e-10
1.467090221195190e-01,8.275264274389037e-10
1.469220143119110e-01,8.272936620672441e-10
1.471350065043030e-01,8.270612413919185e-10
1.473479986966950e-01,8.268291648622930e-10
1.475609908890870e-01,8.265974319277335e-10
1.477739830814780e-01,8.263660420376074e-10
1.479869752738700e-01,8.261349946412784e-10
1.481999674662620e-01,8.259042891881138e-10
1.484129596586540e-01,8.256739251655922e-10
1.486259518510460e-01,8.254439022137123e-10
1.488389440434380e-01,8.252142200106200e-10
1.490519362358300e-01,8.249848782344616e-10
1.492649284282220e-01,8.247558765633831e-10
1.494779206206130e-01,8.245272146755317e-10
1.496909128130050e-01,8.242988922490513e-10
1.499039050053970e-01,8.240709089620891e-10
1.501168971977890e-01,8.238432644927911e-10
1.503298893901810e-01,8.236159585193036e-10
1.505428815825730e-01,8.233889906345520e-10
1.507558737749650e-01,8.231623600905297e-10
1.509688659673560e-01,8.229360660539847e-10
1.511818581597480e-01,8.227101076916625e-10
1.513948503521400e-01,8.224844841703109e-10
1.516078425445320e-01,8.222591946566774e-10
1.518208347369240e-01,8.220342383175091e-10
1.520338269293160e-01,8.218096143195534e-10
1.522468191217080e-01,8.215853218295572e-10
1.524598113141000e-01,8.213613600142680e-10
1.526728035064910e-01,8.211377279145249e-10
1.528857956988830e-01,8.209144240676078e-10
1.530987878912750e-01,8.206914468849308e-10
1.533117800836670e-01,8.204687947779068e-10
1.535247722760590e-01,8.202464661579493e-10
1.537377644684510e-01,8.200244594364709e-10
1.539507566608430e-01,8.198027730248850e-10
1.541637488532340e-01,8.195814053346053e-10
1.543767410456260e-01,8.193603547770433e-10
1.545897332380180e-01,8.191396197636126e-10
1.548027254304100e-01,8.189191987569437e-10
1.550157176228020e-01,8.186990904244404e-10
1.552287098151940e-01,8.184792934846756e-10
1.554417020075860e-01,8.182598066562222e-10
1.556546941999780e-01,8.180406286576534e-10
1.558676863923690e-01,8.178217582075430e-10
1.560806785847610e-01,8.176031940244620e-10
1.562936707771530e-01,8.173849348269844e-10
1.565066629695450e-01,8.171669793336832e-10
1.567196551619370e-01,8.169493262631315e-10
1.569326473543290e-01,8.167319744107575e-10
1.571456395467210e-01,8.165149228796040e-10
1.573586317391130e-01,8.162981708496667e-10
1.575716239315040e-01,8.160817175009418e-10
1.577846161238960e-01,8.158655620134230e-10
1.579976083162880e-01,8.156497035671065e-10
1.582106005086800e-01,8.154341413419875e-10
1.584235927010720e-01,8.152188745180619e-10
1.586365848934640e-01,8.150039022753247e-10
1.588495770858560e-01,8.147892237937715e-10
1.590625692782470e-01,8.145748384065135e-10
1.592755614706390e-01,8.143607460593155e-10
1.594885536630310e-01,8.141469468511589e-10
1.597015458554230e-01,8.139334408810244e-10
1.599145380478150e-01,8.137202282478923e-10
1.601275302402070e-01,8.135073090507431e-10
1.603405224325990e-01,8.132946833885575e-10
1.605535146249910e-01,8.130823513603158e-10
1.607665068173820e-01,8.128703130649995e-10
1.609794990097740e-01,8.126585686015871e-10
1.611924912021660e-01,8.124471179641975e-10
1.614054833945580e-01,8.122359607274916e-10
1.616184755869500e-01,8.120250963612651e-10
1.618314677793420e-01,8.118145243353132e-10
1.620444599717340e-01,8.116042441194316e-10
1.622574521641260e-01,8.113942551834156e-10
1.624704443565170e-01,8.111845569970616e-10
1.626834365489090e-01,8.109751490301632e-10
1.628964287413010e-01,8.107660307525169e-10
1.631094209336930e-01,8.105572016339181e-10
1.633224131260850e-01,8.103486610666462e-10
1.635354053184770e-01,8.101404081330091e-10
1.637483975108690e-01,8.099324418378439e-10
1.639613897032600e-01,8.097247611859890e-10
1.641743818956520e-01,8.095173651822796e-10
1.643873740880440e-01,8.093102528315546e-10
1.646003662804360e-01,8.091034231386508e-10
1.648133584728280e-01,8.088968751084056e-10
1.650263506652200e-01,8.086906077456568e-10
1.652393428576120e-01,8.084846200552413e-10
1.654523350500040e-01,8.082789109791069e-10
1.656653272423950e-01,8.080734792077955e-10
1.658783194347870e-01,8.078683233690317e-10
1.660913116271790e-01,8.076634420905435e-10
1.663043038195710e-01,8.074588340000579e-10
1.665172960119630e-01,8.072544977253016e-10
1.667302882043550e-01,8.070504318940016e-10
1.669432803967470e-01,8.068466351338849e-10
1.671562725891380e-01,8.066431060726792e-10
1.673692647815300e-01,8.064398433381097e-10
1.675822569739220e-01,8.062368456480906e-10
1.677952491663140e-01,8.060341120814618e-10
1.680082413587060e-01,8.058316418073393e-10
1.682212335510980e-01,8.056294339948391e-10
1.684342257434900e-01,8.054274878130769e-10
1.686472179358820e-01,8.052258024311687e-10
1.688602101282730e-01,8.050243770182315e-10
1.690732023206650e-01,8.048232107433791e-10
1.692861945130570e-01,8.046223027757287e-10
1.694991867054490e-01,8.044216522843960e-10
1.697121788978410e-01,8.042212585459242e-10
1.699251710902330e-01,8.040211212666455e-10
1.701381632826250e-01,8.038212402603596e-10
1.703511554750170e-01,8.036216153408663e-10
1.705641476674080e-01,8.034222463219659e-10
1.707771398598000e-01,8.032231330174563e-10
1.709901320521920e-01,8.030242752411381e-10
1.712031242445840e-01,8.028256728068110e-10
1.714161164369760e-01,8.026273255282748e-10
1.716291086293680e-01,8.024292332193289e-10
1.718421008217600e-01,8.022313957099943e-10
1.720550930141510e-01,8.020338128951692e-10
1.722680852065430e-01,8.018364846859667e-10
1.724810773989350e-01,8.016394109935024e-10
1.726940695913270e-01,8.014425917288913e-10
1.729070617837190e-01,8.012460268032477e-10
1.731200539761110e-01,8.010497161276867e-10
1.733330461685030e-01,8.008536596133227e-10
1.735460383608950e-01,8.006578571712708e-10
1.737590305532860e-01,8.004623087126465e-10
1.739720227456780e-01,8.002670140659853e-10
1.741850149380700e-01,8.000719727296577e-10
1.743980071304620e-01,7.998771841195271e-10
1.746109993228540e-01,7.996826476514567e-10
1.748239915152460e-01,7.994883627413101e-10
1.750369837076380e-01,7.992943288049501e-10
1.752499759000290e-01,7.991005452582415e-10
1.754629680924210e-01,7.989070115170451e-10
1.756759602848130e-01,7.987137269972257e-10
1.758889524772050e-01,7.985206911146464e-10
1.761019446695970e-01,7.983279031947362e-10
1.763149368619890e-01,7.981353622009445e-10
1.765279290543810e-01,7.979430670061657e-10
1.767409212467730e-01,7.977510164832937e-10
1.769539134391640e-01,7.975592095052238e-10
1.771669056315560e-01,7.973676449448480e-10
1.773798978239480e-01,7.971763216750617e-10
1.775928900163400e-01,7.969852385687587e-10
1.778058822087320e-01,7.967943944988333e-10
1.780188744011240e-01,7.966037883381795e-10
1.782318665935160e-01,7.964134189735887e-10
1.784448587859070e-01,7.962232853474597e-10
1.786578509782990e-01,7.960333864160966e-10
1.788708431706910e-01,7.958437211358055e-10
1.790838353630830e-01,7.956542884628919e-10
1.792968275554750e-01,7.954650873536610e-10
1.795098197478670e-01,7.952761167644185e-10
1.797228119402590e-01,7.950873756514695e-10
1.799358041326510e-01,7.948988629711199e-10
1.801487963250420e-01,7.947105776796754e-10
1.803617885174340e-01,7.945225188704145e-10
1.805747807098260e-01,7.943346861845445e-10
1.807877729022180e-01,7.941470794002608e-10
1.810007650946100e-01,7.939596982957585e-10
1.812137572870020e-01,7.937725426492327e-10
1.814267494793940e-01,7.935856122388788e-10
1.816397416717860e-01,7.933989068428920e-10
1.818527338641770e-01,7.932124262394685e-10
1.820657260565690e-01,7.930261702068015e-10
1.822787182489610e-01,7.928401385230873e-10
1.824917104413530e-01,7.926543309804960e-10
1.827047026337450e-01,7.924687474270825e-10
1.829176948261370e-01,7.922833877248698e-10
1.831306870185290e-01,7.920982517358804e-10
1.833436792109200e-01,7.919133393221381e-10
1.835566714033120e-01,7.917286503456638e-10
1.837696635957040e-01,7.915441846684812e-10
1.839826557880960e-01,7.913599421526128e-10
1.841956479804880e-01,7.911759226600817e-10
1.844086401728800e-01,7.909921260529105e-10
1.846216323652720e-01,7.908085521974177e-10
1.848346245576640e-01,7.906252009770967e-10
1.850476167500550e-01,7.904420722797327e-10
1.852606089424470e-01,7.902591659931080e-10
1.854736011348390e-01,7.900764820050078e-10
1.856865933272310e-01,7.898940202032164e-10
1.858995855196230e-01,7.897117804755182e-10
1.861125777120150e-01,7.895297627096972e-10
1.863255699044070e-01,7.893479667935379e-10
1.865385620967990e-01,7.891663926148244e-10
1.867515542891900e-01,7.889850399344797e-10
1.869645464815820e-01,7.888039080057032e-10
1.871775386739740e-01,7.886229959546993e-10
1.873905308663660e-01,7.884423029076715e-10
1.876035230587580e-01,7.882618279908233e-10
1.878165152511500e-01,7.880815703303581e-10
1.880295074435420e-01,7.879015290524796e-10
1.882424996359330e-01,7.877217032833920e-10
1.884554918283250e-01,7.875420921492970e-10
1.886684840207170e-01,7.873626947763990e-10
1.888814762131090e-01,7.871835102751053e-10
1.890944684055010e-01,7.870045376926245e-10
1.893074605978930e-01,7.868257760603619e-10
1.895204527902850e-01,7.866472244097226e-10
1.897334449826770e-01,7.864688817721121e-10
1.899464371750680e-01,7.862907471789364e-10
1.901594293674600e-01,7.861128196615992e-10
1.903724215598520e-01,7.859350982515065e-10
1.905854137522440e-01,7.857575819800637e-10
1.907984059446360e-01,7.855802698786759e-10
1.910113981370280e-01,7.854031610512103e-10
1.912243903294200e-01,7.852262548913564e-10
1.914373825218110e-01,7.850495508652542e-10
1.916503747142030e-01,7.848730484390416e-10
1.918633669065950e-01,7.846967470788582e-10
1.920763590989870e-01,7.845206462508435e-10
1.922893512913790e-01,7.843447454211365e-10
1.925023434837710e-01,7.841690440558768e-10
1.927153356761630e-01,7.839935416212032e-10
1.929283278685550e-01,7.838182375832552e-10
1.931413200609460e-01,7.836431314877414e-10
1.933543122533380e-01,7.834682231985185e-10
1.935673044457300e-01,7.832935126589517e-10
1.937802966381220e-01,7.831189998124057e-10
1.939932888305140e-01,7.829446846022449e-10
1.942062810229060e-01,7.827705669718338e-10
1.944192732152980e-01,7.825966468645368e-10
1.946322654076900e-01,7.824229242237187e-10
1.948452576000810e-01,7.822493989927445e-10
1.950582497924730e-01,7.820760711149772e-10
1.952712419848650e-01,7.819029405373603e-10
1.954842341772570e-01,7.817300072211387e-10
1.956972263696490e-01,7.815572711311300e-10
1.959102185620410e-01,7.813847322321524e-10
1.961232107544330e-01,7.812123904890236e-10
1.963362029468240e-01,7.810402458665626e-10
1.965491951392160e-01,7.808682983295853e-10
1.967621873316080e-01,7.806965478429107e-10
1.969751795240000e-01,7.805249943713565e-10
1.971881717163920e-01,7.803536378797410e-10
1.974011639087840e-01,7.801824782804264e-10
1.976141561011760e-01,7.800115152758712e-10
1.978271482935680e-01,7.798407485160360e-10
1.980401404859590e-01,7.796701776508830e-10
1.982531326783510e-01,7.794998023303714e-10
1.984661248707430e-01,7.793296222044631e-10
1.986791170631350e-01,7.791596369231192e-10
1.988921092555270e-01,7.789898461363006e-10
1.991051014479190e-01,7.788202494939685e-10
1.993180936403110e-01,7.786508466460837e-10
1.995310858327020e-01,7.784816371373313e-10
1.997440780250940e-01,7.783126200912485e-10
1.999570702174860e-01,7.781437945260794e-10
2.001700624098780e-01,7.779751594600668e-10
2.003830546022700e-01,7.778067139114540e-10
2.005960467946620e-01,7.776384568984841e-10
2.008090389870540e-01,7.774703874394000e-10
2.010220311794460e-01,7.773025045524452e-10
2.012350233718370e-01,7.771348072558633e-10
2.014480155642290e-01,7.769672945678958e-10
2.016610077566210e-01,7.767999655701394e-10
2.018739999490130e-01,7.766328195975444e-10
2.020869921414050e-01,7.764658560483861e-10
2.022999843337970e-01,7.762990743209397e-10
2.025129765261890e-01,7.761324738134806e-10
2.027259687185810e-01,7.759660539242838e-10
2.029389609109720e-01,7.757998140516256e-10
2.031519531033640e-01,7.756337535937795e-10
2.033649452957560e-01,7.754678719490217e-10
2.035779374881480e-01,7.753021685156272e-10
2.037909296805400e-01,7.751366427338887e-10
2.040039218729320e-01,7.749712942120780e-10
2.042169140653240e-01,7.748061226004403e-10
2.044299062577150e-01,7.746411275492210e-10
2.046428984501070e-01,7.744763087086634e-10
2.048558906424990e-01,7.743116657290133e-10
2.050688828348910e-01,7.741471982605155e-10
2.052818750272830e-01,7.739829059534149e-10
2.054948672196750e-01,7.738187884579564e-10
2.057078594120670e-01,7.736548454243847e-10
2.059208516044590e-01,7.734910766135193e-10
2.061338437968500e-01,7.733274822287303e-10
2.063468359892420e-01,7.731640625840866e-10
2.065598281816340e-01,7.730008179936592e-10
2.067728203740260e-01,7.728377487715187e-10
2.069858125664180e-01,7.726748552317353e-10
2.071988047588100e-01,7.725121376883793e-10
2.074117969512020e-01,7.723495964555212e-10
2.076247891435940e-01,7.721872318472313e-10
2.078377813359850e-01,7.720250441775807e-10
2.080507735283770e-01,7.718630336588497e-10
2.082637657207690e-01,7.717012000960604e-10
2.084767579131610e-01,7.715395431923916e-10
2.086897501055530e-01,7.713780626510226e-10
2.089027422979450e-01,7.712167581751323e-10
2.091157344903370e-01,7.710556294678999e-10
2.093287266827280e-01,7.708946762325051e-10
2.095417188751200e-01,7.707338981721256e-10
2.097547110675120e-01,7.705732949899412e-10
2.099677032599040e-01,7.704128663891309e-10
2.101806954522960e-01,7.702526120244970e-10
2.103936876446880e-01,7.700925313573419e-10
2.106066798370800e-01,7.699326238005959e-10
2.108196720294720e-01,7.697728887671894e-10
2.110326642218630e-01,7.696133256700532e-10
2.112456564142550e-01,7.694539339221161e-10
2.114586486066470e-01,7.692947129363089e-10
2.116716407990390e-01,7.691356621255619e-10
2.118846329914310e-01,7.689767809028052e-10
2.120976251838230e-01,7.688180686809689e-10
2.123106173762150e-01,7.686595248531661e-10
2.125236095686060e-01,7.685011487332688e-10
2.127366017609980e-01,7.683429396153439e-10
2.129495939533900e-01,7.681848967934600e-10
2.131625861457820e-01,7.680270195616855e-10
2.133755783381740e-01,7.678693072140886e-10
2.135885705305660e-01,7.677117590447372e-10
2.138015627229580e-01,7.675543743476996e-10
2.140145549153500e-01,7.673971524170441e-10
2.142275471077410e-01,7.672400925468394e-10
2.144405393001330e-01,7.670831939923294e-10
2.146535314925250e-01,7.669264558535709e-10
2.148665236849170e-01,7.667698771918488e-10
2.150795158773090e-01,7.666134570684479e-10
2.152925080697010e-01,7.664571945446532e-10
2.155055002620930e-01,7.663010886817492e-10
2.157184924544850e-01,7.661451385410208e-10
2.159314846468760e-01,7.659893431837536e-10
2.161444768392680e-01,7.658337016712309e-10
2.163574690316600e-01,7.656782130647384e-10
2.165704612240520e-01,7.655228769936626e-10
2.167834534164440e-01,7.653676953607904e-10
2.169964456088360e-01,7.652126706375066e-10
2.172094378012280e-01,7.650578052951953e-10
2.174224299936190e-01,7.649031018052420e-10
2.176354221860110e-01,7.647485626390300e-10
2.178484143784030e-01,7.645941902679442e-10
2.180614065707950e-01,7.644399871633694e-10
2.182743987631870e-01,7.642859557966903e-10
2.184873909555790e-01,7.641320986392912e-10
2.187003831479710e-01,7.639784162213987e-10
2.189133753403630e-01,7.638249013076185e-10
2.191263675327540e-01,7.636715447209039e-10
2.193393597251460e-01,7.635183372842062e-10
2.195523519175380e-01,7.633652698204792e-10
2.197653441099300e-01,7.632123331526756e-10
2.199783363023220e-01,7.630595181037482e-10
2.201913284947140e-01,7.629068154966498e-10
2.204043206871060e-01,7.627542161543332e-10
2.206173128794970e-01,7.626017108997520e-10
2.208303050718890e-01,7.624492978165060e-10
2.210432972642810e-01,7.622970040255237e-10
2.212562894566730e-01,7.621448639057474e-10
2.214692816490650e-01,7.619929118361192e-10
2.216822738414570e-01,7.618411821955818e-10
2.218952660338490e-01,7.616897093630773e-10
2.221082582262410e-01,7.615385277175480e-10
2.223212504186320e-01,7.613876716379371e-10
2.225342426110240e-01,7.612371755031854e-10
2.227472348034160e-01,7.610870736922359e-10
2.229602269958080e-01,7.609373730397907e-10
2.231732191882000e-01,7.607879702575851e-10
2.233862113805920e-01,7.606387345401062e-10
2.235992035729840e-01,7.604895350818406e-10
2.238121957653760e-01,7.603402410772748e-10
2.240251879577670e-01,7.601907217208964e-10
2.242381801501590e-01,7.600408462071908e-10
2.244511723425510e-01,7.598904837306454e-10
2.246641645349430e-01,7.597395034857468e-10
2.248771567273350e-01,7.595877746669817e-10
2.250901489197270e-01,7.594352691639426e-10
2.253031411121190e-01,7.592823698970906e-10
2.255161333045100e-01,7.591295626072536e-10
2.257291254969020e-01,7.589773330352578e-10
2.259421176892940e-01,7.588261669219316e-10
2.261551098816860e-01,7.586765500081025e-10
2.263681020740780e-01,7.585289680345980e-10
2.265810942664700e-01,7.583839067422457e-10
2.267940864588620e-01,7.582418518718732e-10
2.270070786512540e-01,7.581032891643078e-10
2.272200708436450e-01,7.579686838769000e-10
2.274330630360370e-01,7.578384193084449e-10
2.276460552284290e-01,7.577128582619394e-10
2.278590474208210e-01,7.575923635403797e-10
2.280720396132130e-01,7.574772979467619e-10
2.282850318056050e-01,7.573680242840823e-10
2.284980239979970e-01,7.572649053553373e-10
2.287110161903880e-01,7.571683039635232e-10
2.289240083827800e-01,7.570785829116356e-10
2.291370005751720e-01,7.569961050026710e-10
2.293499927675640e-01,7.569230850600085e-10
2.295629849599560e-01,7.568691459285448e-10
2.297759771523480e-01,7.568457624435519e-10
2.299889693447400e-01,7.568644094403017e-10
2.302019615371320e-01,7.569365617540667e-10
2.304149537295230e-01,7.570736942201180e-10
2.306279459219150e-01,7.572872816737286e-10
2.308409381143070e-01,7.575887989501707e-10
2.310539303066990e-01,7.579897208847160e-10
2.312669224990910e-01,7.585015223126368e-10
2.314799146914830e-01,7.591305897135845e-10
2.316929068838750e-01,7.598629625937110e-10
2.319058990762670e-01,7.606795953275276e-10
2.321188912686580e-01,7.615614422895415e-10
2.323318834610500e-01,7.624894578542725e-10
2.325448756534420e-01,7.634445963962281e-10
2.327578678458340e-01,7.644078122899196e-10
2.329708600382260e-01,7.653600599098587e-10
2.331838522306180e-01,7.662822936305565e-10
2.333968444230100e-01,7.671554678265246e-10
2.336098366154010e-01,7.679626112017733e-10
2.338228288077930e-01,7.686950445883337e-10
2.340358210001850e-01,7.693461605535387e-10
2.342488131925770e-01,7.699093516647254e-10
2.344618053849690e-01,7.703780104892307e-10
2.346747975773610e-01,7.707455295943918e-10
2.348877897697530e-01,7.710053015475456e-10
2.351007819621450e-01,7.711507189160292e-10
2.353137741545360e-01,7.711751742671798e-10
2.355267663469280e-01,7.710720601683348e-10
2.357397585393200e-01,7.708371732285782e-10
2.359527507317120e-01,7.704759307831703e-10
2.361657429241040e-01,7.699961564892523e-10
2.363787351164960e-01,7.694056740039644e-10
2.365917273088880e-01,7.687123069844480e-10
2.368047195012800e-01,7.679238790878435e-10
2.370177116936710e-01,7.670482139712959e-10
2.372307038860630e-01,7.660931352919381e-10
2.374436960784550e-01,7.650664667069145e-10
2.376566882708470e-01,7.639760318733660e-10
2.378696804632390e-01,7.628309232763181e-10
2.380826726556310e-01,7.616453095508729e-10
2.382956648480230e-01,7.604346285793209e-10
2.385086570404140e-01,7.592143182439581e-10
2.387216492328060e-01,7.579998164270635e-10
2.389346414251980e-01,7.568065610109335e-10
2.391476336175900e-01,7.556499898778583e-10
2.393606258099820e-01,7.545455409101288e-10
2.395736180023740e-01,7.535086519900347e-10
2.397866101947660e-01,7.525547609998670e-10
2.399996023871580e-01,7.516964361129222e-10
2.402125945795490e-01,7.509347683146927e-10
2.404255867719410e-01,7.502679797056912e-10
2.406385789643330e-01,7.496942923864418e-10
2.408515711567250e-01,7.492119284574642e-10
2.410645633491170e-01,7.488191100192786e-10
2.412775555415090e-01,7.485140591724048e-10
2.414905477339010e-01,7.482949980173631e-10
2.417035399262920e-01,7.481601486546737e-10
2.419165321186840e-01,7.481077331848556e-10
2.421295243110760e-01,7.481361651961551e-10
2.423425165034680e-01,7.482446238812885e-10
2.425555086958600e-01,7.484324797475210e-10
2.427685008882520e-01,7.486991033021172e-10
2.429814930806440e-01,7.490438650523428e-10
2.431944852730360e-01,7.494661355054627e-10
2.434074774654270e-01,7.499652851687393e-10
2.436204696578190e-01,7.505406845494423e-10
2.438334618502110e-01,7.511917041548348e-10
2.440464540426030e-01,7.519177144921820e-10
2.442594462349950e-01,7.527154641078499e-10
2.444724384273870e-01,7.535712069135165e-10
2.446854306197790e-01,7.544685714633136e-10
2.448984228121710e-01,7.553911863113741e-10
2.451114150045620e-01,7.563226800118255e-10
2.453244071969540e-01,7.572466811188092e-10
2.455373993893460e-01,7.581468181864530e-10
2.457503915817380e-01,7.590067197688894e-10
2.459633837741300e-01,7.598100144202507e-10
2.461763759665220e-01,7.605403306946692e-10
2.463893681589140e-01,7.611833501413739e-10
2.466023603513050e-01,7.617329690703046e-10
2.468153525436970e-01,7.621851381769025e-10
2.470283447360890e-01,7.625358081566015e-10
2.472413369284810e-01,7.627809297048381e-10
2.474543291208730e-01,7.629164535170487e-10
2.476673213132650e-01,7.629383302886700e-10
2.478803135056570e-01,7.628425107151382e-10
2.480933056980490e-01,7.626249454918902e-10
2.483062978904400e-01,7.622815853143640e-10
2.485192900828320e-01,7.618108794218847e-10
2.487322822752240e-01,7.612212715263113e-10
2.489452744676160e-01,7.605237040318776e-10
2.491582666600080e-01,7.597291193428163e-10
2.493712588524000e-01,7.588484598633609e-10
2.495842510447920e-01,7.578926679977450e-10
2.497972432371830e-01,7.568726861502066e-10
2.500102354295750e-01,7.557994567249693e-10
2.502232276219670e-01,7.546839221262714e-10
2.504362198143590e-01,7.535370247583462e-10
2.506492120067510e-01,7.523699273952088e-10
2.508622041991430e-01,7.511946740440294e-10
2.510751963915350e-01,7.500235289587907e-10
2.512881885839270e-01,7.488687563934752e-10
2.515011807763180e-01,7.477426206020704e-10
2.517141729687100e-01,7.466573858385479e-10
2.519271651611020e-01,7.456253163568959e-10
2.521401573534940e-01,7.446586764110966e-10
2.523531495458860e-01,7.437697302551324e-10
2.525661417382780e-01,7.429707421429861e-10
2.527791339306700e-01,7.422720072841409e-10
2.529921261230620e-01,7.416759493390066e-10
2.532051183154530e-01,7.411830252372775e-10
2.534181105078450e-01,7.407936919086414e-10
2.536311027002370e-01,7.405084062827932e-10
2.538440948926290e-01,7.403276252894249e-10
2.540570870850210e-01,7.402518058582290e-10
2.542700792774130e-01,7.402814049188977e-10
2.544830714698050e-01,7.404168794011234e-10
2.546960636621960e-01,7.406586862345967e-10
2.549090558545880e-01,7.410056566824397e-10
2.551220480469800e-01,7.414501160124418e-10
2.553350402393720e-01,7.419827621608754e-10
2.555480324317640e-01,7.425942930640127e-10
2.557610246241560e-01,7.432754066581262e-10
2.559740168165480e-01,7.440168008794879e-10
2.561870090089400e-01,7.448091736643701e-10
2.564000012013310e-01,7.456432229490412e-10
2.566129933937230e-01,7.465096466697815e-10
2.568259855861150e-01,7.473991427628592e-10
2.570389777785070e-01,7.483016611477356e-10
2.572519699708990e-01,7.492041590691188e-10
2.574649621632910e-01,7.500928454511193e-10
2.576779543556830e-01,7.509539292178473e-10
2.578909465480740e-01,7.517736192934094e-10
2.581039387404660e-01,7.525381246019244e-10
2.583169309328580e-01,7.532336540674987e-10
2.585299231252500e-01,7.538464166142425e-10
2.587429153176420e-01,7.543626211662667e-10
2.589559075100340e-01,7.547684766476818e-10
2.591688997024260e-01,7.550531243962064e-10
2.593818918948180e-01,7.552174341633074e-10
2.595948840872090e-01,7.552652074937496e-10
2.598078762796010e-01,7.552002459322987e-10
2.600208684719930e-01,7.550263510237190e-10
2.602338606643850e-01,7.547473243127756e-10
2.604468528567770e-01,7.543669673442336e-10
2.606598450491690e-01,7.538890816628577e-10
2.608728372415610e-01,7.533174688134131e-10
2.610858294339530e-01,7.526559303406650e-10
2.612988216263440e-01,7.519091640001653e-10
2.615118138187360e-01,7.510854509047031e-10
2.617248060111280e-01,7.501939676350703e-10
2.619377982035200e-01,7.492438907720562e-10
2.621507903959120e-01,7.482443968964489e-10
2.623637825883040e-01,7.472046625890378e-10
2.625767747806960e-01,7.461338644306118e-10
2.627897669730870e-01,7.450411790019652e-10
2.630027591654790e-01,7.439357828838760e-10
2.632157513578710e-01,7.428268526571387e-10
2.634287435502630e-01,7.417240298737214e-10
2.636417357426550e-01,7.406388172450031e-10
2.638547279350470e-01,7.395831830911052e-10
2.640677201274390e-01,7.385690957321500e-10
2.642807123198310e-01,7.376085234882595e-10
2.644937045122220e-01,7.367134346795600e-10
2.647066967046140e-01,7.358957976261644e-10
2.649196888970060e-01,7.351675806481997e-10
2.651326810893980e-01,7.345407520657877e-10
2.653456732817900e-01,7.340272801990505e-10
2.655586654741820e-01,7.336365429545611e-10
2.657716576665740e-01,7.333675526845973e-10
2.659846498589660e-01,7.332167293774713e-10
2.661976420513570e-01,7.331804930214950e-10
2.664106342437490e-01,7.332552636049799e-10
2.666236264361410e-01,7.334374611162385e-10
2.668366186285330e-01,7.337235055435828e-10
2.670496108209250e-01,7.341098168753248e-10
2.672626030133170e-01,7.345928150997765e-10
2.674755952057090e-01,7.351689202052499e-10
2.676885873981000e-01,7.358328750541816e-10
2.679015795904920e-01,7.365727135525057e-10
2.681145717828840e-01,7.373747922537543e-10
2.683275639752760e-01,7.382254677114629e-10
2.685405561676680e-01,7.391110964791663e-10
2.687535483600600e-01,7.400180351104004e-10
2.689665405524520e-01,7.409326401587006e-10
2.691795327448440e-01,7.418412681776019e-10
2.693925249372350e-01,7.427302757206352e-10
2.696055171296270e-01,7.435860193413447e-10
2.698185093220190e-01,7.443956728131723e-10
2.700315015144110e-01,7.451496780006160e-10
2.702444937068030e-01,7.458392935938371e-10
2.704574858991950e-01,7.464557782829963e-10
2.706704780915870e-01,7.469903907582547e-10
2.708834702839780e-01,7.474343897097713e-10
2.710964624763700e-01,7.477790338277113e-10
2.713094546687620e-01,7.480155818022335e-10
2.715224468611540e-01,7.481352923234987e-10
2.717354390535460e-01,7.481294240816681e-10
2.719484312459380e-01,7.479920730183145e-10
2.721614234383300e-01,7.477286778396269e-10
2.723744156307220e-01,7.473475113835485e-10
2.725874078231130e-01,7.468568464880249e-10
2.728004000155050e-01,7.462649559909946e-10
2.730133922078970e-01,7.455801127304025e-10
2.732263844002890e-01,7.448105895441918e-10
2.734393765926810e-01,7.439646592703056e-10
2.736523687850730e-01,7.430505947466872e-10
2.738653609774650e-01,7.420766688112790e-10
2.740783531698570e-01,7.410516922352060e-10
2.742913453622480e-01,7.399866287053128e-10
2.745043375546400e-01,7.388929804332663e-10
2.747173297470320e-01,7.377822496307499e-10
2.749303219394240e-01,7.366659385094412e-10
2.751433141318160e-01,7.355555492810183e-10
2.753563063242080e-01,7.344625841571585e-10
2.755692985166000e-01,7.333985453495400e-10
2.757822907089910e-01,7.323749350698450e-10
2.759952829013830e-01,7.314032555297424e-10
2.762082750937750e-01,7.304943718549847e-10
2.764212672861670e-01,7.296566002138018e-10
2.766342594785590e-01,7.288976193815551e-10
2.768472516709510e-01,7.282251081336062e-10
2.770602438633430e-01,7.276467452453166e-10
2.772732360557350e-01,7.271702094920479e-10
2.774862282481260e-01,7.268031796491634e-10
2.776992204405180e-01,7.265533344920209e-10
2.779122126329100e-01,7.264283527959842e-10
2.781252048253020e-01,7.264359133364149e-10
2.783381970176940e-01,7.265800778089388e-10
2.785511892100860e-01,7.268504405735372e-10
