7.791356504680618e-06,4.415209160785543e-09
8.610780621332552e-06,4.346732623084277e-09
9.516384324626089e-06,4.279205421578374e-09
1.051723120080771e-05,4.212619639257260e-09
1.162333806181051e-05,4.146966471951838e-09
1.284577519687474e-05,4.082237452758058e-09
1.419677716772344e-05,4.018423361770736e-09
1.568986525616830e-05,3.955514533809710e-09
1.733998278964274e-05,3.893501380188418e-09
1.916364469904539e-05,3.832373709671416e-09
2.117910280571951e-05,3.772120642893639e-09
2.340652849181556e-05,3.712731381043580e-09
2.586821458226360e-05,3.654194044164344e-09
2.858879845885812e-05,3.596496463659486e-09
3.159550863945590e-05,3.539625463900370e-09
3.491843729013453e-05,3.483567497028374e-09
3.859084139770492e-05,3.428307672613485e-09
4.264947561681323e-05,3.373830656998941e-09
4.713496012287843e-05,3.320119807618696e-09
5.209218715246060e-05,3.267158303965088e-09
5.757077029985334e-05,3.214928996286854e-09
6.362554106661115e-05,3.163415071848149e-09
7.031709763364645e-05,3.112601624069116e-09
7.771241134819200e-05,3.062475139210049e-09
8.588549699555374e-05,3.013024842593230e-09
9.491815356395940e-05,2.964241118590576e-09
1.049007829163263e-04,2.916114393646581e-09
1.159332945624905e-04,2.868633785675190e-09
1.281261055871622e-04,2.821787223947208e-09
1.416012457412214e-04,2.775564206817663e-09
1.564935787564811e-04,2.729956547408364e-09
1.729521521072439e-04,2.684956955624152e-09
1.911416887275217e-04,2.608950296179447e-09
2.112442356135248e-04,2.566337715161815e-09
2.334609858111876e-04,2.524283085823690e-09
2.580142920237960e-04,2.482781034696312e-09
2.851498919925769e-04,2.441826957304269e-09
3.151393679226079e-04,2.401416448226627e-09
3.482828645688079e-04,2.361544449851299e-09
3.849120931855259e-04,2.322206165325719e-09
4.253936514042669e-04,2.283397107987292e-09
4.701326922660057e-04,2.245112147840699e-09
5.195769791289974e-04,2.207346451999523e-09
5.742213670349657e-04,2.170095381554793e-09
6.346127553846864e-04,2.133353813654245e-09
7.013555614910102e-04,2.097117182792427e-09
7.751177697904812e-04,2.061380484206122e-09
8.566376172560946e-04,2.026138750264135e-09
9.467309819210534e-04,1.991387370373829e-09
1.046299548460350e-03,1.957120974143479e-09
1.156339832554060e-03,1.923333425601881e-09
1.277953154351212e-03,1.889851781227878e-09
1.405748469786333e-03,1.858372915589796e-09
1.533543785221454e-03,1.830154724333066e-09
1.661339100656575e-03,1.804652512740692e-09
1.789134416091696e-03,1.781321586095679e-09
1.916929731526817e-03,1.759691522664915e-09
2.000000000000000e-03,1.746456801801763e-09
2.044725046961939e-03,1.739588541750526e-09
2.172520362397060e-03,1.720889213632803e-09
2.300315677832181e-03,1.703434640080259e-09
2.428110993267302e-03,1.687063052339417e-09
2.555906308702423e-03,1.671627805103988e-09
2.683701624137544e-03,1.657042746865983e-09
2.811496939572665e-03,1.643236849569377e-09
2.939292255007787e-03,1.630139085158146e-09
3.067087570442908e-03,1.617678425576265e-09
3.194882885878029e-03,1.605789490202091e-09
3.322678201313150e-03,1.594429488379297e-09
3.450473516748271e-03,1.583561276999836e-09
3.578268832183392e-03,1.573147712955657e-09
3.706064147618514e-03,1.563151653138712e-09
3.833859463053635e-03,1.553538524549758e-09
3.961654778488756e-03,1.544284034589146e-09
4.089450093923877e-03,1.535366460748219e-09
4.217245409358998e-03,1.526764080518320e-09
4.345040724794119e-03,1.518455171390792e-09
4.472836040229241e-03,1.510419344541875e-09
4.600631355664362e-03,1.502641545921847e-09
4.728426671099482e-03,1.495108055183116e-09
4.856221986534604e-03,1.487805151978091e-09
4.984017301969726e-03,1.480719115959178e-09
5.111812617404846e-03,1.473836982341437e-09
5.239607932839968e-03,1.467148808569111e-09
5.367403248275089e-03,1.460645407638384e-09
5.495198563710209e-03,1.454317592545440e-09
5.622993879145331e-03,1.448156176286462e-09
5.750789194580453e-03,1.442152429708759e-09
5.878584510015573e-03,1.436299455069344e-09
6.006379825450694e-03,1.430590812478952e-09
6.134175140885816e-03,1.425020062048320e-09
6.261970456320937e-03,1.419580763888184e-09
6.389765771756058e-03,1.414266772539617e-09
6.517561087191179e-03,1.409073120252428e-09
6.645356402626300e-03,1.403995133700454e-09
6.773151718061422e-03,1.399028139557534e-09
6.900947033496543e-03,1.394167464497504e-09
7.028742348931663e-03,1.389408630491478e-09
7.156537664366785e-03,1.384747940699052e-09
7.284332979801906e-03,1.380181893576787e-09
7.412128295237027e-03,1.375706987581248e-09
7.539923610672148e-03,1.371319721168997e-09
7.667718926107269e-03,1.367016729809632e-09
7.795514241542391e-03,1.362795197029900e-09
7.923309556977513e-03,1.358652443372087e-09
8.051104872412632e-03,1.354585789378478e-09
8.178900187847754e-03,1.350592555591359e-09
8.306695503282877e-03,1.346670158587079e-09
8.434490818717996e-03,1.342816399076549e-09
8.562286134153118e-03,1.339029173803898e-09
8.690081449588239e-03,1.335306379513252e-09
8.817876765023359e-03,1.331645912948740e-09
8.945672080458482e-03,1.328045744749702e-09
9.073467395893601e-03,1.324504141137962e-09
9.201262711328723e-03,1.321019442231372e-09
9.329058026763846e-03,1.317589988147784e-09
9.456853342198965e-03,1.314214119005049e-09
9.584648657634087e-03,1.310890218753754e-09
9.712443973069206e-03,1.307616846674004e-09
9.840239288504329e-03,1.304392605877934e-09
9.968034603939451e-03,1.301216099477682e-09
1.009582991937457e-02,1.298085930585381e-09
1.022362523480969e-02,1.295000765211325e-09
1.035142055024482e-02,1.291959520958913e-09
1.047921586567993e-02,1.288961178329940e-09
1.060701118111506e-02,1.286004717826199e-09
1.073480649655018e-02,1.283089119949485e-09
1.086260181198530e-02,1.280213365201593e-09
1.099039712742042e-02,1.277376434084318e-09
1.111819244285554e-02,1.274577307099454e-09
1.124598775829066e-02,1.271814964748795e-09
1.137378307372578e-02,1.269088387534136e-09
1.150157838916090e-02,1.266396608984719e-09
1.162937370459603e-02,1.263738874724279e-09
1.175716902003114e-02,1.261114483396345e-09
1.188496433546627e-02,1.258522733644446e-09
1.201275965090139e-02,1.255962924112111e-09
1.214055496633651e-02,1.253434353442872e-09
1.226835028177163e-02,1.250936320280256e-09
1.239614559720675e-02,1.248468123267794e-09
1.252394091264187e-02,1.246029061049016e-09
1.265173622807700e-02,1.243618432267450e-09
1.277953154351211e-02,1.241235566470276e-09
1.290732685894724e-02,1.238879916830212e-09
1.303512217438236e-02,1.236550967429100e-09
1.316291748981748e-02,1.234248202348780e-09
1.329071280525260e-02,1.231971105671092e-09
1.341850812068772e-02,1.229719161477878e-09
1.354630343612284e-02,1.227491853850980e-09
1.367409875155796e-02,1.225288666872236e-09
1.380189406699308e-02,1.223109084623490e-09
1.392968938242821e-02,1.220952591186580e-09
1.405748469786333e-02,1.218818692341190e-09
1.418528001329845e-02,1.216706980659625e-09
1.431307532873357e-02,1.214617070412660e-09
1.444087064416869e-02,1.212548575871072e-09
1.456866595960381e-02,1.210501111305635e-09
1.469646127503893e-02,1.208474290987126e-09
1.482425659047405e-02,1.206467729186321e-09
1.495205190590917e-02,1.204481040173993e-09
1.507984722134430e-02,1.202513838220921e-09
1.520764253677942e-02,1.200565737597878e-09
1.533543785221454e-02,1.198636367404673e-09
1.546323316764966e-02,1.196725416053702e-09
1.559102848308478e-02,1.194832586784626e-09
1.571882379851990e-02,1.192957582837108e-09
1.584661911395502e-02,1.191100107450810e-09
1.597441442939014e-02,1.189259863865394e-09
1.610220974482527e-02,1.187436555320522e-09
1.623000506026039e-02,1.185629885055855e-09
1.635780037569551e-02,1.183839556311057e-09
1.648559569113063e-02,1.182065272325788e-09
1.661339100656575e-02,1.180306746985743e-09
1.674118632200087e-02,1.178563736765055e-09
1.686898163743599e-02,1.176836008786043e-09
1.699677695287111e-02,1.175123330171026e-09
1.712457226830624e-02,1.173425468042322e-09
1.725236758374135e-02,1.171742189522251e-09
1.738016289917648e-02,1.170073261733131e-09
1.750795821461160e-02,1.168418451797282e-09
1.763575353004672e-02,1.166777526837023e-09
1.776354884548184e-02,1.165150253974671e-09
1.789134416091696e-02,1.163536408217307e-09
1.801913947635208e-02,1.161935796111899e-09
1.814693479178720e-02,1.160348232090602e-09
1.827473010722232e-02,1.158773530585573e-09
1.840252542265745e-02,1.157211506028969e-09
1.853032073809257e-02,1.155661972852944e-09
1.865811605352769e-02,1.154124745489655e-09
1.878591136896281e-02,1.152599638371258e-09
1.891370668439793e-02,1.151086465929908e-09
1.904150199983305e-02,1.149585042597762e-09
1.916929731526817e-02,1.148095188676428e-09
1.929709263070329e-02,1.146616747944216e-09
1.942488794613842e-02,1.145149570048340e-09
1.955268326157353e-02,1.143693504636011e-09
1.968047857700866e-02,1.142248401354442e-09
1.980827389244378e-02,1.140814109850845e-09
1.993606920787890e-02,1.139390479772432e-09
2.006386452331402e-02,1.137977360766415e-09
2.019165983874914e-02,1.136574602480007e-09
2.031945515418426e-02,1.135182054560420e-09
2.044725046961939e-02,1.133799571121046e-09
2.057504578505450e-02,1.132427024142021e-09
2.070284110048963e-02,1.131064290070679e-09
2.083063641592475e-02,1.129711245354354e-09
2.095843173135987e-02,1.128367766440379e-09
2.108622704679499e-02,1.127033729776086e-09
2.121402236223011e-02,1.125709011808810e-09
2.134181767766523e-02,1.124393488985883e-09
2.146961299310035e-02,1.123087037754638e-09
2.159740830853547e-02,1.121789534562408e-09
2.172520362397060e-02,1.120500859431694e-09
2.185299893940572e-02,1.119220906686227e-09
2.198079425484084e-02,1.117949574225190e-09
2.210858957027596e-02,1.116686759947765e-09
2.223638488571108e-02,1.115432361753137e-09
2.236418020114620e-02,1.114186277540486e-09
2.249197551658132e-02,1.112948405208996e-09
2.261977083201644e-02,1.111718642657849e-09
2.274756614745157e-02,1.110496887786229e-09
2.287536146288669e-02,1.109283038493317e-09
2.300315677832181e-02,1.108076995318768e-09
2.313095209375693e-02,1.106878669363759e-09
2.325874740919205e-02,1.105687974369758e-09
2.338654272462717e-02,1.104504824078230e-09
2.351433804006229e-02,1.103329132230645e-09
2.364213335549741e-02,1.102160812568468e-09
2.376992867093253e-02,1.100999778833167e-09
2.389772398636766e-02,1.099845944766209e-09
2.402551930180278e-02,1.098699224109061e-09
2.415331461723790e-02,1.097559530603192e-09
2.428110993267302e-02,1.096426780298307e-09
2.440890524810814e-02,1.095300898476073e-09
2.453670056354326e-02,1.094181812725895e-09
2.466449587897838e-02,1.093069450637181e-09
2.479229119441350e-02,1.091963739799334e-09
2.492008650984863e-02,1.090864607801762e-09
2.504788182528375e-02,1.089771982233870e-09
2.517567714071887e-02,1.088685790685063e-09
2.530347245615399e-02,1.087605960744748e-09
2.543126777158911e-02,1.086532420002331e-09
2.555906308702423e-02,1.085465097739165e-09
2.568685840245935e-02,1.084403930004748e-09
2.581465371789447e-02,1.083348854540704e-09
2.594244903332960e-02,1.082299809088657e-09
2.607024434876471e-02,1.081256731390230e-09
2.619803966419984e-02,1.080219559187047e-09
2.632583497963496e-02,1.079188230220731e-09
2.645363029507008e-02,1.078162682232906e-09
2.658142561050520e-02,1.077142852965194e-09
2.670922092594032e-02,1.076128680159220e-09
2.683701624137544e-02,1.075120103056384e-09
2.696481155681056e-02,1.074117066897063e-09
2.709260687224568e-02,1.073119518421345e-09
2.722040218768081e-02,1.072127404369319e-09
2.734819750311593e-02,1.071140671481074e-09
2.747599281855105e-02,1.070159266496697e-09
2.760378813398617e-02,1.069183136156279e-09
2.773158344942129e-02,1.068212227199906e-09
2.785937876485641e-02,1.067246486367668e-09
2.798717408029153e-02,1.066285860399654e-09
2.811496939572665e-02,1.065330297164999e-09
2.824276471116178e-02,1.064379749048596e-09
2.837056002659689e-02,1.063434169564168e-09
2.849835534203202e-02,1.062493512225439e-09
2.862615065746714e-02,1.061557730546134e-09
2.875394597290226e-02,1.060626778039975e-09
2.888174128833738e-02,1.059700608220687e-09
2.900953660377250e-02,1.058779174601994e-09
2.913733191920762e-02,1.057862430697618e-09
2.926512723464274e-02,1.056950330021284e-09
2.939292255007787e-02,1.056042827120641e-09
2.952071786551299e-02,1.055139880679314e-09
2.964851318094811e-02,1.054241450414989e-09
2.977630849638323e-02,1.053347496045348e-09
2.990410381181835e-02,1.052457977288078e-09
3.003189912725347e-02,1.051572853860862e-09
3.015969444268859e-02,1.050692085481386e-09
3.028748975812371e-02,1.049815631867335e-09
3.041528507355883e-02,1.048943452736392e-09
3.054308038899396e-02,1.048075507806244e-09
3.067087570442908e-02,1.047211757627477e-09
3.079867101986420e-02,1.046352166082266e-09
3.092646633529932e-02,1.045496697885670e-09
3.105426165073444e-02,1.044645317752750e-09
3.118205696616956e-02,1.043797990398568e-09
3.130985228160468e-02,1.042954680538183e-09
3.143764759703981e-02,1.042115352886658e-09
3.156544291247493e-02,1.041279972159052e-09
3.169323822791005e-02,1.040448503070427e-09
3.182103354334517e-02,1.039620910335844e-09
3.194882885878029e-02,1.038797159313459e-09
3.207662417421541e-02,1.037977217933600e-09
3.220441948965053e-02,1.037161054769581e-09
3.233221480508566e-02,1.036348638394720e-09
3.246001012052077e-02,1.035539937382333e-09
3.258780543595589e-02,1.034734920305734e-09
3.271560075139102e-02,1.033933555738241e-09
3.284339606682614e-02,1.033135812253169e-09
3.297119138226126e-02,1.032341658423834e-09
3.309898669769638e-02,1.031551062823552e-09
3.322678201313150e-02,1.030763994687255e-09
3.335457732856662e-02,1.029980425896546e-09
3.348237264400174e-02,1.029200328994746e-09
3.361016795943687e-02,1.028423676525175e-09
3.373796327487198e-02,1.027650441031156e-09
3.386575859030710e-02,1.026880595056009e-09
3.399355390574223e-02,1.026114111143055e-09
3.412134922117735e-02,1.025350961835615e-09
3.424914453661247e-02,1.024591119677010e-09
3.437693985204759e-02,1.023834557210563e-09
3.450473516748271e-02,1.023081247473507e-09
3.463253048291783e-02,1.022331165478748e-09
3.476032579835295e-02,1.021584286733105e-09
3.488812111378808e-02,1.020840586743399e-09
3.501591642922319e-02,1.020100041016453e-09
3.514371174465832e-02,1.019362625059087e-09
3.527150706009344e-02,1.018628314378122e-09
3.539930237552856e-02,1.017897084480380e-09
3.552709769096368e-02,1.017168910872682e-09
3.565489300639881e-02,1.016443769061848e-09
3.578268832183392e-02,1.015721634938310e-09
3.591048363726904e-02,1.015002485926827e-09
3.603827895270417e-02,1.014286299835715e-09
3.616607426813929e-02,1.013573054473288e-09
3.629386958357441e-02,1.012862727647862e-09
3.642166489900953e-02,1.012155297167752e-09
3.654946021444465e-02,1.011450740841272e-09
3.667725552987977e-02,1.010749036476738e-09
3.680505084531489e-02,1.010050161882466e-09
3.693284616075002e-02,1.009354094866769e-09
3.706064147618514e-02,1.008660813712017e-09
3.718843679162025e-02,1.007970298596959e-09
3.731623210705538e-02,1.007282530174487e-09
3.744402742249050e-02,1.006597489097490e-09
3.757182273792562e-02,1.005915156018856e-09
3.769961805336074e-02,1.005235511591477e-09
3.782741336879586e-02,1.004558536468241e-09
3.795520868423098e-02,1.003884211302038e-09
3.808300399966610e-02,1.003212516745757e-09
3.821079931510123e-02,1.002543433452289e-09
3.833859463053635e-02,1.001876942305332e-09
3.846638994597146e-02,1.001213025111833e-09
3.859418526140659e-02,1.000551663909555e-09
3.872198057684171e-02,9.998928407362617e-10
3.884977589227683e-02,9.992365376297171e-10
3.897757120771195e-02,9.985827366276846e-10
3.910536652314707e-02,9.979314197679277e-10
3.923316183858219e-02,9.972825690882095e-10
3.936095715401731e-02,9.966361666262939e-10
3.948875246945244e-02,9.959921944199441e-10
3.961654778488756e-02,9.953506348650543e-10
3.974434310032268e-02,9.947114717899573e-10
3.987213841575780e-02,9.940746893810748e-10
3.999993373119292e-02,9.934402718248287e-10
4.012772904662804e-02,9.928082033076408e-10
4.025552436206317e-02,9.921784680159326e-10
4.038331967749829e-02,9.915510501361265e-10
4.051111499293340e-02,9.909259338546439e-10
4.063891030836853e-02,9.903031033579068e-10
4.076670562380365e-02,9.896825428323367e-10
4.089450093923877e-02,9.890642366656864e-10
4.102229625467389e-02,9.884481700511125e-10
4.115009157010902e-02,9.878343283831445e-10
4.127788688554413e-02,9.872226970563114e-10
4.140568220097925e-02,9.866132614651418e-10
4.153347751641438e-02,9.860060070041652e-10
4.166127283184950e-02,9.854009190679104e-10
4.178906814728462e-02,9.847979830509068e-10
4.191686346271974e-02,9.841971843476830e-10
4.204465877815486e-02,9.835985083527682e-10
4.217245409358998e-02,9.830019407336291e-10
4.230024940902510e-02,9.824074682495150e-10
4.242804472446023e-02,9.818150779326277e-10
4.255584003989534e-02,9.812247568151699e-10
4.268363535533046e-02,9.806364919293441e-10
4.281143067076559e-02,9.800502703073523e-10
4.293922598620071e-02,9.794660789813970e-10
4.306702130163583e-02,9.788839049836807e-10
4.319481661707095e-02,9.783037353464057e-10
4.332261193250607e-02,9.777255571017740e-10
4.345040724794119e-02,9.771493573768710e-10
4.357820256337631e-02,9.765751236782959e-10
4.370599787881144e-02,9.760028436075216e-10
4.383379319424656e-02,9.754325047660209e-10
4.396158850968167e-02,9.748640947552671e-10
4.408938382511680e-02,9.742976011767334e-10
4.421717914055192e-02,9.737330116318930e-10
4.434497445598704e-02,9.731703137222187e-10
4.447276977142216e-02,9.726094950491837e-10
4.460056508685728e-02,9.720505432142612e-10
4.472836040229240e-02,9.714934461454409e-10
4.485615571772752e-02,9.709381930769321e-10
4.498395103316265e-02,9.703847735695355e-10
4.511174634859777e-02,9.698331771840518e-10
4.523954166403289e-02,9.692833934812825e-10
4.536733697946801e-02,9.687354120220280e-10
4.549513229490313e-02,9.681892223670898e-10
4.562292761033825e-02,9.676448140772689e-10
4.575072292577338e-02,9.671021767133658e-10
4.587851824120850e-02,9.665612998361821e-10
4.600631355664361e-02,9.660221729991955e-10
4.613410887207874e-02,9.654847857265919e-10
4.626190418751386e-02,9.649491275352335e-10
4.638969950294898e-02,9.644151879419828e-10
4.651749481838410e-02,9.638829564637023e-10
4.664529013381922e-02,9.633524226172539e-10
4.677308544925434e-02,9.628235759195001e-10
4.690088076468946e-02,9.622964058873031e-10
4.702867608012459e-02,9.617709020375253e-10
4.715647139555971e-02,9.612470538870293e-10
4.728426671099482e-02,9.607248511935063e-10
4.741206202642995e-02,9.602042846779341e-10
4.753985734186507e-02,9.596853453021044e-10
4.766765265730019e-02,9.591680240278077e-10
4.779544797273531e-02,9.586523118168358e-10
4.792324328817044e-02,9.581381996309794e-10
4.805103860360555e-02,9.576256784320307e-10
4.817883391904067e-02,9.571147391817801e-10
4.830662923447580e-02,9.566053728420188e-10
4.843442454991092e-02,9.560975703745387e-10
4.856221986534604e-02,9.555913228647879e-10
4.869001518078116e-02,9.550866218927924e-10
4.881781049621628e-02,9.545834591622082e-10
4.894560581165140e-02,9.540818263766922e-10
4.907340112708652e-02,9.535817152399008e-10
4.920119644252165e-02,9.530831174554907e-10
4.932899175795677e-02,9.525860247271180e-10
4.945678707339188e-02,9.520904287584400e-10
4.958458238882701e-02,9.515963212531123e-10
4.971237770426213e-02,9.511036939147922e-10
4.984017301969725e-02,9.506125380319723e-10
4.996796833513237e-02,9.501228432324035e-10
5.000000000000000e-02,9.500003298522542e-10
5.009576365056749e-02,9.496345989963075e-10
5.022355896600261e-02,9.491477971387571e-10
5.035135428143774e-02,9.486624306791665e-10
5.047914959687286e-02,9.481784926469676e-10
5.060694491230798e-02,9.476959760715921e-10
5.073474022774310e-02,9.472148739824713e-10
5.086253554317822e-02,9.467351794090370e-10
5.099033085861334e-02,9.462568853807209e-10
5.111812617404846e-02,9.457799848462834e-10
5.124592148948359e-02,9.453044704318072e-10
5.137371680491870e-02,9.448303346827070e-10
5.150151212035382e-02,9.443575701443978e-10
5.162930743578895e-02,9.438861693622938e-10
5.175710275122407e-02,9.434161248818104e-10
5.188489806665919e-02,9.429474292483621e-10
5.201269338209431e-02,9.424800750073634e-10
5.214048869752943e-02,9.420140547042295e-10
5.226828401296455e-02,9.415493608843747e-10
5.239607932839967e-02,9.410859862192470e-10
5.252387464383480e-02,9.406239238843776e-10
5.265166995926992e-02,9.401631671813079e-10
5.277946527470503e-02,9.397037094115784e-10
5.290726059014016e-02,9.392455438767300e-10
5.303505590557528e-02,9.387886638783034e-10
5.316285122101040e-02,9.383330627178392e-10
5.329064653644552e-02,9.378787336968786e-10
5.341844185188065e-02,9.374256701169624e-10
5.354623716731576e-02,9.369738652796314e-10
5.367403248275088e-02,9.365233125811156e-10
5.380182779818601e-02,9.360740057964287e-10
5.392962311362113e-02,9.356259387952864e-10
5.405741842905625e-02,9.351791054474043e-10
5.418521374449137e-02,9.347334996224979e-10
5.431300905992649e-02,9.342891151902829e-10
5.444080437536161e-02,9.338459460204750e-10
5.456859969079673e-02,9.334039859827896e-10
5.469639500623186e-02,9.329632289469424e-10
5.482419032166697e-02,9.325236687826491e-10
5.495198563710210e-02,9.320852994138182e-10
5.507978095253722e-02,9.316481149811291e-10
5.520757626797234e-02,9.312121096794530e-10
5.533537158340746e-02,9.307772777036614e-10
5.546316689884258e-02,9.303436132486255e-10
5.559096221427770e-02,9.299111105092168e-10
5.571875752971282e-02,9.294797636803065e-10
5.584655284514795e-02,9.290495669567663e-10
5.597434816058307e-02,9.286205145334674e-10
5.610214347601819e-02,9.281926006052812e-10
5.622993879145331e-02,9.277658194306603e-10
5.635773410688843e-02,9.273401655223614e-10
5.648552942232355e-02,9.269156334567122e-10
5.661332473775867e-02,9.264922178100402e-10
5.674112005319380e-02,9.260699131586730e-10
5.686891536862891e-02,9.256487140789384e-10
5.699671068406403e-02,9.252286151471638e-10
5.712450599949916e-02,9.248096109396768e-10
5.725230131493428e-02,9.243916960328052e-10
5.738009663036940e-02,9.239748650028762e-10
5.750789194580452e-02,9.235591125252856e-10
5.763568726123964e-02,9.231444336717315e-10
5.776348257667476e-02,9.227308236129953e-10
5.789127789210988e-02,9.223182775198588e-10
5.801907320754501e-02,9.219067905631036e-10
5.814686852298013e-02,9.214963579135113e-10
5.827466383841524e-02,9.210869747418636e-10
5.840245915385037e-02,9.206786362189421e-10
5.853025446928549e-02,9.202713375155284e-10
5.865804978472061e-02,9.198650738024043e-10
5.878584510015573e-02,9.194598402251769e-10
5.891364041559085e-02,9.190556318287556e-10
5.904143573102597e-02,9.186524436328753e-10
5.916923104646109e-02,9.182502706572711e-10
5.929702636189622e-02,9.178491079216772e-10
5.942482167733134e-02,9.174489504458291e-10
5.955261699276646e-02,9.170497932494612e-10
5.968041230820158e-02,9.166516313523085e-10
5.980820762363670e-02,9.162544597741058e-10
5.993600293907182e-02,9.158582735345878e-10
6.006379825450694e-02,9.154630678096347e-10
6.019159356994207e-02,9.150688383996637e-10
6.031938888537718e-02,9.146755812612160e-10
6.044718420081231e-02,9.142832923508324e-10
6.057497951624743e-02,9.138919676250540e-10
6.070277483168255e-02,9.135016030404217e-10
6.083057014711767e-02,9.131121945534766e-10
6.095836546255279e-02,9.127237381207596e-10
6.108616077798791e-02,9.123362296988118e-10
6.121395609342303e-02,9.119496652441742e-10
6.134175140885816e-02,9.115640406750860e-10
6.146954672429328e-02,9.111793517565654e-10
6.159734203972840e-02,9.107955942153221e-10
6.172513735516352e-02,9.104127637780653e-10
6.185293267059864e-02,9.100308561715047e-10
6.198072798603376e-02,9.096498671223497e-10
6.210852330146888e-02,9.092697923573098e-10
6.223631861690401e-02,9.088906276030944e-10
6.236411393233912e-02,9.085123685864132e-10
6.249190924777424e-02,9.081350110339755e-10
6.261970456320937e-02,9.077585507502389e-10
6.274749987864449e-02,9.073829838506585e-10
6.287529519407961e-02,9.070083065284401e-10
6.300309050951473e-02,9.066345149767897e-10
6.313088582494986e-02,9.062616053889130e-10
6.325868114038498e-02,9.058895739580161e-10
6.338647645582010e-02,9.055184168773047e-10
6.351427177125522e-02,9.051481303399848e-10
6.364206708669033e-02,9.047787105392623e-10
6.376986240212545e-02,9.044101536683430e-10
6.389765771756058e-02,9.040424559553056e-10
6.402545303299570e-02,9.036756137677129e-10
6.415324834843082e-02,9.033096235079968e-10
6.428104366386594e-02,9.029444815785887e-10
6.440883897930107e-02,9.025801843819206e-10
6.453663429473619e-02,9.022167283204240e-10
6.466442961017131e-02,9.018541097965306e-10
6.479222492560642e-02,9.014923252126725e-10
6.492002024104154e-02,9.011313709712808e-10
6.504781555647667e-02,9.007712434747876e-10
6.517561087191179e-02,9.004119391686608e-10
6.530340618734691e-02,9.000534546705302e-10
6.543120150278203e-02,8.996957866410715e-10
6.555899681821716e-02,8.993389317409599e-10
6.568679213365228e-02,8.989828866308706e-10
6.581458744908740e-02,8.986276479714789e-10
6.594238276452252e-02,8.982732124234603e-10
6.607017807995763e-02,8.979195766474898e-10
6.619797339539275e-02,8.975667373042430e-10
6.632576871082788e-02,8.972146910543950e-10
6.645356402626300e-02,8.968634345722527e-10
6.658135934169812e-02,8.965129645866522e-10
6.670915465713324e-02,8.961632778400612e-10
6.683694997256837e-02,8.958143710749481e-10
6.696474528800349e-02,8.954662410337814e-10
6.709254060343861e-02,8.951188844590288e-10
6.722033591887373e-02,8.947722980931588e-10
6.734813123430886e-02,8.944264786786395e-10
6.747592654974396e-02,8.940814229579390e-10
6.760372186517909e-02,8.937371276735258e-10
6.773151718061421e-02,8.933935896197931e-10
6.785931249604933e-02,8.930508057988271e-10
6.798710781148445e-02,8.927087732646348e-10
6.811490312691958e-02,8.923674890712228e-10
6.824269844235470e-02,8.920269502725980e-10
6.837049375778982e-02,8.916871539227673e-10
6.849828907322494e-02,8.913480970757375e-10
6.862608438866007e-02,8.910097767855155e-10
6.875387970409517e-02,8.906721901061081e-10
6.888167501953030e-02,8.903353340915221e-10
6.900947033496542e-02,8.899992058203906e-10
6.913726565040054e-02,8.896638024698635e-10
6.926506096583566e-02,8.893291212417227e-10
6.939285628127079e-02,8.889951593377499e-10
6.952065159670591e-02,8.886619139597271e-10
6.964844691214103e-02,8.883293823094361e-10
6.977624222757615e-02,8.879975615886587e-10
6.990403754301128e-02,8.876664489991767e-10
7.003183285844640e-02,8.873360417427723e-10
7.015962817388151e-02,8.870063370212270e-10
7.028742348931663e-02,8.866773320405539e-10
7.041521880475175e-02,8.863490240236918e-10
7.054301412018688e-02,8.860214101978107e-10
7.067080943562200e-02,8.856944877900810e-10
7.079860475105712e-02,8.853682540276728e-10
7.092640006649224e-02,8.850427061377562e-10
7.105419538192737e-02,8.847178413475013e-10
7.118199069736249e-02,8.843936568840786e-10
7.130978601279761e-02,8.840701499746582e-10
7.152277820518949e-02,8.835324699367085e-10
7.173577039758135e-02,8.829966517232234e-10
7.194876258997322e-02,8.824626838445255e-10
7.216175478236508e-02,8.819305550804448e-10
7.237474697475696e-02,8.814002542108118e-10
7.258773916714882e-02,8.808717700154564e-10
7.280073135954070e-02,8.803450912742088e-10
7.301372355193256e-02,8.798202067668994e-10
7.322671574432443e-02,8.792971052733582e-10
7.343970793671629e-02,8.787757755734153e-10
7.365270012910817e-02,8.782562064469012e-10
7.386569232150003e-02,8.777383867803130e-10
7.407868451389191e-02,8.772223058868151e-10
7.429167670628377e-02,8.767079531862390e-10
7.450466889867564e-02,8.761953180984159e-10
7.471766109106751e-02,8.756843900431770e-10
7.493065328345938e-02,8.751751584403536e-10
7.514364547585124e-02,8.746676127097770e-10
7.535663766824312e-02,8.741617422712783e-10
7.556962986063498e-02,8.736575365446889e-10
7.578262205302685e-02,8.731549849498400e-10
7.599561424541872e-02,8.726540770918395e-10
7.620860643781059e-02,8.721548033168799e-10
7.642159863020245e-02,8.716571541564195e-10
7.663459082259433e-02,8.711611201419166e-10
7.684758301498619e-02,8.706666918048297e-10
7.706057520737807e-02,8.701738596766173e-10
7.727356739976993e-02,8.696826142887376e-10
7.748655959216180e-02,8.691929461726488e-10
7.769955178455366e-02,8.687048458598098e-10
7.791254397694554e-02,8.682183038816784e-10
7.812553616933740e-02,8.677333108947660e-10
7.833852836172928e-02,8.672498580557654e-10
7.855152055412114e-02,8.667679366464086e-10
7.876451274651301e-02,8.662875379484272e-10
7.897750493890487e-02,8.658086532435530e-10
7.919049713129675e-02,8.653312738135177e-10
7.940348932368861e-02,8.648553909400529e-10
7.961648151608049e-02,8.643809959048904e-10
7.982947370847235e-02,8.639080799897621e-10
8.004246590086422e-02,8.634366344763995e-10
8.025545809325609e-02,8.629666507192310e-10
8.046845028564796e-02,8.624981203634876e-10
8.068144247803982e-02,8.620310351271057e-10
8.089443467043170e-02,8.615653867280214e-10
8.110742686282357e-02,8.611011668841707e-10
8.132041905521543e-02,8.606383673134897e-10
8.153341124760730e-02,8.601769797339149e-10
8.174640343999917e-02,8.597169958633819e-10
8.195939563239105e-02,8.592584074198274e-10
8.217238782478291e-02,8.588012061211872e-10
8.238538001717477e-02,8.583453838973478e-10
8.259837220956665e-02,8.578909335260236e-10
8.281136440195852e-02,8.574378479968918e-10
8.302435659435038e-02,8.569861202996301e-10
8.323734878674224e-02,8.565357434239159e-10
8.345034097913412e-02,8.560867103594266e-10
8.366333317152599e-02,8.556390140958402e-10
8.387632536391786e-02,8.551926476228336e-10
8.408931755630973e-02,8.547476039300846e-10
8.430230974870159e-02,8.543038760072707e-10
8.451530194109347e-02,8.538614568069608e-10
8.472829413348533e-02,8.534203391332893e-10
8.494128632587720e-02,8.529805157532812e-10
8.515427851826907e-02,8.525419794339622e-10
8.536727071066094e-02,8.521047229423580e-10
8.558026290305280e-02,8.516687390454935e-10
8.579325509544468e-02,8.512340205103945e-10
8.600624728783654e-02,8.508005601040862e-10
8.621923948022842e-02,8.503683505935942e-10
8.643223167262028e-02,8.499373847459438e-10
8.664522386501215e-02,8.495076555081070e-10
8.685821605740401e-02,8.490791565468251e-10
8.707120824979589e-02,8.486518817087776e-10
8.728420044218775e-02,8.482258248406436e-10
8.749719263457963e-02,8.478009797891027e-10
8.771018482697149e-02,8.473773404008342e-10
8.792317701936336e-02,8.469549005225173e-10
8.813616921175522e-02,8.465336540008317e-10
8.834916140414710e-02,8.461135946824566e-10
8.856215359653896e-02,8.456947164140714e-10
8.877514578893084e-02,8.452770130794846e-10
8.898813798132270e-02,8.448604787110144e-10
8.920113017371457e-02,8.444451073781041e-10
8.941412236610644e-02,8.440308931501974e-10
8.962711455849831e-02,8.436178300967375e-10
8.984010675089017e-02,8.432059122871682e-10
9.005309894328205e-02,8.427951337909326e-10
9.026609113567391e-02,8.423854886774746e-10
9.047908332806578e-02,8.419769710162374e-10
9.069207552045766e-02,8.415695748766646e-10
9.090506771284952e-02,8.411632944074837e-10
9.111805990524138e-02,8.407581240745788e-10
9.133105209763326e-02,8.403540584231280e-10
9.154404429002513e-02,8.399510919983092e-10
9.175703648241700e-02,8.395492193453009e-10
9.197002867480886e-02,8.391484350092809e-10
9.218302086720073e-02,8.387487335354273e-10
9.239601305959261e-02,8.383501094689181e-10
9.260900525198447e-02,8.379525573549318e-10
9.282199744437633e-02,8.375560717386462e-10
9.303498963676821e-02,8.371606472363630e-10
9.324798182916008e-02,8.367662787488889e-10
9.346097402155194e-02,8.363729612481584e-10
9.367396621394380e-02,8.359806897061068e-10
9.388695840633568e-02,8.355894590946693e-10
9.409995059872756e-02,8.351992643857808e-10
9.431294279111942e-02,8.348101005513764e-10
9.452593498351128e-02,8.344219625633911e-10
9.473892717590315e-02,8.340348453937600e-10
9.495191936829503e-02,8.336487440144182e-10
9.516491156068689e-02,8.332636534394903e-10
9.537790375307875e-02,8.328795688518604e-10
9.559089594547063e-02,8.324964854766030e-10
9.580388813786250e-02,8.321143985387925e-10
9.601688033025436e-02,8.317333032635035e-10
9.622987252264624e-02,8.313531948758104e-10
9.644286471503810e-02,8.309740686007878e-10
9.665585690742998e-02,8.305959196635099e-10
9.686884909982184e-02,8.302187432890515e-10
9.708184129221371e-02,8.298425347024868e-10
9.729483348460558e-02,8.294672891859815e-10
9.750782567699745e-02,8.290930022500613e-10
9.772081786938931e-02,8.287196694623409e-10
9.793381006178119e-02,8.283472863904346e-10
9.814680225417305e-02,8.279758486019573e-10
9.835979444656492e-02,8.276053516645238e-10
9.857278663895679e-02,8.272357911457485e-10
9.878577883134866e-02,8.268671626132462e-10
9.899877102374052e-02,8.264994616346315e-10
9.921176321613240e-02,8.261326837775191e-10
9.942475540852426e-02,8.257668246701280e-10
9.963774760091614e-02,8.254018801830835e-10
9.985073979330800e-02,8.250378462476100e-10
1.000637319857000e-01,8.246747187949319e-10
1.002767241780920e-01,8.243124937562734e-10
1.004897163704840e-01,8.239511670628589e-10
1.007027085628750e-01,8.235907346459146e-10
1.009157007552670e-01,8.232311924366612e-10
1.011286929476590e-01,8.228725363663249e-10
1.013416851400510e-01,8.225147623661300e-10
1.015546773324430e-01,8.221578663998703e-10
1.017676695248350e-01,8.218018445616465e-10
1.019806617172270e-01,8.214466929781421e-10
1.021936539096190e-01,8.210924077760407e-10
1.024066461020100e-01,8.207389850820278e-10
1.026196382944020e-01,8.203864210227836e-10
1.028326304867940e-01,8.200347117249936e-10
1.030456226791860e-01,8.196838533153412e-10
1.032586148715780e-01,8.193338419205104e-10
1.034716070639700e-01,8.189846736671847e-10
1.036845992563620e-01,8.186363447141474e-10
1.038975914487540e-01,8.182888513485681e-10
1.041105836411450e-01,8.179421898897109e-10
1.043235758335370e-01,8.175963566568354e-10
1.045365680259290e-01,8.172513479692057e-10
1.047495602183210e-01,8.169071601460846e-10
1.049625524107130e-01,8.165637895067349e-10
1.051755446031050e-01,8.162212323704190e-10
1.053885367954970e-01,8.158794850563997e-10
1.056015289878880e-01,8.155385438839415e-10
1.058145211802800e-01,8.151984052471796e-10
1.060275133726720e-01,8.148590658396372e-10
1.062405055650640e-01,8.145205224296503e-10
1.064534977574560e-01,8.141827717855551e-10
1.066664899498480e-01,8.138458106756877e-10
1.068794821422400e-01,8.135096358683847e-10
1.070924743346320e-01,8.131742441319820e-10
1.073054665270230e-01,8.128396322348174e-10
1.075184587194150e-01,8.125057969452241e-10
1.077314509118070e-01,8.121727350315397e-10
1.079444431041990e-01,8.118404432468532e-10
1.081574352965910e-01,8.115089182832225e-10
1.083704274889830e-01,8.111781568174367e-10
1.085834196813750e-01,8.108481555262854e-10
1.087964118737660e-01,8.105189110865593e-10
1.090094040661580e-01,8.101904201750448e-10
1.092223962585500e-01,8.098626794685328e-10
1.094353884509420e-01,8.095356856438125e-10
1.096483806433340e-01,8.092094353776734e-10
1.098613728357260e-01,8.088839253469050e-10
1.100743650281180e-01,8.085591522644296e-10
1.102873572205100e-01,8.082351129877578e-10
1.105003494129010e-01,8.079118044105628e-10
1.107133416052930e-01,8.075892234265129e-10
1.109263337976850e-01,8.072673669292810e-10
1.111393259900770e-01,8.069462318125388e-10
1.113523181824690e-01,8.066258149699575e-10
1.115653103748610e-01,8.063061132952088e-10
1.117783025672530e-01,8.059871236819640e-10
1.119912947596450e-01,8.056688430238947e-10
1.122042869520360e-01,8.053512683218135e-10
1.124172791444280e-01,8.050343970051200e-10
1.126302713368200e-01,8.047182266103735e-10
1.128432635292120e-01,8.044027546741320e-10
1.130562557216040e-01,8.040879787329536e-10
1.132692479139960e-01,8.037738963233963e-10
1.134822401063880e-01,8.034605049820180e-10
1.136952322987790e-01,8.031478022453782e-10
1.139082244911710e-01,8.028357856500321e-10
1.141212166835630e-01,8.025244527325389e-10
1.143342088759550e-01,8.022138009391880e-10
1.145472010683470e-01,8.019038273552789e-10
1.147601932607390e-01,8.015945289758840e-10
1.149731854531310e-01,8.012859027960765e-10
1.151861776455230e-01,8.009779458109291e-10
1.153991698379140e-01,8.006706550155164e-10
1.156121620303060e-01,8.003640274049083e-10
1.158251542226980e-01,8.000580599741790e-10
1.160381464150900e-01,7.997527497184014e-10
1.162511386074820e-01,7.994480936326487e-10
1.164641307998740e-01,7.991440888218328e-10
1.166771229922660e-01,7.988407328299849e-10
1.168901151846570e-01,7.985380233108567e-10
1.171031073770490e-01,7.982359579181966e-10
1.173160995694410e-01,7.979345343057566e-10
1.175290917618330e-01,7.976337501272874e-10
1.177420839542250e-01,7.973336030365400e-10
1.179550761466170e-01,7.970340906872651e-10
1.181680683390090e-01,7.967352107332134e-10
1.183810605314010e-01,7.964369608281357e-10
1.185940527237920e-01,7.961393386113523e-10
1.188070449161840e-01,7.958423416644196e-10
1.190200371085760e-01,7.955459675544500e-10
1.192330293009680e-01,7.952502138485546e-10
1.194460214933600e-01,7.949550781138446e-10
1.196590136857520e-01,7.946605579174311e-10
1.198720058781440e-01,7.943666508264251e-10
1.200849980705360e-01,7.940733544079378e-10
1.202979902629270e-01,7.937806662290817e-10
1.205109824553190e-01,7.934885838569654e-10
1.207239746477110e-01,7.931971049019973e-10
1.209369668401030e-01,7.929062271478139e-10
1.211499590324950e-01,7.926159484213691e-10
1.213629512248870e-01,7.923262665496167e-10
1.215759434172790e-01,7.920371793595106e-10
1.217889356096700e-01,7.917486846780063e-10
1.220019278020620e-01,7.914607803320548e-10
1.222149199944540e-01,7.911734641486115e-10
1.224279121868460e-01,7.908867339546304e-10
1.226409043792380e-01,7.906005875770654e-10
1.228538965716300e-01,7.903150228269128e-10
1.230668887640220e-01,7.900300374513428e-10
1.232798809564140e-01,7.897456291815702e-10
1.234928731488050e-01,7.894617957488110e-10
1.237058653411970e-01,7.891785348842770e-10
1.239188575335890e-01,7.888958443191845e-10
1.241318497259810e-01,7.886137217847480e-10
1.243448419183730e-01,7.883321650121820e-10
1.245578341107650e-01,7.880511717327016e-10
1.247708263031570e-01,7.877707396775211e-10
1.249838184955480e-01,7.874908666470134e-10
1.251968106879400e-01,7.872115507180728e-10
1.254098028803320e-01,7.869327900367026e-10
1.256227950727240e-01,7.866545827489054e-10
1.258357872651160e-01,7.863769270006834e-10
1.260487794575080e-01,7.860998209380389e-10
1.262617716499000e-01,7.858232627069744e-10
1.264747638422920e-01,7.855472504534919e-10
1.266877560346830e-01,7.852717823235953e-10
1.269007482270750e-01,7.849968564632843e-10
1.271137404194670e-01,7.847224709997157e-10
1.273267326118590e-01,7.844486239847098e-10
1.275397248042510e-01,7.841753134512654e-10
1.277527169966430e-01,7.839025374323816e-10
1.279657091890350e-01,7.836302939610576e-10
1.281787013814270e-01,7.833585810702923e-10
1.283916935738180e-01,7.830873967930858e-10
1.286046857662100e-01,7.828167391624348e-10
1.288176779586020e-01,7.825466062113395e-10
1.290306701509940e-01,7.822769959727989e-10
1.292436623433860e-01,7.820079065001659e-10
1.294566545357780e-01,7.817393359282426e-10
1.296696467281700e-01,7.814712824122021e-10
1.298826389205610e-01,7.812037441072189e-10
1.300956311129530e-01,7.809367191684633e-10
1.303086233053450e-01,7.806702057511100e-10
1.305216154977370e-01,7.804042020103320e-10
1.307346076901290e-01,7.801387061013024e-10
1.309475998825210e-01,7.798737161791942e-10
1.311605920749130e-01,7.796092303991806e-10
1.313735842673050e-01,7.793452469428502e-10
1.315865764596960e-01,7.790817640974668e-10
1.317995686520880e-01,7.788187801767116e-10
1.320125608444800e-01,7.785562934942697e-10
1.322255530368720e-01,7.782943023638250e-10
1.324385452292640e-01,7.780328050990612e-10
1.326515374216560e-01,7.777718000136625e-10
1.328645296140480e-01,7.775112854213122e-10
1.330775218064400e-01,7.772512596356948e-10
1.332905139988310e-01,7.769917209704948e-10
1.335035061912230e-01,7.767326677456442e-10
1.337164983836150e-01,7.764740983060752e-10
1.339294905760070e-01,7.762160110029663e-10
1.341424827683990e-01,7.759584041874965e-10
1.343554749607910e-01,7.757012762108445e-10
1.345684671531830e-01,7.754446254241889e-10
1.347814593455740e-01,7.751884501787098e-10
1.349944515379660e-01,7.749327488255835e-10
1.352074437303580e-01,7.746775197159901e-10
1.354204359227500e-01,7.744227612011082e-10
1.356334281151420e-01,7.741684716532093e-10
1.358464203075340e-01,7.739146495288926e-10
1.360594124999260e-01,7.736612933058285e-10
1.362724046923180e-01,7.734084014616877e-10
1.364853968847090e-01,7.731559724741419e-10
1.366983890771010e-01,7.729040048208592e-10
1.369113812694930e-01,7.726524969795112e-10
1.371243734618850e-01,7.724014474277685e-10
1.373373656542770e-01,7.721508546433017e-10
1.375503578466690e-01,7.719007171037812e-10
1.377633500390610e-01,7.716510332783338e-10
1.379763422314520e-01,7.714018016018916e-10
1.381893344238440e-01,7.711530205008296e-10
1.384023266162360e-01,7.709046884015259e-10
1.386153188086280e-01,7.706568037303576e-10
1.388283110010200e-01,7.704093649137021e-10
1.390413031934120e-01,7.701623703779362e-10
1.392542953858040e-01,7.699158185494370e-10
1.394672875781960e-01,7.696697078545818e-10
1.396802797705870e-01,7.694240367197488e-10
1.398932719629790e-01,7.691788036133894e-10
1.401062641553710e-01,7.689340071723135e-10
1.403192563477630e-01,7.686896460754300e-10
1.405322485401550e-01,7.684457190016482e-10
1.407452407325470e-01,7.682022246298776e-10
1.409582329249390e-01,7.679591616390271e-10
1.411712251173300e-01,7.677165287080071e-10
1.413842173097220e-01,7.674743245157245e-10
1.415972095021140e-01,7.672325477410898e-10
1.418102016945060e-01,7.669911970630119e-10
1.420231938868980e-01,7.667502711546328e-10
1.422361860792900e-01,7.665097686660242e-10
1.424491782716820e-01,7.662696882414905e-10
1.426621704640740e-01,7.660300285253363e-10
1.428751626564650e-01,7.657907881618673e-10
1.430881548488570e-01,7.655519657953856e-10
1.433011470412490e-01,7.653135600701972e-10
1.435141392336410e-01,7.650755696306063e-10
1.437271314260330e-01,7.648379931209175e-10
1.439401236184250e-01,7.646008291854354e-10
1.441531158108170e-01,7.643640764651458e-10
1.443661080032090e-01,7.641277335877645e-10
1.445791001956000e-01,7.638917991776923e-10
1.447920923879920e-01,7.636562718593258e-10
1.450050845803840e-01,7.634211502570657e-10
1.452180767727760e-01,7.631864329953114e-10
1.454310689651680e-01,7.629521186984621e-10
1.456440611575600e-01,7.627182059909173e-10
1.458570533499520e-01,7.624846934970764e-10
1.460700455423430e-01,7.622515798413397e-10
1.462830377347350e-01,7.620188636989719e-10
1.464960299271270e-01,7.617865439485816e-10
1.467090221195190e-01,7.615546195195782e-10
1.469220143119110e-01,7.613230893413712e-10
1.471350065043030e-01,7.610919523433704e-10
1.473479986966950e-01,7.608612074549853e-10
1.475609908890870e-01,7.606308536056253e-10
1.477739830814780e-01,7.604008897247013e-10
1.479869752738700e-01,7.601713147416206e-10
1.481999674662620e-01,7.599421275857941e-10
1.484129596586540e-01,7.597133271451616e-10
1.486259518510460e-01,7.594849121417093e-10
1.488389440434380e-01,7.592568812559157e-10
1.490519362358300e-01,7.590292331682596e-10
1.492649284282220e-01,7.588019665592196e-10
1.494779206206130e-01,7.585750801092749e-10
1.496909128130050e-01,7.583485724989023e-10
1.499039050053970e-01,7.581224424085814e-10
1.501168971977890e-01,7.578966885187907e-10
1.503298893901810e-01,7.576713095100089e-10
1.505428815825730e-01,7.574463040958981e-10
1.507558737749650e-01,7.572216711228768e-10
1.509688659673560e-01,7.569974094705572e-10
1.511818581597480e-01,7.567735180185490e-10
1.513948503521400e-01,7.565499956464650e-10
1.516078425445320e-01,7.563268412339171e-10
1.518208347369240e-01,7.561040536605167e-10
1.520338269293160e-01,7.558816318058756e-10
1.522468191217080e-01,7.556595745496054e-10
1.524598113141000e-01,7.554378807713178e-10
1.526728035064910e-01,7.552165493772852e-10
1.528857956988830e-01,7.549955793803975e-10
1.530987878912750e-01,7.547749698201987e-10
1.533117800836670e-01,7.545547197362321e-10
1.535247722760590e-01,7.543348281680407e-10
1.537377644684510e-01,7.541152941551676e-10
1.539507566608430e-01,7.538961167371560e-10
1.541637488532340e-01,7.536772949535500e-10
1.543767410456260e-01,7.534588278438906e-10
1.545897332380180e-01,7.532407144477219e-10
1.548027254304100e-01,7.530229538070501e-10
1.550157176228020e-01,7.528055449737294e-10
1.552287098151940e-01,7.525884870020742e-10
1.554417020075860e-01,7.523717789463994e-10
1.556546941999780e-01,7.521554198610199e-10
1.558676863923690e-01,7.519394088002514e-10
1.560806785847610e-01,7.517237448184066e-10
1.562936707771530e-01,7.515084269698013e-10
1.565066629695450e-01,7.512934543087504e-10
1.567196551619370e-01,7.510788258895683e-10
1.569326473543290e-01,7.508645406262647e-10
1.571456395467210e-01,7.506505968712726e-10
1.573586317391130e-01,7.504369928365427e-10
1.575716239315040e-01,7.502237267340261e-10
1.577846161238960e-01,7.500107967756717e-10
1.579976083162880e-01,7.497982011734306e-10
1.582106005086800e-01,7.495859381392536e-10
1.584235927010720e-01,7.493740058850907e-10
1.586365848934640e-01,7.491624026228929e-10
1.588495770858560e-01,7.489511265646102e-10
1.590625692782470e-01,7.487401765755428e-10
1.592755614706390e-01,7.485295541352249e-10
1.594885536630310e-01,7.483192613769644e-10
1.597015458554230e-01,7.481093004340677e-10
1.599145380478150e-01,7.478996734398415e-10
1.601275302402070e-01,7.476903825275925e-10
1.603405224325990e-01,7.474814298306274e-10
1.605535146249910e-01,7.472728174822528e-10
1.607665068173820e-01,7.470645476157764e-10
1.609794990097740e-01,7.468566223645030e-10
1.611924912021660e-01,7.466490414489482e-10
1.614054833945580e-01,7.464417949383246e-10
1.616184755869500e-01,7.462348704889859e-10
1.618314677793420e-01,7.460282557572854e-10
1.620444599717340e-01,7.458219383995767e-10
1.622574521641260e-01,7.456159060722132e-10
1.624704443565170e-01,7.454101464315494e-10
1.626834365489090e-01,7.452046471339367e-10
1.628964287413010e-01,7.449993958357296e-10
1.631094209336930e-01,7.447943801932818e-10
1.633224131260850e-01,7.445895968947530e-10
1.635354053184770e-01,7.443850787448794e-10
1.637483975108690e-01,7.441808675748791e-10
1.639613897032600e-01,7.439770052159708e-10
1.641743818956520e-01,7.437735334993711e-10
1.643873740880440e-01,7.435704942562987e-10
1.646003662804360e-01,7.433679293179717e-10
1.648133584728280e-01,7.431658805156082e-10
1.650263506652200e-01,7.429643896804264e-10
1.652393428576120e-01,7.427634986436441e-10
1.654523350500040e-01,7.425632155489457e-10
1.656653272423950e-01,7.423634138711979e-10
1.658783194347870e-01,7.421639334383774e-10
1.660913116271790e-01,7.419646140784635e-10
1.663043038195710e-01,7.417652956194349e-10
1.665172960119630e-01,7.415658178892697e-10
1.667302882043550e-01,7.413660207159466e-10
1.669432803967470e-01,7.411657439274440e-10
1.671562725891380e-01,7.409648273517415e-10
1.673692647815300e-01,7.407631108168155e-10
1.675822569739220e-01,7.405605597744135e-10
1.677952491663140e-01,7.403576424206819e-10
1.680082413587060e-01,7.401549527002283e-10
1.682212335510980e-01,7.399530845576611e-10
1.684342257434900e-01,7.397526319375884e-10
1.686472179358820e-01,7.395541887846182e-10
1.688602101282730e-01,7.393583490433594e-10
1.690732023206650e-01,7.391657066584183e-10
1.692861945130570e-01,7.389768555744041e-10
1.694991867054490e-01,7.387923897359246e-10
1.697121788978410e-01,7.386124340677493e-10
1.699251710902330e-01,7.384352370639541e-10
1.701381632826250e-01,7.382585780230922e-10
1.703511554750170e-01,7.380802362437159e-10
1.705641476674080e-01,7.378979910243791e-10
1.707771398598000e-01,7.377096216636327e-10
1.709901320521920e-01,7.375129074600304e-10
1.712031242445840e-01,7.373056277121247e-10
1.714161164369760e-01,7.370855617184688e-10
1.716291086293680e-01,7.368504887776150e-10
1.718421008217600e-01,7.365999392741991e-10
1.720550930141510e-01,7.363404470858991e-10
1.722680852065430e-01,7.360802967508527e-10
1.724810773989350e-01,7.358277728072019e-10
1.726940695913270e-01,7.355911597930867e-10
1.729070617837190e-01,7.353787422466478e-10
1.731200539761110e-01,7.351988047060255e-10
1.733330461685030e-01,7.350596317093602e-10
1.735460383608950e-01,7.349695077947921e-10
1.737590305532860e-01,7.349367175004619e-10
1.739720227456780e-01,7.349630084695414e-10
1.741850149380700e-01,7.350239920153575e-10
1.743980071304620e-01,7.350887481800720e-10
1.746109993228540e-01,7.351263570058463e-10
1.748239915152460e-01,7.351058985348422e-10
1.750369837076380e-01,7.349964528092215e-10
1.752499759000290e-01,7.347670998711472e-10
1.754629680924210e-01,7.343869197627790e-10
1.756759602848130e-01,7.338249925262794e-10
1.758889524772050e-01,7.330503982038099e-10
1.761019446695970e-01,7.320455488288793e-10
1.763149368619890e-01,7.308462201079236e-10
1.765279290543810e-01,7.295015375984722e-10
1.767409212467730e-01,7.280606268580546e-10
1.769539134391640e-01,7.265726134442076e-10
1.771669056315560e-01,7.250866229144462e-10
1.773798978239480e-01,7.236517808263071e-10
1.775928900163400e-01,7.223172127373202e-10
1.778058822087320e-01,7.211320442050144e-10
1.780188744011240e-01,7.201454007869198e-10
1.782318665935160e-01,7.193929967329734e-10
1.784448587859070e-01,7.188568817168925e-10
1.786578509782990e-01,7.185056844301243e-10
1.788708431706910e-01,7.183080335641244e-10
1.790838353630830e-01,7.182325578103447e-10
1.792968275554750e-01,7.182478858602377e-10
1.795098197478670e-01,7.183226464052556e-10
1.797228119402590e-01,7.184254681368508e-10
1.799358041326510e-01,7.185249797464754e-10
1.801487963250420e-01,7.185898099255814e-10
1.803617885174340e-01,7.185952163889437e-10
1.805747807098260e-01,7.185429743171801e-10
1.807877729022180e-01,7.184414886005270e-10
1.810007650946100e-01,7.182991641292214e-10
1.812137572870020e-01,7.181244057934997e-10
1.814267494793940e-01,7.179256184835988e-10
1.816397416717860e-01,7.177112070897552e-10
1.818527338641770e-01,7.174895765022068e-10
1.820657260565690e-01,7.172691316111879e-10
1.822787182489610e-01,7.170582773069365e-10
1.824917104413530e-01,7.168636416976360e-10
1.827047026337450e-01,7.166847475898179e-10
1.829176948261370e-01,7.165193419211234e-10
1.831306870185290e-01,7.163651716291936e-10
1.833436792109200e-01,7.162199836516707e-10
1.835566714033120e-01,7.160815249261943e-10
1.837696635957040e-01,7.159475423904064e-10
1.839826557880960e-01,7.158157829819482e-10
1.841956479804880e-01,7.156839936384610e-10
1.844086401728800e-01,7.155499212975859e-10
1.846216323652720e-01,7.154117891289853e-10
1.848346245576640e-01,7.152697241528339e-10
1.850476167500550e-01,7.151243290826956e-10
1.852606089424470e-01,7.149762066321309e-10
1.854736011348390e-01,7.148259595147033e-10
1.856865933272310e-01,7.146741904439752e-10
1.858995855196230e-01,7.145215021335091e-10
1.861125777120150e-01,7.143684972968678e-10
1.863255699044070e-01,7.142157786476134e-10
1.865385620967990e-01,7.140639488993088e-10
1.867515542891900e-01,7.139134833105755e-10
1.869645464815820e-01,7.137643470480172e-10
1.871775386739740e-01,7.136163776871378e-10
1.873905308663660e-01,7.134694128034401e-10
1.876035230587580e-01,7.133232899724270e-10
1.878165152511500e-01,7.131778467696017e-10
1.880295074435420e-01,7.130329207704668e-10
1.882424996359330e-01,7.128883495505261e-10
1.884554918283250e-01,7.127439706852811e-10
1.886684840207170e-01,7.125996217502355e-10
1.888814762131090e-01,7.124551744905395e-10
1.890944684055010e-01,7.123106373606999e-10
1.893074605978930e-01,7.121660530002546e-10
1.895204527902850e-01,7.120214640487423e-10
1.897334449826770e-01,7.118769131457012e-10
1.899464371750680e-01,7.117324429306702e-10
1.901594293674600e-01,7.115880960431864e-10
1.903724215598520e-01,7.114439151227888e-10
1.905854137522440e-01,7.112999428090158e-10
1.907984059446360e-01,7.111562217414058e-10
1.910113981370280e-01,7.110127853997869e-10
1.912243903294200e-01,7.108696306282147e-10
1.914373825218110e-01,7.107267451125692e-10
1.916503747142030e-01,7.105841165387282e-10
1.918633669065950e-01,7.104417325925714e-10
1.920763590989870e-01,7.102995809599783e-10
1.922893512913790e-01,7.101576493268277e-10
1.925023434837710e-01,7.100159253789992e-10
1.927153356761630e-01,7.098743968023717e-10
1.929283278685550e-01,7.097330512828248e-10
1.931413200609460e-01,7.095918789755937e-10
1.933543122533380e-01,7.094508799094582e-10
1.935673044457300e-01,7.093100565806184e-10
1.937802966381220e-01,7.091694114852729e-10
1.939932888305140e-01,7.090289471196210e-10
1.942062810229060e-01,7.088886659798615e-10
1.944192732152980e-01,7.087485705621937e-10
1.946322654076900e-01,7.086086633628165e-10
1.948452576000810e-01,7.084689468779296e-10
1.950582497924730e-01,7.083294236037308e-10
1.952712419848650e-01,7.081900953741129e-10
1.954842341772570e-01,7.080509613755991e-10
1.956972263696490e-01,7.079120201333342e-10
1.959102185620410e-01,7.077732701724626e-10
1.961232107544330e-01,7.076347100181294e-10
1.963362029468240e-01,7.074963381954797e-10
1.965491951392160e-01,7.073581532296568e-10
1.967621873316080e-01,7.072201536458063e-10
1.969751795240000e-01,7.070823379690728e-10
1.971881717163920e-01,7.069447047246011e-10
1.974011639087840e-01,7.068072526231529e-10
1.976141561011760e-01,7.066699811182542e-10
1.978271482935680e-01,7.065328898491959e-10
1.980401404859590e-01,7.063959784552697e-10
1.982531326783510e-01,7.062592465757654e-10
1.984661248707430e-01,7.061226938499745e-10
1.986791170631350e-01,7.059863199171880e-10
1.988921092555270e-01,7.058501244166970e-10
1.991051014479190e-01,7.057141069877924e-10
1.993180936403110e-01,7.055782672697651e-10
1.995310858327020e-01,7.054426048466345e-10
1.997440780250940e-01,7.053071190813079e-10
1.999570702174860e-01,7.051718092814121e-10
2.001700624098780e-01,7.050366747545738e-10
2.003830546022700e-01,7.049017148084191e-10
2.005960467946620e-01,7.047669287505742e-10
2.008090389870540e-01,7.046323158886658e-10
2.010220311794460e-01,7.044978755303200e-10
2.012350233718370e-01,7.043636069831638e-10
2.014480155642290e-01,7.042295095548223e-10
2.016610077566210e-01,7.040955825887225e-10
2.018739999490130e-01,7.039618255714597e-10
2.020869921414050e-01,7.038282380254135e-10
2.022999843337970e-01,7.036948194729636e-10
2.025129765261890e-01,7.035615694364895e-10
2.027259687185810e-01,7.034284874383710e-10
2.029389609109720e-01,7.032955730009884e-10
2.031519531033640e-01,7.031628256467198e-10
2.033649452957560e-01,7.030302448979459e-10
2.035779374881480e-01,7.028978302770460e-10
2.037909296805400e-01,7.027655812816520e-10
2.040039218729320e-01,7.026334973104566e-10
2.042169140653240e-01,7.025015777374310e-10
2.044299062577150e-01,7.023698219365464e-10
2.046428984501070e-01,7.022382292817727e-10
2.048558906424990e-01,7.021067991470817e-10
2.050688828348910e-01,7.019755309064443e-10
2.052818750272830e-01,7.018444239338312e-10
2.054948672196750e-01,7.017134776032138e-10
2.057078594120670e-01,7.015826912885628e-10
2.059208516044590e-01,7.014520643924987e-10
2.061338437968500e-01,7.013215964323060e-10
2.063468359892420e-01,7.011912869539495e-10
2.065598281816340e-01,7.010611355033959e-10
2.067728203740260e-01,7.009311416266113e-10
2.069858125664180e-01,7.008013048695615e-10
2.071988047588100e-01,7.006716247782129e-10
2.074117969512020e-01,7.005421008985313e-10
2.076247891435940e-01,7.004127327764830e-10
2.078377813359850e-01,7.002835199580345e-10
2.080507735283770e-01,7.001544619730848e-10
2.082637657207690e-01,7.000255582872549e-10
2.084767579131610e-01,6.998968083500909e-10
2.086897501055530e-01,6.997682116111388e-10
2.089027422979450e-01,6.996397675199446e-10
2.091157344903370e-01,6.995114755260544e-10
2.093287266827280e-01,6.993833350790148e-10
2.095417188751200e-01,6.992553456283707e-10
2.097547110675120e-01,6.991275066236688e-10
2.099677032599040e-01,6.989998175144551e-10
2.101806954522960e-01,6.988722777626402e-10
2.103936876446880e-01,6.987448868795906e-10
2.106066798370800e-01,6.986176443890359e-10
2.108196720294720e-01,6.984905498147063e-10
2.110326642218630e-01,6.983636026803320e-10
2.112456564142550e-01,6.982368025096419e-10
2.114586486066470e-01,6.981101488263662e-10
2.116716407990390e-01,6.979836411542350e-10
2.118846329914310e-01,6.978572790169779e-10
2.120976251838230e-01,6.977310619383249e-10
2.123106173762150e-01,6.976049894417574e-10
2.125236095686060e-01,6.974790610497630e-10
2.127366017609980e-01,6.973532762845798e-10
2.129495939533900e-01,6.972276346684475e-10
2.131625861457820e-01,6.971021357236048e-10
2.133755783381740e-01,6.969767789722908e-10
2.135885705305660e-01,6.968515639367445e-10
2.138015627229580e-01,6.967264901392048e-10
2.140145549153500e-01,6.966015571019109e-10
2.142275471077410e-01,6.964767643471020e-10
2.144405393001330e-01,6.963521113996139e-10
2.146535314925250e-01,6.962275977946662e-10
2.148665236849170e-01,6.961032230700727e-10
2.150795158773090e-01,6.959789867636466e-10
2.152925080697010e-01,6.958548884132019e-10
2.155055002620930e-01,6.957309275565516e-10
2.157184924544850e-01,6.956071037315095e-10
2.159314846468760e-01,6.954834164758894e-10
2.161444768392680e-01,6.953598653275041e-10
2.163574690316600e-01,6.952364498241672e-10
2.165704612240520e-01,6.951131695061615e-10
2.167834534164440e-01,6.949900239236493e-10
2.169964456088360e-01,6.948670126292644e-10
2.172094378012280e-01,6.947441351756405e-10
2.174224299936190e-01,6.946213911154115e-10
2.176354221860110e-01,6.944987800012101e-10
2.178484143784030e-01,6.943763013856706e-10
2.180614065707950e-01,6.942539548214265e-10
2.182743987631870e-01,6.941317398611115e-10
2.184873909555790e-01,6.940096560573590e-10
2.187003831479710e-01,6.938877029705724e-10
2.189133753403630e-01,6.937658801922359e-10
2.191263675327540e-01,6.936441873216059e-10
2.193393597251460e-01,6.935226239579369e-10
2.195523519175380e-01,6.934011897004855e-10
2.197653441099300e-01,6.932798841485071e-10
2.199783363023220e-01,6.931587069012578e-10
2.201913284947140e-01,6.930376575579932e-10
2.204043206871060e-01,6.929167357179692e-10
2.206173128794970e-01,6.927959409804419e-10
2.208303050718890e-01,6.926752729341193e-10
2.210432972642810e-01,6.925547311255312e-10
2.212562894566730e-01,6.924343150906640e-10
2.214692816490650e-01,6.923140243655038e-10
2.216822738414570e-01,6.921938584860371e-10
2.218952660338490e-01,6.920738169882501e-10
2.221082582262410e-01,6.919538994081290e-10
2.223212504186320e-01,6.918341052816609e-10
2.225342426110240e-01,6.917144341448307e-10
2.227472348034160e-01,6.915948855336255e-10
2.229602269958080e-01,6.914754589994215e-10
2.231732191882000e-01,6.913561541551257e-10
2.233862113805920e-01,6.912369706290201e-10
2.235992035729840e-01,6.911179080493863e-10
2.238121957653760e-01,6.909989660445065e-10
2.240251879577670e-01,6.908801442426629e-10
2.242381801501590e-01,6.907614422721366e-10
2.244511723425510e-01,6.906428597612098e-10
2.246641645349430e-01,6.905243963381645e-10
2.248771567273350e-01,6.904060516312826e-10
2.250901489197270e-01,6.902878252678800e-10
2.253031411121190e-01,6.901697168714065e-10
2.255161333045100e-01,6.900517260643453e-10
2.257291254969020e-01,6.899338524691782e-10
2.259421176892940e-01,6.898160957083879e-10
2.261551098816860e-01,6.896984554044575e-10
2.263681020740780e-01,6.895809311798695e-10
2.265810942664700e-01,6.894635226571064e-10
2.267940864588620e-01,6.893462294586511e-10
2.270070786512540e-01,6.892290512069860e-10
2.272200708436450e-01,6.891119875193247e-10
2.274330630360370e-01,6.889950379917925e-10
2.276460552284290e-01,6.888782022152441e-10
2.278590474208210e-01,6.887614797805330e-10
2.280720396132130e-01,6.886448702785130e-10
2.282850318056050e-01,6.885283733000379e-10
2.284980239979970e-01,6.884119884359612e-10
2.287110161903880e-01,6.882957152771373e-10
2.289240083827800e-01,6.881795534144189e-10
2.291370005751720e-01,6.880635024386603e-10
2.293499927675640e-01,6.879475619525679e-10
2.295629849599560e-01,6.878317316062587e-10
2.297759771523480e-01,6.877160110617023e-10
2.299889693447400e-01,6.876003999808685e-10
2.302019615371320e-01,6.874848980257268e-10
2.304149537295230e-01,6.873695048582472e-10
2.306279459219150e-01,6.872542201403987e-10
2.308409381143070e-01,6.871390435341510e-10
2.310539303066990e-01,6.870239747014739e-10
2.312669224990910e-01,6.869090133043370e-10
2.314799146914830e-01,6.867941590010670e-10
2.316929068838750e-01,6.866794114354228e-10
2.319058990762670e-01,6.865647702475226e-10
2.321188912686580e-01,6.864502350774859e-10
2.323318834610500e-01,6.863358055654294e-10
2.325448756534420e-01,6.862214813514722e-10
2.327578678458340e-01,6.861072620757328e-10
2.329708600382260e-01,6.859931473783294e-10
2.331838522306180e-01,6.858791368993805e-10
2.333968444230100e-01,6.857652302790042e-10
2.336098366154010e-01,6.856514271609634e-10
2.338228288077930e-01,6.855377272035841e-10
2.340358210001850e-01,6.854241300688333e-10
2.342488131925770e-01,6.853106354186775e-10
2.344618053849690e-01,6.851972429150830e-10
2.346747975773610e-01,6.850839522200163e-10
2.348877897697530e-01,6.849707629954438e-10
2.351007819621450e-01,6.848576749033319e-10
2.353137741545360e-01,6.847446876056476e-10
2.355267663469280e-01,6.846318007643561e-10
2.357397585393200e-01,6.845190140425861e-10
2.359527507317120e-01,6.844063271081134e-10
2.361657429241040e-01,6.842937396298766e-10
2.363787351164960e-01,6.841812512768143e-10
2.365917273088880e-01,6.840688617178651e-10
2.368047195012800e-01,6.839565706219676e-10
2.370177116936710e-01,6.838443776580609e-10
2.372307038860630e-01,6.837322824950824e-10
2.374436960784550e-01,6.836202848019713e-10
2.376566882708470e-01,6.835083842476662e-10
2.378696804632390e-01,6.833965805043839e-10
2.380826726556310e-01,6.832848732574554e-10
2.382956648480230e-01,6.831732621954911e-10
2.385086570404140e-01,6.830617470071017e-10
2.387216492328060e-01,6.829503273808968e-10
2.389346414251980e-01,6.828390030054871e-10
2.391476336175900e-01,6.827277735694831e-10
2.393606258099820e-01,6.826166387614950e-10
2.395736180023740e-01,6.825055982701333e-10
2.397866101947660e-01,6.823946517840081e-10
2.399996023871580e-01,6.822837989894445e-10
2.402125945795490e-01,6.821730395636272e-10
2.404255867719410e-01,6.820623731814545e-10
2.406385789643330e-01,6.819517995178266e-10
2.408515711567250e-01,6.818413182476427e-10
2.410645633491170e-01,6.817309290458022e-10
2.412775555415090e-01,6.816206315872046e-10
2.414905477339010e-01,6.815104255467493e-10
2.417035399262920e-01,6.814003105993363e-10
2.419165321186840e-01,6.812902864198640e-10
2.421295243110760e-01,6.811803526895085e-10
2.423425165034680e-01,6.810705091145395e-10
2.425555086958600e-01,6.809607554074971e-10
2.427685008882520e-01,6.808510912809218e-10
2.429814930806440e-01,6.807415164473535e-10
2.431944852730360e-01,6.806320306193324e-10
2.434074774654270e-01,6.805226335093993e-10
2.436204696578190e-01,6.804133248300936e-10
2.438334618502110e-01,6.803041042939558e-10
2.440464540426030e-01,6.801949716135261e-10
2.442594462349950e-01,6.800859265008829e-10
2.444724384273870e-01,6.799769686662574e-10
2.446854306197790e-01,6.798680978194175e-10
2.448984228121710e-01,6.797593136701317e-10
2.451114150045620e-01,6.796506159281690e-10
2.453244071969540e-01,6.795420043032967e-10
2.455373993893460e-01,6.794334785052839e-10
2.457503915817380e-01,6.793250382438989e-10
2.459633837741300e-01,6.792166832289100e-10
2.461763759665220e-01,6.791084131700857e-10
2.463893681589140e-01,6.790002277806685e-10
2.466023603513050e-01,6.788921267878019e-10
2.468153525436970e-01,6.787841099221042e-10
2.470283447360890e-01,6.786761769141954e-10
2.472413369284810e-01,6.785683274946949e-10
2.474543291208730e-01,6.784605613942220e-10
2.476673213132650e-01,6.783528783433962e-10
2.478803135056570e-01,6.782452780728370e-10
2.480933056980490e-01,6.781377603131634e-10
2.483062978904400e-01,6.780303247949958e-10
2.485192900828320e-01,6.779229712470867e-10
2.487322822752240e-01,6.778156993907270e-10
2.489452744676160e-01,6.777085089453416e-10
2.491582666600080e-01,6.776013996303553e-10
2.493712588524000e-01,6.774943711651927e-10
2.495842510447920e-01,6.773874232692785e-10
2.497972432371830e-01,6.772805556620382e-10
2.500102354295750e-01,6.771737680628952e-10
2.502232276219670e-01,6.770670601912749e-10
2.504362198143590e-01,6.769604317666021e-10
2.506492120067510e-01,6.768538825119505e-10
2.508622041991430e-01,6.767474121649862e-10
2.510751963915350e-01,6.766410204670225e-10
2.512881885839270e-01,6.765347071593724e-10
2.515011807763180e-01,6.764284719833495e-10
2.517141729687100e-01,6.763223146802661e-10
2.519271651611020e-01,6.762162349914358e-10
2.521401573534940e-01,6.761102326581715e-10
2.523531495458860e-01,6.760043074217868e-10
2.525661417382780e-01,6.758984590235944e-10
2.527791339306700e-01,6.757926872057297e-10
2.529921261230620e-01,6.756869917136133e-10
2.532051183154530e-01,6.755813722934871e-10
2.534181105078450e-01,6.754758286915920e-10
2.536311027002370e-01,6.753703606541703e-10
2.538440948926290e-01,6.752649679274632e-10
2.540570870850210e-01,6.751596502577126e-10
2.542700792774130e-01,6.750544073911602e-10
2.544830714698050e-01,6.749492390740477e-10
2.546960636621960e-01,6.748441450526168e-10
2.549090558545880e-01,6.747391250746289e-10
2.551220480469800e-01,6.746341788939301e-10
2.553350402393720e-01,6.745293062658878e-10
2.555480324317640e-01,6.744245069458696e-10
2.557610246241560e-01,6.743197806892432e-10
2.559740168165480e-01,6.742151272513761e-10
2.561870090089400e-01,6.741105463876358e-10
2.564000012013310e-01,6.740060378533904e-10
2.566129933937230e-01,6.739016014040062e-10
2.568259855861150e-01,6.737972367948517e-10
2.570389777785070e-01,6.736929437825684e-10
2.572519699708990e-01,6.735887221288952e-10
2.574649621632910e-01,6.734845715968467e-10
2.576779543556830e-01,6.733804919494360e-10
2.578909465480740e-01,6.732764829496780e-10
2.581039387404660e-01,6.731725443605854e-10
2.583169309328580e-01,6.730686759451726e-10
2.585299231252500e-01,6.729648774664534e-10
2.587429153176420e-01,6.728611486874419e-10
2.589559075100340e-01,6.727574893711519e-10
2.591688997024260e-01,6.726538992818972e-10
2.593818918948180e-01,6.725503781891913e-10
2.595948840872090e-01,6.724469258638477e-10
2.598078762796010e-01,6.723435420766788e-10
2.600208684719930e-01,6.722402265984980e-10
2.602338606643850e-01,6.721369792001186e-10
2.604468528567770e-01,6.720337996523536e-10
2.606598450491690e-01,6.719306877260163e-10
2.608728372415610e-01,6.718276431919198e-10
2.610858294339530e-01,6.717246658208771e-10
2.612988216263440e-01,6.716217553849012e-10
2.615118138187360e-01,6.715189116607978e-10
2.617248060111280e-01,6.714161344265725e-10
2.619377982035200e-01,6.713134234602307e-10
2.621507903959120e-01,6.712107785397769e-10
2.623637825883040e-01,6.711081994432166e-10
2.625767747806960e-01,6.710056859485545e-10
2.627897669730870e-01,6.709032378337967e-10
2.630027591654790e-01,6.708008548769465e-10
2.632157513578710e-01,6.706985368560101e-10
2.634287435502630e-01,6.705962835503229e-10
2.636417357426550e-01,6.704940947445463e-10
2.638547279350470e-01,6.703919702246741e-10
2.640677201274390e-01,6.702899097767003e-10
2.642807123198310e-01,6.701879131866185e-10
2.644937045122220e-01,6.700859802404232e-10
2.647066967046140e-01,6.699841107241071e-10
2.649196888970060e-01,6.698823044236645e-10
2.651326810893980e-01,6.697805611250893e-10
2.653456732817900e-01,6.696788806143756e-10
2.655586654741820e-01,6.695772626781882e-10
2.657716576665740e-01,6.694757071058799e-10
2.659846498589660e-01,6.693742136874751e-10
2.661976420513570e-01,6.692727822129990e-10
2.664106342437490e-01,6.691714124724749e-10
2.666236264361410e-01,6.690701042559280e-10
2.668366186285330e-01,6.689688573533825e-10
2.670496108209250e-01,6.688676715548632e-10
2.672626030133170e-01,6.687665466503945e-10
2.674755952057090e-01,6.686654824300009e-10
2.676885873981000e-01,6.685644786866618e-10
2.679015795904920e-01,6.684635352251732e-10
2.681145717828840e-01,6.683626518532871e-10
2.683275639752760e-01,6.682618283787556e-10
2.685405561676680e-01,6.681610646093300e-10
2.687535483600600e-01,6.680603603527625e-10
2.689665405524520e-01,6.679597154168044e-10
2.691795327448440e-01,6.678591296092077e-10
2.693925249372350e-01,6.677586027377245e-10
2.696055171296270e-01,6.676581346101055e-10
2.698185093220190e-01,6.675577250283698e-10
2.700315015144110e-01,6.674573737716084e-10
2.702444937068030e-01,6.673570806131820e-10
2.704574858991950e-01,6.672568453264510e-10
2.706704780915870e-01,6.671566676847761e-10
2.708834702839780e-01,6.670565474615183e-10
2.710964624763700e-01,6.669564844300374e-10
2.713094546687620e-01,6.668564783636941e-10
2.715224468611540e-01,6.667565290358495e-10
2.717354390535460e-01,6.666566362198637e-10
2.719484312459380e-01,6.665567997156264e-10
2.721614234383300e-01,6.664570194290837e-10
2.723744156307220e-01,6.663572952926815e-10
2.725874078231130e-01,6.662576272388662e-10
2.728004000155050e-01,6.661580152000825e-10
2.730133922078970e-01,6.660584591087768e-10
2.732263844002890e-01,6.659589588973950e-10
2.734393765926810e-01,6.658595144983828e-10
2.736523687850730e-01,6.657601258441862e-10
2.738653609774650e-01,6.656607928672510e-10
2.740783531698570e-01,6.655615154060995e-10
2.742913453622480e-01,6.654622929233534e-10
2.745043375546400e-01,6.653631247876061e-10
2.747173297470320e-01,6.652640103674523e-10
2.749303219394240e-01,6.651649490314865e-10
2.751433141318160e-01,6.650659401483030e-10
2.753563063242080e-01,6.649669830864963e-10
2.755692985166000e-01,6.648680772146606e-10
2.757822907089910e-01,6.647692219013907e-10
2.759952829013830e-01,6.646704165152800e-10
2.762082750937750e-01,6.645716607803781e-10
2.764212672861670e-01,6.644729558428946e-10
2.766342594785590e-01,6.643743032046651e-10
2.768472516709510e-01,6.642757043675252e-10
2.770602438633430e-01,6.641771608333103e-10
2.772732360557350e-01,6.640786741038563e-10
2.774862282481260e-01,6.639802456809991e-10
2.776992204405180e-01,6.638818770665732e-10
2.779122126329100e-01,6.637835697624149e-10
2.781252048253020e-01,6.636853252703596e-10
2.783381970176940e-01,6.635871437699376e-10
2.785511892100860e-01,6.634890201518180e-10
