7.791356504680618e-06,1.286955765777943e-09
8.610780621332552e-06,1.302774881864512e-09
9.516384324626089e-06,1.306744625799040e-09
1.051723120080771e-05,1.297333595385845e-09
1.162333806181051e-05,1.274516685943893e-09
1.284577519687474e-05,1.239709842753559e-09
1.419677716772344e-05,1.195543326666430e-09
1.568986525616830e-05,1.145506218729424e-09
1.733998278964274e-05,1.093510944032584e-09
1.916364469904539e-05,1.043435251103317e-09
2.117910280571951e-05,9.986991788203812e-10
2.340652849181556e-05,9.619262840880279e-10
2.586821458226360e-05,9.347237671846390e-10
2.858879845885812e-05,9.175984371422242e-10
3.159550863945590e-05,9.100081518866202e-10
3.491843729013453e-05,9.105329370711547e-10
3.859084139770492e-05,9.171345853137110e-10
4.264947561681323e-05,9.274577094905773e-10
4.713496012287843e-05,9.391196228836777e-10
5.209218715246060e-05,9.499567182864854e-10
5.757077029985334e-05,9.582210999483068e-10
6.362554106661115e-05,9.627054613420440e-10
7.031709763364645e-05,9.627698679479018e-10
7.771241134819200e-05,9.583102548070127e-10
8.588549699555374e-05,9.496779947885532e-10
9.491815356395940e-05,9.375530651455478e-10
1.049007829163263e-04,9.228192612990296e-10
1.159332945624905e-04,9.064336631110405e-10
1.281261055871622e-04,8.893219582144319e-10
1.416012457412214e-04,8.722979705569860e-10
1.564935787564811e-04,8.560129325511986e-10
1.729521521072439e-04,8.409337219285919e-10
1.911416887275217e-04,8.273444775376501e-10
2.112442356135248e-04,8.153656209843571e-10
2.334609858111876e-04,8.049836711273866e-10
2.580142920237960e-04,7.960859032714567e-10
2.851498919925769e-04,7.884963850536574e-10
3.151393679226079e-04,7.820093055954978e-10
3.482828645688079e-04,7.764105771071322e-10
3.849120931855259e-04,7.714940777520654e-10
4.253936514042669e-04,7.670726958066244e-10
4.701326922660057e-04,7.629847861091011e-10
5.195769791289974e-04,7.590969894200133e-10
5.742213670349657e-04,7.553043616325665e-10
6.346127553846864e-04,7.515286550289994e-10
7.013555614910102e-04,7.477154439451956e-10
7.751177697904812e-04,7.438306127783994e-10
8.566376172560946e-04,7.398565619360208e-10
9.467309819210534e-04,7.357883550865774e-10
1.046299548460350e-03,7.316299676312910e-10
1.156339832554060e-03,7.273908162110869e-10
1.277953154351212e-03,7.230734311257102e-10
1.405748469786333e-03,7.189053831580948e-10
1.533543785221454e-03,7.150736399211556e-10
1.661339100656575e-03,7.115358787208681e-10
1.789134416091696e-03,7.082497768632074e-10
1.916929731526817e-03,7.051776569155645e-10
2.000000000000000e-03,7.032861164707725e-10
2.044725046961939e-03,7.023003992896230e-10
2.172520362397060e-03,6.996023004378482e-10
2.300315677832181e-03,6.970658343044767e-10
2.428110993267302e-03,6.946733273353117e-10
2.555906308702423e-03,6.924085512555813e-10
2.683701624137544e-03,6.902610589091288e-10
2.811496939572665e-03,6.882218484196796e-10
2.939292255007787e-03,6.862819179109590e-10
3.067087570442908e-03,6.844322655066925e-10
3.194882885878029e-03,6.826645420356581e-10
3.322678201313150e-03,6.809730091731735e-10
3.450473516748271e-03,6.793525813127723e-10
3.578268832183392e-03,6.777981728479886e-10
3.706064147618514e-03,6.763046981723565e-10
3.833859463053635e-03,6.748674057214434e-10
3.961654778488756e-03,6.734828800943217e-10
4.089450093923877e-03,6.721480399297817e-10
4.217245409358998e-03,6.708598038666140e-10
4.345040724794119e-03,6.696150905436095e-10
4.472836040229241e-03,6.684109988001661e-10
4.600631355664362e-03,6.672453482827688e-10
4.728426671099482e-03,6.661161388408383e-10
4.856221986534604e-03,6.650213703237954e-10
4.984017301969726e-03,6.639590425810609e-10
5.111812617404846e-03,6.629272613650478e-10
5.239607932839968e-03,6.619245560371350e-10
5.367403248275089e-03,6.609495618601922e-10
5.495198563710209e-03,6.600009140970893e-10
5.622993879145331e-03,6.590772480106958e-10
5.750789194580453e-03,6.581772661764253e-10
5.878584510015573e-03,6.572999404206293e-10
6.006379825450694e-03,6.564443098825858e-10
6.134175140885816e-03,6.556094137015720e-10
6.261970456320937e-03,6.547942910168652e-10
6.389765771756058e-03,6.539980240799245e-10
6.517561087191179e-03,6.532198675890875e-10
6.645356402626300e-03,6.524591193539493e-10
6.773151718061422e-03,6.517150771841057e-10
6.900947033496543e-03,6.509870388891515e-10
7.028742348931663e-03,6.502743310425184e-10
7.156537664366785e-03,6.495763952728904e-10
7.284332979801906e-03,6.488927019727425e-10
7.412128295237027e-03,6.482227215345496e-10
7.539923610672148e-03,6.475659243507866e-10
7.667718926107269e-03,6.469218015755863e-10
7.795514241542391e-03,6.462899274104718e-10
7.923309556977513e-03,6.456698968190038e-10
8.051104872412632e-03,6.450613047647429e-10
8.178900187847754e-03,6.444637462112496e-10
8.306695503282877e-03,6.438768307032270e-10
8.434490818717996e-03,6.433002261096912e-10
8.562286134153118e-03,6.427336148806722e-10
8.690081449588239e-03,6.421766794661999e-10
8.817876765023359e-03,6.416291023163044e-10
8.945672080458482e-03,6.410905767675813e-10
9.073467395893601e-03,6.405608397031297e-10
9.201262711328723e-03,6.400396388927339e-10
9.329058026763846e-03,6.395267221061788e-10
9.456853342198965e-03,6.390218371132491e-10
9.584648657634087e-03,6.385247385498360e-10
9.712443973069206e-03,6.380352085160368e-10
9.840239288504329e-03,6.375530359779447e-10
9.968034603939451e-03,6.370780099016536e-10
1.009582991937457e-02,6.366099192532565e-10
1.022362523480969e-02,6.361485624735215e-10
1.035142055024482e-02,6.356937759019860e-10
1.047921586567993e-02,6.352454053528975e-10
1.060701118111506e-02,6.348032966405037e-10
1.073480649655018e-02,6.343672955790521e-10
1.086260181198530e-02,6.339372479827904e-10
1.099039712742042e-02,6.335129996659660e-10
1.111819244285554e-02,6.330943964428268e-10
1.124598775829066e-02,6.326812841276203e-10
1.137378307372578e-02,6.322735085345941e-10
1.150157838916090e-02,6.318709235459871e-10
1.162937370459603e-02,6.314734153136748e-10
1.175716902003114e-02,6.310808780563597e-10
1.188496433546627e-02,6.306932059927446e-10
1.201275965090139e-02,6.303102933415319e-10
1.214055496633651e-02,6.299320343214241e-10
1.226835028177163e-02,6.295583231511242e-10
1.239614559720675e-02,6.291890540493344e-10
1.252394091264187e-02,6.288241212347573e-10
1.265173622807700e-02,6.284634189260956e-10
1.277953154351211e-02,6.281068460354145e-10
1.290732685894724e-02,6.277543202498917e-10
1.303512217438236e-02,6.274057639508992e-10
1.316291748981748e-02,6.270610995198086e-10
1.329071280525260e-02,6.267202493379916e-10
1.341850812068772e-02,6.263831357868200e-10
1.354630343612284e-02,6.260496812476654e-10
1.367409875155796e-02,6.257198081018996e-10
1.380189406699308e-02,6.253934387308946e-10
1.392968938242821e-02,6.250704955160217e-10
1.405748469786333e-02,6.247509041251768e-10
1.418528001329845e-02,6.244346033725416e-10
1.431307532873357e-02,6.241215353589173e-10
1.444087064416869e-02,6.238116421851050e-10
1.456866595960381e-02,6.235048659519056e-10
1.469646127503893e-02,6.232011487601204e-10
1.482425659047405e-02,6.229004327105502e-10
1.495205190590917e-02,6.226026599039963e-10
1.507984722134430e-02,6.223077724412597e-10
1.520764253677942e-02,6.220157124231414e-10
1.533543785221454e-02,6.217264242974986e-10
1.546323316764966e-02,6.214398618998532e-10
1.559102848308478e-02,6.211559814125039e-10
1.571882379851990e-02,6.208747390177488e-10
1.584661911395502e-02,6.205960908978869e-10
1.597441442939014e-02,6.203199932352164e-10
1.610220974482527e-02,6.200464022120359e-10
1.623000506026039e-02,6.197752740106439e-10
1.635780037569551e-02,6.195065648133388e-10
1.648559569113063e-02,6.192402308024192e-10
1.661339100656575e-02,6.189762297355564e-10
1.674118632200087e-02,6.187145256725510e-10
1.686898163743599e-02,6.184550842488945e-10
1.699677695287111e-02,6.181978711000793e-10
1.712457226830624e-02,6.179428518615971e-10
1.725236758374135e-02,6.176899921689399e-10
1.738016289917648e-02,6.174392576575995e-10
1.750795821461160e-02,6.171906139630680e-10
1.763575353004672e-02,6.169440267208373e-10
1.776354884548184e-02,6.166994615663994e-10
1.789134416091696e-02,6.164568852933724e-10
1.801913947635208e-02,6.162162693280045e-10
1.814693479178720e-02,6.159775862547330e-10
1.827473010722232e-02,6.157408086579954e-10
1.840252542265745e-02,6.155059091222287e-10
1.853032073809257e-02,6.152728602318704e-10
1.865811605352769e-02,6.150416345713577e-10
1.878591136896281e-02,6.148122047251279e-10
1.891370668439793e-02,6.145845432776181e-10
1.904150199983305e-02,6.143586228132658e-10
1.916929731526817e-02,6.141344167847753e-10
1.929709263070329e-02,6.139119021177567e-10
1.942488794613842e-02,6.136910566060054e-10
1.955268326157353e-02,6.134718580433172e-10
1.968047857700866e-02,6.132542842234874e-10
1.980827389244378e-02,6.130383129403118e-10
1.993606920787890e-02,6.128239219875860e-10
2.006386452331402e-02,6.126110891591055e-10
2.019165983874914e-02,6.123997922486659e-10
2.031945515418426e-02,6.121900090500628e-10
2.044725046961939e-02,6.119817180200020e-10
2.057504578505450e-02,6.117749002671315e-10
2.070284110048963e-02,6.115695375631608e-10
2.083063641592475e-02,6.113656116797989e-10
2.095843173135987e-02,6.111631043887551e-10
2.108622704679499e-02,6.109619974617385e-10
2.121402236223011e-02,6.107622726704586e-10
2.134181767766523e-02,6.105639117866242e-10
2.146961299310035e-02,6.103668965819446e-10
2.159740830853547e-02,6.101712088281293e-10
2.172520362397060e-02,6.099768308120667e-10
2.185299893940572e-02,6.097837468814460e-10
2.198079425484084e-02,6.095919418991764e-10
2.210858957027596e-02,6.094014007281673e-10
2.223638488571108e-02,6.092121082313281e-10
2.236418020114620e-02,6.090240492715683e-10
2.249197551658132e-02,6.088372087117973e-10
2.261977083201644e-02,6.086515714149243e-10
2.274756614745157e-02,6.084671222438588e-10
2.287536146288669e-02,6.082838460615102e-10
2.300315677832181e-02,6.081017281367385e-10
2.313095209375693e-02,6.079207553621506e-10
2.325874740919205e-02,6.077409150362761e-10
2.338654272462717e-02,6.075621944576445e-10
2.351433804006229e-02,6.073845809247857e-10
2.364213335549741e-02,6.072080617362293e-10
2.376992867093253e-02,6.070326241905047e-10
2.389772398636766e-02,6.068582555861417e-10
2.402551930180278e-02,6.066849432216699e-10
2.415331461723790e-02,6.065126743956189e-10
2.428110993267302e-02,6.063414367305705e-10
2.440890524810814e-02,6.061712191451747e-10
2.453670056354326e-02,6.060020108820635e-10
2.466449587897838e-02,6.058338011838686e-10
2.479229119441350e-02,6.056665792932220e-10
2.492008650984863e-02,6.055003344527557e-10
2.504788182528375e-02,6.053350559051013e-10
2.517567714071887e-02,6.051707328928910e-10
2.530347245615399e-02,6.050073546587567e-10
2.543126777158911e-02,6.048449104453302e-10
2.555906308702423e-02,6.046833897569761e-10
2.568685840245935e-02,6.045227831450450e-10
2.581465371789447e-02,6.043630814226473e-10
2.594244903332960e-02,6.042042754028936e-10
2.607024434876471e-02,6.040463558988946e-10
2.619803966419984e-02,6.038893137237606e-10
2.632583497963496e-02,6.037331396906026e-10
2.645363029507008e-02,6.035778246125307e-10
2.658142561050520e-02,6.034233593026559e-10
2.670922092594032e-02,6.032697345740884e-10
2.683701624137544e-02,6.031169414534490e-10
2.696481155681056e-02,6.029649718213799e-10
2.709260687224568e-02,6.028138177720241e-10
2.722040218768081e-02,6.026634713995247e-10
2.734819750311593e-02,6.025139247980244e-10
2.747599281855105e-02,6.023651700616665e-10
2.760378813398617e-02,6.022171992845939e-10
2.773158344942129e-02,6.020700045609494e-10
2.785937876485641e-02,6.019235779848762e-10
2.798717408029153e-02,6.017779116505174e-10
2.811496939572665e-02,6.016329978282525e-10
2.824276471116178e-02,6.014888294933412e-10
2.837056002659689e-02,6.013453997972462e-10
2.849835534203202e-02,6.012027018914302e-10
2.862615065746714e-02,6.010607289273556e-10
2.875394597290226e-02,6.009194740564851e-10
2.888174128833738e-02,6.007789304302814e-10
2.900953660377250e-02,6.006390912002070e-10
2.913733191920762e-02,6.004999495177246e-10
2.926512723464274e-02,6.003614985342968e-10
2.939292255007787e-02,6.002237315474346e-10
2.952071786551299e-02,6.000866424388798e-10
2.964851318094811e-02,5.999502252364414e-10
2.977630849638323e-02,5.998144739679285e-10
2.990410381181835e-02,5.996793826611505e-10
3.003189912725347e-02,5.995449453439163e-10
3.015969444268859e-02,5.994111560440351e-10
3.028748975812371e-02,5.992780087893159e-10
3.041528507355883e-02,5.991454976075678e-10
3.054308038899396e-02,5.990136165265999e-10
3.067087570442908e-02,5.988823596968215e-10
3.079867101986420e-02,5.987517217590365e-10
3.092646633529932e-02,5.986216974766470e-10
3.105426165073444e-02,5.984922816130549e-10
3.118205696616956e-02,5.983634689316620e-10
3.130985228160468e-02,5.982352541958701e-10
3.143764759703981e-02,5.981076321690812e-10
3.156544291247493e-02,5.979805976146973e-10
3.169323822791005e-02,5.978541452961203e-10
3.182103354334517e-02,5.977282699767520e-10
3.194882885878029e-02,5.976029665234462e-10
3.207662417421541e-02,5.974782302168302e-10
3.220441948965053e-02,5.973540564409659e-10
3.233221480508566e-02,5.972304405799151e-10
3.246001012052077e-02,5.971073780177400e-10
3.258780543595589e-02,5.969848641385021e-10
3.271560075139102e-02,5.968628943262638e-10
3.284339606682614e-02,5.967414639650867e-10
3.297119138226126e-02,5.966205684390327e-10
3.309898669769638e-02,5.965002031321641e-10
3.322678201313150e-02,5.963803635163547e-10
3.335457732856662e-02,5.962610454147565e-10
3.348237264400174e-02,5.961422447383466e-10
3.361016795943687e-02,5.960239573981025e-10
3.373796327487198e-02,5.959061793050019e-10
3.386575859030710e-02,5.957889063700222e-10
3.399355390574223e-02,5.956721345041408e-10
3.412134922117735e-02,5.955558596183352e-10
3.424914453661247e-02,5.954400776235830e-10
3.437693985204759e-02,5.953247844308617e-10
3.450473516748271e-02,5.952099760262327e-10
3.463253048291783e-02,5.950956486960951e-10
3.476032579835295e-02,5.949817988019326e-10
3.488812111378808e-02,5.948684227052289e-10
3.501591642922319e-02,5.947555167674672e-10
3.514371174465832e-02,5.946430773501316e-10
3.527150706009344e-02,5.945311008147054e-10
3.539930237552856e-02,5.944195835226725e-10
3.552709769096368e-02,5.943085218355163e-10
3.565489300639881e-02,5.941979121147204e-10
3.578268832183392e-02,5.940877507863132e-10
3.591048363726904e-02,5.939780345344828e-10
3.603827895270417e-02,5.938687601079528e-10
3.616607426813929e-02,5.937599242554471e-10
3.629386958357441e-02,5.936515237256891e-10
3.642166489900953e-02,5.935435552674027e-10
3.654946021444465e-02,5.934360156293116e-10
3.667725552987977e-02,5.933289015601393e-10
3.680505084531489e-02,5.932222098086096e-10
3.693284616075002e-02,5.931159371234462e-10
3.706064147618514e-02,5.930100803091731e-10
3.718843679162025e-02,5.929046363935370e-10
3.731623210705538e-02,5.927996024600948e-10
3.744402742249050e-02,5.926949755924035e-10
3.757182273792562e-02,5.925907528740202e-10
3.769961805336074e-02,5.924869313885016e-10
3.782741336879586e-02,5.923835082194051e-10
3.795520868423098e-02,5.922804804502876e-10
3.808300399966610e-02,5.921778451647060e-10
3.821079931510123e-02,5.920755994462173e-10
3.833859463053635e-02,5.919737404267746e-10
3.846638994597146e-02,5.918722654319185e-10
3.859418526140659e-02,5.917711718355866e-10
3.872198057684171e-02,5.916704570117173e-10
3.884977589227683e-02,5.915701183342483e-10
3.897757120771195e-02,5.914701531771178e-10
3.910536652314707e-02,5.913705589142635e-10
3.923316183858219e-02,5.912713329196236e-10
3.936095715401731e-02,5.911724725671363e-10
3.948875246945244e-02,5.910739752307392e-10
3.961654778488756e-02,5.909758383267415e-10
3.974434310032268e-02,5.908780594409253e-10
3.987213841575780e-02,5.907806362014397e-10
3.999993373119292e-02,5.906835662364326e-10
4.012772904662804e-02,5.905868471740530e-10
4.025552436206317e-02,5.904904766424490e-10
4.038331967749829e-02,5.903944522697694e-10
4.051111499293340e-02,5.902987716841626e-10
4.063891030836853e-02,5.902034325137771e-10
4.076670562380365e-02,5.901084323867613e-10
4.089450093923877e-02,5.900137689682995e-10
4.102229625467389e-02,5.899194400717327e-10
4.115009157010902e-02,5.898254435474460e-10
4.127788688554413e-02,5.897317772458238e-10
4.140568220097925e-02,5.896384390172508e-10
4.153347751641438e-02,5.895454267121115e-10
4.166127283184950e-02,5.894527381807905e-10
4.178906814728462e-02,5.893603712736726e-10
4.191686346271974e-02,5.892683238411423e-10
4.204465877815486e-02,5.891765937335841e-10
4.217245409358998e-02,5.890851788339433e-10
4.230024940902510e-02,5.889940771554114e-10
4.242804472446023e-02,5.889032867437420e-10
4.255584003989534e-02,5.888128056446892e-10
4.268363535533046e-02,5.887226319040067e-10
4.281143067076559e-02,5.886327635674483e-10
4.293922598620071e-02,5.885431986807679e-10
4.306702130163583e-02,5.884539352897193e-10
4.319481661707095e-02,5.883649714400563e-10
4.332261193250607e-02,5.882763051775330e-10
4.345040724794119e-02,5.881879345767143e-10
4.357820256337631e-02,5.880998578274068e-10
4.370599787881144e-02,5.880120731482247e-10
4.383379319424656e-02,5.879245787577835e-10
4.396158850968167e-02,5.878373728746980e-10
4.408938382511680e-02,5.877504537175828e-10
4.421717914055192e-02,5.876638195050532e-10
4.434497445598704e-02,5.875774684557241e-10
4.447276977142216e-02,5.874913987882100e-10
4.460056508685728e-02,5.874056087211263e-10
4.472836040229240e-02,5.873200964986533e-10
4.485615571772752e-02,5.872348604672457e-10
4.498395103316265e-02,5.871498989989297e-10
4.511174634859777e-02,5.870652104657316e-10
4.523954166403289e-02,5.869807932396777e-10
4.536733697946801e-02,5.868966456927939e-10
4.549513229490313e-02,5.868127661971067e-10
4.562292761033825e-02,5.867291531246422e-10
4.575072292577338e-02,5.866458048474267e-10
4.587851824120850e-02,5.865627197374863e-10
4.600631355664361e-02,5.864798961895857e-10
4.613410887207874e-02,5.863973326894473e-10
4.626190418751386e-02,5.863150277455340e-10
4.638969950294898e-02,5.862329798663085e-10
4.651749481838410e-02,5.861511875602334e-10
4.664529013381922e-02,5.860696493357716e-10
4.677308544925434e-02,5.859883637013860e-10
4.690088076468946e-02,5.859073291655391e-10
4.702867608012459e-02,5.858265442366939e-10
4.715647139555971e-02,5.857460074233129e-10
4.728426671099482e-02,5.856657172540146e-10
4.741206202642995e-02,5.855856723380362e-10
4.753985734186507e-02,5.855058713047693e-10
4.766765265730019e-02,5.854263127836054e-10
4.779544797273531e-02,5.853469954039358e-10
4.792324328817044e-02,5.852679177951522e-10
4.805103860360555e-02,5.851890785866462e-10
4.817883391904067e-02,5.851104764078090e-10
4.830662923447580e-02,5.850321098880323e-10
4.843442454991092e-02,5.849539776567075e-10
4.856221986534604e-02,5.848760783618211e-10
4.869001518078116e-02,5.847984107257306e-10
4.881781049621628e-02,5.847209734893844e-10
4.894560581165140e-02,5.846437653937311e-10
4.907340112708652e-02,5.845667851797191e-10
4.920119644252165e-02,5.844900315882968e-10
4.932899175795677e-02,5.844135033604129e-10
4.945678707339188e-02,5.843371992370157e-10
4.958458238882701e-02,5.842611179590537e-10
4.971237770426213e-02,5.841852582674754e-10
4.984017301969725e-02,5.841096189161619e-10
4.996796833513237e-02,5.840341987107285e-10
5.000000000000000e-02,5.840153289817368e-10
5.009576365056749e-02,5.839589964712889e-10
5.022355896600261e-02,5.838840110316054e-10
5.035135428143774e-02,5.838092412324801e-10
5.047914959687286e-02,5.837346859147739e-10
5.060694491230798e-02,5.836603439193473e-10
5.073474022774310e-02,5.835862140870611e-10
5.086253554317822e-02,5.835122952587760e-10
5.099033085861334e-02,5.834385862753527e-10
5.111812617404846e-02,5.833650859914407e-10
5.124592148948359e-02,5.832917933168442e-10
5.137371680491870e-02,5.832187071751553e-10
5.150151212035382e-02,5.831458264899661e-10
5.162930743578895e-02,5.830731501848690e-10
5.175710275122407e-02,5.830006771834562e-10
5.188489806665919e-02,5.829284064093200e-10
5.201269338209431e-02,5.828563367860525e-10
5.214048869752943e-02,5.827844672372461e-10
5.226828401296455e-02,5.827127966864931e-10
5.239607932839967e-02,5.826413240708489e-10
5.252387464383480e-02,5.825700483812176e-10
5.265166995926992e-02,5.824989686219638e-10
5.277946527470503e-02,5.824280837974523e-10
5.290726059014016e-02,5.823573929120480e-10
5.303505590557528e-02,5.822868949701156e-10
5.316285122101040e-02,5.822165889760199e-10
5.329064653644552e-02,5.821464739341256e-10
5.341844185188065e-02,5.820765488487974e-10
5.354623716731576e-02,5.820068127244000e-10
5.367403248275088e-02,5.819372645772265e-10
5.380182779818601e-02,5.818679034712847e-10
5.392962311362113e-02,5.817987284825120e-10
5.405741842905625e-02,5.817297386868461e-10
5.418521374449137e-02,5.816609331602247e-10
5.431300905992649e-02,5.815923109785853e-10
5.444080437536161e-02,5.815238712178653e-10
5.456859969079673e-02,5.814556129540025e-10
5.469639500623186e-02,5.813875352629343e-10
5.482419032166697e-02,5.813196372205985e-10
5.495198563710210e-02,5.812519179137865e-10
5.507978095253722e-02,5.811843764727069e-10
5.520757626797234e-02,5.811170120384218e-10
5.533537158340746e-02,5.810498237519935e-10
5.546316689884258e-02,5.809828107544843e-10
5.559096221427770e-02,5.809159721869562e-10
5.571875752971282e-02,5.808493071904719e-10
5.584655284514795e-02,5.807828149060934e-10
5.597434816058307e-02,5.807164944748829e-10
5.610214347601819e-02,5.806503450379030e-10
5.622993879145331e-02,5.805843657461197e-10
5.635773410688843e-02,5.805185557901121e-10
5.648552942232355e-02,5.804529143703619e-10
5.661332473775867e-02,5.803874406873505e-10
5.674112005319380e-02,5.803221339415592e-10
5.686891536862891e-02,5.802569933334699e-10
5.699671068406403e-02,5.801920180635638e-10
5.712450599949916e-02,5.801272073323226e-10
5.725230131493428e-02,5.800625603402276e-10
5.738009663036940e-02,5.799980762877604e-10
5.750789194580452e-02,5.799337543844126e-10
5.763568726123964e-02,5.798695938757175e-10
5.776348257667476e-02,5.798055940162201e-10
5.789127789210988e-02,5.797417540604656e-10
5.801907320754501e-02,5.796780732629987e-10
5.814686852298013e-02,5.796145508783644e-10
5.827466383841524e-02,5.795511861611078e-10
5.840245915385037e-02,5.794879783657736e-10
5.853025446928549e-02,5.794249267469069e-10
5.865804978472061e-02,5.793620305590527e-10
5.878584510015573e-02,5.792992890649435e-10
5.891364041559085e-02,5.792367015600626e-10
5.904143573102597e-02,5.791742673480811e-10
5.916923104646109e-02,5.791119857326700e-10
5.929702636189622e-02,5.790498560175005e-10
5.942482167733134e-02,5.789878775062433e-10
5.955261699276646e-02,5.789260495025698e-10
5.968041230820158e-02,5.788643713101509e-10
5.980820762363670e-02,5.788028422326577e-10
5.993600293907182e-02,5.787414615737612e-10
6.006379825450694e-02,5.786802286446473e-10
6.019159356994207e-02,5.786191427865589e-10
6.031938888537718e-02,5.785582033482531e-10
6.044718420081231e-02,5.784974096784865e-10
6.057497951624743e-02,5.784367611260162e-10
6.070277483168255e-02,5.783762570395989e-10
6.083057014711767e-02,5.783158967679915e-10
6.095836546255279e-02,5.782556796599507e-10
6.108616077798791e-02,5.781956050642336e-10
6.121395609342303e-02,5.781356723295968e-10
6.134175140885816e-02,5.780758808116610e-10
6.146954672429328e-02,5.780162298935046e-10
6.159734203972840e-02,5.779567189650708e-10
6.172513735516352e-02,5.778973474163029e-10
6.185293267059864e-02,5.778381146371442e-10
6.198072798603376e-02,5.777790200175382e-10
6.210852330146888e-02,5.777200629474279e-10
6.223631861690401e-02,5.776612428167568e-10
6.236411393233912e-02,5.776025590154682e-10
6.249190924777424e-02,5.775440109335053e-10
6.261970456320937e-02,5.774855979671581e-10
6.274749987864449e-02,5.774273195381039e-10
6.287529519407961e-02,5.773691750743664e-10
6.300309050951473e-02,5.773111640039698e-10
6.313088582494986e-02,5.772532857549379e-10
6.325868114038498e-02,5.771955397552948e-10
6.338647645582010e-02,5.771379254330645e-10
6.351427177125522e-02,5.770804422162709e-10
6.364206708669033e-02,5.770230895329381e-10
6.376986240212545e-02,5.769658668110899e-10
6.389765771756058e-02,5.769087734845571e-10
6.402545303299570e-02,5.768518090103951e-10
6.415324834843082e-02,5.767949728514656e-10
6.428104366386594e-02,5.767382644706302e-10
6.440883897930107e-02,5.766816833307503e-10
6.453663429473619e-02,5.766252288946876e-10
6.466442961017131e-02,5.765689006253036e-10
6.479222492560642e-02,5.765126979854599e-10
6.492002024104154e-02,5.764566204380180e-10
6.504781555647667e-02,5.764006674458394e-10
6.517561087191179e-02,5.763448384771361e-10
6.530340618734691e-02,5.762891330215230e-10
6.543120150278203e-02,5.762335505739660e-10
6.555899681821716e-02,5.761780906294318e-10
6.568679213365228e-02,5.761227526828863e-10
6.581458744908740e-02,5.760675362292960e-10
6.594238276452252e-02,5.760124407636271e-10
6.607017807995763e-02,5.759574657808456e-10
6.619797339539275e-02,5.759026107759182e-10
6.632576871082788e-02,5.758478752438107e-10
6.645356402626300e-02,5.757932586844358e-10
6.658135934169812e-02,5.757387606174907e-10
6.670915465713324e-02,5.756843805676191e-10
6.683694997256837e-02,5.756301180594648e-10
6.696474528800349e-02,5.755759726176716e-10
6.709254060343861e-02,5.755219437668831e-10
6.722033591887373e-02,5.754680310317430e-10
6.734813123430886e-02,5.754142339368951e-10
6.747592654974396e-02,5.753605520069833e-10
6.760372186517909e-02,5.753069847666511e-10
6.773151718061421e-02,5.752535317450779e-10
6.785931249604933e-02,5.752001924895840e-10
6.798710781148445e-02,5.751469665520248e-10
6.811490312691958e-02,5.750938534842559e-10
6.824269844235470e-02,5.750408528381328e-10
6.837049375778982e-02,5.749879641655109e-10
6.849828907322494e-02,5.749351870182458e-10
6.862608438866007e-02,5.748825209481926e-10
6.875387970409517e-02,5.748299655072074e-10
6.888167501953030e-02,5.747775202471452e-10
6.900947033496542e-02,5.747251847241810e-10
6.913726565040054e-02,5.746729585117683e-10
6.926506096583566e-02,5.746208411876813e-10
6.939285628127079e-02,5.745688323296940e-10
6.952065159670591e-02,5.745169315155805e-10
6.964844691214103e-02,5.744651383231147e-10
6.977624222757615e-02,5.744134523300707e-10
6.990403754301128e-02,5.743618731142224e-10
7.003183285844640e-02,5.743104002533441e-10
7.015962817388151e-02,5.742590333252095e-10
7.028742348931663e-02,5.742077719111857e-10
7.041521880475175e-02,5.741566156070110e-10
7.054301412018688e-02,5.741055640120172e-10
7.067080943562200e-02,5.740546167255360e-10
7.079860475105712e-02,5.740037733468987e-10
7.092640006649224e-02,5.739530334754374e-10
7.105419538192737e-02,5.739023967104835e-10
7.118199069736249e-02,5.738518626513687e-10
7.130978601279761e-02,5.738014308974246e-10
7.152277820518949e-02,5.737176042307732e-10
7.173577039758135e-02,5.736340588009638e-10
7.194876258997322e-02,5.735507928716822e-10
7.216175478236508e-02,5.734678047303418e-10
7.237474697475696e-02,5.733850926643555e-10
7.258773916714882e-02,5.733026549611365e-10
7.280073135954070e-02,5.732204899080977e-10
7.301372355193256e-02,5.731385957926523e-10
7.322671574432443e-02,5.730569709022135e-10
7.343970793671629e-02,5.729756135241942e-10
7.365270012910817e-02,5.728945219460077e-10
7.386569232150003e-02,5.728136944806508e-10
7.407868451389191e-02,5.727331295434545e-10
7.429167670628377e-02,5.726528255753343e-10
7.450466889867564e-02,5.725727810172050e-10
7.471766109106751e-02,5.724929943099816e-10
7.493065328345938e-02,5.724134638945792e-10
7.514364547585124e-02,5.723341882119127e-10
7.535663766824312e-02,5.722551657028971e-10
7.556962986063498e-02,5.721763948084475e-10
7.578262205302685e-02,5.720978739694787e-10
7.599561424541872e-02,5.720196016486136e-10
7.620860643781059e-02,5.719415763953026e-10
7.642159863020245e-02,5.718637967807025e-10
7.663459082259433e-02,5.717862613759701e-10
7.684758301498619e-02,5.717089687522623e-10
7.706057520737807e-02,5.716319174807360e-10
7.727356739976993e-02,5.715551061325480e-10
7.748655959216180e-02,5.714785332788552e-10
7.769955178455366e-02,5.714021974908143e-10
7.791254397694554e-02,5.713260973395823e-10
7.812553616933740e-02,5.712502314159314e-10
7.833852836172928e-02,5.711745983890910e-10
7.855152055412114e-02,5.710991969479039e-10
7.876451274651301e-02,5.710240257812126e-10
7.897750493890487e-02,5.709490835778598e-10
7.919049713129675e-02,5.708743690266882e-10
7.940348932368861e-02,5.707998808165403e-10
7.961648151608049e-02,5.707256176362590e-10
7.982947370847235e-02,5.706515781746866e-10
8.004246590086422e-02,5.705777611206662e-10
8.025545809325609e-02,5.705041651805840e-10
8.046845028564796e-02,5.704307891310060e-10
8.068144247803982e-02,5.703576317660442e-10
8.089443467043170e-02,5.702846918798106e-10
8.110742686282357e-02,5.702119682664170e-10
8.132041905521543e-02,5.701394597199754e-10
8.153341124760730e-02,5.700671650345976e-10
8.174640343999917e-02,5.699950830043956e-10
8.195939563239105e-02,5.699232124234812e-10
8.217238782478291e-02,5.698515520859665e-10
8.238538001717477e-02,5.697801008016385e-10
8.259837220956665e-02,5.697088574429882e-10
8.281136440195852e-02,5.696378208981827e-10
8.302435659435038e-02,5.695669900553889e-10
8.323734878674224e-02,5.694963638027739e-10
8.345034097913412e-02,5.694259410285049e-10
8.366333317152599e-02,5.693557206207488e-10
8.387632536391786e-02,5.692857014676728e-10
8.408931755630973e-02,5.692158824574442e-10
8.430230974870159e-02,5.691462624782297e-10
8.451530194109347e-02,5.690768404323083e-10
8.472829413348533e-02,5.690076152784064e-10
8.494128632587720e-02,5.689385859893619e-10
8.515427851826907e-02,5.688697515380130e-10
8.536727071066094e-02,5.688011108971979e-10
8.558026290305280e-02,5.687326630397547e-10
8.579325509544468e-02,5.686644069385215e-10
8.600624728783654e-02,5.685963415663365e-10
8.621923948022842e-02,5.685284658960376e-10
8.643223167262028e-02,5.684607789004632e-10
8.664522386501215e-02,5.683932795651582e-10
8.685821605740401e-02,5.683259669264927e-10
8.707120824979589e-02,5.682588400335438e-10
8.728420044218775e-02,5.681918979353879e-10
8.749719263457963e-02,5.681251396811014e-10
8.771018482697149e-02,5.680585643197613e-10
8.792317701936336e-02,5.679921709004441e-10
8.813616921175522e-02,5.679259584722265e-10
8.834916140414710e-02,5.678599260841848e-10
8.856215359653896e-02,5.677940727853960e-10
8.877514578893084e-02,5.677283976365045e-10
8.898813798132270e-02,5.676628997444243e-10
8.920113017371457e-02,5.675975782276361e-10
8.941412236610644e-02,5.675324322046208e-10
8.962711455849831e-02,5.674674607938588e-10
8.984010675089017e-02,5.674026631138313e-10
9.005309894328205e-02,5.673380382830187e-10
9.026609113567391e-02,5.672735854199019e-10
9.047908332806578e-02,5.672093036429615e-10
9.069207552045766e-02,5.671451920706784e-10
9.090506771284952e-02,5.670812498319501e-10
9.111805990524138e-02,5.670174760973447e-10
9.133105209763326e-02,5.669538700478485e-10
9.154404429002513e-02,5.668904308644477e-10
9.175703648241700e-02,5.668271577281287e-10
9.197002867480886e-02,5.667640498198774e-10
9.218302086720073e-02,5.667011063206803e-10
9.239601305959261e-02,5.666383264115236e-10
9.260900525198447e-02,5.665757092733935e-10
9.282199744437633e-02,5.665132540872765e-10
9.303498963676821e-02,5.664509600436450e-10
9.324798182916008e-02,5.663888263709199e-10
9.346097402155194e-02,5.663268523070090e-10
9.367396621394380e-02,5.662650370898200e-10
9.388695840633568e-02,5.662033799572609e-10
9.409995059872756e-02,5.661418801472393e-10
9.431294279111942e-02,5.660805368976632e-10
9.452593498351128e-02,5.660193494464406e-10
9.473892717590315e-02,5.659583170314791e-10
9.495191936829503e-02,5.658974388906866e-10
9.516491156068689e-02,5.658367142706054e-10
9.537790375307875e-02,5.657761424523162e-10
9.559089594547063e-02,5.657157227255340e-10
9.580388813786250e-02,5.656554543799744e-10
9.601688033025436e-02,5.655953367053522e-10
9.622987252264624e-02,5.655353689913830e-10
9.644286471503810e-02,5.654755505277817e-10
9.665585690742998e-02,5.654158806042638e-10
9.686884909982184e-02,5.653563585105444e-10
9.708184129221371e-02,5.652969835363388e-10
9.729483348460558e-02,5.652377549792275e-10
9.750782567699745e-02,5.651786721682527e-10
9.772081786938931e-02,5.651197344403218e-10
9.793381006178119e-02,5.650609411323418e-10
9.814680225417305e-02,5.650022915812200e-10
9.835979444656492e-02,5.649437851238637e-10
9.857278663895679e-02,5.648854210971801e-10
9.878577883134866e-02,5.648271988380764e-10
9.899877102374052e-02,5.647691176834599e-10
9.921176321613240e-02,5.647111769702378e-10
9.942475540852426e-02,5.646533760425433e-10
9.963774760091614e-02,5.645957142734121e-10
9.985073979330800e-02,5.645381910431050e-10
1.000637319857000e-01,5.644808057318830e-10
1.002767241780920e-01,5.644235577200069e-10
1.004897163704840e-01,5.643664463877377e-10
1.007027085628750e-01,5.643094711153366e-10
1.009157007552670e-01,5.642526312830640e-10
1.011286929476590e-01,5.641959262711810e-10
1.013416851400510e-01,5.641393554599486e-10
1.015546773324430e-01,5.640829182361248e-10
1.017676695248350e-01,5.640266140124616e-10
1.019806617172270e-01,5.639704422082108e-10
1.021936539096190e-01,5.639144022426242e-10
1.024066461020100e-01,5.638584935349540e-10
1.026196382944020e-01,5.638027155044514e-10
1.028326304867940e-01,5.637470675703686e-10
1.030456226791860e-01,5.636915491519573e-10
1.032586148715780e-01,5.636361596684695e-10
1.034716070639700e-01,5.635808985391569e-10
1.036845992563620e-01,5.635257651896774e-10
1.038975914487540e-01,5.634707590713111e-10
1.041105836411450e-01,5.634158796417430e-10
1.043235758335370e-01,5.633611263586574e-10
1.045365680259290e-01,5.633064986797394e-10
1.047495602183210e-01,5.632519960626738e-10
1.049625524107130e-01,5.631976179651453e-10
1.051755446031050e-01,5.631433638448388e-10
1.053885367954970e-01,5.630892331594393e-10
1.056015289878880e-01,5.630352253666314e-10
1.058145211802800e-01,5.629813399283352e-10
1.060275133726720e-01,5.629275763234050e-10
1.062405055650640e-01,5.628739340349271e-10
1.064534977574560e-01,5.628204125459879e-10
1.066664899498480e-01,5.627670113396733e-10
1.068794821422400e-01,5.627137298990697e-10
1.070924743346320e-01,5.626605677072632e-10
1.073054665270230e-01,5.626075242473405e-10
1.075184587194150e-01,5.625545990023870e-10
1.077314509118070e-01,5.625017914554895e-10
1.079444431041990e-01,5.624491010997696e-10
1.081574352965910e-01,5.623965274685196e-10
1.083704274889830e-01,5.623440701050815e-10
1.085834196813750e-01,5.622917285527968e-10
1.087964118737660e-01,5.622395023550076e-10
1.090094040661580e-01,5.621873910550553e-10
1.092223962585500e-01,5.621353941962819e-10
1.094353884509420e-01,5.620835113220291e-10
1.096483806433340e-01,5.620317419756387e-10
1.098613728357260e-01,5.619800857004525e-10
1.100743650281180e-01,5.619285420262737e-10
1.102873572205100e-01,5.618771104287299e-10
1.105003494129010e-01,5.618257903698999e-10
1.107133416052930e-01,5.617745813118623e-10
1.109263337976850e-01,5.617234827166955e-10
1.111393259900770e-01,5.616724940464785e-10
1.113523181824690e-01,5.616216147632899e-10
1.115653103748610e-01,5.615708443292084e-10
1.117783025672530e-01,5.615201822063125e-10
1.119912947596450e-01,5.614696278566810e-10
1.122042869520360e-01,5.614191808147284e-10
1.124172791444280e-01,5.613688409042326e-10
1.126302713368200e-01,5.613186080213181e-10
1.128432635292120e-01,5.612684820621095e-10
1.130562557216040e-01,5.612184629227315e-10
1.132692479139960e-01,5.611685504993083e-10
1.134822401063880e-01,5.611187446879647e-10
1.136952322987790e-01,5.610690453848254e-10
1.139082244911710e-01,5.610194524860145e-10
1.141212166835630e-01,5.609699658876565e-10
1.143342088759550e-01,5.609205852362795e-10
1.145472010683470e-01,5.608713091802589e-10
1.147601932607390e-01,5.608221361184910e-10
1.149731854531310e-01,5.607730644498717e-10
1.151861776455230e-01,5.607240925732973e-10
1.153991698379140e-01,5.606752188876640e-10
1.156121620303060e-01,5.606264417918677e-10
1.158251542226980e-01,5.605777596848046e-10
1.160381464150900e-01,5.605291709653708e-10
1.162511386074820e-01,5.604806740324626e-10
1.164641307998740e-01,5.604322682355795e-10
1.166771229922660e-01,5.603839567245683e-10
1.168901151846570e-01,5.603357435988463e-10
1.171031073770490e-01,5.602876329578303e-10
1.173160995694410e-01,5.602396289009373e-10
1.175290917618330e-01,5.601917355275845e-10
1.177420839542250e-01,5.601439569371889e-10
1.179550761466170e-01,5.600962972291675e-10
1.181680683390090e-01,5.600487605029374e-10
1.183810605314010e-01,5.600013508579156e-10
1.185940527237920e-01,5.599540688669343e-10
1.188070449161840e-01,5.599069009886405e-10
1.190200371085760e-01,5.598598301511734e-10
1.192330293009680e-01,5.598128392826723e-10
1.194460214933600e-01,5.597659113112760e-10
1.196590136857520e-01,5.597190291651239e-10
1.198720058781440e-01,5.596721757723550e-10
1.200849980705360e-01,5.596253340611086e-10
1.202979902629270e-01,5.595784869595237e-10
1.205109824553190e-01,5.595316173957392e-10
1.207239746477110e-01,5.594847214797163e-10
1.209369668401030e-01,5.594378480617347e-10
1.211499590324950e-01,5.593910591804128e-10
1.213629512248870e-01,5.593444168743689e-10
1.215759434172790e-01,5.592979831822211e-10
1.217889356096700e-01,5.592518201425880e-10
1.220019278020620e-01,5.592059897940873e-10
1.222149199944540e-01,5.591605541753376e-10
1.224279121868460e-01,5.591155753249569e-10
1.226409043792380e-01,5.590711152815638e-10
1.228538965716300e-01,5.590271868882834e-10
1.230668887640220e-01,5.589836062184060e-10
1.232798809564140e-01,5.589401401557981e-10
1.234928731488050e-01,5.588965555843255e-10
1.237058653411970e-01,5.588526193878541e-10
1.239188575335890e-01,5.588080984502500e-10
1.241318497259810e-01,5.587627596553792e-10
1.243448419183730e-01,5.587163698871080e-10
1.245578341107650e-01,5.586686960293023e-10
1.247708263031570e-01,5.586195049658280e-10
1.249838184955480e-01,5.585687472512927e-10
1.251968106879400e-01,5.585171078511314e-10
1.254098028803320e-01,5.584654552654786e-10
1.256227950727240e-01,5.584146579944687e-10
1.258357872651160e-01,5.583655845382358e-10
1.260487794575080e-01,5.583191033969144e-10
1.262617716499000e-01,5.582760830706385e-10
1.264747638422920e-01,5.582373920595426e-10
1.266877560346830e-01,5.582038988637609e-10
1.269007482270750e-01,5.581764719834274e-10
1.271137404194670e-01,5.581552942862311e-10
1.273267326118590e-01,5.581378079723893e-10
1.275397248042510e-01,5.581207705405139e-10
1.277527169966430e-01,5.581009394892165e-10
1.279657091890350e-01,5.580750723171089e-10
1.281787013814270e-01,5.580399265228028e-10
1.283916935738180e-01,5.579922596049100e-10
1.286046857662100e-01,5.579288290620418e-10
1.288176779586020e-01,5.578463923928102e-10
1.290306701509940e-01,5.577417070958266e-10
1.292436623433860e-01,5.576140867675484e-10
1.294566545357780e-01,5.574730736952975e-10
1.296696467281700e-01,5.573307684144347e-10
1.298826389205610e-01,5.571992714603210e-10
1.300956311129530e-01,5.570906833683163e-10
1.303086233053450e-01,5.570171046737817e-10
1.305216154977370e-01,5.569906359120780e-10
1.307346076901290e-01,5.570233776185661e-10
1.309475998825210e-01,5.571274303286064e-10
1.311605920749130e-01,5.573148945775602e-10
1.313735842673050e-01,5.575926849423084e-10
1.315865764596960e-01,5.579469698501530e-10
1.317995686520880e-01,5.583587306120266e-10
1.320125608444800e-01,5.588089485388572e-10
1.322255530368720e-01,5.592786049415741e-10
1.324385452292640e-01,5.597486811311067e-10
1.326515374216560e-01,5.602001584183843e-10
1.328645296140480e-01,5.606140181143363e-10
1.330775218064400e-01,5.609712415298921e-10
1.332905139988310e-01,5.612528099759797e-10
1.335035061912230e-01,5.614448773229322e-10
1.337164983836150e-01,5.615542835995090e-10
1.339294905760070e-01,5.615930393544871e-10
1.341424827683990e-01,5.615731551366433e-10
1.343554749607910e-01,5.615066414947544e-10
1.345684671531830e-01,5.614055089775975e-10
1.347814593455740e-01,5.612817681339500e-10
1.349944515379660e-01,5.611474295125876e-10
1.352074437303580e-01,5.610145036622878e-10
1.354204359227500e-01,5.608950011318274e-10
1.356334281151420e-01,5.607983930382637e-10
1.358464203075340e-01,5.607239979100088e-10
1.360594124999260e-01,5.606685974122220e-10
1.362724046923180e-01,5.606289732100624e-10
1.364853968847090e-01,5.606019069686895e-10
1.366983890771010e-01,5.605841803532621e-10
1.369113812694930e-01,5.605725750289400e-10
1.371243734618850e-01,5.605638726608822e-10
1.373373656542770e-01,5.605548549142481e-10
1.375503578466690e-01,5.605423034541967e-10
1.377633500390610e-01,5.605236796173956e-10
1.379763422314520e-01,5.604991650411908e-10
1.381893344238440e-01,5.604696218419993e-10
1.384023266162360e-01,5.604359121362380e-10
1.386153188086280e-01,5.603988980403245e-10
1.388283110010200e-01,5.603594416706755e-10
1.390413031934120e-01,5.603184051437083e-10
1.392542953858040e-01,5.602766505758399e-10
1.394672875781960e-01,5.602350400834874e-10
1.396802797705870e-01,5.601944357830681e-10
1.398932719629790e-01,5.601555176106726e-10
1.401062641553710e-01,5.601182365734222e-10
1.403192563477630e-01,5.600823613942640e-10
1.405322485401550e-01,5.600476607961455e-10
1.407452407325470e-01,5.600139035020139e-10
1.409582329249390e-01,5.599808582348167e-10
1.411712251173300e-01,5.599482937175013e-10
1.413842173097220e-01,5.599159786730147e-10
1.415972095021140e-01,5.598836818243044e-10
1.418102016945060e-01,5.598511718943180e-10
1.420231938868980e-01,5.598182664385808e-10
1.422361860792900e-01,5.597849783382705e-10
1.424491782716820e-01,5.597513693048123e-10
1.426621704640740e-01,5.597175010496308e-10
1.428751626564650e-01,5.596834352841514e-10
1.430881548488570e-01,5.596492337197987e-10
1.433011470412490e-01,5.596149580679978e-10
1.435141392336410e-01,5.595806700401737e-10
1.437271314260330e-01,5.595464313477514e-10
1.439401236184250e-01,5.595123037021559e-10
1.441531158108170e-01,5.594783357284173e-10
1.443661080032090e-01,5.594445237233971e-10
1.445791001956000e-01,5.594108509062662e-10
1.447920923879920e-01,5.593773004961948e-10
1.450050845803840e-01,5.593438557123538e-10
1.452180767727760e-01,5.593104997739137e-10
1.454310689651680e-01,5.592772159000454e-10
1.456440611575600e-01,5.592439873099191e-10
1.458570533499520e-01,5.592107972227058e-10
1.460700455423430e-01,5.591776288575760e-10
1.462830377347350e-01,5.591444689433859e-10
1.464960299271270e-01,5.591113182387319e-10
1.467090221195190e-01,5.590781810073963e-10
1.469220143119110e-01,5.590450615131615e-10
1.471350065043030e-01,5.590119640198094e-10
1.473479986966950e-01,5.589788927911224e-10
1.475609908890870e-01,5.589458520908828e-10
1.477739830814780e-01,5.589128461828731e-10
1.479869752738700e-01,5.588798793308750e-10
1.481999674662620e-01,5.588469557986710e-10
1.484129596586540e-01,5.588140789126958e-10
1.486259518510460e-01,5.587812482482757e-10
1.488389440434380e-01,5.587484624425296e-10
1.490519362358300e-01,5.587157201325770e-10
1.492649284282220e-01,5.586830199555368e-10
1.494779206206130e-01,5.586503605485285e-10
1.496909128130050e-01,5.586177405486707e-10
1.499039050053970e-01,5.585851585930831e-10
1.501168971977890e-01,5.585526133188847e-10
1.503298893901810e-01,5.585201033631947e-10
1.505428815825730e-01,5.584876276163210e-10
1.507558737749650e-01,5.584551859814777e-10
1.509688659673560e-01,5.584227786151440e-10
1.511818581597480e-01,5.583904056737983e-10
1.513948503521400e-01,5.583580673139190e-10
1.516078425445320e-01,5.583257636919854e-10
1.518208347369240e-01,5.582934949644758e-10
1.520338269293160e-01,5.582612612878692e-10
1.522468191217080e-01,5.582290628186441e-10
1.524598113141000e-01,5.581968997132792e-10
1.526728035064910e-01,5.581647720622310e-10
1.528857956988830e-01,5.581326796919078e-10
1.530987878912750e-01,5.581006223627167e-10
1.533117800836670e-01,5.580685998350650e-10
1.535247722760590e-01,5.580366118693598e-10
1.537377644684510e-01,5.580046582260081e-10
1.539507566608430e-01,5.579727386654172e-10
1.541637488532340e-01,5.579408529479943e-10
1.543767410456260e-01,5.579090008341464e-10
1.545897332380180e-01,5.578771820842804e-10
1.548027254304100e-01,5.578453964781984e-10
1.550157176228020e-01,5.578136438732445e-10
1.552287098151940e-01,5.577819241461397e-10
1.554417020075860e-01,5.577502371736047e-10
1.556546941999780e-01,5.577185828323601e-10
1.558676863923690e-01,5.576869609991270e-10
1.560806785847610e-01,5.576553715506257e-10
1.562936707771530e-01,5.576238143635774e-10
1.565066629695450e-01,5.575922893147027e-10
1.567196551619370e-01,5.575607962807223e-10
1.569326473543290e-01,5.575293351347840e-10
1.571456395467210e-01,5.574979057357334e-10
1.573586317391130e-01,5.574665079388385e-10
1.575716239315040e-01,5.574351415993673e-10
1.577846161238960e-01,5.574038065725880e-10
1.579976083162880e-01,5.573725027137682e-10
1.582106005086800e-01,5.573412298781762e-10
1.584235927010720e-01,5.573099879210800e-10
1.586365848934640e-01,5.572787766977475e-10
1.588495770858560e-01,5.572475960634467e-10
1.590625692782470e-01,5.572164458759225e-10
1.592755614706390e-01,5.571853260028276e-10
1.594885536630310e-01,5.571542363142943e-10
1.597015458554230e-01,5.571231766804535e-10
1.599145380478150e-01,5.570921469714372e-10
1.601275302402070e-01,5.570611470573767e-10
1.603405224325990e-01,5.570301768084037e-10
1.605535146249910e-01,5.569992360946496e-10
1.607665068173820e-01,5.569683247862463e-10
1.609794990097740e-01,5.569374427533247e-10
1.611924912021660e-01,5.569065898668295e-10
1.614054833945580e-01,5.568757660009561e-10
1.616184755869500e-01,5.568449710307121e-10
1.618314677793420e-01,5.568142048311059e-10
1.620444599717340e-01,5.567834672771454e-10
1.622574521641260e-01,5.567527582438385e-10
1.624704443565170e-01,5.567220776061938e-10
1.626834365489090e-01,5.566914252392187e-10
1.628964287413010e-01,5.566608010179214e-10
1.631094209336930e-01,5.566302048173101e-10
1.633224131260850e-01,5.565996365135610e-10
1.635354053184770e-01,5.565690959875221e-10
1.637483975108690e-01,5.565385831212096e-10
1.639613897032600e-01,5.565080977966390e-10
1.641743818956520e-01,5.564776398958260e-10
1.643873740880440e-01,5.564472093007864e-10
1.646003662804360e-01,5.564168058935360e-10
1.648133584728280e-01,5.563864295560904e-10
1.650263506652200e-01,5.563560801704657e-10
1.652393428576120e-01,5.563257576186775e-10
1.654523350500040e-01,5.562954617837439e-10
1.656653272423950e-01,5.562651925526905e-10
1.658783194347870e-01,5.562349498135434e-10
1.660913116271790e-01,5.562047334543296e-10
1.663043038195710e-01,5.561745433630754e-10
1.665172960119630e-01,5.561443794278074e-10
1.667302882043550e-01,5.561142415365523e-10
1.669432803967470e-01,5.560841295773366e-10
1.671562725891380e-01,5.560540434381868e-10
1.673692647815300e-01,5.560239830071296e-10
1.675822569739220e-01,5.559939481731523e-10
1.677952491663140e-01,5.559639388290889e-10
1.680082413587060e-01,5.559339548687354e-10
1.682212335510980e-01,5.559039961858875e-10
1.684342257434900e-01,5.558740626743412e-10
1.686472179358820e-01,5.558441542278922e-10
1.688602101282730e-01,5.558142707403366e-10
1.690732023206650e-01,5.557844121054700e-10
1.692861945130570e-01,5.557545782170882e-10
1.694991867054490e-01,5.557247689689873e-10
1.697121788978410e-01,5.556949842559455e-10
1.699251710902330e-01,5.556652239766719e-10
1.701381632826250e-01,5.556354880308585e-10
1.703511554750170e-01,5.556057763181973e-10
1.705641476674080e-01,5.555760887383803e-10
1.707771398598000e-01,5.555464251910993e-10
1.709901320521920e-01,5.555167855760462e-10
1.712031242445840e-01,5.554871697929131e-10
1.714161164369760e-01,5.554575777413920e-10
1.716291086293680e-01,5.554280093211746e-10
1.718421008217600e-01,5.553984644326029e-10
1.720550930141510e-01,5.553689429786167e-10
1.722680852065430e-01,5.553394448628058e-10
1.724810773989350e-01,5.553099699887594e-10
1.726940695913270e-01,5.552805182600675e-10
1.729070617837190e-01,5.552510895803194e-10
1.731200539761110e-01,5.552216838531049e-10
1.733330461685030e-01,5.551923009820136e-10
1.735460383608950e-01,5.551629408706348e-10
1.737590305532860e-01,5.551336034225587e-10
1.739720227456780e-01,5.551042885430579e-10
1.741850149380700e-01,5.550749961441372e-10
1.743980071304620e-01,5.550457261394837e-10
1.746109993228540e-01,5.550164784427843e-10
1.748239915152460e-01,5.549872529677257e-10
1.750369837076380e-01,5.549580496279949e-10
1.752499759000290e-01,5.549288683372790e-10
1.754629680924210e-01,5.548997090092644e-10
1.756759602848130e-01,5.548705715576383e-10
1.758889524772050e-01,5.548414558960875e-10
1.761019446695970e-01,5.548123619359359e-10
1.763149368619890e-01,5.547832895790482e-10
1.765279290543810e-01,5.547542387249229e-10
1.767409212467730e-01,5.547252092730588e-10
1.769539134391640e-01,5.546962011229542e-10
1.771669056315560e-01,5.546672141741078e-10
1.773798978239480e-01,5.546382483260181e-10
1.775928900163400e-01,5.546093034781835e-10
1.778058822087320e-01,5.545803795301028e-10
1.780188744011240e-01,5.545514763812743e-10
1.782318665935160e-01,5.545225939437306e-10
1.784448587859070e-01,5.544937321796579e-10
1.786578509782990e-01,5.544648910637850e-10
1.788708431706910e-01,5.544360705708409e-10
1.790838353630830e-01,5.544072706755547e-10
1.792968275554750e-01,5.543784913526554e-10
1.795098197478670e-01,5.543497325768719e-10
1.797228119402590e-01,5.543209943229333e-10
1.799358041326510e-01,5.542922765655686e-10
1.801487963250420e-01,5.542635792795071e-10
1.803617885174340e-01,5.542349023962420e-10
1.805747807098260e-01,5.542062456743173e-10
1.807877729022180e-01,5.541776088290370e-10
1.810007650946100e-01,5.541489915757051e-10
1.812137572870020e-01,5.541203936296254e-10
1.814267494793940e-01,5.540918147061021e-10
1.816397416717860e-01,5.540632545204391e-10
1.818527338641770e-01,5.540347127879407e-10
1.820657260565690e-01,5.540061892239102e-10
1.822787182489610e-01,5.539776835436522e-10
1.824917104413530e-01,5.539491956272245e-10
1.827047026337450e-01,5.539207260135327e-10
1.829176948261370e-01,5.538922754061522e-10
1.831306870185290e-01,5.538638445086580e-10
1.833436792109200e-01,5.538354340246253e-10
1.835566714033120e-01,5.538070446576287e-10
1.837696635957040e-01,5.537786771112438e-10
1.839826557880960e-01,5.537503320890455e-10
1.841956479804880e-01,5.537220102946089e-10
1.844086401728800e-01,5.536937124315094e-10
1.846216323652720e-01,5.536654385915724e-10
1.848346245576640e-01,5.536371864210116e-10
1.850476167500550e-01,5.536089529549835e-10
1.852606089424470e-01,5.535807352286437e-10
1.854736011348390e-01,5.535525302771485e-10
1.856865933272310e-01,5.535243351356543e-10
1.858995855196230e-01,5.534961468393169e-10
1.861125777120150e-01,5.534679624232928e-10
1.863255699044070e-01,5.534397789227379e-10
1.865385620967990e-01,5.534115933728085e-10
1.867515542891900e-01,5.533834050922767e-10
1.869645464815820e-01,5.533552225392552e-10
1.871775386739740e-01,5.533270564579126e-10
1.873905308663660e-01,5.532989175924171e-10
1.876035230587580e-01,5.532708166869375e-10
1.878165152511500e-01,5.532427644856418e-10
1.880295074435420e-01,5.532147717326987e-10
1.882424996359330e-01,5.531868491722767e-10
1.884554918283250e-01,5.531590075485439e-10
1.886684840207170e-01,5.531312576056689e-10
1.888814762131090e-01,5.531036015654425e-10
1.890944684055010e-01,5.530760075524727e-10
1.893074605978930e-01,5.530484351651526e-10
1.895204527902850e-01,5.530208440018756e-10
1.897334449826770e-01,5.529931936610348e-10
1.899464371750680e-01,5.529654437410237e-10
1.901594293674600e-01,5.529375538402351e-10
1.903724215598520e-01,5.529094835570626e-10
1.905854137522440e-01,5.528811924898992e-10
1.907984059446360e-01,5.528526402371384e-10
1.910113981370280e-01,5.528238182158839e-10
1.912243903294200e-01,5.527948451074273e-10
1.914373825218110e-01,5.527658714064423e-10
1.916503747142030e-01,5.527370476076027e-10
1.918633669065950e-01,5.527085242055826e-10
1.920763590989870e-01,5.526804516950562e-10
1.922893512913790e-01,5.526529805706970e-10
1.925023434837710e-01,5.526262613271795e-10
1.927153356761630e-01,5.526004444591774e-10
1.929283278685550e-01,5.525756804613647e-10
1.931413200609460e-01,5.525520010452763e-10
1.933543122533380e-01,5.525289629763575e-10
1.935673044457300e-01,5.525060043301296e-10
1.937802966381220e-01,5.524825631821137e-10
1.939932888305140e-01,5.524580776078313e-10
1.942062810229060e-01,5.524319856828036e-10
1.944192732152980e-01,5.524037254825519e-10
1.946322654076900e-01,5.523727350825975e-10
1.948452576000810e-01,5.523384525584618e-10
1.950582497924730e-01,5.523003159856658e-10
1.952712419848650e-01,5.522582068614386e-10
1.954842341772570e-01,5.522137791263383e-10
1.956972263696490e-01,5.521691295210984e-10
1.959102185620410e-01,5.521263547864528e-10
1.961232107544330e-01,5.520875516631349e-10
1.963362029468240e-01,5.520548168918783e-10
1.965491951392160e-01,5.520302472134164e-10
1.967621873316080e-01,5.520159393684829e-10
1.969751795240000e-01,5.520139900978113e-10
1.971881717163920e-01,5.520264961421354e-10
1.974011639087840e-01,5.520539011374433e-10
1.976141561011760e-01,5.520900336659934e-10
1.978271482935680e-01,5.521270678876617e-10
1.980401404859590e-01,5.521571779623242e-10
1.982531326783510e-01,5.521725380498574e-10
1.984661248707430e-01,5.521653223101371e-10
1.986791170631350e-01,5.521277049030394e-10
1.988921092555270e-01,5.520518599884403e-10
1.991051014479190e-01,5.519299617262162e-10
1.993180936403110e-01,5.517541842762428e-10
1.995310858327020e-01,5.515228732795655e-10
1.997440780250940e-01,5.512590625132726e-10
1.999570702174860e-01,5.509919583413603e-10
2.001700624098780e-01,5.507507671278241e-10
2.003830546022700e-01,5.505646952366591e-10
2.005960467946620e-01,5.504629490318607e-10
2.008090389870540e-01,5.504747348774242e-10
2.010220311794460e-01,5.506292591373450e-10
2.012350233718370e-01,5.509557281756164e-10
2.014480155642290e-01,5.514833483562365e-10
2.016610077566210e-01,5.522182866174780e-10
2.018739999490130e-01,5.530745723955564e-10
2.020869921414050e-01,5.539432058002741e-10
2.022999843337970e-01,5.547151869414335e-10
2.025129765261890e-01,5.552815159288367e-10
2.027259687185810e-01,5.555331928722859e-10
2.029389609109720e-01,5.553612178815853e-10
2.031519531033640e-01,5.546565910665358e-10
2.033649452957560e-01,5.533103125369399e-10
2.035779374881480e-01,5.512133824025995e-10
2.037909296805400e-01,5.483061844043188e-10
2.040039218729320e-01,5.447265325319807e-10
2.042169140653240e-01,5.406615722827663e-10
2.044299062577150e-01,5.362984491538752e-10
2.046428984501070e-01,5.318243086424480e-10
2.048558906424990e-01,5.274262962456837e-10
2.050688828348910e-01,5.232915574607630e-10
2.052818750272830e-01,5.196072377848666e-10
2.054948672196750e-01,5.165604827151753e-10
2.057078594120670e-01,5.143384377488683e-10
2.059208516044590e-01,5.130751936220434e-10
2.061338437968500e-01,5.126925006699722e-10
2.063468359892420e-01,5.130589937712464e-10
2.065598281816340e-01,5.140433078044642e-10
2.067728203740260e-01,5.155140776482206e-10
2.069858125664180e-01,5.173399381811096e-10
2.071988047588100e-01,5.193895242817267e-10
2.074117969512020e-01,5.215314708286654e-10
2.076247891435940e-01,5.236344127005210e-10
2.078377813359850e-01,5.255669847758794e-10
2.080507735283770e-01,5.272255385972640e-10
2.082637657207690e-01,5.286173215116111e-10
2.084767579131610e-01,5.297773121060923e-10
2.086897501055530e-01,5.307404889678791e-10
2.089027422979450e-01,5.315418306841434e-10
2.091157344903370e-01,5.322163158420567e-10
2.093287266827280e-01,5.327989230287884e-10
2.095417188751200e-01,5.333246308315154e-10
2.097547110675120e-01,5.338284178374066e-10
2.099677032599040e-01,5.343452626336334e-10
2.101806954522960e-01,5.349027281307494e-10
2.103936876446880e-01,5.354987158947907e-10
2.106066798370800e-01,5.361237124961374e-10
2.108196720294720e-01,5.367682045051700e-10
2.110326642218630e-01,5.374226784922657e-10
2.112456564142550e-01,5.380776210278109e-10
2.114586486066470e-01,5.387235186821829e-10
2.116716407990390e-01,5.393508580257618e-10
2.118846329914310e-01,5.399501256289282e-10
2.120976251838230e-01,5.405118080620622e-10
2.123106173762150e-01,5.410283926857347e-10
2.125236095686060e-01,5.415003671829404e-10
2.127366017609980e-01,5.419302186079551e-10
2.129495939533900e-01,5.423204340150478e-10
2.131625861457820e-01,5.426735004584898e-10
2.133755783381740e-01,5.429919049925524e-10
2.135885705305660e-01,5.432781346715070e-10
2.138015627229580e-01,5.435346765496247e-10
2.140145549153500e-01,5.437640176811769e-10
2.142275471077410e-01,5.439686451204340e-10
2.144405393001330e-01,5.441505224105907e-10
2.146535314925250e-01,5.443095204394900e-10
2.148665236849170e-01,5.444449872781503e-10
2.150795158773090e-01,5.445562709975902e-10
2.152925080697010e-01,5.446427196688278e-10
2.155055002620930e-01,5.447036813628815e-10
2.157184924544850e-01,5.447385041507696e-10
2.159314846468760e-01,5.447465361035107e-10
2.161444768392680e-01,5.447271252921229e-10
2.163574690316600e-01,5.446796197876246e-10
2.165704612240520e-01,5.446035198672219e-10
2.167834534164440e-01,5.444989348984925e-10
2.169964456088360e-01,5.443661265880418e-10
2.172094378012280e-01,5.442053566424746e-10
2.174224299936190e-01,5.440168867683970e-10
2.176354221860110e-01,5.438009786724125e-10
2.178484143784030e-01,5.435578940611269e-10
2.180614065707950e-01,5.432878946411453e-10
2.182743987631870e-01,5.429912421190728e-10
2.184873909555790e-01,5.426681982015144e-10
2.187003831479710e-01,5.423189950226834e-10
2.189133753403630e-01,5.419437464121545e-10
2.191263675327540e-01,5.415425366195773e-10
2.193393597251460e-01,5.411154498945954e-10
2.195523519175380e-01,5.406625704868580e-10
2.197653441099300e-01,5.401839826460126e-10
2.199783363023220e-01,5.396797706217067e-10
2.201913284947140e-01,5.391500186635877e-10
2.204043206871060e-01,5.385948110213032e-10
2.206173128794970e-01,5.380142319445031e-10
2.208303050718890e-01,5.374083837879765e-10
2.210432972642810e-01,5.367774413139698e-10
2.212562894566730e-01,5.361215973833068e-10
2.214692816490650e-01,5.354410448568101e-10
2.216822738414570e-01,5.347359765953033e-10
2.218952660338490e-01,5.340065854596097e-10
2.221082582262410e-01,5.332530643105520e-10
2.223212504186320e-01,5.324756060089577e-10
2.225342426110240e-01,5.316744034156423e-10
2.227472348034160e-01,5.308496493914328e-10
2.229602269958080e-01,5.300015409300454e-10
2.231732191882000e-01,5.291302915486674e-10
2.233862113805920e-01,5.282361188933282e-10
2.235992035729840e-01,5.273192406100580e-10
2.238121957653760e-01,5.263798743448870e-10
2.240251879577670e-01,5.254182377438495e-10
2.242381801501590e-01,5.244345484529665e-10
2.244511723425510e-01,5.234290241182727e-10
2.246641645349430e-01,5.224018823857978e-10
2.248771567273350e-01,5.213533409015719e-10
2.250901489197270e-01,5.202836238742176e-10
2.253031411121190e-01,5.191929817787330e-10
2.255161333045100e-01,5.180816716607180e-10
2.257291254969020e-01,5.169499505657579e-10
2.259421176892940e-01,5.157980755394523e-10
2.261551098816860e-01,5.146263036273966e-10
2.263681020740780e-01,5.134348918751861e-10
2.265810942664700e-01,5.122240973284159e-10
2.267940864588620e-01,5.109941770326809e-10
2.270070786512540e-01,5.097453880335763e-10
2.272200708436450e-01,5.084779919061123e-10
2.274330630360370e-01,5.071922683483666e-10
2.276460552284290e-01,5.058885015905688e-10
2.278590474208210e-01,5.045669758629422e-10
2.280720396132130e-01,5.032279753957103e-10
2.282850318056050e-01,5.018717844190966e-10
2.284980239979970e-01,5.004986871633247e-10
2.287110161903880e-01,4.991089678586246e-10
2.289240083827800e-01,4.977029107352068e-10
2.291370005751720e-01,4.962808000233012e-10
2.293499927675640e-01,4.948429236027035e-10
2.295629849599560e-01,4.933895839513787e-10
2.297759771523480e-01,4.919210871968065e-10
2.299889693447400e-01,4.904377394664646e-10
2.302019615371320e-01,4.889398468878320e-10
2.304149537295230e-01,4.874277155883938e-10
2.306279459219150e-01,4.859016516956153e-10
2.308409381143070e-01,4.843619613369810e-10
2.310539303066990e-01,4.828089506399708e-10
2.312669224990910e-01,4.812429257320623e-10
2.314799146914830e-01,4.796641951891306e-10
2.316929068838750e-01,4.780730773775307e-10
2.319058990762670e-01,4.764698931104645e-10
2.321188912686580e-01,4.748549632011389e-10
2.323318834610500e-01,4.732286084627401e-10
2.325448756534420e-01,4.715911497084758e-10
2.327578678458340e-01,4.699429077515469e-10
2.329708600382260e-01,4.682842034051532e-10
2.331838522306180e-01,4.666153574824962e-10
2.333968444230100e-01,4.649366907967757e-10
2.336098366154010e-01,4.632485255106271e-10
2.338228288077930e-01,4.615511891809910e-10
2.340358210001850e-01,4.598450107125706e-10
2.342488131925770e-01,4.581303190100608e-10
2.344618053849690e-01,4.564074429781578e-10
2.346747975773610e-01,4.546767115215562e-10
2.348877897697530e-01,4.529384535449520e-10
2.351007819621450e-01,4.511929979530394e-10
2.353137741545360e-01,4.494406736505235e-10
2.355267663469280e-01,4.476818095420822e-10
2.357397585393200e-01,4.459167347974484e-10
2.359527507317120e-01,4.441457796469671e-10
2.361657429241040e-01,4.423692745862640e-10
2.363787351164960e-01,4.405875501109639e-10
2.365917273088880e-01,4.388009367166930e-10
2.368047195012800e-01,4.370097648990765e-10
2.370177116936710e-01,4.352143651537478e-10
2.372307038860630e-01,4.334150679763164e-10
2.374436960784550e-01,4.316122038624154e-10
2.376566882708470e-01,4.298061033076706e-10
2.378696804632390e-01,4.279970960519201e-10
2.380826726556310e-01,4.261855088113533e-10
2.382956648480230e-01,4.243716675461217e-10
2.385086570404140e-01,4.225558982163860e-10
2.387216492328060e-01,4.207385267822813e-10
2.389346414251980e-01,4.189198792039682e-10
2.391476336175900e-01,4.171002814415984e-10
2.393606258099820e-01,4.152800594553245e-10
2.395736180023740e-01,4.134595392052978e-10
2.397866101947660e-01,4.116390466516706e-10
2.399996023871580e-01,4.098189060466799e-10
2.402125945795490e-01,4.079994348118915e-10
2.404255867719410e-01,4.061809486614209e-10
2.406385789643330e-01,4.043637633094094e-10
2.408515711567250e-01,4.025481944699891e-10
2.410645633491170e-01,4.007345578572930e-10
2.412775555415090e-01,3.989231691854536e-10
2.414905477339010e-01,3.971143441686037e-10
2.417035399262920e-01,3.953083985208837e-10
2.419165321186840e-01,3.935056479564102e-10
2.421295243110760e-01,3.917064056134277e-10
2.423425165034680e-01,3.899109743312505e-10
2.425555086958600e-01,3.881196543756266e-10
2.427685008882520e-01,3.863327460123040e-10
2.429814930806440e-01,3.845505495070301e-10
2.431944852730360e-01,3.827733651255530e-10
2.434074774654270e-01,3.810014931336290e-10
2.436204696578190e-01,3.792352337969893e-10
2.438334618502110e-01,3.774748873813897e-10
2.440464540426030e-01,3.757207541525785e-10
2.442594462349950e-01,3.739731310297126e-10
2.444724384273870e-01,3.722323015369163e-10
2.446854306197790e-01,3.704985458473896e-10
2.448984228121710e-01,3.687721441343301e-10
2.451114150045620e-01,3.670533765709451e-10
2.453244071969540e-01,3.653425233304170e-10
2.455373993893460e-01,3.636398645859528e-10
2.457503915817380e-01,3.619456805107508e-10
2.459633837741300e-01,3.602602512780099e-10
2.461763759665220e-01,3.585838570609288e-10
2.463893681589140e-01,3.569167740138211e-10
2.466023603513050e-01,3.552592622100219e-10
2.468153525436970e-01,3.536115777012375e-10
2.470283447360890e-01,3.519739765391959e-10
2.472413369284810e-01,3.503467147756185e-10
2.474543291208730e-01,3.487300484622259e-10
2.476673213132650e-01,3.471242336507394e-10
2.478803135056570e-01,3.455295263928795e-10
2.480933056980490e-01,3.439461827403672e-10
2.483062978904400e-01,3.423744587449310e-10
2.485192900828320e-01,3.408146058722479e-10
2.487322822752240e-01,3.392668572433564e-10
2.489452744676160e-01,3.377314413929861e-10
2.491582666600080e-01,3.362085868558660e-10
2.493712588524000e-01,3.346985221667260e-10
2.495842510447920e-01,3.332014758602953e-10
2.497972432371830e-01,3.317176764713106e-10
2.500102354295750e-01,3.302473525344872e-10
2.502232276219670e-01,3.287907325845617e-10
2.504362198143590e-01,3.273480451562637e-10
2.506492120067510e-01,3.259195137405341e-10
2.508622041991430e-01,3.245053416587917e-10
2.510751963915350e-01,3.231057271914814e-10
2.512881885839270e-01,3.217208686190483e-10
2.515011807763180e-01,3.203509642219435e-10
2.517141729687100e-01,3.189962122805988e-10
2.519271651611020e-01,3.176568110754661e-10
2.521401573534940e-01,3.163329588869898e-10
2.523531495458860e-01,3.150248539956150e-10
2.525661417382780e-01,3.137326946817867e-10
2.527791339306700e-01,3.124566738338304e-10
2.529921261230620e-01,3.111969627842696e-10
2.532051183154530e-01,3.099537274798504e-10
2.534181105078450e-01,3.087271338673017e-10
2.536311027002370e-01,3.075173478933702e-10
2.538440948926290e-01,3.063245355047954e-10
2.540570870850210e-01,3.051488626483180e-10
2.542700792774130e-01,3.039904952706788e-10
2.544830714698050e-01,3.028495993186182e-10
2.546960636621960e-01,3.017263407388812e-10
2.549090558545880e-01,3.006208798542589e-10
2.551220480469800e-01,2.995333544802846e-10
2.553350402393720e-01,2.984638968027875e-10
2.555480324317640e-01,2.974126390075962e-10
2.557610246241560e-01,2.963797132805401e-10
2.559740168165480e-01,2.953652518074481e-10
2.561870090089400e-01,2.943693867741494e-10
2.564000012013310e-01,2.933922503664774e-10
2.566129933937230e-01,2.924339747702517e-10
2.568259855861150e-01,2.914946921713065e-10
2.570389777785070e-01,2.905745289970696e-10
2.572519699708990e-01,2.896735886366868e-10
2.574649621632910e-01,2.887919687185646e-10
2.576779543556830e-01,2.879297668711096e-10
2.578909465480740e-01,2.870870807227321e-10
2.581039387404660e-01,2.862640079018303e-10
2.583169309328580e-01,2.854606460368147e-10
2.585299231252500e-01,2.846770927560919e-10
2.587429153176420e-01,2.839134456880682e-10
2.589559075100340e-01,2.831698024611498e-10
2.591688997024260e-01,2.824462549151836e-10
2.593818918948180e-01,2.817428717382275e-10
2.595948840872090e-01,2.810597158310068e-10
2.598078762796010e-01,2.803968500942376e-10
2.600208684719930e-01,2.797543374286459e-10
2.602338606643850e-01,2.791322407349544e-10
2.604468528567770e-01,2.785306229138851e-10
2.606598450491690e-01,2.779495468661609e-10
2.608728372415610e-01,2.773890754925040e-10
2.610858294339530e-01,2.768492716936375e-10
2.612988216263440e-01,2.763301926316514e-10
2.615118138187360e-01,2.758318725236059e-10
2.617248060111280e-01,2.753543398526904e-10
2.619377982035200e-01,2.748976231020919e-10
2.621507903959120e-01,2.744617507549969e-10
2.623637825883040e-01,2.740467512945924e-10
2.625767747806960e-01,2.736526532040652e-10
2.627897669730870e-01,2.732794849666039e-10
2.630027591654790e-01,2.729272750653918e-10
2.632157513578710e-01,2.725960519836175e-10
2.634287435502630e-01,2.722858386668086e-10
2.636417357426550e-01,2.719966358946749e-10
2.638547279350470e-01,2.717284389016736e-10
2.640677201274390e-01,2.714812429222621e-10
2.642807123198310e-01,2.712550431908976e-10
2.644937045122220e-01,2.710498349420385e-10
2.647066967046140e-01,2.708656134101400e-10
2.649196888970060e-01,2.707023738296605e-10
2.651326810893980e-01,2.705601114350574e-10
2.653456732817900e-01,2.704388214607878e-10
2.655586654741820e-01,2.703384936715185e-10
2.657716576665740e-01,2.702590959445180e-10
2.659846498589660e-01,2.702005906831459e-10
2.661976420513570e-01,2.701629402907617e-10
2.664106342437490e-01,2.701461071707247e-10
2.666236264361410e-01,2.701500537263945e-10
2.668366186285330e-01,2.701747423611307e-10
2.670496108209250e-01,2.702201354782927e-10
2.672626030133170e-01,2.702861954812402e-10
2.674755952057090e-01,2.703728847733325e-10
2.676885873981000e-01,2.704801611933978e-10
2.679015795904920e-01,2.706079643209092e-10
2.681145717828840e-01,2.707562291701910e-10
2.683275639752760e-01,2.709248907555681e-10
2.685405561676680e-01,2.711138840913650e-10
2.687535483600600e-01,2.713231441919068e-10
2.689665405524520e-01,2.715526060715182e-10
2.691795327448440e-01,2.718022047445237e-10
2.693925249372350e-01,2.720718752252470e-10
2.696055171296270e-01,2.723615525280154e-10
2.698185093220190e-01,2.726711652085262e-10
2.700315015144110e-01,2.730006159942050e-10
2.702444937068030e-01,2.733498011569669e-10
2.704574858991950e-01,2.737186169687275e-10
2.706704780915870e-01,2.741069597014018e-10
2.708834702839780e-01,2.745147256269033e-10
2.710964624763700e-01,2.749418110171506e-10
2.713094546687620e-01,2.753881121440576e-10
2.715224468611540e-01,2.758535252795393e-10
2.717354390535460e-01,2.763379466955111e-10
2.719484312459380e-01,2.768412750487937e-10
2.721614234383300e-01,2.773634185305858e-10
2.723744156307220e-01,2.779042877143690e-10
2.725874078231130e-01,2.784637931736226e-10
2.728004000155050e-01,2.790418454818334e-10
2.730133922078970e-01,2.796383552124810e-10
2.732263844002890e-01,2.802532329390470e-10
2.734393765926810e-01,2.808863892350132e-10
2.736523687850730e-01,2.815377346738614e-10
2.738653609774650e-01,2.822071798290737e-10
2.740783531698570e-01,2.828946066955191e-10
2.742913453622480e-01,2.835997828907649e-10
2.745043375546400e-01,2.843224474223433e-10
2.747173297470320e-01,2.850623392977764e-10
2.749303219394240e-01,2.858191975245893e-10
2.751433141318160e-01,2.865927611103074e-10
2.753563063242080e-01,2.873827690624562e-10
2.755692985166000e-01,2.881889603885610e-10
2.757822907089910e-01,2.890110740961433e-10
2.759952829013830e-01,2.898488491927357e-10
2.762082750937750e-01,2.907021138957075e-10
2.764212672861670e-01,2.915710533477680e-10
2.766342594785590e-01,2.924559419444539e-10
2.768472516709510e-01,2.933570540813017e-10
2.770602438633430e-01,2.942746641538488e-10
2.772732360557350e-01,2.952090465576313e-10
2.774862282481260e-01,2.961604756881815e-10
2.776992204405180e-01,2.971292259410450e-10
2.779122126329100e-01,2.981155717117543e-10
2.781252048253020e-01,2.991197873958459e-10
2.783381970176940e-01,3.001417992244476e-10
2.785511892100860e-01,3.011801408656988e-10
