7.791356504680618e-06,3.845518401713882e-09
8.610780621332552e-06,3.701120526166818e-09
9.516384324626089e-06,3.562196619058521e-09
1.051723120080771e-05,3.428445214697741e-09
1.162333806181051e-05,3.299592587524490e-09
1.284577519687474e-05,3.175392495011065e-09
1.419677716772344e-05,3.055625523790076e-09
1.568986525616830e-05,2.940098147424687e-09
1.733998278964274e-05,2.828641427359188e-09
1.916364469904539e-05,2.721109191663072e-09
2.117910280571951e-05,2.617375946713399e-09
2.340652849181556e-05,2.517334424682797e-09
2.586821458226360e-05,2.420892698554168e-09
2.858879845885812e-05,2.327971058767014e-09
3.159550863945590e-05,2.238499344106672e-09
3.491843729013453e-05,2.152414503421118e-09
3.859084139770492e-05,2.069658246104321e-09
4.264947561681323e-05,1.990174900852316e-09
4.713496012287843e-05,1.913909471306011e-09
5.209218715246060e-05,1.840805918512571e-09
5.757077029985334e-05,1.770805680934098e-09
6.362554106661115e-05,1.703846489500978e-09
7.031709763364645e-05,1.639861817034477e-09
7.771241134819200e-05,1.578780687175360e-09
8.588549699555374e-05,1.520527329856006e-09
9.491815356395940e-05,1.465021121693813e-09
1.049007829163263e-04,1.412176853930543e-09
1.159332945624905e-04,1.361905331092038e-09
1.281261055871622e-04,1.314114240764085e-09
1.416012457412214e-04,1.268709254383304e-09
1.564935787564811e-04,1.225595284821455e-09
1.729521521072439e-04,1.184677832252565e-09
1.911416887275217e-04,1.145864330018336e-09
2.112442356135248e-04,1.109065419388901e-09
2.334609858111876e-04,1.074196055784617e-09
2.580142920237960e-04,1.041176380171098e-09
2.851498919925769e-04,1.009932260104741e-09
3.151393679226079e-04,9.803954814962928e-10
3.482828645688079e-04,9.525034398306743e-10
3.849120931855259e-04,9.261981513872191e-10
4.253936514042669e-04,9.014246039376073e-10
4.701326922660057e-04,8.781284665666436e-10
5.195769791289974e-04,8.562532772393042e-10
5.742213670349657e-04,8.357373990395240e-10
6.346127553846864e-04,8.165113222201683e-10
7.013555614910102e-04,7.984961710949579e-10
7.751177697904812e-04,7.816045299869673e-10
8.566376172560946e-04,7.657446103695326e-10
9.467309819210534e-04,7.508280382050123e-10
1.046299548460350e-03,7.367797804501500e-10
1.156339832554060e-03,7.235461359046771e-10
1.277953154351212e-03,7.109916807988984e-10
1.405748469786333e-03,6.997295178724062e-10
1.533543785221454e-03,6.901155798343468e-10
1.661339100656575e-03,6.818143563949531e-10
1.789134416091696e-03,6.744903372644579e-10
1.916929731526817e-03,6.678601166843736e-10
2.000000000000000e-03,6.638835879032504e-10
2.044725046961939e-03,6.618483290952657e-10
2.172520362397060e-03,6.564116420565716e-10
2.300315677832181e-03,6.514769634908167e-10
2.428110993267302e-03,6.469687928266875e-10
2.555906308702423e-03,6.428188893332560e-10
2.683701624137544e-03,6.389880516457247e-10
2.811496939572665e-03,6.354443382419764e-10
2.939292255007787e-03,6.321558075998935e-10
3.067087570442908e-03,6.290905181973592e-10
3.194882885878029e-03,6.262194606291661e-10
3.322678201313150e-03,6.235253540760170e-10
3.450473516748271e-03,6.209938498946597e-10
3.578268832183392e-03,6.186105994418420e-10
3.706064147618514e-03,6.163612540743117e-10
3.833859463053635e-03,6.142325505690741e-10
3.961654778488756e-03,6.122155673691194e-10
4.089450093923877e-03,6.103024683301725e-10
4.217245409358998e-03,6.084854173079582e-10
4.345040724794119e-03,6.067565781582015e-10
4.472836040229241e-03,6.051085924223159e-10
4.600631355664362e-03,6.035360123968141e-10
4.728426671099482e-03,6.020338680700693e-10
4.856221986534604e-03,6.005971894304545e-10
4.984017301969726e-03,5.992210064663430e-10
5.111812617404846e-03,5.979006845482100e-10
5.239607932839968e-03,5.966329305654282e-10
5.367403248275089e-03,5.954147867847172e-10
5.495198563710209e-03,5.942432954727966e-10
5.622993879145331e-03,5.931154988963863e-10
5.750789194580453e-03,5.920285833613713e-10
5.878584510015573e-03,5.909803113319349e-10
6.006379825450694e-03,5.899685893122427e-10
6.134175140885816e-03,5.889913238064607e-10
6.261970456320937e-03,5.880464213187546e-10
6.389765771756058e-03,5.871319124231232e-10
6.517561087191179e-03,5.862463239675778e-10
6.645356402626300e-03,5.853883068673043e-10
6.773151718061422e-03,5.845565120374889e-10
6.900947033496543e-03,5.837495903933175e-10
7.028742348931663e-03,5.829662518000418e-10
7.156537664366785e-03,5.822054419229911e-10
7.284332979801906e-03,5.814661653774672e-10
7.412128295237027e-03,5.807474267787724e-10
7.539923610672148e-03,5.800482307422088e-10
7.667718926107269e-03,5.793676271068356e-10
7.795514241542391e-03,5.787048466083938e-10
7.923309556977513e-03,5.780591652072083e-10
8.051104872412632e-03,5.774298588636036e-10
8.178900187847754e-03,5.768162035379046e-10
8.306695503282877e-03,5.762175093318876e-10
8.434490818717996e-03,5.756332229125323e-10
8.562286134153118e-03,5.750628250879687e-10
8.690081449588239e-03,5.745057966663268e-10
8.817876765023359e-03,5.739616184557368e-10
8.945672080458482e-03,5.734297860696671e-10
9.073467395893601e-03,5.729098543432682e-10
9.201262711328723e-03,5.724013929171924e-10
9.329058026763846e-03,5.719039714320919e-10
9.456853342198965e-03,5.714171595286191e-10
9.584648657634087e-03,5.709405436283203e-10
9.712443973069206e-03,5.704737772757801e-10
9.840239288504329e-03,5.700165307962077e-10
9.968034603939451e-03,5.695684745148119e-10
1.009582991937457e-02,5.691292787568020e-10
1.022362523480969e-02,5.686986287210194e-10
1.035142055024482e-02,5.682762691009476e-10
1.047921586567993e-02,5.678619594637586e-10
1.060701118111506e-02,5.674554593766246e-10
1.073480649655018e-02,5.670565284067174e-10
1.086260181198530e-02,5.666649261212096e-10
1.099039712742042e-02,5.662804120872728e-10
1.111819244285554e-02,5.659027458720795e-10
1.124598775829066e-02,5.655316870428015e-10
1.137378307372578e-02,5.651669951666109e-10
1.150157838916090e-02,5.648084452723062e-10
1.162937370459603e-02,5.644558742307285e-10
1.175716902003114e-02,5.641091343721139e-10
1.188496433546627e-02,5.637680780266984e-10
1.201275965090139e-02,5.634325575247186e-10
1.214055496633651e-02,5.631024251964106e-10
1.226835028177163e-02,5.627775333720104e-10
1.239614559720675e-02,5.624577343817545e-10
1.252394091264187e-02,5.621428805558789e-10
1.265173622807700e-02,5.618328242246198e-10
1.277953154351211e-02,5.615274252091806e-10
1.290732685894724e-02,5.612265732972858e-10
1.303512217438236e-02,5.609301657689540e-10
1.316291748981748e-02,5.606380999042036e-10
1.329071280525260e-02,5.603502729830532e-10
1.341850812068772e-02,5.600665822855210e-10
1.354630343612284e-02,5.597869250916255e-10
1.367409875155796e-02,5.595111986813853e-10
1.380189406699308e-02,5.592393003348187e-10
1.392968938242821e-02,5.589711273319443e-10
1.405748469786333e-02,5.587065812150194e-10
1.418528001329845e-02,5.584455805755049e-10
1.431307532873357e-02,5.581880482672243e-10
1.444087064416869e-02,5.579339071440006e-10
1.456866595960381e-02,5.576830800596577e-10
1.469646127503893e-02,5.574354898680184e-10
1.482425659047405e-02,5.571910594229065e-10
1.495205190590917e-02,5.569497115781452e-10
1.507984722134430e-02,5.567113691875579e-10
1.520764253677942e-02,5.564759551049681e-10
1.533543785221454e-02,5.562433962846128e-10
1.546323316764966e-02,5.560136360814079e-10
1.559102848308478e-02,5.557866219501947e-10
1.571882379851990e-02,5.555623013458144e-10
1.584661911395502e-02,5.553406217231079e-10
1.597441442939014e-02,5.551215305369170e-10
1.610220974482527e-02,5.549049752420825e-10
1.623000506026039e-02,5.546909032934459e-10
1.635780037569551e-02,5.544792621458482e-10
1.648559569113063e-02,5.542699992541308e-10
1.661339100656575e-02,5.540630639261504e-10
1.674118632200087e-02,5.538584128825739e-10
1.686898163743599e-02,5.536560046974592e-10
1.699677695287111e-02,5.534557979448638e-10
1.712457226830624e-02,5.532577511988453e-10
1.725236758374135e-02,5.530618230334610e-10
1.738016289917648e-02,5.528679720227689e-10
1.750795821461160e-02,5.526761567408260e-10
1.763575353004672e-02,5.524863357616903e-10
1.776354884548184e-02,5.522984676594191e-10
1.789134416091696e-02,5.521125128470290e-10
1.801913947635208e-02,5.519284390935706e-10
1.814693479178720e-02,5.517462160071536e-10
1.827473010722232e-02,5.515658131958871e-10
1.840252542265745e-02,5.513872002678807e-10
1.853032073809257e-02,5.512103468312438e-10
1.865811605352769e-02,5.510352224940856e-10
1.878591136896281e-02,5.508617968645157e-10
1.891370668439793e-02,5.506900395506435e-10
1.904150199983305e-02,5.505199201605781e-10
1.916929731526817e-02,5.503514092639233e-10
1.929709263070329e-02,5.501844812760783e-10
1.942488794613842e-02,5.500191115738457e-10
1.955268326157353e-02,5.498552755340289e-10
1.968047857700866e-02,5.496929485334306e-10
1.980827389244378e-02,5.495321059488540e-10
1.993606920787890e-02,5.493727231571019e-10
2.006386452331402e-02,5.492147755349774e-10
2.019165983874914e-02,5.490582384592834e-10
2.031945515418426e-02,5.489030873068230e-10
2.044725046961939e-02,5.487492982616254e-10
2.057504578505450e-02,5.485968507369925e-10
2.070284110048963e-02,5.484457249536358e-10
2.083063641592475e-02,5.482959011322673e-10
2.095843173135987e-02,5.481473594935984e-10
2.108622704679499e-02,5.480000802583411e-10
2.121402236223011e-02,5.478540436472073e-10
2.134181767766523e-02,5.477092298809083e-10
2.146961299310035e-02,5.475656191801561e-10
2.159740830853547e-02,5.474231917656624e-10
2.172520362397060e-02,5.472819288933325e-10
2.185299893940572e-02,5.471418159600107e-10
2.198079425484084e-02,5.470028393978165e-10
2.210858957027596e-02,5.468649856388700e-10
2.223638488571108e-02,5.467282411152912e-10
2.236418020114620e-02,5.465925922591998e-10
2.249197551658132e-02,5.464580255027156e-10
2.261977083201644e-02,5.463245272779588e-10
2.274756614745157e-02,5.461920840170489e-10
2.287536146288669e-02,5.460606821521061e-10
2.300315677832181e-02,5.459303079848827e-10
2.313095209375693e-02,5.458009472956788e-10
2.325874740919205e-02,5.456725857344360e-10
2.338654272462717e-02,5.455452089510959e-10
2.351433804006229e-02,5.454188025956003e-10
2.364213335549741e-02,5.452933523178907e-10
2.376992867093253e-02,5.451688437679086e-10
2.389772398636766e-02,5.450452625955957e-10
2.402551930180278e-02,5.449225944508937e-10
2.415331461723790e-02,5.448008249837442e-10
2.428110993267302e-02,5.446799406911286e-10
2.440890524810814e-02,5.445599314578209e-10
2.453670056354326e-02,5.444407880154511e-10
2.466449587897838e-02,5.443225010956494e-10
2.479229119441350e-02,5.442050614300461e-10
2.492008650984863e-02,5.440884597502714e-10
2.504788182528375e-02,5.439726867879552e-10
2.517567714071887e-02,5.438577332747281e-10
2.530347245615399e-02,5.437435899422198e-10
2.543126777158911e-02,5.436302475220606e-10
2.555906308702423e-02,5.435176968890430e-10
2.568685840245935e-02,5.434059294906371e-10
2.581465371789447e-02,5.432949369174905e-10
2.594244903332960e-02,5.431847107602507e-10
2.607024434876471e-02,5.430752426095652e-10
2.619803966419984e-02,5.429665240560813e-10
2.632583497963496e-02,5.428585466904466e-10
2.645363029507008e-02,5.427513021033086e-10
2.658142561050520e-02,5.426447818853146e-10
2.670922092594032e-02,5.425389776271122e-10
2.683701624137544e-02,5.424338809815052e-10
2.696481155681056e-02,5.423294838499166e-10
2.709260687224568e-02,5.422257781959233e-10
2.722040218768081e-02,5.421227559831021e-10
2.734819750311593e-02,5.420204091750298e-10
2.747599281855105e-02,5.419187297352831e-10
2.760378813398617e-02,5.418177096274389e-10
2.773158344942129e-02,5.417173408150738e-10
2.785937876485641e-02,5.416176152617648e-10
2.798717408029153e-02,5.415185249310885e-10
2.811496939572665e-02,5.414200622950185e-10
2.824276471116178e-02,5.413222218589216e-10
2.837056002659689e-02,5.412249986364632e-10
2.849835534203202e-02,5.411283876413098e-10
2.862615065746714e-02,5.410323838871271e-10
2.875394597290226e-02,5.409369823875811e-10
2.888174128833738e-02,5.408421781563377e-10
2.900953660377250e-02,5.407479662070628e-10
2.913733191920762e-02,5.406543415534226e-10
2.926512723464274e-02,5.405612992090827e-10
2.939292255007787e-02,5.404688339543265e-10
2.952071786551299e-02,5.403769396358451e-10
2.964851318094811e-02,5.402856098669163e-10
2.977630849638323e-02,5.401948382608185e-10
2.990410381181835e-02,5.401046184308294e-10
3.003189912725347e-02,5.400149439902271e-10
3.015969444268859e-02,5.399258085522897e-10
3.028748975812371e-02,5.398372057302951e-10
3.041528507355883e-02,5.397491291375214e-10
3.054308038899396e-02,5.396615723872466e-10
3.067087570442908e-02,5.395745295563424e-10
3.079867101986420e-02,5.394879965760390e-10
3.092646633529932e-02,5.394019698411515e-10
3.105426165073444e-02,5.393164457464954e-10
3.118205696616956e-02,5.392314206868857e-10
3.130985228160468e-02,5.391468910571381e-10
3.143764759703981e-02,5.390628532520675e-10
3.156544291247493e-02,5.389793036664895e-10
3.169323822791005e-02,5.388962386952192e-10
3.182103354334517e-02,5.388136547330720e-10
3.194882885878029e-02,5.387315480566326e-10
3.207662417421541e-02,5.386499144696022e-10
3.220441948965053e-02,5.385687496574714e-10
3.233221480508566e-02,5.384880493057303e-10
3.246001012052077e-02,5.384078090998696e-10
3.258780543595589e-02,5.383280247253796e-10
3.271560075139102e-02,5.382486918677505e-10
3.284339606682614e-02,5.381698062124729e-10
3.297119138226126e-02,5.380913634450371e-10
3.309898669769638e-02,5.380133592509335e-10
3.322678201313150e-02,5.379357893763045e-10
3.335457732856662e-02,5.378586498099196e-10
3.348237264400174e-02,5.377819366012097e-10
3.361016795943687e-02,5.377056457996058e-10
3.373796327487198e-02,5.376297734545386e-10
3.386575859030710e-02,5.375543156154393e-10
3.399355390574223e-02,5.374792683317386e-10
3.412134922117735e-02,5.374046276528673e-10
3.424914453661247e-02,5.373303896282567e-10
3.437693985204759e-02,5.372565503073374e-10
3.450473516748271e-02,5.371831060615525e-10
3.463253048291783e-02,5.371100545503976e-10
3.476032579835295e-02,5.370373937553829e-10
3.488812111378808e-02,5.369651216580181e-10
3.501591642922319e-02,5.368932362398135e-10
3.514371174465832e-02,5.368217354822789e-10
3.527150706009344e-02,5.367506173669243e-10
3.539930237552856e-02,5.366798798752598e-10
3.552709769096368e-02,5.366095209887952e-10
3.565489300639881e-02,5.365395386890406e-10
3.578268832183392e-02,5.364699306315084e-10
3.591048363726904e-02,5.364006931678114e-10
3.603827895270417e-02,5.363318223236112e-10
3.616607426813929e-02,5.362633141245691e-10
3.629386958357441e-02,5.361951645963463e-10
3.642166489900953e-02,5.361273697646044e-10
3.654946021444465e-02,5.360599256550046e-10
3.667725552987977e-02,5.359928282932083e-10
3.680505084531489e-02,5.359260737048769e-10
3.693284616075002e-02,5.358596579156716e-10
3.706064147618514e-02,5.357935773322313e-10
3.718843679162025e-02,5.357278298852408e-10
3.731623210705538e-02,5.356624138864315e-10
3.744402742249050e-02,5.355973276475343e-10
3.757182273792562e-02,5.355325694802803e-10
3.769961805336074e-02,5.354681376964008e-10
3.782741336879586e-02,5.354040306076267e-10
3.795520868423098e-02,5.353402465256890e-10
3.808300399966610e-02,5.352767837623191e-10
3.821079931510123e-02,5.352136406292478e-10
3.833859463053635e-02,5.351508153091092e-10
3.846638994597146e-02,5.350883054681402e-10
3.859418526140659e-02,5.350261086434766e-10
3.872198057684171e-02,5.349642223722543e-10
3.884977589227683e-02,5.349026441916087e-10
3.897757120771195e-02,5.348413716386757e-10
3.910536652314707e-02,5.347804022505912e-10
3.923316183858219e-02,5.347197335644905e-10
3.936095715401731e-02,5.346593631175097e-10
3.948875246945244e-02,5.345992884467843e-10
3.961654778488756e-02,5.345395070966632e-10
3.974434310032268e-02,5.344800166403464e-10
3.987213841575780e-02,5.344208146582457e-10
3.999993373119292e-02,5.343618987307733e-10
4.012772904662804e-02,5.343032664383411e-10
4.025552436206317e-02,5.342449153613614e-10
4.038331967749829e-02,5.341868430802463e-10
4.051111499293340e-02,5.341290471754074e-10
4.063891030836853e-02,5.340715252272574e-10
4.076670562380365e-02,5.340142748162080e-10
4.089450093923877e-02,5.339572937388807e-10
4.102229625467389e-02,5.339005806568232e-10
4.115009157010902e-02,5.338441344478369e-10
4.127788688554413e-02,5.337879539897233e-10
4.140568220097925e-02,5.337320381602841e-10
4.153347751641438e-02,5.336763858373205e-10
4.166127283184950e-02,5.336209958986341e-10
4.178906814728462e-02,5.335658672220263e-10
4.191686346271974e-02,5.335109986852985e-10
4.204465877815486e-02,5.334563891662525e-10
4.217245409358998e-02,5.334020372861338e-10
4.230024940902510e-02,5.333479406399368e-10
4.242804472446023e-02,5.332940965660853e-10
4.255584003989534e-02,5.332405024030031e-10
4.268363535533046e-02,5.331871554891141e-10
4.281143067076559e-02,5.331340531628422e-10
4.293922598620071e-02,5.330811927626112e-10
4.306702130163583e-02,5.330285716268449e-10
4.319481661707095e-02,5.329761870939671e-10
4.332261193250607e-02,5.329240365024020e-10
4.345040724794119e-02,5.328721175021085e-10
4.357820256337631e-02,5.328204289891316e-10
4.370599787881144e-02,5.327689701710232e-10
4.383379319424656e-02,5.327177402553351e-10
4.396158850968167e-02,5.326667384496193e-10
4.408938382511680e-02,5.326159639614279e-10
4.421717914055192e-02,5.325654159983126e-10
4.434497445598704e-02,5.325150937678255e-10
4.447276977142216e-02,5.324649964775184e-10
4.460056508685728e-02,5.324151233349433e-10
4.472836040229240e-02,5.323654733770411e-10
4.485615571772752e-02,5.323160449582301e-10
4.498395103316265e-02,5.322668362622779e-10
4.511174634859777e-02,5.322178454729522e-10
4.523954166403289e-02,5.321690707740207e-10
4.536733697946801e-02,5.321205103492515e-10
4.549513229490313e-02,5.320721623824119e-10
4.562292761033825e-02,5.320240250572700e-10
4.575072292577338e-02,5.319760965575933e-10
4.587851824120850e-02,5.319283750671498e-10
4.600631355664361e-02,5.318808587970424e-10
4.613410887207874e-02,5.318335460677194e-10
4.626190418751386e-02,5.317864352269670e-10
4.638969950294898e-02,5.317395246225711e-10
4.651749481838410e-02,5.316928126023173e-10
4.664529013381922e-02,5.316462975139920e-10
4.677308544925434e-02,5.315999777053809e-10
4.690088076468946e-02,5.315538515242701e-10
4.702867608012459e-02,5.315079173184455e-10
4.715647139555971e-02,5.314621734356929e-10
4.728426671099482e-02,5.314166184479763e-10
4.741206202642995e-02,5.313712518239409e-10
4.753985734186507e-02,5.313260732563955e-10
4.766765265730019e-02,5.312810824381485e-10
4.779544797273531e-02,5.312362790620084e-10
4.792324328817044e-02,5.311916628207841e-10
4.805103860360555e-02,5.311472334072840e-10
4.817883391904067e-02,5.311029905143164e-10
4.830662923447580e-02,5.310589338346903e-10
4.843442454991092e-02,5.310150630612140e-10
4.856221986534604e-02,5.309713774512092e-10
4.869001518078116e-02,5.309278745202360e-10
4.881781049621628e-02,5.308845513484600e-10
4.894560581165140e-02,5.308414050160476e-10
4.907340112708652e-02,5.307984326031646e-10
4.920119644252165e-02,5.307556311899771e-10
4.932899175795677e-02,5.307129978566509e-10
4.945678707339188e-02,5.306705296833523e-10
4.958458238882701e-02,5.306282237502473e-10
4.971237770426213e-02,5.305860771375017e-10
4.984017301969725e-02,5.305440886395234e-10
4.996796833513237e-02,5.305022639080569e-10
5.000000000000000e-02,5.304918071490243e-10
5.009576365056749e-02,5.304606096388122e-10
5.022355896600261e-02,5.304191266793678e-10
5.035135428143774e-02,5.303778128607722e-10
5.047914959687286e-02,5.303366659889832e-10
5.060694491230798e-02,5.302956838699587e-10
5.073474022774310e-02,5.302548643096563e-10
5.086253554317822e-02,5.302142051140341e-10
5.099033085861334e-02,5.301737040890497e-10
5.111812617404846e-02,5.301333592641864e-10
5.124592148948359e-02,5.300931695630109e-10
5.137371680491870e-02,5.300531341326063e-10
5.150151212035382e-02,5.300132521200557e-10
5.162930743578895e-02,5.299735226724421e-10
5.175710275122407e-02,5.299339449368487e-10
5.188489806665919e-02,5.298945180603585e-10
5.201269338209431e-02,5.298552411900548e-10
5.214048869752943e-02,5.298161134730203e-10
5.226828401296455e-02,5.297771340563385e-10
5.239607932839967e-02,5.297383020318553e-10
5.252387464383480e-02,5.296996162704909e-10
5.265166995926992e-02,5.296610755879388e-10
5.277946527470503e-02,5.296226787998926e-10
5.290726059014016e-02,5.295844247220458e-10
5.303505590557528e-02,5.295463121700919e-10
5.316285122101040e-02,5.295083399597246e-10
5.329064653644552e-02,5.294705069066373e-10
5.341844185188065e-02,5.294328118265237e-10
5.354623716731576e-02,5.293952535350772e-10
5.367403248275088e-02,5.293578309967931e-10
5.380182779818601e-02,5.293205437714126e-10
5.392962311362113e-02,5.292833915674978e-10
5.405741842905625e-02,5.292463740936117e-10
5.418521374449137e-02,5.292094910583164e-10
5.431300905992649e-02,5.291727421701745e-10
5.444080437536161e-02,5.291361271377486e-10
5.456859969079673e-02,5.290996456696011e-10
5.469639500623186e-02,5.290632974742946e-10
5.482419032166697e-02,5.290270822603915e-10
5.495198563710210e-02,5.289909995285959e-10
5.507978095253722e-02,5.289550479481845e-10
5.520757626797234e-02,5.289192259805785e-10
5.533537158340746e-02,5.288835320871995e-10
5.546316689884258e-02,5.288479647294687e-10
5.559096221427770e-02,5.288125223688077e-10
5.571875752971282e-02,5.287772034666376e-10
5.584655284514795e-02,5.287420064843800e-10
5.597434816058307e-02,5.287069298834561e-10
5.610214347601819e-02,5.286719721252873e-10
5.622993879145331e-02,5.286371319228094e-10
5.635773410688843e-02,5.286024089949321e-10
5.648552942232355e-02,5.285678033120390e-10
5.661332473775867e-02,5.285333148445132e-10
5.674112005319380e-02,5.284989435627380e-10
5.686891536862891e-02,5.284646894370964e-10
5.699671068406403e-02,5.284305524379721e-10
5.712450599949916e-02,5.283965325357479e-10
5.725230131493428e-02,5.283626297008074e-10
5.738009663036940e-02,5.283288439035336e-10
5.750789194580452e-02,5.282951749451029e-10
5.763568726123964e-02,5.282616219498091e-10
5.776348257667476e-02,5.282281838727130e-10
5.789127789210988e-02,5.281948596688746e-10
5.801907320754501e-02,5.281616482933542e-10
5.814686852298013e-02,5.281285487012124e-10
5.827466383841524e-02,5.280955598475093e-10
5.840245915385037e-02,5.280626806873052e-10
5.853025446928549e-02,5.280299101756606e-10
5.865804978472061e-02,5.279972472676357e-10
5.878584510015573e-02,5.279646909768799e-10
5.891364041559085e-02,5.279322405514013e-10
5.904143573102597e-02,5.278998952977968e-10
5.916923104646109e-02,5.278676545226641e-10
5.929702636189622e-02,5.278355175326007e-10
5.942482167733134e-02,5.278034836342038e-10
5.955261699276646e-02,5.277715521340711e-10
5.968041230820158e-02,5.277397223387998e-10
5.980820762363670e-02,5.277079935549874e-10
5.993600293907182e-02,5.276763650892315e-10
6.006379825450694e-02,5.276448363496796e-10
6.019159356994207e-02,5.276134071506524e-10
6.031938888537718e-02,5.275820774080070e-10
6.044718420081231e-02,5.275508470376003e-10
6.057497951624743e-02,5.275197159552892e-10
6.070277483168255e-02,5.274886840769307e-10
6.083057014711767e-02,5.274577513183817e-10
6.095836546255279e-02,5.274269175954992e-10
6.108616077798791e-02,5.273961828241402e-10
6.121395609342303e-02,5.273655469201616e-10
6.134175140885816e-02,5.273350096152694e-10
6.146954672429328e-02,5.273045699044977e-10
6.159734203972840e-02,5.272742265986963e-10
6.172513735516352e-02,5.272439785087146e-10
6.185293267059864e-02,5.272138244454021e-10
6.198072798603376e-02,5.271837632196086e-10
6.210852330146888e-02,5.271537936421832e-10
6.223631861690401e-02,5.271239145239757e-10
6.236411393233912e-02,5.270941246758355e-10
6.249190924777424e-02,5.270644229086123e-10
6.261970456320937e-02,5.270348082548341e-10
6.274749987864449e-02,5.270052806337598e-10
6.287529519407961e-02,5.269758401863347e-10
6.300309050951473e-02,5.269464870535039e-10
6.313088582494986e-02,5.269172213762126e-10
6.325868114038498e-02,5.268880432954064e-10
6.338647645582010e-02,5.268589529520301e-10
6.351427177125522e-02,5.268299504870294e-10
6.364206708669033e-02,5.268010360413492e-10
6.376986240212545e-02,5.267722097559349e-10
6.389765771756058e-02,5.267434716164743e-10
6.402545303299570e-02,5.267148209876594e-10
6.415324834843082e-02,5.266862570789426e-10
6.428104366386594e-02,5.266577790997760e-10
6.440883897930107e-02,5.266293862596118e-10
6.453663429473619e-02,5.266010777679022e-10
6.466442961017131e-02,5.265728528340995e-10
6.479222492560642e-02,5.265447106676556e-10
6.492002024104154e-02,5.265166504780230e-10
6.504781555647667e-02,5.264886714746537e-10
6.517561087191179e-02,5.264607729312150e-10
6.530340618734691e-02,5.264329543782600e-10
6.543120150278203e-02,5.264052154105705e-10
6.555899681821716e-02,5.263775556229283e-10
6.568679213365228e-02,5.263499746101151e-10
6.581458744908740e-02,5.263224719669124e-10
6.594238276452252e-02,5.262950472881022e-10
6.607017807995763e-02,5.262677001684659e-10
6.619797339539275e-02,5.262404302027854e-10
6.632576871082788e-02,5.262132369858422e-10
6.645356402626300e-02,5.261861201802057e-10
6.658135934169812e-02,5.261590797196038e-10
6.670915465713324e-02,5.261321156055558e-10
6.683694997256837e-02,5.261052278395814e-10
6.696474528800349e-02,5.260784164231999e-10
6.709254060343861e-02,5.260516813579309e-10
6.722033591887373e-02,5.260250226452939e-10
6.734813123430886e-02,5.259984402868084e-10
6.747592654974396e-02,5.259719342839937e-10
6.760372186517909e-02,5.259455046383696e-10
6.773151718061421e-02,5.259191511952868e-10
6.785931249604933e-02,5.258928731754480e-10
6.798710781148445e-02,5.258666696434015e-10
6.811490312691958e-02,5.258405396636952e-10
6.824269844235470e-02,5.258144823008769e-10
6.837049375778982e-02,5.257884966194945e-10
6.849828907322494e-02,5.257625816840964e-10
6.862608438866007e-02,5.257367365592300e-10
6.875387970409517e-02,5.257109603094436e-10
6.888167501953030e-02,5.256852519992850e-10
6.900947033496542e-02,5.256596109022552e-10
6.913726565040054e-02,5.256340371277636e-10
6.926506096583566e-02,5.256085309942217e-10
6.939285628127079e-02,5.255830928200413e-10
6.952065159670591e-02,5.255577229236333e-10
6.964844691214103e-02,5.255324216234096e-10
6.977624222757615e-02,5.255071892377815e-10
6.990403754301128e-02,5.254820260851603e-10
7.003183285844640e-02,5.254569324839576e-10
7.015962817388151e-02,5.254319087525846e-10
7.028742348931663e-02,5.254069550419580e-10
7.041521880475175e-02,5.253820708329862e-10
7.054301412018688e-02,5.253572554390681e-10
7.067080943562200e-02,5.253325081736026e-10
7.079860475105712e-02,5.253078283499888e-10
7.092640006649224e-02,5.252832152816258e-10
7.105419538192737e-02,5.252586682819124e-10
7.118199069736249e-02,5.252341866642478e-10
7.130978601279761e-02,5.252097697420310e-10
7.152277820518949e-02,5.251692167744891e-10
7.173577039758135e-02,5.251288388331352e-10
7.194876258997322e-02,5.250886347520233e-10
7.216175478236508e-02,5.250486037677714e-10
7.237474697475696e-02,5.250087451169980e-10
7.258773916714882e-02,5.249690580363214e-10
7.280073135954070e-02,5.249295417623599e-10
7.301372355193256e-02,5.248901955317317e-10
7.322671574432443e-02,5.248510185810554e-10
7.343970793671629e-02,5.248120101469492e-10
7.365270012910817e-02,5.247731694660313e-10
7.386569232150003e-02,5.247344957460000e-10
7.407868451389191e-02,5.246959880788739e-10
7.429167670628377e-02,5.246576455277513e-10
7.450466889867564e-02,5.246194671557307e-10
7.471766109106751e-02,5.245814520259105e-10
7.493065328345938e-02,5.245435992013891e-10
7.514364547585124e-02,5.245059077452652e-10
7.535663766824312e-02,5.244683767206370e-10
7.556962986063498e-02,5.244310051906030e-10
7.578262205302685e-02,5.243937922182618e-10
7.599561424541872e-02,5.243567368095105e-10
7.620860643781059e-02,5.243198377414473e-10
7.642159863020245e-02,5.242830937339725e-10
7.663459082259433e-02,5.242465035069866e-10
7.684758301498619e-02,5.242100657803899e-10
7.706057520737807e-02,5.241737792740825e-10
7.727356739976993e-02,5.241376427079649e-10
7.748655959216180e-02,5.241016548019374e-10
7.769955178455366e-02,5.240658142759004e-10
7.791254397694554e-02,5.240301198497539e-10
7.812553616933740e-02,5.239945703395058e-10
7.833852836172928e-02,5.239591649455709e-10
7.855152055412114e-02,5.239239029644609e-10
7.876451274651301e-02,5.238887836926871e-10
7.897750493890487e-02,5.238538064267612e-10
7.919049713129675e-02,5.238189704631946e-10
7.940348932368861e-02,5.237842750984987e-10
7.961648151608049e-02,5.237497196291851e-10
7.982947370847235e-02,5.237153033517655e-10
8.004246590086422e-02,5.236810255627510e-10
8.025545809325609e-02,5.236468855643903e-10
8.046845028564796e-02,5.236128826818795e-10
8.068144247803982e-02,5.235790162461530e-10
8.089443467043170e-02,5.235452855881443e-10
8.110742686282357e-02,5.235116900387877e-10
8.132041905521543e-02,5.234782289290170e-10
8.153341124760730e-02,5.234449015897663e-10
8.174640343999917e-02,5.234117073519694e-10
8.195939563239105e-02,5.233786455465603e-10
8.217238782478291e-02,5.233457155044730e-10
8.238538001717477e-02,5.233129164896394e-10
8.259837220956665e-02,5.232802474979745e-10
8.281136440195852e-02,5.232477074583873e-10
8.302435659435038e-02,5.232152952997868e-10
8.323734878674224e-02,5.231830099510819e-10
8.345034097913412e-02,5.231508503411815e-10
8.366333317152599e-02,5.231188153989946e-10
8.387632536391786e-02,5.230869040534300e-10
8.408931755630973e-02,5.230551152333968e-10
8.430230974870159e-02,5.230234478678039e-10
8.451530194109347e-02,5.229919009712264e-10
8.472829413348533e-02,5.229604739009059e-10
8.494128632587720e-02,5.229291660997504e-10
8.515427851826907e-02,5.228979770106683e-10
8.536727071066094e-02,5.228669060765681e-10
8.558026290305280e-02,5.228359527403577e-10
8.579325509544468e-02,5.228051164449458e-10
8.600624728783654e-02,5.227743966332404e-10
8.621923948022842e-02,5.227437927481498e-10
8.643223167262028e-02,5.227133042325823e-10
8.664522386501215e-02,5.226829305293355e-10
8.685821605740401e-02,5.226526710807632e-10
8.707120824979589e-02,5.226225253291088e-10
8.728420044218775e-02,5.225924927166152e-10
8.749719263457963e-02,5.225625726855259e-10
8.771018482697149e-02,5.225327646780839e-10
8.792317701936336e-02,5.225030681365324e-10
8.813616921175522e-02,5.224734825031147e-10
8.834916140414710e-02,5.224440072200738e-10
8.856215359653896e-02,5.224146417296532e-10
8.877514578893084e-02,5.223853854079365e-10
8.898813798132270e-02,5.223562373663848e-10
8.920113017371457e-02,5.223271966503060e-10
8.941412236610644e-02,5.222982623050083e-10
8.962711455849831e-02,5.222694333758000e-10
8.984010675089017e-02,5.222407089079892e-10
9.005309894328205e-02,5.222120879468843e-10
9.026609113567391e-02,5.221835695377932e-10
9.047908332806578e-02,5.221551527260243e-10
9.069207552045766e-02,5.221268365568857e-10
9.090506771284952e-02,5.220986201633284e-10
9.111805990524138e-02,5.220705030288964e-10
9.133105209763326e-02,5.220424847247879e-10
9.154404429002513e-02,5.220145648222008e-10
9.175703648241700e-02,5.219867428923330e-10
9.197002867480886e-02,5.219590185063824e-10
9.218302086720073e-02,5.219313912355470e-10
9.239601305959261e-02,5.219038606510249e-10
9.260900525198447e-02,5.218764263240140e-10
9.282199744437633e-02,5.218490878257122e-10
9.303498963676821e-02,5.218218447159777e-10
9.324798182916008e-02,5.217946965093077e-10
9.346097402155194e-02,5.217676427088591e-10
9.367396621394380e-02,5.217406828177884e-10
9.388695840633568e-02,5.217138163392522e-10
9.409995059872756e-02,5.216870427764075e-10
9.431294279111942e-02,5.216603616324105e-10
9.452593498351128e-02,5.216337724104183e-10
9.473892717590315e-02,5.216072746135873e-10
9.495191936829503e-02,5.215808677450743e-10
9.516491156068689e-02,5.215545512566073e-10
9.537790375307875e-02,5.215283243941983e-10
9.559089594547063e-02,5.215021863524294e-10
9.580388813786250e-02,5.214761363258830e-10
9.601688033025436e-02,5.214501735091416e-10
9.622987252264624e-02,5.214242970967873e-10
9.644286471503810e-02,5.213985062834025e-10
9.665585690742998e-02,5.213728002635695e-10
9.686884909982184e-02,5.213471782318707e-10
9.708184129221371e-02,5.213216393828884e-10
9.729483348460558e-02,5.212961829912679e-10
9.750782567699745e-02,5.212708086519005e-10
9.772081786938931e-02,5.212455160397377e-10
9.793381006178119e-02,5.212203048297309e-10
9.814680225417305e-02,5.211951746968315e-10
9.835979444656492e-02,5.211701253159910e-10
9.857278663895679e-02,5.211451563621606e-10
9.878577883134866e-02,5.211202675102920e-10
9.899877102374052e-02,5.210954584353365e-10
9.921176321613240e-02,5.210707288122456e-10
9.942475540852426e-02,5.210460783063182e-10
9.963774760091614e-02,5.210215065442453e-10
9.985073979330800e-02,5.209970131430666e-10
1.000637319857000e-01,5.209725977198215e-10
1.002767241780920e-01,5.209482598915495e-10
1.004897163704840e-01,5.209239992752901e-10
1.007027085628750e-01,5.208998154880831e-10
1.009157007552670e-01,5.208757081469676e-10
1.011286929476590e-01,5.208516768689832e-10
1.013416851400510e-01,5.208277212711695e-10
1.015546773324430e-01,5.208038409215363e-10
1.017676695248350e-01,5.207800351919341e-10
1.019806617172270e-01,5.207563034051628e-10
1.021936539096190e-01,5.207326448840228e-10
1.024066461020100e-01,5.207090589513141e-10
1.026196382944020e-01,5.206855449298367e-10
1.028326304867940e-01,5.206621021423908e-10
1.030456226791860e-01,5.206387299117767e-10
1.032586148715780e-01,5.206154275607944e-10
1.034716070639700e-01,5.205921944122442e-10
1.036845992563620e-01,5.205690298720617e-10
1.038975914487540e-01,5.205459336786916e-10
1.041105836411450e-01,5.205229056536975e-10
1.043235758335370e-01,5.204999456186431e-10
1.045365680259290e-01,5.204770533950919e-10
1.047495602183210e-01,5.204542288046078e-10
1.049625524107130e-01,5.204314716687544e-10
1.051755446031050e-01,5.204087818090954e-10
1.053885367954970e-01,5.203861590471944e-10
1.056015289878880e-01,5.203636032046151e-10
1.058145211802800e-01,5.203411140820476e-10
1.060275133726720e-01,5.203186913967216e-10
1.062405055650640e-01,5.202963348450104e-10
1.064534977574560e-01,5.202740441232872e-10
1.066664899498480e-01,5.202518189279254e-10
1.068794821422400e-01,5.202296589552981e-10
1.070924743346320e-01,5.202075639017786e-10
1.073054665270230e-01,5.201855334637401e-10
1.075184587194150e-01,5.201635673375559e-10
1.077314509118070e-01,5.201416652195992e-10
1.079444431041990e-01,5.201198267700711e-10
1.081574352965910e-01,5.200980515043838e-10
1.083704274889830e-01,5.200763389017273e-10
1.085834196813750e-01,5.200546884412916e-10
1.087964118737660e-01,5.200330996022670e-10
1.090094040661580e-01,5.200115718638432e-10
1.092223962585500e-01,5.199901047052101e-10
1.094353884509420e-01,5.199686976055581e-10
1.096483806433340e-01,5.199473500440769e-10
1.098613728357260e-01,5.199260614999567e-10
1.100743650281180e-01,5.199048315235639e-10
1.102873572205100e-01,5.198836599500799e-10
1.105003494129010e-01,5.198625466859172e-10
1.107133416052930e-01,5.198414916374878e-10
1.109263337976850e-01,5.198204947112046e-10
1.111393259900770e-01,5.197995558134794e-10
1.113523181824690e-01,5.197786748507249e-10
1.115653103748610e-01,5.197578517293535e-10
1.117783025672530e-01,5.197370863557774e-10
1.119912947596450e-01,5.197163786364090e-10
1.122042869520360e-01,5.196957284578534e-10
1.124172791444280e-01,5.196751356274789e-10
1.126302713368200e-01,5.196545999328445e-10
1.128432635292120e-01,5.196341211615082e-10
1.130562557216040e-01,5.196136991010289e-10
1.132692479139960e-01,5.195933335389646e-10
1.134822401063880e-01,5.195730242628738e-10
1.136952322987790e-01,5.195527710603153e-10
1.139082244911710e-01,5.195325737188472e-10
1.141212166835630e-01,5.195124320260280e-10
1.143342088759550e-01,5.194923457310952e-10
1.145472010683470e-01,5.194723144300393e-10
1.147601932607390e-01,5.194523376805475e-10
1.149731854531310e-01,5.194324150403072e-10
1.151861776455230e-01,5.194125460670058e-10
1.153991698379140e-01,5.193927303183310e-10
1.156121620303060e-01,5.193729673519699e-10
1.158251542226980e-01,5.193532567256100e-10
1.160381464150900e-01,5.193335979969387e-10
1.162511386074820e-01,5.193139907236434e-10
1.164641307998740e-01,5.192944345346832e-10
1.166771229922660e-01,5.192749293439484e-10
1.168901151846570e-01,5.192554751365243e-10
1.171031073770490e-01,5.192360718974953e-10
1.173160995694410e-01,5.192167196119462e-10
1.175290917618330e-01,5.191974182649617e-10
1.177420839542250e-01,5.191781678416265e-10
1.179550761466170e-01,5.191589683270256e-10
1.181680683390090e-01,5.191398197062435e-10
1.183810605314010e-01,5.191207219643651e-10
1.185940527237920e-01,5.191016750562310e-10
1.188070449161840e-01,5.190826788156371e-10
1.190200371085760e-01,5.190637330461016e-10
1.192330293009680e-01,5.190448375511428e-10
1.194460214933600e-01,5.190259921342789e-10
1.196590136857520e-01,5.190071965990282e-10
1.198720058781440e-01,5.189884507489089e-10
1.200849980705360e-01,5.189697543874390e-10
1.202979902629270e-01,5.189511073181371e-10
1.205109824553190e-01,5.189325093445210e-10
1.207239746477110e-01,5.189139602403959e-10
1.209369668401030e-01,5.188954596606854e-10
1.211499590324950e-01,5.188770072305846e-10
1.213629512248870e-01,5.188586025752893e-10
1.215759434172790e-01,5.188402453199947e-10
1.217889356096700e-01,5.188219350898967e-10
1.220019278020620e-01,5.188036715101903e-10
1.222149199944540e-01,5.187854542060713e-10
1.224279121868460e-01,5.187672828027350e-10
1.226409043792380e-01,5.187491569253771e-10
1.228538965716300e-01,5.187310762608174e-10
1.230668887640220e-01,5.187130407423592e-10
1.232798809564140e-01,5.186950503649223e-10
1.234928731488050e-01,5.186771051234268e-10
1.237058653411970e-01,5.186592050127924e-10
1.239188575335890e-01,5.186413500279392e-10
1.241318497259810e-01,5.186235401637873e-10
1.243448419183730e-01,5.186057754152565e-10
1.245578341107650e-01,5.185880557772669e-10
1.247708263031570e-01,5.185703812447383e-10
1.249838184955480e-01,5.185527517831399e-10
1.251968106879400e-01,5.185351672401796e-10
1.254098028803320e-01,5.185176274341364e-10
1.256227950727240e-01,5.185001321832893e-10
1.258357872651160e-01,5.184826813059175e-10
1.260487794575080e-01,5.184652746202996e-10
1.262617716499000e-01,5.184479119447148e-10
1.264747638422920e-01,5.184305930974420e-10
1.266877560346830e-01,5.184133178967602e-10
1.269007482270750e-01,5.183960861609482e-10
1.271137404194670e-01,5.183788976788135e-10
1.273267326118590e-01,5.183617521213571e-10
1.275397248042510e-01,5.183446491301482e-10
1.277527169966430e-01,5.183275883467563e-10
1.279657091890350e-01,5.183105694127508e-10
1.281787013814270e-01,5.182935919697010e-10
1.283916935738180e-01,5.182766556591764e-10
1.286046857662100e-01,5.182597601227462e-10
1.288176779586020e-01,5.182429050019798e-10
1.290306701509940e-01,5.182260899384466e-10
1.292436623433860e-01,5.182093146362186e-10
1.294566545357780e-01,5.181925790494830e-10
1.296696467281700e-01,5.181758831949818e-10
1.298826389205610e-01,5.181592270894577e-10
1.300956311129530e-01,5.181426107496526e-10
1.303086233053450e-01,5.181260341923090e-10
1.305216154977370e-01,5.181094974341690e-10
1.307346076901290e-01,5.180930004919750e-10
1.309475998825210e-01,5.180765433824695e-10
1.311605920749130e-01,5.180601261223943e-10
1.313735842673050e-01,5.180437486924305e-10
1.315865764596960e-01,5.180274109289959e-10
1.317995686520880e-01,5.180111126324386e-10
1.320125608444800e-01,5.179948536031069e-10
1.322255530368720e-01,5.179786336413490e-10
1.324385452292640e-01,5.179624525475134e-10
1.326515374216560e-01,5.179463101219480e-10
1.328645296140480e-01,5.179302061650012e-10
1.330775218064400e-01,5.179141404770213e-10
1.332905139988310e-01,5.178981128583564e-10
1.335035061912230e-01,5.178821230900318e-10
1.337164983836150e-01,5.178661708757967e-10
1.339294905760070e-01,5.178502559000844e-10
1.341424827683990e-01,5.178343778473288e-10
1.343554749607910e-01,5.178185364019635e-10
1.345684671531830e-01,5.178027312484220e-10
1.347814593455740e-01,5.177869620711383e-10
1.349944515379660e-01,5.177712285545457e-10
1.352074437303580e-01,5.177555303830778e-10
1.354204359227500e-01,5.177398672411686e-10
1.356334281151420e-01,5.177242388688906e-10
1.358464203075340e-01,5.177086452287605e-10
1.360594124999260e-01,5.176930863388783e-10
1.362724046923180e-01,5.176775622173431e-10
1.364853968847090e-01,5.176620728822550e-10
1.366983890771010e-01,5.176466183517131e-10
1.369113812694930e-01,5.176311986438173e-10
1.371243734618850e-01,5.176158137766672e-10
1.373373656542770e-01,5.176004637683621e-10
1.375503578466690e-01,5.175851486370020e-10
1.377633500390610e-01,5.175698683677536e-10
1.379763422314520e-01,5.175546228139750e-10
1.381893344238440e-01,5.175394117960521e-10
1.384023266162360e-01,5.175242351343714e-10
1.386153188086280e-01,5.175090926493187e-10
1.388283110010200e-01,5.174939841612802e-10
1.390413031934120e-01,5.174789094906423e-10
1.392542953858040e-01,5.174638684577909e-10
1.394672875781960e-01,5.174488608831123e-10
1.396802797705870e-01,5.174338865869926e-10
1.398932719629790e-01,5.174189453721134e-10
1.401062641553710e-01,5.174040369703188e-10
1.403192563477630e-01,5.173891610957376e-10
1.405322485401550e-01,5.173743174624992e-10
1.407452407325470e-01,5.173595057847330e-10
1.409582329249390e-01,5.173447257765683e-10
1.411712251173300e-01,5.173299771521341e-10
1.413842173097220e-01,5.173152596255597e-10
1.415972095021140e-01,5.173005729109744e-10
1.418102016945060e-01,5.172859167225074e-10
1.420231938868980e-01,5.172712908309301e-10
1.422361860792900e-01,5.172566952335762e-10
1.424491782716820e-01,5.172421299844186e-10
1.426621704640740e-01,5.172275951374307e-10
1.428751626564650e-01,5.172130907465857e-10
1.430881548488570e-01,5.171986168658565e-10
1.433011470412490e-01,5.171841735492161e-10
1.435141392336410e-01,5.171697608506380e-10
1.437271314260330e-01,5.171553788240948e-10
1.439401236184250e-01,5.171410275235601e-10
1.441531158108170e-01,5.171267069655414e-10
1.443661080032090e-01,5.171124170167337e-10
1.445791001956000e-01,5.170981575063924e-10
1.447920923879920e-01,5.170839282637716e-10
1.450050845803840e-01,5.170697291181267e-10
1.452180767727760e-01,5.170555598987121e-10
1.454310689651680e-01,5.170414204347827e-10
1.456440611575600e-01,5.170273105555934e-10
1.458570533499520e-01,5.170132300903987e-10
1.460700455423430e-01,5.169991788684537e-10
1.462830377347350e-01,5.169851567096292e-10
1.464960299271270e-01,5.169711633962852e-10
1.467090221195190e-01,5.169571987014098e-10
1.469220143119110e-01,5.169432623979912e-10
1.471350065043030e-01,5.169293542590176e-10
1.473479986966950e-01,5.169154740574772e-10
1.475609908890870e-01,5.169016215663580e-10
1.477739830814780e-01,5.168877965586484e-10
1.479869752738700e-01,5.168739988073365e-10
1.481999674662620e-01,5.168602280854103e-10
1.484129596586540e-01,5.168464842154656e-10
1.486259518510460e-01,5.168327672186186e-10
1.488389440434380e-01,5.168190771656389e-10
1.490519362358300e-01,5.168054141272954e-10
1.492649284282220e-01,5.167917781743578e-10
1.494779206206130e-01,5.167781693775954e-10
1.496909128130050e-01,5.167645878077772e-10
1.499039050053970e-01,5.167510335356726e-10
1.501168971977890e-01,5.167375066320511e-10
1.503298893901810e-01,5.167240071676818e-10
1.505428815825730e-01,5.167105351779885e-10
1.507558737749650e-01,5.166970905569901e-10
1.509688659673560e-01,5.166836731633497e-10
1.511818581597480e-01,5.166702828557304e-10
1.513948503521400e-01,5.166569194927946e-10
1.516078425445320e-01,5.166435829332057e-10
1.518208347369240e-01,5.166302730356264e-10
1.520338269293160e-01,5.166169896587196e-10
1.522468191217080e-01,5.166037326611482e-10
1.524598113141000e-01,5.165905019015752e-10
1.526728035064910e-01,5.165772972295724e-10
1.528857956988830e-01,5.165641184583530e-10
1.530987878912750e-01,5.165509653920421e-10
1.533117800836670e-01,5.165378378347649e-10
1.535247722760590e-01,5.165247355906465e-10
1.537377644684510e-01,5.165116584638120e-10
1.539507566608430e-01,5.164986062583866e-10
1.541637488532340e-01,5.164855787784953e-10
1.543767410456260e-01,5.164725758282632e-10
1.545897332380180e-01,5.164595972118154e-10
1.548027254304100e-01,5.164466427823366e-10
1.550157176228020e-01,5.164337125891587e-10
1.552287098151940e-01,5.164208067306268e-10
1.554417020075860e-01,5.164079253050863e-10
1.556546941999780e-01,5.163950684108825e-10
1.558676863923690e-01,5.163822361463609e-10
1.560806785847610e-01,5.163694286098666e-10
1.562936707771530e-01,5.163566458997452e-10
1.565066629695450e-01,5.163438881143420e-10
1.567196551619370e-01,5.163311553520022e-10
1.569326473543290e-01,5.163184476710719e-10
1.571456395467210e-01,5.163057649697989e-10
1.573586317391130e-01,5.162931071063813e-10
1.575716239315040e-01,5.162804739390167e-10
1.577846161238960e-01,5.162678653259031e-10
1.579976083162880e-01,5.162552811252386e-10
1.582106005086800e-01,5.162427211952209e-10
1.584235927010720e-01,5.162301853940479e-10
1.586365848934640e-01,5.162176735799177e-10
1.588495770858560e-01,5.162051856110281e-10
1.590625692782470e-01,5.161927213423314e-10
1.592755614706390e-01,5.161802806157932e-10
1.594885536630310e-01,5.161678632701314e-10
1.597015458554230e-01,5.161554691440639e-10
1.599145380478150e-01,5.161430980763083e-10
1.601275302402070e-01,5.161307499055829e-10
1.603405224325990e-01,5.161184244706052e-10
1.605535146249910e-01,5.161061216100934e-10
1.607665068173820e-01,5.160938411627652e-10
1.609794990097740e-01,5.160815829673383e-10
1.611924912021660e-01,5.160693469051727e-10
1.614054833945580e-01,5.160571330281974e-10
1.616184755869500e-01,5.160449414309847e-10
1.618314677793420e-01,5.160327722081069e-10
1.620444599717340e-01,5.160206254541360e-10
1.622574521641260e-01,5.160085012636446e-10
1.624704443565170e-01,5.159963997312046e-10
1.626834365489090e-01,5.159843209513884e-10
1.628964287413010e-01,5.159722650187681e-10
1.631094209336930e-01,5.159602320279160e-10
1.633224131260850e-01,5.159482220343641e-10
1.635354053184770e-01,5.159362349375291e-10
1.637483975108690e-01,5.159242705978109e-10
1.639613897032600e-01,5.159123288756091e-10
1.641743818956520e-01,5.159004096313233e-10
1.643873740880440e-01,5.158885127253532e-10
1.646003662804360e-01,5.158766380180985e-10
1.648133584728280e-01,5.158647853699589e-10
1.650263506652200e-01,5.158529546413339e-10
1.652393428576120e-01,5.158411456926233e-10
1.654523350500040e-01,5.158293583824674e-10
1.656653272423950e-01,5.158175925624739e-10
1.658783194347870e-01,5.158058480824929e-10
1.660913116271790e-01,5.157941247923749e-10
1.663043038195710e-01,5.157824225419700e-10
1.665172960119630e-01,5.157707411811287e-10
1.667302882043550e-01,5.157590805597013e-10
1.669432803967470e-01,5.157474405275382e-10
1.671562725891380e-01,5.157358209344898e-10
1.673692647815300e-01,5.157242216304062e-10
1.675822569739220e-01,5.157126425055750e-10
1.677952491663140e-01,5.157010836121112e-10
1.680082413587060e-01,5.156895450426076e-10
1.682212335510980e-01,5.156780268896568e-10
1.684342257434900e-01,5.156665292458509e-10
1.686472179358820e-01,5.156550522037830e-10
1.688602101282730e-01,5.156435958560451e-10
1.690732023206650e-01,5.156321602952299e-10
1.692861945130570e-01,5.156207456139299e-10
1.694991867054490e-01,5.156093519047377e-10
1.697121788978410e-01,5.155979792197094e-10
1.699251710902330e-01,5.155866274487263e-10
1.701381632826250e-01,5.155752964411178e-10
1.703511554750170e-01,5.155639860462138e-10
1.705641476674080e-01,5.155526961133441e-10
1.707771398598000e-01,5.155414264918380e-10
1.709901320521920e-01,5.155301770310255e-10
1.712031242445840e-01,5.155189475802361e-10
1.714161164369760e-01,5.155077379887994e-10
1.716291086293680e-01,5.154965481060455e-10
1.718421008217600e-01,5.154853777840562e-10
1.720550930141510e-01,5.154742268859233e-10
1.722680852065430e-01,5.154630952774900e-10
1.724810773989350e-01,5.154519828245997e-10
1.726940695913270e-01,5.154408893930961e-10
1.729070617837190e-01,5.154298148488224e-10
1.731200539761110e-01,5.154187590576220e-10
1.733330461685030e-01,5.154077218853383e-10
1.735460383608950e-01,5.153967031978150e-10
1.737590305532860e-01,5.153857028608951e-10
1.739720227456780e-01,5.153747207771156e-10
1.741850149380700e-01,5.153637569957228e-10
1.743980071304620e-01,5.153528116026246e-10
1.746109993228540e-01,5.153418846837294e-10
1.748239915152460e-01,5.153309763249451e-10
1.750369837076380e-01,5.153200866121800e-10
1.752499759000290e-01,5.153092156313420e-10
1.754629680924210e-01,5.152983634683392e-10
1.756759602848130e-01,5.152875302090797e-10
1.758889524772050e-01,5.152767159394717e-10
1.761019446695970e-01,5.152659207058937e-10
1.763149368619890e-01,5.152551443965006e-10
1.765279290543810e-01,5.152443868598646e-10
1.767409212467730e-01,5.152336479445582e-10
1.769539134391640e-01,5.152229274991538e-10
1.771669056315560e-01,5.152122253722234e-10
1.773798978239480e-01,5.152015414123396e-10
1.775928900163400e-01,5.151908754680748e-10
1.778058822087320e-01,5.151802273880012e-10
1.780188744011240e-01,5.151695970206912e-10
1.782318665935160e-01,5.151589842203307e-10
1.784448587859070e-01,5.151483888635679e-10
1.786578509782990e-01,5.151378108326684e-10
1.788708431706910e-01,5.151272500098983e-10
1.790838353630830e-01,5.151167062775229e-10
1.792968275554750e-01,5.151061795178083e-10
1.795098197478670e-01,5.150956696130202e-10
1.797228119402590e-01,5.150851764454241e-10
1.799358041326510e-01,5.150746998972861e-10
1.801487963250420e-01,5.150642398508719e-10
1.803617885174340e-01,5.150537962226492e-10
1.805747807098260e-01,5.150433690659013e-10
1.807877729022180e-01,5.150329584681171e-10
1.810007650946100e-01,5.150225645167855e-10
1.812137572870020e-01,5.150121872993955e-10
1.814267494793940e-01,5.150018269034357e-10
1.816397416717860e-01,5.149914834163953e-10
1.818527338641770e-01,5.149811569257631e-10
1.820657260565690e-01,5.149708475190278e-10
1.822787182489610e-01,5.149605552836784e-10
1.824917104413530e-01,5.149502802689023e-10
1.827047026337450e-01,5.149400223707196e-10
1.829176948261370e-01,5.149297814468684e-10
1.831306870185290e-01,5.149195573550871e-10
1.833436792109200e-01,5.149093499531139e-10
1.835566714033120e-01,5.148991590986870e-10
1.837696635957040e-01,5.148889846495446e-10
1.839826557880960e-01,5.148788264634249e-10
1.841956479804880e-01,5.148686843980663e-10
1.844086401728800e-01,5.148585583112070e-10
1.846216323652720e-01,5.148484480656503e-10
1.848346245576640e-01,5.148383535444495e-10
1.850476167500550e-01,5.148282746357173e-10
1.852606089424470e-01,5.148182112275662e-10
1.854736011348390e-01,5.148081632081088e-10
1.856865933272310e-01,5.147981304654579e-10
1.858995855196230e-01,5.147881128877260e-10
1.861125777120150e-01,5.147781103630258e-10
1.863255699044070e-01,5.147681227794699e-10
1.865385620967990e-01,5.147581500251710e-10
1.867515542891900e-01,5.147481920336567e-10
1.869645464815820e-01,5.147382489202116e-10
1.871775386739740e-01,5.147283208455839e-10
1.873905308663660e-01,5.147184079705218e-10
1.876035230587580e-01,5.147085104557733e-10
1.878165152511500e-01,5.146986284620866e-10
1.880295074435420e-01,5.146887621502097e-10
1.882424996359330e-01,5.146789116808912e-10
1.884554918283250e-01,5.146690772148788e-10
1.886684840207170e-01,5.146592589129208e-10
1.888814762131090e-01,5.146494568439980e-10
1.890944684055010e-01,5.146396707099394e-10
1.893074605978930e-01,5.146299001207655e-10
1.895204527902850e-01,5.146201446864965e-10
1.897334449826770e-01,5.146104040171529e-10
1.899464371750680e-01,5.146006777227550e-10
1.901594293674600e-01,5.145909654133232e-10
1.903724215598520e-01,5.145812666988779e-10
1.905854137522440e-01,5.145715811894393e-10
1.907984059446360e-01,5.145619084950280e-10
1.910113981370280e-01,5.145522484352388e-10
1.912243903294200e-01,5.145426016678942e-10
1.914373825218110e-01,5.145329690603561e-10
1.916503747142030e-01,5.145233514799866e-10
1.918633669065950e-01,5.145137497941476e-10
1.920763590989870e-01,5.145041648702010e-10
1.922893512913790e-01,5.144945975755088e-10
1.925023434837710e-01,5.144850487774328e-10
1.927153356761630e-01,5.144755193433352e-10
1.929283278685550e-01,5.144660101405778e-10
1.931413200609460e-01,5.144565213243018e-10
1.933543122533380e-01,5.144470502018835e-10
1.935673044457300e-01,5.144375933690371e-10
1.937802966381220e-01,5.144281474214773e-10
1.939932888305140e-01,5.144187089549183e-10
1.942062810229060e-01,5.144092745650745e-10
1.944192732152980e-01,5.143998408476604e-10
1.946322654076900e-01,5.143904043983903e-10
1.948452576000810e-01,5.143809618129787e-10
1.950582497924730e-01,5.143715096871398e-10
1.952712419848650e-01,5.143620473415308e-10
1.954842341772570e-01,5.143525849889390e-10
1.956972263696490e-01,5.143431355632741e-10
1.959102185620410e-01,5.143337119984468e-10
1.961232107544330e-01,5.143243272283671e-10
1.963362029468240e-01,5.143149941869452e-10
1.965491951392160e-01,5.143057258080915e-10
1.967621873316080e-01,5.142965350257161e-10
1.969751795240000e-01,5.142874347737292e-10
1.971881717163920e-01,5.142784379860411e-10
1.974011639087840e-01,5.142695473068882e-10
1.976141561011760e-01,5.142607242054107e-10
1.978271482935680e-01,5.142519198528734e-10
1.980401404859590e-01,5.142430854205414e-10
1.982531326783510e-01,5.142341720796793e-10
1.984661248707430e-01,5.142251310015518e-10
1.986791170631350e-01,5.142159133574241e-10
1.988921092555270e-01,5.142064703185608e-10
1.991051014479190e-01,5.141967530562269e-10
1.993180936403110e-01,5.141867127416870e-10
1.995310858327020e-01,5.141763390359838e-10
1.997440780250940e-01,5.141657755730616e-10
1.999570702174860e-01,5.141552044835388e-10
2.001700624098780e-01,5.141448078980337e-10
2.003830546022700e-01,5.141347679471646e-10
2.005960467946620e-01,5.141252667615498e-10
2.008090389870540e-01,5.141164864718077e-10
2.010220311794460e-01,5.141086092085564e-10
2.012350233718370e-01,5.141018171024143e-10
2.014480155642290e-01,5.140962922839998e-10
2.016610077566210e-01,5.140920596030370e-10
2.018739999490130e-01,5.140885149235773e-10
2.020869921414050e-01,5.140848968977221e-10
2.022999843337970e-01,5.140804441775727e-10
2.025129765261890e-01,5.140743954152303e-10
2.027259687185810e-01,5.140659892627962e-10
2.029389609109720e-01,5.140544643723717e-10
2.031519531033640e-01,5.140390593960580e-10
2.033649452957560e-01,5.140190129859565e-10
2.035779374881480e-01,5.139935637941683e-10
2.037909296805400e-01,5.139623029073479e-10
2.040039218729320e-01,5.139262304061852e-10
2.042169140653240e-01,5.138866984339339e-10
2.044299062577150e-01,5.138450591338480e-10
2.046428984501070e-01,5.138026646491804e-10
2.048558906424990e-01,5.137608671231851e-10
2.050688828348910e-01,5.137210186991156e-10
2.052818750272830e-01,5.136844715202255e-10
2.054948672196750e-01,5.136525777297685e-10
2.057078594120670e-01,5.136266894709980e-10
2.059208516044590e-01,5.136078252170337e-10
2.061338437968500e-01,5.135956679972278e-10
2.063468359892420e-01,5.135895667890741e-10
2.065598281816340e-01,5.135888705700660e-10
2.067728203740260e-01,5.135929283176974e-10
2.069858125664180e-01,5.136010890094619e-10
2.071988047588100e-01,5.136127016228531e-10
2.074117969512020e-01,5.136271151353646e-10
2.076247891435940e-01,5.136436785244903e-10
2.078377813359850e-01,5.136617407677233e-10
2.080507735283770e-01,5.136805981849989e-10
2.082637657207690e-01,5.136993364106368e-10
2.084767579131610e-01,5.137169883937052e-10
2.086897501055530e-01,5.137325870832723e-10
2.089027422979450e-01,5.137451654284064e-10
2.091157344903370e-01,5.137537563781756e-10
2.093287266827280e-01,5.137573928816480e-10
2.095417188751200e-01,5.137551078878919e-10
2.097547110675120e-01,5.137459343459755e-10
2.099677032599040e-01,5.137289052049668e-10
2.101806954522960e-01,5.137035040584790e-10
2.103936876446880e-01,5.136710169955402e-10
2.106066798370800e-01,5.136331807083413e-10
2.108196720294720e-01,5.135917318890738e-10
2.110326642218630e-01,5.135484072299290e-10
2.112456564142550e-01,5.135049434230979e-10
2.114586486066470e-01,5.134630771607718e-10
2.116716407990390e-01,5.134245451351420e-10
2.118846329914310e-01,5.133910840383999e-10
2.120976251838230e-01,5.133644305627366e-10
2.123106173762150e-01,5.133458878517071e-10
2.125236095686060e-01,5.133350254693558e-10
2.127366017609980e-01,5.133309797385538e-10
2.129495939533900e-01,5.133328869821726e-10
2.131625861457820e-01,5.133398835230833e-10
2.133755783381740e-01,5.133511056841570e-10
2.135885705305660e-01,5.133656897882651e-10
2.138015627229580e-01,5.133827721582789e-10
2.140145549153500e-01,5.134014891170693e-10
2.142275471077410e-01,5.134209769875077e-10
2.144405393001330e-01,5.134403776219234e-10
2.146535314925250e-01,5.134588549758069e-10
2.148665236849170e-01,5.134755785267738e-10
2.150795158773090e-01,5.134897177524398e-10
2.152925080697010e-01,5.135004421304206e-10
2.155055002620930e-01,5.135069211383319e-10
2.157184924544850e-01,5.135083242537892e-10
2.159314846468760e-01,5.135038209544082e-10
2.161444768392680e-01,5.134925807178048e-10
2.163574690316600e-01,5.134737730215943e-10
2.165704612240520e-01,5.134469933604798e-10
2.167834534164440e-01,5.134135420409715e-10
2.169964456088360e-01,5.133751457584777e-10
2.172094378012280e-01,5.133335312084065e-10
2.174224299936190e-01,5.132904250861666e-10
2.176354221860110e-01,5.132475540871656e-10
2.178484143784030e-01,5.132066449068121e-10
2.180614065707950e-01,5.131694242405142e-10
2.182743987631870e-01,5.131376187836803e-10
2.184873909555790e-01,5.131129552317187e-10
2.187003831479710e-01,5.130967116732572e-10
2.189133753403630e-01,5.130883715411961e-10
2.191263675327540e-01,5.130869695473439e-10
2.193393597251460e-01,5.130915404035089e-10
2.195523519175380e-01,5.131011188214998e-10
2.197653441099300e-01,5.131147395131249e-10
2.199783363023220e-01,5.131314371901930e-10
2.201913284947140e-01,5.131502465645123e-10
2.204043206871060e-01,5.131702023478915e-10
2.206173128794970e-01,5.131903392521391e-10
2.208303050718890e-01,5.132097321954565e-10
2.210432972642810e-01,5.132276168924444e-10
2.212562894566730e-01,5.132432692495117e-10
2.214692816490650e-01,5.132559651730673e-10
2.216822738414570e-01,5.132649805695197e-10
2.218952660338490e-01,5.132695913452780e-10
2.221082582262410e-01,5.132690734067508e-10
2.223212504186320e-01,5.132627026603470e-10
2.225342426110240e-01,5.132497550124755e-10
2.227472348034160e-01,5.132295063695450e-10
2.229602269958080e-01,5.132016396051399e-10
2.231732191882000e-01,5.131674646637501e-10
2.233862113805920e-01,5.131286980582405e-10
2.235992035729840e-01,5.130870563014758e-10
2.238121957653760e-01,5.130442559063209e-10
2.240251879577670e-01,5.130020133856407e-10
2.242381801501590e-01,5.129620452522997e-10
2.244511723425510e-01,5.129260680191628e-10
2.246641645349430e-01,5.128957981990948e-10
2.248771567273350e-01,5.128729523049607e-10
2.250901489197270e-01,5.128587824261594e-10
2.253031411121190e-01,5.128526818256244e-10
2.255161333045100e-01,5.128535787763491e-10
2.257291254969020e-01,5.128604015513271e-10
2.259421176892940e-01,5.128720784235519e-10
2.261551098816860e-01,5.128875376660173e-10
2.263681020740780e-01,5.129057075517166e-10
2.265810942664700e-01,5.129255163536432e-10
2.267940864588620e-01,5.129458923447910e-10
2.270070786512540e-01,5.129657637981532e-10
2.272200708436450e-01,5.129841499482064e-10
2.274330630360370e-01,5.130004339847826e-10
2.276460552284290e-01,5.130140901139170e-10
2.278590474208210e-01,5.130245925416445e-10
2.280720396132130e-01,5.130314154740005e-10
2.282850318056050e-01,5.130340331170198e-10
2.284980239979970e-01,5.130319196767377e-10
2.287110161903880e-01,5.130245493591894e-10
2.289240083827800e-01,5.130113963704101e-10
2.291370005751720e-01,5.129919349164345e-10
2.293499927675640e-01,5.129659457271461e-10
2.295629849599560e-01,5.129344356178866e-10
2.297759771523480e-01,5.128987179228793e-10
2.299889693447400e-01,5.128601059763479e-10
2.302019615371320e-01,5.128199131125155e-10
2.304149537295230e-01,5.127794526656059e-10
2.306279459219150e-01,5.127400379698418e-10
2.308409381143070e-01,5.127029823594471e-10
2.310539303066990e-01,5.126695991686453e-10
2.312669224990910e-01,5.126412017316593e-10
2.314799146914830e-01,5.126189355080296e-10
2.316929068838750e-01,5.126032746713272e-10
2.319058990762670e-01,5.125945256268057e-10
2.321188912686580e-01,5.125929947797183e-10
2.323318834610500e-01,5.125989885353181e-10
2.325448756534420e-01,5.126128132988588e-10
2.327578678458340e-01,5.126347754755934e-10
2.329708600382260e-01,5.126651814707752e-10
2.331838522306180e-01,5.127043376896578e-10
2.333968444230100e-01,5.127525505374943e-10
2.336098366154010e-01,5.128085206638711e-10
2.338228288077930e-01,5.128645297133319e-10
2.340358210001850e-01,5.129112555829356e-10
2.342488131925770e-01,5.129393761697417e-10
2.344618053849690e-01,5.129395693708098e-10
2.346747975773610e-01,5.129025130831989e-10
2.348877897697530e-01,5.128188852039686e-10
2.351007819621450e-01,5.126793636301783e-10
2.353137741545360e-01,5.124746262588884e-10
2.355267663469280e-01,5.121953509871565e-10
2.357397585393200e-01,5.118373431580700e-10
2.359527507317120e-01,5.114169276228549e-10
2.361657429241040e-01,5.109555615419321e-10
2.363787351164960e-01,5.104747020757223e-10
2.365917273088880e-01,5.099958063846467e-10
2.368047195012800e-01,5.095403316291261e-10
2.370177116936710e-01,5.091297349695832e-10
2.372307038860630e-01,5.087854735664351e-10
2.374436960784550e-01,5.085290045801045e-10
2.376566882708470e-01,5.083817851710126e-10
2.378696804632390e-01,5.083587999728091e-10
2.380826726556310e-01,5.084491392345214e-10
2.382956648480230e-01,5.086354185394595e-10
2.385086570404140e-01,5.089002534709321e-10
2.387216492328060e-01,5.092262596122518e-10
2.389346414251980e-01,5.095960525467280e-10
2.391476336175900e-01,5.099922478576706e-10
2.393606258099820e-01,5.103974611283896e-10
2.395736180023740e-01,5.107943079421955e-10
2.397866101947660e-01,5.111654038823981e-10
2.399996023871580e-01,5.114955240068180e-10
2.402125945795490e-01,5.117780800310575e-10
2.404255867719410e-01,5.120086425251494e-10
2.406385789643330e-01,5.121827820591222e-10
2.408515711567250e-01,5.122960692030056e-10
2.410645633491170e-01,5.123440745268298e-10
2.412775555415090e-01,5.123223686006247e-10
2.414905477339010e-01,5.122265219944201e-10
2.417035399262920e-01,5.120521052782471e-10
2.419165321186840e-01,5.117946890221339e-10
2.421295243110760e-01,5.114542883486182e-10
2.423425165034680e-01,5.110486885493572e-10
2.425555086958600e-01,5.106001154489699e-10
2.427685008882520e-01,5.101307948720759e-10
2.429814930806440e-01,5.096629526432942e-10
2.431944852730360e-01,5.092188145872441e-10
2.434074774654270e-01,5.088206065285467e-10
2.436204696578190e-01,5.084905542918170e-10
2.438334618502110e-01,5.082508837016767e-10
2.440464540426030e-01,5.081238205827449e-10
2.442594462349950e-01,5.081247691315922e-10
2.444724384273870e-01,5.082418293640182e-10
2.446854306197790e-01,5.084562708306245e-10
2.448984228121710e-01,5.087493630820130e-10
2.451114150045620e-01,5.091023756687839e-10
2.453244071969540e-01,5.094965781415422e-10
2.455373993893460e-01,5.099132400508884e-10
2.457503915817380e-01,5.103336309474241e-10
2.459633837741300e-01,5.107390203817514e-10
2.461763759665220e-01,5.111106779044721e-10
2.463893681589140e-01,5.114324786107547e-10
2.466023603513050e-01,5.116987233026651e-10
2.468153525436970e-01,5.119063200914538e-10
2.470283447360890e-01,5.120521770883672e-10
2.472413369284810e-01,5.121332024046529e-10
2.474543291208730e-01,5.121463041515591e-10
2.476673213132650e-01,5.120883904403333e-10
2.478803135056570e-01,5.119563693822235e-10
2.480933056980490e-01,5.117471490884775e-10
2.483062978904400e-01,5.114576376703447e-10
2.485192900828320e-01,5.110891802624340e-10
2.487322822752240e-01,5.106608706201743e-10
2.489452744676160e-01,5.101962397860416e-10
2.491582666600080e-01,5.097188188025112e-10
2.493712588524000e-01,5.092521387120592e-10
2.495842510447920e-01,5.088197305571611e-10
2.497972432371830e-01,5.084451253802944e-10
2.500102354295750e-01,5.081518542239312e-10
2.502232276219670e-01,5.079634481305492e-10
2.504362198143590e-01,5.079034381426240e-10
2.506492120067510e-01,5.079868681481912e-10
2.508622041991430e-01,5.081948428907769e-10
2.510751963915350e-01,5.084999846954321e-10
2.512881885839270e-01,5.088749158872078e-10
2.515011807763180e-01,5.092922587911529e-10
2.517141729687100e-01,5.097246357323229e-10
2.519271651611020e-01,5.101446690357664e-10
2.521401573534940e-01,5.105249810265348e-10
2.523531495458860e-01,5.108381940296790e-10
2.525661417382780e-01,5.110569303702500e-10
2.527791339306700e-01,5.111626259305711e-10
2.529921261230620e-01,5.111719501027266e-10
2.532051183154530e-01,5.111103754794540e-10
2.534181105078450e-01,5.110033746534892e-10
2.536311027002370e-01,5.108764202175693e-10
2.538440948926290e-01,5.107549847644310e-10
2.540570870850210e-01,5.106645408868112e-10
2.542700792774130e-01,5.106305611774467e-10
2.544830714698050e-01,5.106785182290744e-10
2.546960636621960e-01,5.108338846344300e-10
2.549090558545880e-01,5.111132038231410e-10
2.551220480469800e-01,5.114972842872555e-10
2.553350402393720e-01,5.119579962108042e-10
2.555480324317640e-01,5.124672097778180e-10
2.557610246241560e-01,5.129967951723274e-10
2.559740168165480e-01,5.135186225783633e-10
2.561870090089400e-01,5.140045621799562e-10
2.564000012013310e-01,5.144264841611353e-10
2.566129933937230e-01,5.147562587059354e-10
2.568259855861150e-01,5.149657559983847e-10
2.570389777785070e-01,5.150351926518465e-10
2.572519699708990e-01,5.149781777756660e-10
2.574649621632910e-01,5.148166702981917e-10
2.576779543556830e-01,5.145726291477718e-10
2.578909465480740e-01,5.142680132527563e-10
2.581039387404660e-01,5.139247815414905e-10
2.583169309328580e-01,5.135648929423240e-10
2.585299231252500e-01,5.132103063836052e-10
2.587429153176420e-01,5.128829807936826e-10
2.589559075100340e-01,5.126048751009042e-10
2.591688997024260e-01,5.123935298069402e-10
2.593818918948180e-01,5.122488135761552e-10
2.595948840872090e-01,5.121661775808902e-10
2.598078762796010e-01,5.121410729934854e-10
2.600208684719930e-01,5.121689509862824e-10
2.602338606643850e-01,5.122452627316217e-10
2.604468528567770e-01,5.123654594018445e-10
2.606598450491690e-01,5.125249921692917e-10
2.608728372415610e-01,5.127193122063041e-10
2.610858294339530e-01,5.129438706852224e-10
2.612988216263440e-01,5.131930237214265e-10
2.615118138187360e-01,5.134567490180288e-10
2.617248060111280e-01,5.137239301287747e-10
2.619377982035200e-01,5.139834506074109e-10
2.621507903959120e-01,5.142241940076837e-10
2.623637825883040e-01,5.144350438833400e-10
2.625767747806960e-01,5.146048837881260e-10
2.627897669730870e-01,5.147225972757881e-10
2.630027591654790e-01,5.147770679000740e-10
2.632157513578710e-01,5.147571792147296e-10
2.634287435502630e-01,5.146561026704229e-10
2.636417357426550e-01,5.144841730605265e-10
2.638547279350470e-01,5.142560189548569e-10
2.640677201274390e-01,5.139862689232303e-10
2.642807123198310e-01,5.136895515354633e-10
2.644937045122220e-01,5.133804953613740e-10
2.647066967046140e-01,5.130737289707756e-10
2.649196888970060e-01,5.127838809334863e-10
2.651326810893980e-01,5.125255798193225e-10
2.653456732817900e-01,5.123134541981007e-10
2.655586654741820e-01,5.121590462468363e-10
2.657716576665740e-01,5.120615479245001e-10
2.659846498589660e-01,5.120170624734038e-10
2.661976420513570e-01,5.120216931358589e-10
2.664106342437490e-01,5.120715431541774e-10
2.666236264361410e-01,5.121627157706710e-10
2.668366186285330e-01,5.122913142276514e-10
2.670496108209250e-01,5.124534417674303e-10
2.672626030133170e-01,5.126452016323199e-10
2.674755952057090e-01,5.128626970646314e-10
2.676885873981000e-01,5.131009155995839e-10
2.679015795904920e-01,5.133503816426581e-10
2.681145717828840e-01,5.136005037415471e-10
2.683275639752760e-01,5.138406904439451e-10
2.685405561676680e-01,5.140603502975463e-10
2.687535483600600e-01,5.142488918500450e-10
2.689665405524520e-01,5.143957236491355e-10
2.691795327448440e-01,5.144902542425117e-10
2.693925249372350e-01,5.145218921778681e-10
2.696055171296270e-01,5.144800460028993e-10
2.698185093220190e-01,5.143583719169887e-10
2.700315015144110e-01,5.141675126274305e-10
2.702444937068030e-01,5.139223564440305e-10
2.704574858991950e-01,5.136377916765948e-10
2.706704780915870e-01,5.133287066349295e-10
2.708834702839780e-01,5.130099896288420e-10
2.710964624763700e-01,5.126965289681357e-10
2.713094546687620e-01,5.124032129626176e-10
2.715224468611540e-01,5.121449299220941e-10
2.717354390535460e-01,5.119365681563711e-10
2.719484312459380e-01,5.117899481850627e-10
2.721614234383300e-01,5.117046261151577e-10
2.723744156307220e-01,5.116770936365964e-10
2.725874078231130e-01,5.117038424393187e-10
2.728004000155050e-01,5.117813642132653e-10
2.730133922078970e-01,5.119061506483764e-10
2.732263844002890e-01,5.120746934345925e-10
2.734393765926810e-01,5.122834842618538e-10
2.736523687850730e-01,5.125290148201006e-10
2.738653609774650e-01,5.128077767992731e-10
2.740783531698570e-01,5.131139331137416e-10
2.742913453622480e-01,5.134323264542970e-10
2.745043375546400e-01,5.137454681748120e-10
2.747173297470320e-01,5.140358696291545e-10
2.749303219394240e-01,5.142860421711940e-10
2.751433141318160e-01,5.144784971548000e-10
2.753563063242080e-01,5.145957459338420e-10
2.755692985166000e-01,5.146202998621895e-10
2.757822907089910e-01,5.145346702937127e-10
2.759952829013830e-01,5.143213685822804e-10
2.762082750937750e-01,5.139733774588275e-10
2.764212672861670e-01,5.135255752512369e-10
2.766342594785590e-01,5.130233167094078e-10
2.768472516709510e-01,5.125119565832392e-10
2.770602438633430e-01,5.120368496226304e-10
2.772732360557350e-01,5.116433505774805e-10
2.774862282481260e-01,5.113768141976894e-10
2.776992204405180e-01,5.112825952331538e-10
2.779122126329100e-01,5.114060484337741e-10
2.781252048253020e-01,5.117925285494497e-10
2.783381970176940e-01,5.124746906118102e-10
2.785511892100860e-01,5.134343942318087e-10
