7.791356504680618e-06,6.188244574386064e-09
8.610780621332552e-06,6.069951436248391e-09
9.516384324626089e-06,5.954714208345553e-09
1.051723120080771e-05,5.842455473362866e-09
1.162333806181051e-05,5.733055284355473e-09
1.284577519687474e-05,5.626395954055881e-09
1.419677716772344e-05,5.522374614877841e-09
1.568986525616830e-05,5.420855168943424e-09
1.733998278964274e-05,5.321711930502310e-09
1.916364469904539e-05,5.224813375968305e-09
2.117910280571951e-05,5.130028291974862e-09
2.340652849181556e-05,5.037227448267056e-09
2.586821458226360e-05,4.946289821473488e-09
2.858879845885812e-05,4.857098663702419e-09
3.159550863945590e-05,4.769548084933271e-09
3.491843729013453e-05,4.683543295016058e-09
3.859084139770492e-05,4.599001253111687e-09
4.264947561681323e-05,4.515851443682587e-09
4.713496012287843e-05,4.434036066959808e-09
5.209218715246060e-05,4.353509907288413e-09
5.757077029985334e-05,4.274239609137309e-09
6.362554106661115e-05,4.196206325820452e-09
7.031709763364645e-05,4.119396450360767e-09
7.771241134819200e-05,4.043798185208365e-09
8.588549699555374e-05,3.969401134736587e-09
9.491815356395940e-05,3.896195871537158e-09
1.049007829163263e-04,3.824173569882257e-09
1.159332945624905e-04,3.753325707915336e-09
1.281261055871622e-04,3.683643798415138e-09
1.416012457412214e-04,3.615119207861706e-09
1.564935787564811e-04,3.547742975353992e-09
1.729521521072439e-04,3.481505720927487e-09
1.911416887275217e-04,3.416397562877187e-09
2.112442356135248e-04,3.352408086949477e-09
2.334609858111876e-04,3.289526338093170e-09
2.580142920237960e-04,3.227740857221030e-09
2.851498919925769e-04,3.167039738838614e-09
3.151393679226079e-04,3.107410712740419e-09
3.482828645688079e-04,3.048841270967918e-09
3.849120931855259e-04,2.991318792255242e-09
4.253936514042669e-04,2.934830722442780e-09
4.701326922660057e-04,2.879364721840190e-09
5.195769791289974e-04,2.824908845963834e-09
5.742213670349657e-04,2.771451674289613e-09
6.346127553846864e-04,2.718982359384020e-09
7.013555614910102e-04,2.667490563264040e-09
7.751177697904812e-04,2.616966188577689e-09
8.566376172560946e-04,2.567398898358807e-09
9.467309819210534e-04,2.518777448176824e-09
1.046299548460350e-03,2.471089029442684e-09
1.156339832554060e-03,2.424318942668549e-09
1.277953154351212e-03,2.378201411488271e-09
1.405748469786333e-03,2.335068508965406e-09
1.533543785221454e-03,2.296612022332338e-09
1.661339100656575e-03,2.262034492489225e-09
1.789134416091696e-03,2.230538460336225e-09
1.916929731526817e-03,2.201436405534890e-09
2.000000000000000e-03,2.183678906287436e-09
2.044725046961939e-03,2.174479882664403e-09
2.172520362397060e-03,2.149494297319898e-09
2.300315677832181e-03,2.126251548710006e-09
2.428110993267302e-03,2.104519205688029e-09
2.555906308702423e-03,2.084086835281361e-09
2.683701624137544e-03,2.064831997227666e-09
2.811496939572665e-03,2.046654249445650e-09
2.939292255007787e-03,2.029453149854022e-09
3.067087570442908e-03,2.013128256371488e-09
3.194882885878029e-03,1.997587202345566e-09
3.322678201313150e-03,1.982769923164739e-09
3.450473516748271e-03,1.968624429809165e-09
3.578268832183392e-03,1.955098733259003e-09
3.706064147618514e-03,1.942140844494409e-09
3.833859463053635e-03,1.929702421782726e-09
3.961654778488756e-03,1.917749712489463e-09
4.089450093923877e-03,1.906252611242037e-09
4.217245409358998e-03,1.895181012667862e-09
4.345040724794119e-03,1.884504811394354e-09
4.472836040229241e-03,1.874195775830256e-09
4.600631355664362e-03,1.864233169558034e-09
4.728426671099482e-03,1.854598129965696e-09
4.856221986534604e-03,1.845271794441248e-09
4.984017301969726e-03,1.836235300372695e-09
5.111812617404846e-03,1.827470838517474e-09
5.239607932839968e-03,1.818964813080872e-09
5.367403248275089e-03,1.810704681622671e-09
5.495198563710209e-03,1.802677901702656e-09
5.622993879145331e-03,1.794871930880608e-09
5.750789194580453e-03,1.787274861896715e-09
5.878584510015573e-03,1.779877328219991e-09
6.006379825450694e-03,1.772670598503456e-09
6.134175140885816e-03,1.765645941400132e-09
6.261970456320937e-03,1.758794625563040e-09
6.389765771756058e-03,1.752108323949908e-09
6.517561087191179e-03,1.745580326719971e-09
6.645356402626300e-03,1.739204328328507e-09
6.773151718061422e-03,1.732974023230794e-09
6.900947033496543e-03,1.726883105882112e-09
7.028742348931663e-03,1.720925539535437e-09
7.156537664366785e-03,1.715096362633691e-09
7.284332979801906e-03,1.709390882417069e-09
7.412128295237027e-03,1.703804406125767e-09
7.539923610672148e-03,1.698332240999982e-09
7.667718926107269e-03,1.692969879899954e-09
7.795514241542391e-03,1.687713558172877e-09
7.923309556977513e-03,1.682559696789386e-09
8.051104872412632e-03,1.677504716720112e-09
8.178900187847754e-03,1.672545038935689e-09
8.306695503282877e-03,1.667677215275876e-09
8.434490818717996e-03,1.662898321054637e-09
8.562286134153118e-03,1.658205562453906e-09
8.690081449588239e-03,1.653596145655620e-09
8.817876765023359e-03,1.649067276841715e-09
8.945672080458482e-03,1.644616261570027e-09
9.073467395893601e-03,1.640240802904179e-09
9.201262711328723e-03,1.635938703284793e-09
9.329058026763846e-03,1.631707765152491e-09
9.456853342198965e-03,1.627545790947892e-09
9.584648657634087e-03,1.623450642484443e-09
9.712443973069206e-03,1.619420419064986e-09
9.840239288504329e-03,1.615453279364236e-09
9.968034603939451e-03,1.611547382056907e-09
1.009582991937457e-02,1.607700885817713e-09
1.022362523480969e-02,1.603912033420937e-09
1.035142055024482e-02,1.600179404039771e-09
1.047921586567993e-02,1.596501660947295e-09
1.060701118111506e-02,1.592877467416587e-09
1.073480649655018e-02,1.589305486720726e-09
1.086260181198530e-02,1.585784382132792e-09
1.099039712742042e-02,1.582312816925864e-09
1.111819244285554e-02,1.578889454373021e-09
1.124598775829066e-02,1.575512957747341e-09
1.137378307372578e-02,1.572181990321904e-09
1.150157838916090e-02,1.568895285981630e-09
1.162937370459603e-02,1.565651861038420e-09
1.175716902003114e-02,1.562450802405826e-09
1.188496433546627e-02,1.559291196997401e-09
1.201275965090139e-02,1.556172131726698e-09
1.214055496633651e-02,1.553092693507268e-09
1.226835028177163e-02,1.550051969252665e-09
1.239614559720675e-02,1.547049045876440e-09
1.252394091264187e-02,1.544083010292147e-09
1.265173622807700e-02,1.541152949413338e-09
1.277953154351211e-02,1.538257991222872e-09
1.290732685894724e-02,1.535397427995383e-09
1.303512217438236e-02,1.532570593082086e-09
1.316291748981748e-02,1.529776819834195e-09
1.329071280525260e-02,1.527015441602925e-09
1.341850812068772e-02,1.524285791739491e-09
1.354630343612284e-02,1.521587203595106e-09
1.367409875155796e-02,1.518919010520987e-09
1.380189406699308e-02,1.516280545868347e-09
1.392968938242821e-02,1.513671142988400e-09
1.405748469786333e-02,1.511090163684963e-09
1.418528001329845e-02,1.508537083573904e-09
1.431307532873357e-02,1.506011406724521e-09
1.444087064416869e-02,1.503512637206107e-09
1.456866595960381e-02,1.501040279087959e-09
1.469646127503893e-02,1.498593836439371e-09
1.482425659047405e-02,1.496172813329641e-09
1.495205190590917e-02,1.493776713828062e-09
1.507984722134430e-02,1.491405042003931e-09
1.520764253677942e-02,1.489057301926543e-09
1.533543785221454e-02,1.486733017031486e-09
1.546323316764966e-02,1.484431788214909e-09
1.559102848308478e-02,1.482153235736943e-09
1.571882379851990e-02,1.479896979857723e-09
1.584661911395502e-02,1.477662640837383e-09
1.597441442939014e-02,1.475449838936055e-09
1.610220974482527e-02,1.473258194413874e-09
1.623000506026039e-02,1.471087327530973e-09
1.635780037569551e-02,1.468936858547485e-09
1.648559569113063e-02,1.466806407723546e-09
1.661339100656575e-02,1.464695609212461e-09
1.674118632200087e-02,1.462604152745867e-09
1.686898163743599e-02,1.460531741951381e-09
1.699677695287111e-02,1.458478080456623e-09
1.712457226830624e-02,1.456442871889212e-09
1.725236758374135e-02,1.454425819876768e-09
1.738016289917648e-02,1.452426628046910e-09
1.750795821461160e-02,1.450445000027257e-09
1.763575353004672e-02,1.448480639445429e-09
1.776354884548184e-02,1.446533249929045e-09
1.789134416091696e-02,1.444602545234898e-09
1.801913947635208e-02,1.442688279637572e-09
1.814693479178720e-02,1.440790217541373e-09
1.827473010722232e-02,1.438908123350607e-09
1.840252542265745e-02,1.437041761469582e-09
1.853032073809257e-02,1.435190896302603e-09
1.865811605352769e-02,1.433355292253977e-09
1.878591136896281e-02,1.431534713728010e-09
1.891370668439793e-02,1.429728925129008e-09
1.904150199983305e-02,1.427937690861279e-09
1.916929731526817e-02,1.426160782907121e-09
1.929709263070329e-02,1.424398003559382e-09
1.942488794613842e-02,1.422649162688191e-09
1.955268326157353e-02,1.420914070163677e-09
1.968047857700866e-02,1.419192535855971e-09
1.980827389244378e-02,1.417484369635200e-09
1.993606920787890e-02,1.415789381371494e-09
2.006386452331402e-02,1.414107380934982e-09
2.019165983874914e-02,1.412438178195794e-09
2.031945515418426e-02,1.410781583024058e-09
2.044725046961939e-02,1.409137411055198e-09
2.057504578505450e-02,1.407505500988437e-09
2.070284110048963e-02,1.405885697289601e-09
2.083063641592475e-02,1.404277844424519e-09
2.095843173135987e-02,1.402681786859020e-09
2.108622704679499e-02,1.401097369058931e-09
2.121402236223011e-02,1.399524435490080e-09
2.134181767766523e-02,1.397962830618296e-09
2.146961299310035e-02,1.396412398909407e-09
2.159740830853547e-02,1.394872984829240e-09
2.172520362397060e-02,1.393344437308892e-09
2.185299893940572e-02,1.391826623141238e-09
2.198079425484084e-02,1.390319413584778e-09
2.210858957027596e-02,1.388822679898009e-09
2.223638488571108e-02,1.387336293339430e-09
2.236418020114620e-02,1.385860125167540e-09
2.249197551658132e-02,1.384394046640837e-09
2.261977083201644e-02,1.382937929017820e-09
2.274756614745157e-02,1.381491643556987e-09
2.287536146288669e-02,1.380055061516837e-09
2.300315677832181e-02,1.378628057663102e-09
2.313095209375693e-02,1.377210520789968e-09
2.325874740919205e-02,1.375802343198614e-09
2.338654272462717e-02,1.374403417190219e-09
2.351433804006229e-02,1.373013635065962e-09
2.364213335549741e-02,1.371632889127021e-09
2.376992867093253e-02,1.370261071674577e-09
2.389772398636766e-02,1.368898075009807e-09
2.402551930180278e-02,1.367543791433890e-09
2.415331461723790e-02,1.366198113248006e-09
2.428110993267302e-02,1.364860935545877e-09
2.440890524810814e-02,1.363532164590190e-09
2.453670056354326e-02,1.362211709435572e-09
2.466449587897838e-02,1.360899479136647e-09
2.479229119441350e-02,1.359595382748042e-09
2.492008650984863e-02,1.358299329324382e-09
2.504788182528375e-02,1.357011227920293e-09
2.517567714071887e-02,1.355730987590400e-09
2.530347245615399e-02,1.354458517389330e-09
2.543126777158911e-02,1.353193726371709e-09
2.555906308702423e-02,1.351936525840662e-09
2.568685840245935e-02,1.350686836093791e-09
2.581465371789447e-02,1.349444579677436e-09
2.594244903332960e-02,1.348209679137934e-09
2.607024434876471e-02,1.346982057021623e-09
2.619803966419984e-02,1.345761635874842e-09
2.632583497963496e-02,1.344548338243929e-09
2.645363029507008e-02,1.343342086675222e-09
2.658142561050520e-02,1.342142803715059e-09
2.670922092594032e-02,1.340950411909779e-09
2.683701624137544e-02,1.339764835636504e-09
2.696481155681056e-02,1.338586006595335e-09
2.709260687224568e-02,1.337413858317080e-09
2.722040218768081e-02,1.336248324332543e-09
2.734819750311593e-02,1.335089338172532e-09
2.747599281855105e-02,1.333936833367853e-09
2.760378813398617e-02,1.332790743449312e-09
2.773158344942129e-02,1.331651001947715e-09
2.785937876485641e-02,1.330517542393869e-09
2.798717408029153e-02,1.329390298318580e-09
2.811496939572665e-02,1.328269204757182e-09
2.824276471116178e-02,1.327154202762547e-09
2.837056002659689e-02,1.326045234891785e-09
2.849835534203202e-02,1.324942243702008e-09
2.862615065746714e-02,1.323845171750327e-09
2.875394597290226e-02,1.322753961593852e-09
2.888174128833738e-02,1.321668555789695e-09
2.900953660377250e-02,1.320588896894966e-09
2.913733191920762e-02,1.319514927466778e-09
2.926512723464274e-02,1.318446590062240e-09
2.939292255007787e-02,1.317383828485493e-09
2.952071786551299e-02,1.316326591529118e-09
2.964851318094811e-02,1.315274829232888e-09
2.977630849638323e-02,1.314228491636574e-09
2.990410381181835e-02,1.313187528779950e-09
3.003189912725347e-02,1.312151890702787e-09
3.015969444268859e-02,1.311121527444857e-09
3.028748975812371e-02,1.310096389045934e-09
3.041528507355883e-02,1.309076425545789e-09
3.054308038899396e-02,1.308061586984194e-09
3.067087570442908e-02,1.307051824443575e-09
3.079867101986420e-02,1.306047093176925e-09
3.092646633529932e-02,1.305047349479871e-09
3.105426165073444e-02,1.304052549648042e-09
3.118205696616956e-02,1.303062649977064e-09
3.130985228160468e-02,1.302077606762566e-09
3.143764759703981e-02,1.301097376300174e-09
3.156544291247493e-02,1.300121914885516e-09
3.169323822791005e-02,1.299151178814220e-09
3.182103354334517e-02,1.298185124381912e-09
3.194882885878029e-02,1.297223708762124e-09
3.207662417421541e-02,1.296266892639706e-09
3.220441948965053e-02,1.295314637577266e-09
3.233221480508566e-02,1.294366905137411e-09
3.246001012052077e-02,1.293423656882749e-09
3.258780543595589e-02,1.292484854375888e-09
3.271560075139102e-02,1.291550459179435e-09
3.284339606682614e-02,1.290620432855999e-09
3.297119138226126e-02,1.289694736968186e-09
3.309898669769638e-02,1.288773333078604e-09
3.322678201313150e-02,1.287856183493530e-09
3.335457732856662e-02,1.286943253494145e-09
3.348237264400174e-02,1.286034509105413e-09
3.361016795943687e-02,1.285129916352299e-09
3.373796327487198e-02,1.284229441259767e-09
3.386575859030710e-02,1.283333049852782e-09
3.399355390574223e-02,1.282440708156309e-09
3.412134922117735e-02,1.281552382195312e-09
3.424914453661247e-02,1.280668037994756e-09
3.437693985204759e-02,1.279787641579606e-09
3.450473516748271e-02,1.278911159609266e-09
3.463253048291783e-02,1.278038561280913e-09
3.476032579835295e-02,1.277169816426166e-09
3.488812111378808e-02,1.276304894876645e-09
3.501591642922319e-02,1.275443766463971e-09
3.514371174465832e-02,1.274586401019764e-09
3.527150706009344e-02,1.273732768375644e-09
3.539930237552856e-02,1.272882838363231e-09
3.552709769096368e-02,1.272036580814145e-09
3.565489300639881e-02,1.271193965560006e-09
3.578268832183392e-02,1.270354962977236e-09
3.591048363726904e-02,1.269519545621299e-09
3.603827895270417e-02,1.268687686592383e-09
3.616607426813929e-02,1.267859358990679e-09
3.629386958357441e-02,1.267034535916374e-09
3.642166489900953e-02,1.266213190469657e-09
3.654946021444465e-02,1.265395295750718e-09
3.667725552987977e-02,1.264580824859743e-09
3.680505084531489e-02,1.263769750896924e-09
3.693284616075002e-02,1.262962046962447e-09
3.706064147618514e-02,1.262157686625895e-09
3.718843679162025e-02,1.261356645334588e-09
3.731623210705538e-02,1.260558899005323e-09
3.744402742249050e-02,1.259764423554899e-09
3.757182273792562e-02,1.258973194900113e-09
3.769961805336074e-02,1.258185188957763e-09
3.782741336879586e-02,1.257400381644646e-09
3.795520868423098e-02,1.256618748877560e-09
3.808300399966610e-02,1.255840266573303e-09
3.821079931510123e-02,1.255064910648673e-09
3.833859463053635e-02,1.254292657427640e-09
3.846638994597146e-02,1.253523484862892e-09
3.859418526140659e-02,1.252757371314304e-09
3.872198057684171e-02,1.251994295141751e-09
3.884977589227683e-02,1.251234234705106e-09
3.897757120771195e-02,1.250477168364244e-09
3.910536652314707e-02,1.249723074479039e-09
3.923316183858219e-02,1.248971931409366e-09
3.936095715401731e-02,1.248223717515099e-09
3.948875246945244e-02,1.247478411156112e-09
3.961654778488756e-02,1.246735991046645e-09
3.974434310032268e-02,1.245996437318312e-09
3.987213841575780e-02,1.245259730457053e-09
3.999993373119292e-02,1.244525850948807e-09
4.012772904662804e-02,1.243794779279512e-09
4.025552436206317e-02,1.243066495935108e-09
4.038331967749829e-02,1.242340981401533e-09
4.051111499293340e-02,1.241618216164727e-09
4.063891030836853e-02,1.240898180710628e-09
4.076670562380365e-02,1.240180855525175e-09
4.089450093923877e-02,1.239466221405203e-09
4.102229625467389e-02,1.238754260391256e-09
4.115009157010902e-02,1.238044954834838e-09
4.127788688554413e-02,1.237338287087451e-09
4.140568220097925e-02,1.236634239500600e-09
4.153347751641438e-02,1.235932794425789e-09
4.166127283184950e-02,1.235233934214520e-09
4.178906814728462e-02,1.234537641218297e-09
4.191686346271974e-02,1.233843897788625e-09
4.204465877815486e-02,1.233152686277005e-09
4.217245409358998e-02,1.232463989306356e-09
4.230024940902510e-02,1.231777790585277e-09
4.242804472446023e-02,1.231094074093798e-09
4.255584003989534e-02,1.230412823811948e-09
4.268363535533046e-02,1.229734023719755e-09
4.281143067076559e-02,1.229057657797249e-09
4.293922598620071e-02,1.228383710024458e-09
4.306702130163583e-02,1.227712164381413e-09
4.319481661707095e-02,1.227043004848141e-09
4.332261193250607e-02,1.226376215404673e-09
4.345040724794119e-02,1.225711780272337e-09
4.357820256337631e-02,1.225049684637627e-09
4.370599787881144e-02,1.224389913928314e-09
4.383379319424656e-02,1.223732453572168e-09
4.396158850968167e-02,1.223077288996961e-09
4.408938382511680e-02,1.222424405630464e-09
4.421717914055192e-02,1.221773788900448e-09
4.434497445598704e-02,1.221125424234685e-09
4.447276977142216e-02,1.220479297060946e-09
4.460056508685728e-02,1.219835392807002e-09
4.472836040229240e-02,1.219193697112827e-09
4.485615571772752e-02,1.218554196467311e-09
4.498395103316265e-02,1.217916877571594e-09
4.511174634859777e-02,1.217281727126816e-09
4.523954166403289e-02,1.216648731834119e-09
4.536733697946801e-02,1.216017878394644e-09
4.549513229490313e-02,1.215389153509530e-09
4.562292761033825e-02,1.214762543879920e-09
4.575072292577338e-02,1.214138036206953e-09
4.587851824120850e-02,1.213515617191771e-09
4.600631355664361e-02,1.212895273724711e-09
4.613410887207874e-02,1.212276993452930e-09
4.626190418751386e-02,1.211660764212798e-09
4.638969950294898e-02,1.211046573840684e-09
4.651749481838410e-02,1.210434410172958e-09
4.664529013381922e-02,1.209824261045990e-09
4.677308544925434e-02,1.209216114296148e-09
4.690088076468946e-02,1.208609957759802e-09
4.702867608012459e-02,1.208005779273322e-09
4.715647139555971e-02,1.207403566673077e-09
4.728426671099482e-02,1.206803307962744e-09
4.741206202642995e-02,1.206204991815200e-09
4.753985734186507e-02,1.205608607070619e-09
4.766765265730019e-02,1.205014142569176e-09
4.779544797273531e-02,1.204421587151045e-09
4.792324328817044e-02,1.203830929656398e-09
4.805103860360555e-02,1.203242158925411e-09
4.817883391904067e-02,1.202655263798256e-09
4.830662923447580e-02,1.202070233115109e-09
4.843442454991092e-02,1.201487055716143e-09
4.856221986534604e-02,1.200905720595742e-09
4.869001518078116e-02,1.200326217365069e-09
4.881781049621628e-02,1.199748535789462e-09
4.894560581165140e-02,1.199172665634263e-09
4.907340112708652e-02,1.198598596664811e-09
4.920119644252165e-02,1.198026318646445e-09
4.932899175795677e-02,1.197455821344506e-09
4.945678707339188e-02,1.196887094524332e-09
4.958458238882701e-02,1.196320127951265e-09
4.971237770426213e-02,1.195754911390643e-09
4.984017301969725e-02,1.195191434714845e-09
4.996796833513237e-02,1.194629688224427e-09
5.000000000000000e-02,1.194489157536785e-09
5.009576365056749e-02,1.194069662339960e-09
5.022355896600261e-02,1.193511347595107e-09
5.035135428143774e-02,1.192954734581864e-09
5.047914959687286e-02,1.192399813892713e-09
5.060694491230798e-02,1.191846576120138e-09
5.073474022774310e-02,1.191295011856619e-09
5.086253554317822e-02,1.190745111694639e-09
5.099033085861334e-02,1.190196866226679e-09
5.111812617404846e-02,1.189650266159119e-09
5.124592148948359e-02,1.189105302653914e-09
5.137371680491870e-02,1.188561966986912e-09
5.150151212035382e-02,1.188020250433962e-09
5.162930743578895e-02,1.187480144270910e-09
5.175710275122407e-02,1.186941639773606e-09
5.188489806665919e-02,1.186404728217896e-09
5.201269338209431e-02,1.185869400879629e-09
5.214048869752943e-02,1.185335649034654e-09
5.226828401296455e-02,1.184803463958817e-09
5.239607932839967e-02,1.184272837039101e-09
5.252387464383480e-02,1.183743760106985e-09
5.265166995926992e-02,1.183216225105062e-09
5.277946527470503e-02,1.182690223975925e-09
5.290726059014016e-02,1.182165748662165e-09
5.303505590557528e-02,1.181642791106375e-09
5.316285122101040e-02,1.181121343251148e-09
5.329064653644552e-02,1.180601397039076e-09
5.341844185188065e-02,1.180082944412752e-09
5.354623716731576e-02,1.179565977314769e-09
5.367403248275088e-02,1.179050487785965e-09
5.380182779818601e-02,1.178536468260195e-09
5.392962311362113e-02,1.178023911269575e-09
5.405741842905625e-02,1.177512809346217e-09
5.418521374449137e-02,1.177003155022238e-09
5.431300905992649e-02,1.176494940829751e-09
5.444080437536161e-02,1.175988159300871e-09
5.456859969079673e-02,1.175482802967713e-09
5.469639500623186e-02,1.174978864362391e-09
5.482419032166697e-02,1.174476336017019e-09
5.495198563710210e-02,1.173975210553373e-09
5.507978095253722e-02,1.173475480951862e-09
5.520757626797234e-02,1.172977140282558e-09
5.533537158340746e-02,1.172480181615530e-09
5.546316689884258e-02,1.171984598020847e-09
5.559096221427770e-02,1.171490382568580e-09
5.571875752971282e-02,1.170997528328798e-09
5.584655284514795e-02,1.170506028371570e-09
5.597434816058307e-02,1.170015875766968e-09
5.610214347601819e-02,1.169527063585060e-09
5.622993879145331e-02,1.169039584976664e-09
5.635773410688843e-02,1.168553433415559e-09
5.648552942232355e-02,1.168068602456258e-09
5.661332473775867e-02,1.167585085653276e-09
5.674112005319380e-02,1.167102876561125e-09
5.686891536862891e-02,1.166621968734320e-09
5.699671068406403e-02,1.166142355727374e-09
5.712450599949916e-02,1.165664031094801e-09
5.725230131493428e-02,1.165186988391114e-09
5.738009663036940e-02,1.164711221170826e-09
5.750789194580452e-02,1.164236723062938e-09
5.763568726123964e-02,1.163763487994417e-09
5.776348257667476e-02,1.163291509966729e-09
5.789127789210988e-02,1.162820782981337e-09
5.801907320754501e-02,1.162351301039709e-09
5.814686852298013e-02,1.161883058143309e-09
5.827466383841524e-02,1.161416048293603e-09
5.840245915385037e-02,1.160950265492055e-09
5.853025446928549e-02,1.160485703740132e-09
5.865804978472061e-02,1.160022357039299e-09
5.878584510015573e-02,1.159560219457754e-09
5.891364041559085e-02,1.159099285330637e-09
5.904143573102597e-02,1.158639549059818e-09
5.916923104646109e-02,1.158181005047172e-09
5.929702636189622e-02,1.157723647694571e-09
5.942482167733134e-02,1.157267471403887e-09
5.955261699276646e-02,1.156812470576993e-09
5.968041230820158e-02,1.156358639615761e-09
5.980820762363670e-02,1.155905972922065e-09
5.993600293907182e-02,1.155454464897776e-09
6.006379825450694e-02,1.155004110006683e-09
6.019159356994207e-02,1.154554902960217e-09
6.031938888537718e-02,1.154106838531716e-09
6.044718420081231e-02,1.153659911494518e-09
6.057497951624743e-02,1.153214116621961e-09
6.070277483168255e-02,1.152769448687383e-09
6.083057014711767e-02,1.152325902464123e-09
6.095836546255279e-02,1.151883472725519e-09
6.108616077798791e-02,1.151442154244908e-09
6.121395609342303e-02,1.151001941795628e-09
6.134175140885816e-02,1.150562830207116e-09
6.146954672429328e-02,1.150124814533218e-09
6.159734203972840e-02,1.149687889883888e-09
6.172513735516352e-02,1.149252051369083e-09
6.185293267059864e-02,1.148817294098756e-09
6.198072798603376e-02,1.148383613182862e-09
6.210852330146888e-02,1.147951003731357e-09
6.223631861690401e-02,1.147519460854194e-09
6.236411393233912e-02,1.147088979661329e-09
6.249190924777424e-02,1.146659555262717e-09
6.261970456320937e-02,1.146231182819939e-09
6.274749987864449e-02,1.145803857701089e-09
6.287529519407961e-02,1.145377575325890e-09
6.300309050951473e-02,1.144952331114065e-09
6.313088582494986e-02,1.144528120485337e-09
6.325868114038498e-02,1.144104938859428e-09
6.338647645582010e-02,1.143682781656061e-09
6.351427177125522e-02,1.143261644294959e-09
6.364206708669033e-02,1.142841522195845e-09
6.376986240212545e-02,1.142422410778442e-09
6.389765771756058e-02,1.142004305509884e-09
6.402545303299570e-02,1.141587202046949e-09
6.415324834843082e-02,1.141171096093817e-09
6.428104366386594e-02,1.140755983354674e-09
6.440883897930107e-02,1.140341859533702e-09
6.453663429473619e-02,1.139928720335083e-09
6.466442961017131e-02,1.139516561463002e-09
6.479222492560642e-02,1.139105378621640e-09
6.492002024104154e-02,1.138695167515181e-09
6.504781555647667e-02,1.138285923847808e-09
6.517561087191179e-02,1.137877643367262e-09
6.530340618734691e-02,1.137470321995535e-09
6.543120150278203e-02,1.137063955698186e-09
6.555899681821716e-02,1.136658540440775e-09
6.568679213365228e-02,1.136254072188860e-09
6.581458744908740e-02,1.135850546908001e-09
6.594238276452252e-02,1.135447960563757e-09
6.607017807995763e-02,1.135046309121686e-09
6.619797339539275e-02,1.134645588547349e-09
6.632576871082788e-02,1.134245794806304e-09
6.645356402626300e-02,1.133846923904434e-09
6.658135934169812e-02,1.133448972008915e-09
6.670915465713324e-02,1.133051935327253e-09
6.683694997256837e-02,1.132655810066950e-09
6.696474528800349e-02,1.132260592435509e-09
6.709254060343861e-02,1.131866278640434e-09
6.722033591887373e-02,1.131472864889228e-09
6.734813123430886e-02,1.131080347389394e-09
6.747592654974396e-02,1.130688722348437e-09
6.760372186517909e-02,1.130297985973858e-09
6.773151718061421e-02,1.129908134510034e-09
6.785931249604933e-02,1.129519164348817e-09
6.798710781148445e-02,1.129131071918929e-09
6.811490312691958e-02,1.128743853649092e-09
6.824269844235470e-02,1.128357505968028e-09
6.837049375778982e-02,1.127972025304459e-09
6.849828907322494e-02,1.127587408087105e-09
6.862608438866007e-02,1.127203650744688e-09
6.875387970409517e-02,1.126820749705932e-09
6.888167501953030e-02,1.126438701399557e-09
6.900947033496542e-02,1.126057502289318e-09
6.913726565040054e-02,1.125677148979123e-09
6.926506096583566e-02,1.125297638107919e-09
6.939285628127079e-02,1.124918966314656e-09
6.952065159670591e-02,1.124541130238283e-09
6.964844691214103e-02,1.124164126517747e-09
6.977624222757615e-02,1.123787951791997e-09
6.990403754301128e-02,1.123412602699983e-09
7.003183285844640e-02,1.123038075880652e-09
7.015962817388151e-02,1.122664367972953e-09
7.028742348931663e-02,1.122291475645004e-09
7.041521880475175e-02,1.121919395681607e-09
7.054301412018688e-02,1.121548124896735e-09
7.067080943562200e-02,1.121177660104360e-09
7.079860475105712e-02,1.120807998118457e-09
7.092640006649224e-02,1.120439135752999e-09
7.105419538192737e-02,1.120071069821958e-09
7.118199069736249e-02,1.119703797139308e-09
7.130978601279761e-02,1.119337314519023e-09
7.152277820518949e-02,1.118728257192617e-09
7.173577039758135e-02,1.118121371075818e-09
7.194876258997322e-02,1.117516642379151e-09
7.216175478236508e-02,1.116914057505276e-09
7.237474697475696e-02,1.116313602856857e-09
7.258773916714882e-02,1.115715264836554e-09
7.280073135954070e-02,1.115119029847028e-09
7.301372355193256e-02,1.114524884290942e-09
7.322671574432443e-02,1.113932814570955e-09
7.343970793671629e-02,1.113342807089731e-09
7.365270012910817e-02,1.112754848249930e-09
7.386569232150003e-02,1.112168924661178e-09
7.407868451389191e-02,1.111585023760964e-09
7.429167670628377e-02,1.111003133193737e-09
7.450466889867564e-02,1.110423240603950e-09
7.471766109106751e-02,1.109845333636053e-09
7.493065328345938e-02,1.109269399934498e-09
7.514364547585124e-02,1.108695427143736e-09
7.535663766824312e-02,1.108123402908220e-09
7.556962986063498e-02,1.107553314872399e-09
7.578262205302685e-02,1.106985150680725e-09
7.599561424541872e-02,1.106418898152900e-09
7.620860643781059e-02,1.105854545809601e-09
7.642159863020245e-02,1.105292082346749e-09
7.663459082259433e-02,1.104731496460262e-09
7.684758301498619e-02,1.104172776846057e-09
7.706057520737807e-02,1.103615912200055e-09
7.727356739976993e-02,1.103060891218174e-09
7.748655959216180e-02,1.102507702596332e-09
7.769955178455366e-02,1.101956335030447e-09
7.791254397694554e-02,1.101406777216440e-09
7.812553616933740e-02,1.100859018008450e-09
7.833852836172928e-02,1.100313046893477e-09
7.855152055412114e-02,1.099768853516721e-09
7.876451274651301e-02,1.099226427523387e-09
7.897750493890487e-02,1.098685758558676e-09
7.919049713129675e-02,1.098146836267792e-09
7.940348932368861e-02,1.097609650295937e-09
7.961648151608049e-02,1.097074190288313e-09
7.982947370847235e-02,1.096540445890124e-09
8.004246590086422e-02,1.096008406746572e-09
8.025545809325609e-02,1.095478062643603e-09
8.046845028564796e-02,1.094949403930160e-09
8.068144247803982e-02,1.094422421095947e-09
8.089443467043170e-02,1.093897104630668e-09
8.110742686282357e-02,1.093373445024027e-09
8.132041905521543e-02,1.092851432765727e-09
8.153341124760730e-02,1.092331058345471e-09
8.174640343999917e-02,1.091812312252964e-09
8.195939563239105e-02,1.091295184977907e-09
8.217238782478291e-02,1.090779667010006e-09
8.238538001717477e-02,1.090265748965206e-09
8.259837220956665e-02,1.089753421964450e-09
8.281136440195852e-02,1.089242677254926e-09
8.302435659435038e-02,1.088733506083829e-09
8.323734878674224e-02,1.088225899698348e-09
8.345034097913412e-02,1.087719849345676e-09
8.366333317152599e-02,1.087215346273003e-09
8.387632536391786e-02,1.086712381727523e-09
8.408931755630973e-02,1.086210946956426e-09
8.430230974870159e-02,1.085711033206903e-09
8.451530194109347e-02,1.085212631839298e-09
8.472829413348533e-02,1.084715734666558e-09
8.494128632587720e-02,1.084220333614782e-09
8.515427851826907e-02,1.083726420610070e-09
8.536727071066094e-02,1.083233987578521e-09
8.558026290305280e-02,1.082743026446234e-09
8.579325509544468e-02,1.082253529139309e-09
8.600624728783654e-02,1.081765487583844e-09
8.621923948022842e-02,1.081278893705940e-09
8.643223167262028e-02,1.080793739431696e-09
8.664522386501215e-02,1.080310016789253e-09
8.685821605740401e-02,1.079827718214915e-09
8.707120824979589e-02,1.079346836247023e-09
8.728420044218775e-02,1.078867363423916e-09
8.749719263457963e-02,1.078389292283937e-09
8.771018482697149e-02,1.077912615365425e-09
8.792317701936336e-02,1.077437325206723e-09
8.813616921175522e-02,1.076963414346170e-09
8.834916140414710e-02,1.076490875322107e-09
8.856215359653896e-02,1.076019700672875e-09
8.877514578893084e-02,1.075549883028853e-09
8.898813798132270e-02,1.075081415388556e-09
8.920113017371457e-02,1.074614290842525e-09
8.941412236610644e-02,1.074148502481303e-09
8.962711455849831e-02,1.073684043395433e-09
8.984010675089017e-02,1.073220906675457e-09
9.005309894328205e-02,1.072759085411918e-09
9.026609113567391e-02,1.072298572695359e-09
9.047908332806578e-02,1.071839361616323e-09
9.069207552045766e-02,1.071381445265351e-09
9.090506771284952e-02,1.070924816816468e-09
9.111805990524138e-02,1.070469469777645e-09
9.133105209763326e-02,1.070015397740346e-09
9.154404429002513e-02,1.069562594296032e-09
9.175703648241700e-02,1.069111053036168e-09
9.197002867480886e-02,1.068660767552217e-09
9.218302086720073e-02,1.068211731435641e-09
9.239601305959261e-02,1.067763938277903e-09
9.260900525198447e-02,1.067317381670468e-09
9.282199744437633e-02,1.066872055204797e-09
9.303498963676821e-02,1.066427952547891e-09
9.324798182916008e-02,1.065985067668914e-09
9.346097402155194e-02,1.065543394612570e-09
9.367396621394380e-02,1.065102927423564e-09
9.388695840633568e-02,1.064663660146603e-09
9.409995059872756e-02,1.064225586826392e-09
9.431294279111942e-02,1.063788701507636e-09
9.452593498351128e-02,1.063352998235040e-09
9.473892717590315e-02,1.062918471053310e-09
9.495191936829503e-02,1.062485114007151e-09
9.516491156068689e-02,1.062052921210006e-09
9.537790375307875e-02,1.061621887050264e-09
9.559089594547063e-02,1.061192005985053e-09
9.580388813786250e-02,1.060763272471500e-09
9.601688033025436e-02,1.060335680966733e-09
9.622987252264624e-02,1.059909225927878e-09
9.644286471503810e-02,1.059483901812065e-09
9.665585690742998e-02,1.059059703076419e-09
9.686884909982184e-02,1.058636624178069e-09
9.708184129221371e-02,1.058214659574142e-09
9.729483348460558e-02,1.057793803784409e-09
9.750782567699745e-02,1.057374051579203e-09
9.772081786938931e-02,1.056955397791499e-09
9.793381006178119e-02,1.056537837254273e-09
9.814680225417305e-02,1.056121364800500e-09
9.835979444656492e-02,1.055705975263153e-09
9.857278663895679e-02,1.055291663475209e-09
9.878577883134866e-02,1.054878424269642e-09
9.899877102374052e-02,1.054466252479426e-09
9.921176321613240e-02,1.054055142937537e-09
9.942475540852426e-02,1.053645090534057e-09
9.963774760091614e-02,1.053236090387483e-09
9.985073979330800e-02,1.052828137673415e-09
1.000637319857000e-01,1.052421227567454e-09
1.002767241780920e-01,1.052015355245198e-09
1.004897163704840e-01,1.051610515882248e-09
1.007027085628750e-01,1.051206704654206e-09
1.009157007552670e-01,1.050803916736667e-09
1.011286929476590e-01,1.050402147305234e-09
1.013416851400510e-01,1.050001391535506e-09
1.015546773324430e-01,1.049601644655516e-09
1.017676695248350e-01,1.049202902103071e-09
1.019806617172270e-01,1.048805159368433e-09
1.021936539096190e-01,1.048408411941864e-09
1.024066461020100e-01,1.048012655313628e-09
1.026196382944020e-01,1.047617884973983e-09
1.028326304867940e-01,1.047224096413194e-09
1.030456226791860e-01,1.046831285121522e-09
1.032586148715780e-01,1.046439446589230e-09
1.034716070639700e-01,1.046048576306578e-09
1.036845992563620e-01,1.045658669811440e-09
1.038975914487540e-01,1.045269722832102e-09
1.041105836411450e-01,1.044881731144455e-09
1.043235758335370e-01,1.044494690524384e-09
1.045365680259290e-01,1.044108596747777e-09
1.047495602183210e-01,1.043723445590524e-09
1.049625524107130e-01,1.043339232828512e-09
1.051755446031050e-01,1.042955954237629e-09
1.053885367954970e-01,1.042573605593764e-09
1.056015289878880e-01,1.042192182672806e-09
1.058145211802800e-01,1.041811681295088e-09
1.060275133726720e-01,1.041432097458678e-09
1.062405055650640e-01,1.041053427206052e-09
1.064534977574560e-01,1.040675666579686e-09
1.066664899498480e-01,1.040298811622059e-09
1.068794821422400e-01,1.039922858375647e-09
1.070924743346320e-01,1.039547802882927e-09
1.073054665270230e-01,1.039173641186378e-09
1.075184587194150e-01,1.038800369328474e-09
1.077314509118070e-01,1.038427983351693e-09
1.079444431041990e-01,1.038056479338645e-09
1.081574352965910e-01,1.037685853532581e-09
1.083704274889830e-01,1.037316102216936e-09
1.085834196813750e-01,1.036947221675150e-09
1.087964118737660e-01,1.036579208190661e-09
1.090094040661580e-01,1.036212058046904e-09
1.092223962585500e-01,1.035845767527318e-09
1.094353884509420e-01,1.035480332915341e-09
1.096483806433340e-01,1.035115750494411e-09
1.098613728357260e-01,1.034752016547965e-09
1.100743650281180e-01,1.034389127395977e-09
1.102873572205100e-01,1.034027079504622e-09
1.105003494129010e-01,1.033665869376638e-09
1.107133416052930e-01,1.033305493514762e-09
1.109263337976850e-01,1.032945948421733e-09
1.111393259900770e-01,1.032587230600289e-09
1.113523181824690e-01,1.032229336553169e-09
1.115653103748610e-01,1.031872262783111e-09
1.117783025672530e-01,1.031516005792852e-09
1.119912947596450e-01,1.031160562085133e-09
1.122042869520360e-01,1.030805928200986e-09
1.124172791444280e-01,1.030452100834633e-09
1.126302713368200e-01,1.030099076718599e-09
1.128432635292120e-01,1.029746852585406e-09
1.130562557216040e-01,1.029395425167580e-09
1.132692479139960e-01,1.029044791197644e-09
1.134822401063880e-01,1.028694947408121e-09
1.136952322987790e-01,1.028345890531537e-09
1.139082244911710e-01,1.027997617300413e-09
1.141212166835630e-01,1.027650124447273e-09
1.143342088759550e-01,1.027303408721398e-09
1.145472010683470e-01,1.026957466939078e-09
1.147601932607390e-01,1.026612295933349e-09
1.149731854531310e-01,1.026267892537250e-09
1.151861776455230e-01,1.025924253583818e-09
1.153991698379140e-01,1.025581375906093e-09
1.156121620303060e-01,1.025239256337108e-09
1.158251542226980e-01,1.024897891709904e-09
1.160381464150900e-01,1.024557278857518e-09
1.162511386074820e-01,1.024217414612988e-09
1.164641307998740e-01,1.023878295894671e-09
1.166771229922660e-01,1.023539919962026e-09
1.168901151846570e-01,1.023202284159738e-09
1.171031073770490e-01,1.022865385832488e-09
1.173160995694410e-01,1.022529222324964e-09
1.175290917618330e-01,1.022193790981851e-09
1.177420839542250e-01,1.021859089147831e-09
1.179550761466170e-01,1.021525114167592e-09
1.181680683390090e-01,1.021191863385817e-09
1.183810605314010e-01,1.020859334147191e-09
1.185940527237920e-01,1.020527523615094e-09
1.188070449161840e-01,1.020196428227271e-09
1.190200371085760e-01,1.019866044239965e-09
1.192330293009680e-01,1.019536367909415e-09
1.194460214933600e-01,1.019207395491863e-09
1.196590136857520e-01,1.018879123243547e-09
1.198720058781440e-01,1.018551547420709e-09
1.200849980705360e-01,1.018224664279589e-09
1.202979902629270e-01,1.017898470076429e-09
1.205109824553190e-01,1.017572961067465e-09
1.207239746477110e-01,1.017248134312603e-09
1.209369668401030e-01,1.016923990087194e-09
1.211499590324950e-01,1.016600529470646e-09
1.213629512248870e-01,1.016277753542370e-09
1.215759434172790e-01,1.015955663381777e-09
1.217889356096700e-01,1.015634260068278e-09
1.220019278020620e-01,1.015313544681281e-09
1.222149199944540e-01,1.014993518300197e-09
1.224279121868460e-01,1.014674182004436e-09
1.226409043792380e-01,1.014355536873410e-09
1.228538965716300e-01,1.014037581104026e-09
1.230668887640220e-01,1.013720301363900e-09
1.232798809564140e-01,1.013403681438503e-09
1.234928731488050e-01,1.013087705113306e-09
1.237058653411970e-01,1.012772356173775e-09
1.239188575335890e-01,1.012457618405381e-09
1.241318497259810e-01,1.012143475593595e-09
1.243448419183730e-01,1.011829911523887e-09
1.245578341107650e-01,1.011516909981726e-09
1.247708263031570e-01,1.011204454752582e-09
1.249838184955480e-01,1.010892540492336e-09
1.251968106879400e-01,1.010581205322392e-09
1.254098028803320e-01,1.010270498226517e-09
1.256227950727240e-01,1.009960468188477e-09
1.258357872651160e-01,1.009651164192036e-09
1.260487794575080e-01,1.009342635220960e-09
1.262617716499000e-01,1.009034930259014e-09
1.264747638422920e-01,1.008728098289963e-09
1.266877560346830e-01,1.008422188297574e-09
1.269007482270750e-01,1.008117249265610e-09
1.271137404194670e-01,1.007813289700513e-09
1.273267326118590e-01,1.007510156309376e-09
1.275397248042510e-01,1.007207655376924e-09
1.277527169966430e-01,1.006905593187878e-09
1.279657091890350e-01,1.006603776026961e-09
1.281787013814270e-01,1.006302010178898e-09
1.283916935738180e-01,1.006000101928412e-09
1.286046857662100e-01,1.005697857560223e-09
1.288176779586020e-01,1.005395083359057e-09
1.290306701509940e-01,1.005091585609636e-09
1.292436623433860e-01,1.004787321593563e-09
1.294566545357780e-01,1.004482852833944e-09
1.296696467281700e-01,1.004178891977786e-09
1.298826389205610e-01,1.003876151672095e-09
1.300956311129530e-01,1.003575344563873e-09
1.303086233053450e-01,1.003277183300128e-09
1.305216154977370e-01,1.002982380527865e-09
1.307346076901290e-01,1.002691648894088e-09
1.309475998825210e-01,1.002405701045804e-09
1.311605920749130e-01,1.002125249630018e-09
1.313735842673050e-01,1.001850443670841e-09
1.315865764596960e-01,1.001579177449133e-09
1.317995686520880e-01,1.001308781497014e-09
1.320125608444800e-01,1.001036586346607e-09
1.322255530368720e-01,1.000759922530035e-09
1.324385452292640e-01,1.000476120579419e-09
1.326515374216560e-01,1.000182511026883e-09
1.328645296140480e-01,9.998764244045463e-10
1.330775218064400e-01,9.995551912445330e-10
1.332905139988310e-01,9.992161420789662e-10
1.335035061912230e-01,9.988587116444965e-10
1.337164983836150e-01,9.984907498364920e-10
1.339294905760070e-01,9.981222099252270e-10
1.341424827683990e-01,9.977630451809752e-10
1.343554749607910e-01,9.974232088740104e-10
1.345684671531830e-01,9.971126542746063e-10
1.347814593455740e-01,9.968413346530379e-10
1.349944515379660e-01,9.966192032795769e-10
1.352074437303580e-01,9.964562134244981e-10
1.354204359227500e-01,9.963623183580755e-10
1.356334281151420e-01,9.963432046331100e-10
1.358464203075340e-01,9.963875005656984e-10
1.360594124999260e-01,9.964795720699663e-10
1.362724046923180e-01,9.966037850600395e-10
1.364853968847090e-01,9.967445054500432e-10
1.366983890771010e-01,9.968860991541043e-10
1.369113812694930e-01,9.970129320863477e-10
1.371243734618850e-01,9.971093701608996e-10
1.373373656542770e-01,9.971597792918854e-10
1.375503578466690e-01,9.971485253934306e-10
1.377633500390610e-01,9.970642215635385e-10
1.379763422314520e-01,9.969124797254489e-10
1.381893344238440e-01,9.967031640326386e-10
1.384023266162360e-01,9.964461386385866e-10
1.386153188086280e-01,9.961512676967714e-10
1.388283110010200e-01,9.958284153606714e-10
1.390413031934120e-01,9.954874457837643e-10
1.392542953858040e-01,9.951382231195292e-10
1.394672875781960e-01,9.947906115214441e-10
1.396802797705870e-01,9.944544751429891e-10
1.398932719629790e-01,9.941375938429538e-10
1.401062641553710e-01,9.938394079255257e-10
1.403192563477630e-01,9.935572722121035e-10
1.405322485401550e-01,9.932885415240860e-10
1.407452407325470e-01,9.930305706828714e-10
1.409582329249390e-01,9.927807145098584e-10
1.411712251173300e-01,9.925363278264470e-10
1.413842173097220e-01,9.922947654540332e-10
1.415972095021140e-01,9.920533822140170e-10
1.418102016945060e-01,9.918095329277968e-10
1.420231938868980e-01,9.915611310907141e-10
1.422361860792900e-01,9.913083248405477e-10
1.424491782716820e-01,9.910518209623519e-10
1.426621704640740e-01,9.907923262411808e-10
1.428751626564650e-01,9.905305474620900e-10
1.430881548488570e-01,9.902671914101314e-10
1.433011470412490e-01,9.900029648703603e-10
1.435141392336410e-01,9.897385746278313e-10
1.437271314260330e-01,9.894747274675986e-10
1.439401236184250e-01,9.892121301747164e-10
1.441531158108170e-01,9.889513398074418e-10
1.443661080032090e-01,9.886923147160460e-10
1.445791001956000e-01,9.884348636235888e-10
1.447920923879920e-01,9.881787952531267e-10
1.450050845803840e-01,9.879239183277197e-10
1.452180767727760e-01,9.876700415704265e-10
1.454310689651680e-01,9.874169737043061e-10
1.456440611575600e-01,9.871645234524170e-10
1.458570533499520e-01,9.869124995378182e-10
1.460700455423430e-01,9.866607106835697e-10
1.462830377347350e-01,9.864090057581085e-10
1.464960299271270e-01,9.861573941084231e-10
1.467090221195190e-01,9.859059251754104e-10
1.469220143119110e-01,9.856546483999678e-10
1.471350065043030e-01,9.854036132229925e-10
1.473479986966950e-01,9.851528690853815e-10
1.475609908890870e-01,9.849024654280322e-10
1.477739830814780e-01,9.846524516918427e-10
1.479869752738700e-01,9.844028773177081e-10
1.481999674662620e-01,9.841537917465268e-10
1.484129596586540e-01,9.839052336881465e-10
1.486259518510460e-01,9.836571989085443e-10
1.488389440434380e-01,9.834096724328087e-10
1.490519362358300e-01,9.831626392860285e-10
1.492649284282220e-01,9.829160844932921e-10
1.494779206206130e-01,9.826699930796892e-10
1.496909128130050e-01,9.824243500703062e-10
1.499039050053970e-01,9.821791404902326e-10
1.501168971977890e-01,9.819343493645568e-10
1.503298893901810e-01,9.816899617183682e-10
1.505428815825730e-01,9.814459654659985e-10
1.507558737749650e-01,9.812023600804841e-10
1.509688659673560e-01,9.809591479249699e-10
1.511818581597480e-01,9.807163313625973e-10
1.513948503521400e-01,9.804739127565114e-10
1.516078425445320e-01,9.802318944698555e-10
1.518208347369240e-01,9.799902788657737e-10
1.520338269293160e-01,9.797490683074096e-10
1.522468191217080e-01,9.795082651579068e-10
1.524598113141000e-01,9.792678717804096e-10
1.526728035064910e-01,9.790278897757433e-10
1.528857956988830e-01,9.787883176959420e-10
1.530987878912750e-01,9.785491533309662e-10
1.533117800836670e-01,9.783103944707762e-10
1.535247722760590e-01,9.780720389053314e-10
1.537377644684510e-01,9.778340844245919e-10
1.539507566608430e-01,9.775965288185173e-10
1.541637488532340e-01,9.773593698770687e-10
1.543767410456260e-01,9.771226053902040e-10
1.545897332380180e-01,9.768862331478837e-10
1.548027254304100e-01,9.766502511558296e-10
1.550157176228020e-01,9.764146582824068e-10
1.552287098151940e-01,9.761794536115399e-10
1.554417020075860e-01,9.759446362271538e-10
1.556546941999780e-01,9.757102052131735e-10
1.558676863923690e-01,9.754761596535245e-10
1.560806785847610e-01,9.752424986321301e-10
1.562936707771530e-01,9.750092212329156e-10
1.565066629695450e-01,9.747763265398061e-10
1.567196551619370e-01,9.745438136367265e-10
1.569326473543290e-01,9.743116815606222e-10
1.571456395467210e-01,9.740799291604031e-10
1.573586317391130e-01,9.738485552379401e-10
1.575716239315040e-01,9.736175585951054e-10
1.577846161238960e-01,9.733869380337682e-10
1.579976083162880e-01,9.731566923558002e-10
1.582106005086800e-01,9.729268203630729e-10
1.584235927010720e-01,9.726973208574573e-10
1.586365848934640e-01,9.724681926408244e-10
1.588495770858560e-01,9.722394345150451e-10
1.590625692782470e-01,9.720110453047621e-10
1.592755614706390e-01,9.717830239257247e-10
1.594885536630310e-01,9.715553693164700e-10
1.597015458554230e-01,9.713280804155345e-10
1.599145380478150e-01,9.711011561614548e-10
1.601275302402070e-01,9.708745954927673e-10
1.603405224325990e-01,9.706483973480079e-10
1.605535146249910e-01,9.704225606657134e-10
1.607665068173820e-01,9.701970843844210e-10
1.609794990097740e-01,9.699719674426648e-10
1.611924912021660e-01,9.697472087825050e-10
1.614054833945580e-01,9.695228073600894e-10
1.616184755869500e-01,9.692987621350884e-10
1.618314677793420e-01,9.690750720671730e-10
1.620444599717340e-01,9.688517361160135e-10
1.622574521641260e-01,9.686287532412804e-10
1.624704443565170e-01,9.684061224026454e-10
1.626834365489090e-01,9.681838425597770e-10
1.628964287413010e-01,9.679619126723464e-10
1.631094209336930e-01,9.677403317000247e-10
1.633224131260850e-01,9.675190986106264e-10
1.635354053184770e-01,9.672982124045339e-10
1.637483975108690e-01,9.670776720902688e-10
1.639613897032600e-01,9.668574766763540e-10
1.641743818956520e-01,9.666376251713093e-10
1.643873740880440e-01,9.664181165836572e-10
1.646003662804360e-01,9.661989499219196e-10
1.648133584728280e-01,9.659801241946183e-10
1.650263506652200e-01,9.657616384102749e-10
1.652393428576120e-01,9.655434915774113e-10
1.654523350500040e-01,9.653256827110497e-10
1.656653272423950e-01,9.651082108521998e-10
1.658783194347870e-01,9.648910750483604e-10
1.660913116271790e-01,9.646742743470340e-10
1.663043038195710e-01,9.644578077957218e-10
1.665172960119630e-01,9.642416744419249e-10
1.667302882043550e-01,9.640258733331444e-10
1.669432803967470e-01,9.638104035168818e-10
1.671562725891380e-01,9.635952640406390e-10
1.673692647815300e-01,9.633804539519153e-10
1.675822569739220e-01,9.631659723044753e-10
1.677952491663140e-01,9.629518181771416e-10
1.680082413587060e-01,9.627379906550063e-10
1.682212335510980e-01,9.625244888231613e-10
1.684342257434900e-01,9.623113117666979e-10
1.686472179358820e-01,9.620984585707078e-10
1.688602101282730e-01,9.618859283202838e-10
1.690732023206650e-01,9.616737201005153e-10
1.692861945130570e-01,9.614618329964953e-10
1.694991867054490e-01,9.612502660933150e-10
1.697121788978410e-01,9.610390184825312e-10
1.699251710902330e-01,9.608280892815631e-10
1.701381632826250e-01,9.606174776142975e-10
1.703511554750170e-01,9.604071826046212e-10
1.705641476674080e-01,9.601972033764216e-10
1.707771398598000e-01,9.599875390535837e-10
1.709901320521920e-01,9.597781887599948e-10
1.712031242445840e-01,9.595691516195418e-10
1.714161164369760e-01,9.593604267561115e-10
1.716291086293680e-01,9.591520132935902e-10
1.718421008217600e-01,9.589439103609281e-10
1.720550930141510e-01,9.587361171073244e-10
1.722680852065430e-01,9.585286326870382e-10
1.724810773989350e-01,9.583214562543309e-10
1.726940695913270e-01,9.581145869634633e-10
1.729070617837190e-01,9.579080239686961e-10
1.731200539761110e-01,9.577017664242896e-10
1.733330461685030e-01,9.574958134845047e-10
1.735460383608950e-01,9.572901643036019e-10
1.737590305532860e-01,9.570848180358428e-10
1.739720227456780e-01,9.568797738414509e-10
1.741850149380700e-01,9.566750309044991e-10
1.743980071304620e-01,9.564705884150194e-10
1.746109993228540e-01,9.562664455630439e-10
1.748239915152460e-01,9.560626015386040e-10
1.750369837076380e-01,9.558590555317320e-10
1.752499759000290e-01,9.556558067324603e-10
1.754629680924210e-01,9.554528543308188e-10
1.756759602848130e-01,9.552501975168405e-10
1.758889524772050e-01,9.550478354805571e-10
1.761019446695970e-01,9.548457674169718e-10
1.763149368619890e-01,9.546439925409860e-10
1.765279290543810e-01,9.544425100724799e-10
1.767409212467730e-01,9.542413192313326e-10
1.769539134391640e-01,9.540404192374246e-10
1.771669056315560e-01,9.538398093106342e-10
1.773798978239480e-01,9.536394886708413e-10
1.775928900163400e-01,9.534394565379262e-10
1.778058822087320e-01,9.532397121317680e-10
1.780188744011240e-01,9.530402546722465e-10
1.782318665935160e-01,9.528410833841891e-10
1.784448587859070e-01,9.526421975122214e-10
1.786578509782990e-01,9.524435963059183e-10
1.788708431706910e-01,9.522452790148566e-10
1.790838353630830e-01,9.520472448886125e-10
1.792968275554750e-01,9.518494931767623e-10
1.795098197478670e-01,9.516520231288824e-10
1.797228119402590e-01,9.514548339945491e-10
1.799358041326510e-01,9.512579250233381e-10
1.801487963250420e-01,9.510612954648272e-10
1.803617885174340e-01,9.508649445732416e-10
1.805747807098260e-01,9.506688716214166e-10
1.807877729022180e-01,9.504730758868384e-10
1.810007650946100e-01,9.502775566469922e-10
1.812137572870020e-01,9.500823131793647e-10
1.814267494793940e-01,9.498873447614415e-10
1.816397416717860e-01,9.496926506707085e-10
1.818527338641770e-01,9.494982301846526e-10
1.820657260565690e-01,9.493040825807580e-10
1.822787182489610e-01,9.491102071365114e-10
1.824917104413530e-01,9.489166031338464e-10
1.827047026337450e-01,9.487232698724826e-10
1.829176948261370e-01,9.485302066565847e-10
1.831306870185290e-01,9.483374127903177e-10
1.833436792109200e-01,9.481448875778469e-10
1.835566714033120e-01,9.479526303233360e-10
1.837696635957040e-01,9.477606403309500e-10
1.839826557880960e-01,9.475689169048542e-10
1.841956479804880e-01,9.473774593492133e-10
1.844086401728800e-01,9.471862669681920e-10
1.846216323652720e-01,9.469953390701876e-10
1.848346245576640e-01,9.468046749805163e-10
1.850476167500550e-01,9.466142740287229e-10
1.852606089424470e-01,9.464241355443496e-10
1.854736011348390e-01,9.462342588569409e-10
1.856865933272310e-01,9.460446432960409e-10
1.858995855196230e-01,9.458552881911936e-10
1.861125777120150e-01,9.456661928719426e-10
1.863255699044070e-01,9.454773566678319e-10
1.865385620967990e-01,9.452887789084054e-10
1.867515542891900e-01,9.451004589272429e-10
1.869645464815820e-01,9.449123960740711e-10
1.871775386739740e-01,9.447245897026590e-10
1.873905308663660e-01,9.445370391667743e-10
1.876035230587580e-01,9.443497438201850e-10
1.878165152511500e-01,9.441627030166588e-10
1.880295074435420e-01,9.439759161099641e-10
1.882424996359330e-01,9.437893824538694e-10
1.884554918283250e-01,9.436031014021409e-10
1.886684840207170e-01,9.434170723085474e-10
1.888814762131090e-01,9.432312945306949e-10
1.890944684055010e-01,9.430457674415475e-10
1.893074605978930e-01,9.428604904179081e-10
1.895204527902850e-01,9.426754628365805e-10
1.897334449826770e-01,9.424906840743681e-10
1.899464371750680e-01,9.423061535080755e-10
1.901594293674600e-01,9.421218705145040e-10
1.903724215598520e-01,9.419378344704585e-10
1.905854137522440e-01,9.417540447527422e-10
1.907984059446360e-01,9.415705007381586e-10
1.910113981370280e-01,9.413872018071724e-10
1.912243903294200e-01,9.412041473548891e-10
1.914373825218110e-01,9.410213367800755e-10
1.916503747142030e-01,9.408387694814964e-10
1.918633669065950e-01,9.406564448579186e-10
1.920763590989870e-01,9.404743623081085e-10
1.922893512913790e-01,9.402925212308314e-10
1.925023434837710e-01,9.401109210248542e-10
1.927153356761630e-01,9.399295610889425e-10
1.929283278685550e-01,9.397484408218627e-10
1.931413200609460e-01,9.395675596259288e-10
1.933543122533380e-01,9.393869169176371e-10
1.935673044457300e-01,9.392065121170307e-10
1.937802966381220e-01,9.390263446441522e-10
1.939932888305140e-01,9.388464139190435e-10
1.942062810229060e-01,9.386667193617471e-10
1.944192732152980e-01,9.384872603923052e-10
1.946322654076900e-01,9.383080364307605e-10
1.948452576000810e-01,9.381290468971558e-10
1.950582497924730e-01,9.379502912115321e-10
1.952712419848650e-01,9.377717687972271e-10
1.954842341772570e-01,9.375934790907491e-10
1.956972263696490e-01,9.374154215318960e-10
1.959102185620410e-01,9.372375955604660e-10
1.961232107544330e-01,9.370600006162577e-10
1.963362029468240e-01,9.368826361390699e-10
1.965491951392160e-01,9.367055015686992e-10
1.967621873316080e-01,9.365285963449445e-10
1.969751795240000e-01,9.363519199076040e-10
1.971881717163920e-01,9.361754716964761e-10
1.974011639087840e-01,9.359992511545938e-10
1.976141561011760e-01,9.358232577379342e-10
1.978271482935680e-01,9.356474909057116e-10
1.980401404859590e-01,9.354719501171417e-10
1.982531326783510e-01,9.352966348314372e-10
1.984661248707430e-01,9.351215445078132e-10
1.986791170631350e-01,9.349466786054846e-10
1.988921092555270e-01,9.347720365836655e-10
1.991051014479190e-01,9.345976179015706e-10
1.993180936403110e-01,9.344234220184145e-10
1.995310858327020e-01,9.342494483963894e-10
1.997440780250940e-01,9.340756965095940e-10
1.999570702174860e-01,9.339021658351069e-10
2.001700624098780e-01,9.337288558500063e-10
2.003830546022700e-01,9.335557660313696e-10
2.005960467946620e-01,9.333828958562754e-10
2.008090389870540e-01,9.332102448018008e-10
2.010220311794460e-01,9.330378123450240e-10
2.012350233718370e-01,9.328655979630236e-10
2.014480155642290e-01,9.326936011328763e-10
2.016610077566210e-01,9.325218213347927e-10
2.018739999490130e-01,9.323502580615104e-10
2.020869921414050e-01,9.321789108088986e-10
2.022999843337970e-01,9.320077790728250e-10
2.025129765261890e-01,9.318368623491593e-10
2.027259687185810e-01,9.316661601337694e-10
2.029389609109720e-01,9.314956719225250e-10
2.031519531033640e-01,9.313253972112930e-10
2.033649452957560e-01,9.311553354959432e-10
2.035779374881480e-01,9.309854862723440e-10
2.037909296805400e-01,9.308158490383975e-10
2.040039218729320e-01,9.306464233001352e-10
2.042169140653240e-01,9.304772085656202e-10
2.044299062577150e-01,9.303082043429158e-10
2.046428984501070e-01,9.301394101400835e-10
2.048558906424990e-01,9.299708254651867e-10
2.050688828348910e-01,9.298024498262884e-10
2.052818750272830e-01,9.296342827314514e-10
2.054948672196750e-01,9.294663236887388e-10
2.057078594120670e-01,9.292985722062130e-10
2.059208516044590e-01,9.291310277974339e-10
2.061338437968500e-01,9.289636899979620e-10
2.063468359892420e-01,9.287965583488583e-10
2.065598281816340e-01,9.286296323911863e-10
2.067728203740260e-01,9.284629116660088e-10
2.069858125664180e-01,9.282963957143886e-10
2.071988047588100e-01,9.281300840773882e-10
2.074117969512020e-01,9.279639762960706e-10
2.076247891435940e-01,9.277980719114982e-10
2.078377813359850e-01,9.276323704647348e-10
2.080507735283770e-01,9.274668714888157e-10
2.082637657207690e-01,9.273015744846679e-10
2.084767579131610e-01,9.271364789451870e-10
2.086897501055530e-01,9.269715843632694e-10
2.089027422979450e-01,9.268068902318112e-10
2.091157344903370e-01,9.266423960437082e-10
2.093287266827280e-01,9.264781012918573e-10
2.095417188751200e-01,9.263140054691532e-10
2.097547110675120e-01,9.261501080684925e-10
2.099677032599040e-01,9.259864085827711e-10
2.101806954522960e-01,9.258229065468716e-10
2.103936876446880e-01,9.256596016636124e-10
2.106066798370800e-01,9.254964936777943e-10
2.108196720294720e-01,9.253335823342185e-10
2.110326642218630e-01,9.251708673776864e-10
2.112456564142550e-01,9.250083485529974e-10
2.114586486066470e-01,9.248460256049534e-10
2.116716407990390e-01,9.246838982783551e-10
2.118846329914310e-01,9.245219663180034e-10
2.120976251838230e-01,9.243602294686993e-10
2.123106173762150e-01,9.241986873300579e-10
2.125236095686060e-01,9.240373389211591e-10
2.127366017609980e-01,9.238761831159975e-10
2.129495939533900e-01,9.237152187885700e-10
2.131625861457820e-01,9.235544448128730e-10
2.133755783381740e-01,9.233938600629026e-10
2.135885705305660e-01,9.232334634126550e-10
2.138015627229580e-01,9.230732537361266e-10
2.140145549153500e-01,9.229132299073137e-10
2.142275471077410e-01,9.227533908002128e-10
2.144405393001330e-01,9.225937358417669e-10
2.146535314925250e-01,9.224342666692440e-10
2.148665236849170e-01,9.222749854721264e-10
2.150795158773090e-01,9.221158944398960e-10
2.152925080697010e-01,9.219569957620347e-10
2.155055002620930e-01,9.217982916280247e-10
2.157184924544850e-01,9.216397842273482e-10
2.159314846468760e-01,9.214814757494876e-10
2.161444768392680e-01,9.213233683839238e-10
2.163574690316600e-01,9.211654643201393e-10
2.165704612240520e-01,9.210077636963244e-10
2.167834534164440e-01,9.208502584419205e-10
2.169964456088360e-01,9.206929384332878e-10
2.172094378012280e-01,9.205357935467856e-10
2.174224299936190e-01,9.203788136587745e-10
2.176354221860110e-01,9.202219886456123e-10
2.178484143784030e-01,9.200653083836596e-10
2.180614065707950e-01,9.199087627492760e-10
2.182743987631870e-01,9.197523416188209e-10
2.184873909555790e-01,9.195960348686543e-10
2.187003831479710e-01,9.194398400445858e-10
2.189133753403630e-01,9.192837853741348e-10
2.191263675327540e-01,9.191279067562265e-10
2.193393597251460e-01,9.189722400897834e-10
2.195523519175380e-01,9.188168212737301e-10
2.197653441099300e-01,9.186616862069909e-10
2.199783363023220e-01,9.185068707884898e-10
2.201913284947140e-01,9.183524109171509e-10
2.204043206871060e-01,9.181983424918984e-10
2.206173128794970e-01,9.180447014116569e-10
2.208303050718890e-01,9.178914949520231e-10
2.210432972642810e-01,9.177386159160580e-10
2.212562894566730e-01,9.175859284938789e-10
2.214692816490650e-01,9.174332968756037e-10
2.216822738414570e-01,9.172805852513496e-10
2.218952660338490e-01,9.171276578112339e-10
2.221082582262410e-01,9.169743787453741e-10
2.223212504186320e-01,9.168206122438884e-10
2.225342426110240e-01,9.166662224968928e-10
2.227472348034160e-01,9.165110736945053e-10
2.229602269958080e-01,9.163551368879491e-10
2.231732191882000e-01,9.161988103633857e-10
2.233862113805920e-01,9.160425991633648e-10
2.235992035729840e-01,9.158870083304366e-10
2.238121957653760e-01,9.157325429071514e-10
2.240251879577670e-01,9.155797079360600e-10
2.242381801501590e-01,9.154290084597111e-10
2.244511723425510e-01,9.152809495206554e-10
2.246641645349430e-01,9.151360361614432e-10
2.248771567273350e-01,9.149947734246245e-10
2.250901489197270e-01,9.148572679762056e-10
2.253031411121190e-01,9.147220320044833e-10
2.255161333045100e-01,9.145871788352972e-10
2.257291254969020e-01,9.144508217944848e-10
2.259421176892940e-01,9.143110742078856e-10
2.261551098816860e-01,9.141660494013380e-10
2.263681020740780e-01,9.140138607006812e-10
2.265810942664700e-01,9.138526214317537e-10
2.267940864588620e-01,9.136804449203943e-10
2.270070786512540e-01,9.134954444924417e-10
2.272200708436450e-01,9.132972207277279e-10
2.274330630360370e-01,9.130913250111741e-10
2.276460552284290e-01,9.128847968763929e-10
2.278590474208210e-01,9.126846758569959e-10
2.280720396132130e-01,9.124980014865947e-10
2.282850318056050e-01,9.123318132988011e-10
2.284980239979970e-01,9.121931508272267e-10
2.287110161903880e-01,9.120890536054836e-10
2.289240083827800e-01,9.120265611671824e-10
2.291370005751720e-01,9.120127130459355e-10
2.293499927675640e-01,9.120489965537936e-10
2.295629849599560e-01,9.121146902964856e-10
2.297759771523480e-01,9.121835207481393e-10
2.299889693447400e-01,9.122292143828823e-10
2.302019615371320e-01,9.122254976748427e-10
2.304149537295230e-01,9.121460970981487e-10
2.306279459219150e-01,9.119647391269276e-10
2.308409381143070e-01,9.116551502353072e-10
2.310539303066990e-01,9.111910568974155e-10
2.312669224990910e-01,9.105461855873802e-10
2.314799146914830e-01,9.097149903617008e-10
2.316929068838750e-01,9.087748093362235e-10
2.319058990762670e-01,9.078236950761780e-10
2.321188912686580e-01,9.069597001467967e-10
2.323318834610500e-01,9.062808771133011e-10
2.325448756534420e-01,9.058852785409244e-10
2.327578678458340e-01,9.058709569948962e-10
2.329708600382260e-01,9.063359650404457e-10
2.331838522306180e-01,9.073783552428022e-10
2.333968444230100e-01,9.090961801671945e-10
2.336098366154010e-01,9.115101160217194e-10
2.338228288077930e-01,9.143315271827283e-10
2.340358210001850e-01,9.171944984374961e-10
2.342488131925770e-01,9.197331145733096e-10
2.344618053849690e-01,9.215814603774527e-10
2.346747975773610e-01,9.223736206372113e-10
2.348877897697530e-01,9.217436801398713e-10
2.351007819621450e-01,9.193257236727167e-10
2.353137741545360e-01,9.147538360230624e-10
2.355267663469280e-01,9.076621019781496e-10
2.357397585393200e-01,8.978235269468804e-10
2.359527507317120e-01,8.855670622828684e-10
2.361657429241040e-01,8.713607117217182e-10
2.363787351164960e-01,8.556724789990259e-10
2.365917273088880e-01,8.389703678504041e-10
2.368047195012800e-01,8.217223820114509e-10
2.370177116936710e-01,8.043965252178458e-10
2.372307038860630e-01,7.874608012050354e-10
2.374436960784550e-01,7.713832137086978e-10
2.376566882708470e-01,7.566317664644382e-10
2.378696804632390e-01,7.435566239910949e-10
2.380826726556310e-01,7.320365160633180e-10
2.382956648480230e-01,7.218322942972066e-10
2.385086570404140e-01,7.127048103089057e-10
2.387216492328060e-01,7.044149157144317e-10
2.389346414251980e-01,6.967234621299327e-10
2.391476336175900e-01,6.893913011715109e-10
2.393606258099820e-01,6.821792844552697e-10
2.395736180023740e-01,6.748482635973090e-10
2.397866101947660e-01,6.671590902137322e-10
2.399996023871580e-01,6.589250112399999e-10
2.402125945795490e-01,6.501688247966965e-10
2.404255867719410e-01,6.409657092785423e-10
2.406385789643330e-01,6.313908430803834e-10
2.408515711567250e-01,6.215194045970209e-10
2.410645633491170e-01,6.114265722232605e-10
2.412775555415090e-01,6.011875243539061e-10
2.414905477339010e-01,5.908774393837631e-10
2.417035399262920e-01,5.805714957076800e-10
2.419165321186840e-01,5.703448717203686e-10
2.421295243110760e-01,5.602586526562121e-10
2.423425165034680e-01,5.503175766044759e-10
2.425555086958600e-01,5.405123012394699e-10
2.427685008882520e-01,5.308334842355049e-10
2.429814930806440e-01,5.212717832668878e-10
2.431944852730360e-01,5.118178560079295e-10
2.434074774654270e-01,5.024623601329838e-10
2.436204696578190e-01,4.931959533162729e-10
2.438334618502110e-01,4.840092932321482e-10
2.440464540426030e-01,4.748930375549208e-10
2.442594462349950e-01,4.658414102103885e-10
2.444724384273870e-01,4.568629093671770e-10
2.446854306197790e-01,4.479696040653456e-10
2.448984228121710e-01,4.391735633449446e-10
2.451114150045620e-01,4.304868562460703e-10
2.453244071969540e-01,4.219215518086943e-10
2.455373993893460e-01,4.134897190729135e-10
2.457503915817380e-01,4.052034270787795e-10
2.459633837741300e-01,3.970747448663477e-10
2.461763759665220e-01,3.891157414756723e-10
2.463893681589140e-01,3.813371946947777e-10
2.466023603513050e-01,3.737447155548820e-10
2.468153525436970e-01,3.663426229605678e-10
2.470283447360890e-01,3.591352358165185e-10
2.472413369284810e-01,3.521268730273856e-10
2.474543291208730e-01,3.453218534978191e-10
2.476673213132650e-01,3.387244961324704e-10
2.478803135056570e-01,3.323391198359878e-10
2.480933056980490e-01,3.261700435130224e-10
2.483062978904400e-01,3.202215860682522e-10
2.485192900828320e-01,3.144979834033200e-10
2.487322822752240e-01,3.090031393982854e-10
2.489452744676160e-01,3.037408749252962e-10
2.491582666600080e-01,2.987150108564979e-10
2.493712588524000e-01,2.939293680640384e-10
2.495842510447920e-01,2.893877674200650e-10
2.497972432371830e-01,2.850940297967445e-10
2.500102354295750e-01,2.810519760661830e-10
2.502232276219670e-01,2.772654271005488e-10
2.504362198143590e-01,2.737382037719896e-10
2.506492120067510e-01,2.704736678176822e-10
2.508622041991430e-01,2.674733449474102e-10
2.510751963915350e-01,2.647383019921916e-10
2.512881885839270e-01,2.622696057830452e-10
2.515011807763180e-01,2.600683231509984e-10
2.517141729687100e-01,2.581355209270489e-10
2.519271651611020e-01,2.564722659422263e-10
2.521401573534940e-01,2.550796250275484e-10
2.523531495458860e-01,2.539586650140337e-10
2.525661417382780e-01,2.531104527327006e-10
2.527791339306700e-01,2.525356875837851e-10
2.529921261230620e-01,2.522336001081680e-10
2.532051183154530e-01,2.522030538477076e-10
2.534181105078450e-01,2.524429123442622e-10
2.536311027002370e-01,2.529520391396910e-10
2.538440948926290e-01,2.537292977758530e-10
2.540570870850210e-01,2.547735517946069e-10
2.542700792774130e-01,2.560836647378110e-10
2.544830714698050e-01,2.576585001473234e-10
2.546960636621960e-01,2.594969215649948e-10
2.549090558545880e-01,2.615974330873320e-10
2.551220480469800e-01,2.639571002932725e-10
2.553350402393720e-01,2.665726289482629e-10
2.555480324317640e-01,2.694407248177506e-10
2.557610246241560e-01,2.725580936671824e-10
2.559740168165480e-01,2.759214412620051e-10
2.561870090089400e-01,2.795274733676650e-10
2.564000012013310e-01,2.833728957495913e-10
2.566129933937230e-01,2.874544141732675e-10
2.568259855861150e-01,2.917687344041216e-10
2.570389777785070e-01,2.963122686528647e-10
2.572519699708990e-01,3.010802546728572e-10
2.574649621632910e-01,3.060676365435021e-10
2.576779543556830e-01,3.112693583442013e-10
2.578909465480740e-01,3.166803641543321e-10
2.581039387404660e-01,3.222955980533512e-10
2.583169309328580e-01,3.281100041206361e-10
2.585299231252500e-01,3.341185264355902e-10
2.587429153176420e-01,3.403161090776162e-10
2.589559075100340e-01,3.466976961261195e-10
2.591688997024260e-01,3.532580163240805e-10
2.593818918948180e-01,3.599909371598978e-10
2.595948840872090e-01,3.668901108310693e-10
2.598078762796010e-01,3.739491895351884e-10
2.600208684719930e-01,3.811618254697528e-10
2.602338606643850e-01,3.885216708322868e-10
2.604468528567770e-01,3.960223778203249e-10
2.606598450491690e-01,4.036575986313937e-10
2.608728372415610e-01,4.114209854630232e-10
2.610858294339530e-01,4.193061905127378e-10
2.612988216263440e-01,4.273067443678842e-10
2.615118138187360e-01,4.354156913769351e-10
2.617248060111280e-01,4.436259543788964e-10
2.619377982035200e-01,4.519304562128080e-10
2.621507903959120e-01,4.603221197177188e-10
2.623637825883040e-01,4.687938677326661e-10
2.625767747806960e-01,4.773386230966937e-10
2.627897669730870e-01,4.859493086488016e-10
2.630027591654790e-01,4.946188472281169e-10
2.632157513578710e-01,5.033401616736400e-10
2.634287435502630e-01,5.121061503372805e-10
2.636417357426550e-01,5.209096135552861e-10
2.638547279350470e-01,5.297433271431989e-10
2.640677201274390e-01,5.386000669165572e-10
2.642807123198310e-01,5.474726086909004e-10
2.644937045122220e-01,5.563537282817245e-10
2.647066967046140e-01,5.652362015046578e-10
2.649196888970060e-01,5.741128041751934e-10
2.651326810893980e-01,5.829763121088721e-10
2.653456732817900e-01,5.918195011212311e-10
2.655586654741820e-01,6.006352198773758e-10
2.657716576665740e-01,6.094166085503172e-10
2.659846498589660e-01,6.181568802174844e-10
2.661976420513570e-01,6.268492479562615e-10
2.664106342437490e-01,6.354869248441612e-10
2.666236264361410e-01,6.440631239585676e-10
2.668366186285330e-01,6.525710583769067e-10
2.670496108209250e-01,6.610039411766082e-10
2.672626030133170e-01,6.693549854350980e-10
2.674755952057090e-01,6.776174042298027e-10
2.676885873981000e-01,6.857845580915129e-10
2.679015795904920e-01,6.938503974045794e-10
2.681145717828840e-01,7.018090200265529e-10
2.683275639752760e-01,7.096545238150202e-10
2.685405561676680e-01,7.173810066275698e-10
2.687535483600600e-01,7.249825663217959e-10
2.689665405524520e-01,7.324533007552868e-10
2.691795327448440e-01,7.397873077856297e-10
2.693925249372350e-01,7.469786852703803e-10
2.696055171296270e-01,7.540215310671987e-10
2.698185093220190e-01,7.609101954772279e-10
2.700315015144110e-01,7.676400383324026e-10
2.702444937068030e-01,7.742066717864604e-10
2.704574858991950e-01,7.806057079931418e-10
2.706704780915870e-01,7.868327591061846e-10
2.708834702839780e-01,7.928834372792994e-10
2.710964624763700e-01,7.987533546662791e-10
2.713094546687620e-01,8.044381234208374e-10
2.715224468611540e-01,8.099333556967111e-10
2.717354390535460e-01,8.152346636476395e-10
2.719484312459380e-01,8.203378231918748e-10
2.721614234383300e-01,8.252392649455151e-10
2.723744156307220e-01,8.299355831091050e-10
2.725874078231130e-01,8.344233718831706e-10
2.728004000155050e-01,8.386992254682982e-10
2.730133922078970e-01,8.427597380650147e-10
2.732263844002890e-01,8.466015038738653e-10
2.734393765926810e-01,8.502211170953959e-10
2.736523687850730e-01,8.536151719301525e-10
2.738653609774650e-01,8.567802625786820e-10
2.740783531698570e-01,8.597136820517149e-10
2.742913453622480e-01,8.624155201374870e-10
2.745043375546400e-01,8.648865662030598e-10
2.747173297470320e-01,8.671276096154536e-10
2.749303219394240e-01,8.691394397417033e-10
2.751433141318160e-01,8.709228459488430e-10
2.753563063242080e-01,8.724786176039080e-10
2.755692985166000e-01,8.738075440739324e-10
2.757822907089910e-01,8.749104147259463e-10
2.759952829013830e-01,8.757880189269943e-10
2.762082750937750e-01,8.764399435740163e-10
2.764212672861670e-01,8.768609645250749e-10
2.766342594785590e-01,8.770446545888123e-10
2.768472516709510e-01,8.769845865738701e-10
2.770602438633430e-01,8.766743332888897e-10
2.772732360557350e-01,8.761074675425134e-10
2.774862282481260e-01,8.752775621433872e-10
2.776992204405180e-01,8.741781899001453e-10
2.779122126329100e-01,8.728029236214324e-10
2.781252048253020e-01,8.711453361158905e-10
2.783381970176940e-01,8.692048843113603e-10
2.785511892100860e-01,8.670045600128893e-10
