7.791356504680618e-06,5.648686649321779e-09
8.610780621332552e-06,5.565946846213800e-09
9.516384324626089e-06,5.484492486504657e-09
1.051723120080771e-05,5.404298254995300e-09
1.162333806181051e-05,5.325340537510622e-09
1.284577519687474e-05,5.247594886743129e-09
1.419677716772344e-05,5.171037753878548e-09
1.568986525616830e-05,5.095646679211806e-09
1.733998278964274e-05,5.021398574616383e-09
1.916364469904539e-05,4.948271858735165e-09
2.117910280571951e-05,4.876246604551179e-09
2.340652849181556e-05,4.805303768711293e-09
2.586821458226360e-05,4.735426097801928e-09
2.858879845885812e-05,4.666596145833139e-09
3.159550863945590e-05,4.598796250213253e-09
3.491843729013453e-05,4.532008842528484e-09
3.859084139770492e-05,4.466218408890264e-09
4.264947561681323e-05,4.401407531623441e-09
4.713496012287843e-05,4.337560564623121e-09
5.209218715246060e-05,4.274661483786236e-09
5.757077029985334e-05,4.212694756563383e-09
6.362554106661115e-05,4.151645210532754e-09
7.031709763364645e-05,4.091497455986119e-09
7.771241134819200e-05,4.032237429257501e-09
8.588549699555374e-05,3.973850098182405e-09
9.491815356395940e-05,3.916320968799282e-09
1.049007829163263e-04,3.859637052726559e-09
1.159332945624905e-04,3.803783641422078e-09
1.281261055871622e-04,3.748747701996445e-09
1.416012457412214e-04,3.694516073341075e-09
1.564935787564811e-04,3.641075330235761e-09
1.729521521072439e-04,3.588412785703399e-09
1.911416887275217e-04,3.536516342585603e-09
2.112442356135248e-04,3.485373364658344e-09
2.334609858111876e-04,3.434971552257602e-09
2.580142920237960e-04,3.385299112227447e-09
2.851498919925769e-04,3.336344550280275e-09
3.151393679226079e-04,3.288096103156074e-09
3.482828645688079e-04,3.240542471060059e-09
3.849120931855259e-04,3.193672578936841e-09
4.253936514042669e-04,3.147475609810411e-09
4.701326922660057e-04,3.101940479094157e-09
5.195769791289974e-04,3.057057399159751e-09
5.742213670349657e-04,3.012815369198406e-09
6.346127553846864e-04,2.969204115131727e-09
7.013555614910102e-04,2.926214364630102e-09
7.751177697904812e-04,2.883835564873382e-09
8.566376172560946e-04,2.842058394605506e-09
9.467309819210534e-04,2.800873475447295e-09
1.046299548460350e-03,2.760270995673562e-09
1.156339832554060e-03,2.720242200322768e-09
1.277953154351212e-03,2.680579295170389e-09
1.405748469786333e-03,2.643291130540688e-09
1.533543785221454e-03,2.609866676386002e-09
1.661339100656575e-03,2.579659449808519e-09
1.789134416091696e-03,2.552022967910424e-09
1.916929731526817e-03,2.526399018881550e-09
2.000000000000000e-03,2.510719371850837e-09
2.044725046961939e-03,2.502581937507094e-09
2.172520362397060e-03,2.480425799026501e-09
2.300315677832181e-03,2.459742377070644e-09
2.428110993267302e-03,2.440340021735224e-09
2.555906308702423e-03,2.422045020970599e-09
2.683701624137544e-03,2.404755414157072e-09
2.811496939572665e-03,2.388387178535270e-09
2.939292255007787e-03,2.372856291345821e-09
3.067087570442908e-03,2.358078729829352e-09
3.194882885878029e-03,2.343977153017658e-09
3.322678201313150e-03,2.330500947376717e-09
3.450473516748271e-03,2.317606181298431e-09
3.578268832183392e-03,2.305248923174706e-09
3.706064147618514e-03,2.293385241397443e-09
3.833859463053635e-03,2.281974247551885e-09
3.961654778488756e-03,2.270987225954450e-09
4.089450093923877e-03,2.260398504093804e-09
4.217245409358998e-03,2.250182409458611e-09
4.345040724794119e-03,2.240313269537535e-09
4.472836040229241e-03,2.230766986279349e-09
4.600631355664362e-03,2.221525759513934e-09
4.728426671099482e-03,2.212573363551621e-09
4.856221986534604e-03,2.203893572702742e-09
4.984017301969726e-03,2.195470161277627e-09
5.111812617404846e-03,2.187287800216254e-09
5.239607932839968e-03,2.179334746951761e-09
5.367403248275089e-03,2.171600155534220e-09
5.495198563710209e-03,2.164073180013705e-09
5.622993879145331e-03,2.156742974440287e-09
5.750789194580453e-03,2.149599230384236e-09
5.878584510015573e-03,2.142633789502713e-09
6.006379825450694e-03,2.135839030976125e-09
6.134175140885816e-03,2.129207333984881e-09
6.261970456320937e-03,2.122731077709387e-09
6.389765771756058e-03,2.116402991595947e-09
6.517561087191179e-03,2.110217206139439e-09
6.645356402626300e-03,2.104168202093131e-09
6.773151718061422e-03,2.098250460210292e-09
6.900947033496543e-03,2.092458461244190e-09
7.028742348931663e-03,2.086786916247904e-09
7.156537664366785e-03,2.081231457473023e-09
7.284332979801906e-03,2.075787947470588e-09
7.412128295237027e-03,2.070452248791635e-09
7.539923610672148e-03,2.065220223987203e-09
7.667718926107269e-03,2.060087896850579e-09
7.795514241542391e-03,2.055051936149937e-09
7.923309556977513e-03,2.050109171898651e-09
8.051104872412632e-03,2.045256434110090e-09
8.178900187847754e-03,2.040490552797627e-09
8.306695503282877e-03,2.035808472245683e-09
8.434490818717996e-03,2.031207593820868e-09
8.562286134153118e-03,2.026685433159836e-09
8.690081449588239e-03,2.022239505899239e-09
8.817876765023359e-03,2.017867327675729e-09
8.945672080458482e-03,2.013566501271285e-09
9.073467395893601e-03,2.009334978051100e-09
9.201262711328723e-03,2.005170796526657e-09
9.329058026763846e-03,2.001071995209437e-09
9.456853342198965e-03,1.997036612610919e-09
9.584648657634087e-03,1.993062738671342e-09
9.712443973069206e-03,1.989148669044307e-09
9.840239288504329e-03,1.985292750811345e-09
9.968034603939451e-03,1.981493331053987e-09
1.009582991937457e-02,1.977748756853763e-09
1.022362523480969e-02,1.974057449955986e-09
1.035142055024482e-02,1.970418130761662e-09
1.047921586567993e-02,1.966829594335858e-09
1.060701118111506e-02,1.963290635743643e-09
1.073480649655018e-02,1.959800050050088e-09
1.086260181198530e-02,1.956356632320259e-09
1.099039712742042e-02,1.952959177619226e-09
1.111819244285554e-02,1.949606481012059e-09
1.124598775829066e-02,1.946297337563825e-09
1.137378307372578e-02,1.943030542339594e-09
1.150157838916090e-02,1.939804953055028e-09
1.162937370459603e-02,1.936619678010088e-09
1.175716902003114e-02,1.933473888146286e-09
1.188496433546627e-02,1.930366754405135e-09
1.201275965090139e-02,1.927297447728150e-09
1.214055496633651e-02,1.924265139056841e-09
1.226835028177163e-02,1.921268999332723e-09
1.239614559720675e-02,1.918308199497310e-09
1.252394091264187e-02,1.915381910492113e-09
1.265173622807700e-02,1.912489303258645e-09
1.277953154351211e-02,1.909629585253699e-09
1.290732685894724e-02,1.906802110008100e-09
1.303512217438236e-02,1.904006267574425e-09
1.316291748981748e-02,1.901241448005246e-09
1.329071280525260e-02,1.898507041353137e-09
1.341850812068772e-02,1.895802437670670e-09
1.354630343612284e-02,1.893127027010420e-09
1.367409875155796e-02,1.890480199424959e-09
1.380189406699308e-02,1.887861344966861e-09
1.392968938242821e-02,1.885269853688699e-09
1.405748469786333e-02,1.882705141415138e-09
1.418528001329845e-02,1.880166727060698e-09
1.431307532873357e-02,1.877654155312741e-09
1.444087064416869e-02,1.875166970858625e-09
1.456866595960381e-02,1.872704718385710e-09
1.469646127503893e-02,1.870266942581356e-09
1.482425659047405e-02,1.867853188132923e-09
1.495205190590917e-02,1.865462999727771e-09
1.507984722134430e-02,1.863095922053258e-09
1.520764253677942e-02,1.860751499796745e-09
1.533543785221454e-02,1.858429294971783e-09
1.546323316764966e-02,1.856128938892558e-09
1.559102848308478e-02,1.853850080197384e-09
1.571882379851990e-02,1.851592367524574e-09
1.584661911395502e-02,1.849355449512444e-09
1.597441442939014e-02,1.847138974799306e-09
1.610220974482527e-02,1.844942592023474e-09
1.623000506026039e-02,1.842765949823264e-09
1.635780037569551e-02,1.840608696836987e-09
1.648559569113063e-02,1.838470481702960e-09
1.661339100656575e-02,1.836350965909869e-09
1.674118632200087e-02,1.834249862353101e-09
1.686898163743599e-02,1.832166896781017e-09
1.699677695287111e-02,1.830101794941978e-09
1.712457226830624e-02,1.828054282584343e-09
1.725236758374135e-02,1.826024085456475e-09
1.738016289917648e-02,1.824010929306733e-09
1.750795821461160e-02,1.822014539883479e-09
1.763575353004672e-02,1.820034642935072e-09
1.776354884548184e-02,1.818070964209874e-09
1.789134416091696e-02,1.816123238430521e-09
1.801913947635208e-02,1.814191236217732e-09
1.814693479178720e-02,1.812274737166985e-09
1.827473010722232e-02,1.810373520873760e-09
1.840252542265745e-02,1.808487366933536e-09
1.853032073809257e-02,1.806616054941794e-09
1.865811605352769e-02,1.804759364494013e-09
1.878591136896281e-02,1.802917075185674e-09
1.891370668439793e-02,1.801088966612255e-09
1.904150199983305e-02,1.799274818369236e-09
1.916929731526817e-02,1.797474417338054e-09
1.929709263070329e-02,1.795687579542595e-09
1.942488794613842e-02,1.793914128292020e-09
1.955268326157353e-02,1.792153886895488e-09
1.968047857700866e-02,1.790406678662159e-09
1.980827389244378e-02,1.788672326901193e-09
1.993606920787890e-02,1.786950654921749e-09
2.006386452331402e-02,1.785241486032988e-09
2.019165983874914e-02,1.783544643544068e-09
2.031945515418426e-02,1.781859950764149e-09
2.044725046961939e-02,1.780187235929868e-09
2.057504578505450e-02,1.778526346990015e-09
2.070284110048963e-02,1.776877136821973e-09
2.083063641592475e-02,1.775239458303131e-09
2.095843173135987e-02,1.773613164310874e-09
2.108622704679499e-02,1.771998107722588e-09
2.121402236223011e-02,1.770394141415661e-09
2.134181767766523e-02,1.768801118267478e-09
2.146961299310035e-02,1.767218891155426e-09
2.159740830853547e-02,1.765647312956892e-09
2.172520362397060e-02,1.764086240962587e-09
2.185299893940572e-02,1.762535550117229e-09
2.198079425484084e-02,1.760995119779212e-09
2.210858957027596e-02,1.759464829306931e-09
2.223638488571108e-02,1.757944558058779e-09
2.236418020114620e-02,1.756434185393151e-09
2.249197551658132e-02,1.754933590668440e-09
2.261977083201644e-02,1.753442653243041e-09
2.274756614745157e-02,1.751961252475347e-09
2.287536146288669e-02,1.750489267723754e-09
2.300315677832181e-02,1.749026581473157e-09
2.313095209375693e-02,1.747573088714029e-09
2.325874740919205e-02,1.746128687563133e-09
2.338654272462717e-02,1.744693276137228e-09
2.351433804006229e-02,1.743266752553076e-09
2.364213335549741e-02,1.741849014927438e-09
2.376992867093253e-02,1.740439961377076e-09
2.389772398636766e-02,1.739039490018750e-09
2.402551930180278e-02,1.737647498969221e-09
2.415331461723790e-02,1.736263886345250e-09
2.428110993267302e-02,1.734888552815667e-09
2.440890524810814e-02,1.733521409256464e-09
2.453670056354326e-02,1.732162369095151e-09
2.466449587897838e-02,1.730811345759234e-09
2.479229119441350e-02,1.729468252676223e-09
2.492008650984863e-02,1.728133003273625e-09
2.504788182528375e-02,1.726805510978949e-09
2.517567714071887e-02,1.725485689219703e-09
2.530347245615399e-02,1.724173451423395e-09
2.543126777158911e-02,1.722868711017532e-09
2.555906308702423e-02,1.721571383674706e-09
2.568685840245935e-02,1.720281394048302e-09
2.581465371789447e-02,1.718998669037022e-09
2.594244903332960e-02,1.717723135539570e-09
2.607024434876471e-02,1.716454720454648e-09
2.619803966419984e-02,1.715193350680958e-09
2.632583497963496e-02,1.713938953117205e-09
2.645363029507008e-02,1.712691454662089e-09
2.658142561050520e-02,1.711450782214314e-09
2.670922092594032e-02,1.710216862672583e-09
2.683701624137544e-02,1.708989624508334e-09
2.696481155681056e-02,1.707769002483811e-09
2.709260687224568e-02,1.706554932933926e-09
2.722040218768081e-02,1.705347352193590e-09
2.734819750311593e-02,1.704146196597716e-09
2.747599281855105e-02,1.702951402481215e-09
2.760378813398617e-02,1.701762906178999e-09
2.773158344942129e-02,1.700580644025979e-09
2.785937876485641e-02,1.699404552357067e-09
2.798717408029153e-02,1.698234567507175e-09
2.811496939572665e-02,1.697070627231708e-09
2.824276471116178e-02,1.695912674967509e-09
2.837056002659689e-02,1.694760655571639e-09
2.849835534203202e-02,1.693614513901163e-09
2.862615065746714e-02,1.692474194813142e-09
2.875394597290226e-02,1.691339643164642e-09
2.888174128833738e-02,1.690210803812725e-09
2.900953660377250e-02,1.689087621614453e-09
2.913733191920762e-02,1.687970041426891e-09
2.926512723464274e-02,1.686858008107102e-09
2.939292255007787e-02,1.685751467774169e-09
2.952071786551299e-02,1.684650371595586e-09
2.964851318094811e-02,1.683554672001033e-09
2.977630849638323e-02,1.682464321420189e-09
2.990410381181835e-02,1.681379272282731e-09
3.003189912725347e-02,1.680299477018338e-09
3.015969444268859e-02,1.679224888056690e-09
3.028748975812371e-02,1.678155457827465e-09
3.041528507355883e-02,1.677091138760341e-09
3.054308038899396e-02,1.676031883284998e-09
3.067087570442908e-02,1.674977644724406e-09
3.079867101986420e-02,1.673928379974674e-09
3.092646633529932e-02,1.672884046825183e-09
3.105426165073444e-02,1.671844603065317e-09
3.118205696616956e-02,1.670810006484460e-09
3.130985228160468e-02,1.669780214871995e-09
3.143764759703981e-02,1.668755186017305e-09
3.156544291247493e-02,1.667734877709773e-09
3.169323822791005e-02,1.666719247738783e-09
3.182103354334517e-02,1.665708253893717e-09
3.194882885878029e-02,1.664701854810794e-09
3.207662417421541e-02,1.663700012513277e-09
3.220441948965053e-02,1.662702689871127e-09
3.233221480508566e-02,1.661709849754301e-09
3.246001012052077e-02,1.660721455032758e-09
3.258780543595589e-02,1.659737468576457e-09
3.271560075139102e-02,1.658757853255355e-09
3.284339606682614e-02,1.657782571939412e-09
3.297119138226126e-02,1.656811587498586e-09
3.309898669769638e-02,1.655844862802834e-09
3.322678201313150e-02,1.654882361521203e-09
3.335457732856662e-02,1.653924050519332e-09
3.348237264400174e-02,1.652969897462070e-09
3.361016795943687e-02,1.652019870014266e-09
3.373796327487198e-02,1.651073935840772e-09
3.386575859030710e-02,1.650132062606437e-09
3.399355390574223e-02,1.649194217976110e-09
3.412134922117735e-02,1.648260369614640e-09
3.424914453661247e-02,1.647330485186879e-09
3.437693985204759e-02,1.646404532357675e-09
3.450473516748271e-02,1.645482479178979e-09
3.463253048291783e-02,1.644564295251148e-09
3.476032579835295e-02,1.643649950561643e-09
3.488812111378808e-02,1.642739415097923e-09
3.501591642922319e-02,1.641832658847449e-09
3.514371174465832e-02,1.640929651797682e-09
3.527150706009344e-02,1.640030363936081e-09
3.539930237552856e-02,1.639134765250107e-09
3.552709769096368e-02,1.638242825727221e-09
3.565489300639881e-02,1.637354515354883e-09
3.578268832183392e-02,1.636469804908292e-09
3.591048363726904e-02,1.635588668313384e-09
3.603827895270417e-02,1.634711080283724e-09
3.616607426813929e-02,1.633837015532875e-09
3.629386958357441e-02,1.632966448774402e-09
3.642166489900953e-02,1.632099354721868e-09
3.654946021444465e-02,1.631235708088838e-09
3.667725552987977e-02,1.630375483588875e-09
3.680505084531489e-02,1.629518655935544e-09
3.693284616075002e-02,1.628665199842409e-09
3.706064147618514e-02,1.627815090295216e-09
3.718843679162025e-02,1.626968303368537e-09
3.731623210705538e-02,1.626124815409177e-09
3.744402742249050e-02,1.625284602763939e-09
3.757182273792562e-02,1.624447641779627e-09
3.769961805336074e-02,1.623613908803045e-09
3.782741336879586e-02,1.622783380180996e-09
3.795520868423098e-02,1.621956032260285e-09
3.808300399966610e-02,1.621131841387716e-09
3.821079931510123e-02,1.620310783910091e-09
3.833859463053635e-02,1.619492836532236e-09
3.846638994597146e-02,1.618677977391085e-09
3.859418526140659e-02,1.617866184981602e-09
3.872198057684171e-02,1.617057437798754e-09
3.884977589227683e-02,1.616251714337506e-09
3.897757120771195e-02,1.615448993092823e-09
3.910536652314707e-02,1.614649252559672e-09
3.923316183858219e-02,1.613852471233018e-09
3.936095715401731e-02,1.613058627607827e-09
3.948875246945244e-02,1.612267700179064e-09
3.961654778488756e-02,1.611479667933912e-09
3.974434310032268e-02,1.610694511828305e-09
3.987213841575780e-02,1.609912213310339e-09
3.999993373119292e-02,1.609132753828108e-09
4.012772904662804e-02,1.608356114829705e-09
4.025552436206317e-02,1.607582277763227e-09
4.038331967749829e-02,1.606811224076766e-09
4.051111499293340e-02,1.606042935218419e-09
4.063891030836853e-02,1.605277392636279e-09
4.076670562380365e-02,1.604514577778441e-09
4.089450093923877e-02,1.603754472267038e-09
4.102229625467389e-02,1.602997058420437e-09
4.115009157010902e-02,1.602242318731076e-09
4.127788688554413e-02,1.601490235691397e-09
4.140568220097925e-02,1.600740791793840e-09
4.153347751641438e-02,1.599993969530844e-09
4.166127283184950e-02,1.599249751394850e-09
4.178906814728462e-02,1.598508119878299e-09
4.191686346271974e-02,1.597769057473630e-09
4.204465877815486e-02,1.597032546673283e-09
4.217245409358998e-02,1.596298570290194e-09
4.230024940902510e-02,1.595567112419309e-09
4.242804472446023e-02,1.594838157476088e-09
4.255584003989534e-02,1.594111689875991e-09
4.268363535533046e-02,1.593387694034478e-09
4.281143067076559e-02,1.592666154367009e-09
4.293922598620071e-02,1.591947055289043e-09
4.306702130163583e-02,1.591230381216041e-09
4.319481661707095e-02,1.590516116563461e-09
4.332261193250607e-02,1.589804245746765e-09
4.345040724794119e-02,1.589094753369254e-09
4.357820256337631e-02,1.588387624785571e-09
4.370599787881144e-02,1.587682845538182e-09
4.383379319424656e-02,1.586980401169556e-09
4.396158850968167e-02,1.586280277222160e-09
4.408938382511680e-02,1.585582459238462e-09
4.421717914055192e-02,1.584886932760930e-09
4.434497445598704e-02,1.584193683332030e-09
4.447276977142216e-02,1.583502696494231e-09
4.460056508685728e-02,1.582813957790000e-09
4.472836040229240e-02,1.582127453006512e-09
4.485615571772752e-02,1.581443168909879e-09
4.498395103316265e-02,1.580761092510978e-09
4.511174634859777e-02,1.580081210820686e-09
4.523954166403289e-02,1.579403510849878e-09
4.536733697946801e-02,1.578727979609432e-09
4.549513229490313e-02,1.578054604110224e-09
4.562292761033825e-02,1.577383371363129e-09
4.575072292577338e-02,1.576714268379025e-09
4.587851824120850e-02,1.576047282168788e-09
4.600631355664361e-02,1.575382399948392e-09
4.613410887207874e-02,1.574719609754237e-09
4.626190418751386e-02,1.574058899827838e-09
4.638969950294898e-02,1.573400258410708e-09
4.651749481838410e-02,1.572743673744364e-09
4.664529013381922e-02,1.572089134070320e-09
4.677308544925434e-02,1.571436627630089e-09
4.690088076468946e-02,1.570786142665188e-09
4.702867608012459e-02,1.570137667417130e-09
4.715647139555971e-02,1.569491190127431e-09
4.728426671099482e-02,1.568846699033206e-09
4.741206202642995e-02,1.568204182353977e-09
4.753985734186507e-02,1.567563628304869e-09
4.766765265730019e-02,1.566925025101005e-09
4.779544797273531e-02,1.566288360957509e-09
4.792324328817044e-02,1.565653624089505e-09
4.805103860360555e-02,1.565020802712117e-09
4.817883391904067e-02,1.564389885040468e-09
4.830662923447580e-02,1.563760859289683e-09
4.843442454991092e-02,1.563133713674885e-09
4.856221986534604e-02,1.562508436962376e-09
4.869001518078116e-02,1.561885020122935e-09
4.881781049621628e-02,1.561263454678401e-09
4.894560581165140e-02,1.560643732150612e-09
4.907340112708652e-02,1.560025844061409e-09
4.920119644252165e-02,1.559409781932628e-09
4.932899175795677e-02,1.558795537286111e-09
4.945678707339188e-02,1.558183101643695e-09
4.958458238882701e-02,1.557572466527220e-09
4.971237770426213e-02,1.556963623458525e-09
4.984017301969725e-02,1.556356562235536e-09
4.996796833513237e-02,1.555751265760159e-09
5.000000000000000e-02,1.555599823679351e-09
5.009576365056749e-02,1.555147715993659e-09
5.022355896600261e-02,1.554545901731021e-09
5.035135428143774e-02,1.553945815292140e-09
5.047914959687286e-02,1.553347449026230e-09
5.060694491230798e-02,1.552750795282505e-09
5.073474022774310e-02,1.552155846410179e-09
5.086253554317822e-02,1.551562594758467e-09
5.099033085861334e-02,1.550971032676582e-09
5.111812617404846e-02,1.550381152314547e-09
5.124592148948359e-02,1.549792945025636e-09
5.137371680491870e-02,1.549206401963939e-09
5.150151212035382e-02,1.548621514283547e-09
5.162930743578895e-02,1.548038273138549e-09
5.175710275122407e-02,1.547456669683035e-09
5.188489806665919e-02,1.546876695071097e-09
5.201269338209431e-02,1.546298340456824e-09
5.214048869752943e-02,1.545721596994307e-09
5.226828401296455e-02,1.545146455837636e-09
5.239607932839967e-02,1.544572908272482e-09
5.252387464383480e-02,1.544000946110794e-09
5.265166995926992e-02,1.543430561296079e-09
5.277946527470503e-02,1.542861745771839e-09
5.290726059014016e-02,1.542294491481581e-09
5.303505590557528e-02,1.541728790368809e-09
5.316285122101040e-02,1.541164634377030e-09
5.329064653644552e-02,1.540602015449748e-09
5.341844185188065e-02,1.540040925530468e-09
5.354623716731576e-02,1.539481356562695e-09
5.367403248275088e-02,1.538923300545096e-09
5.380182779818601e-02,1.538366749696989e-09
5.392962311362113e-02,1.537811696292862e-09
5.405741842905625e-02,1.537258132607202e-09
5.418521374449137e-02,1.536706050914496e-09
5.431300905992649e-02,1.536155443489232e-09
5.444080437536161e-02,1.535606302605897e-09
5.456859969079673e-02,1.535058620538978e-09
5.469639500623186e-02,1.534512389562962e-09
5.482419032166697e-02,1.533967601952337e-09
5.495198563710210e-02,1.533424250205763e-09
5.507978095253722e-02,1.532882327718581e-09
5.520757626797234e-02,1.532341828110305e-09
5.533537158340746e-02,1.531802745000446e-09
5.546316689884258e-02,1.531265072008516e-09
5.559096221427770e-02,1.530728802754027e-09
5.571875752971282e-02,1.530193930856490e-09
5.584655284514795e-02,1.529660449935418e-09
5.597434816058307e-02,1.529128353610323e-09
5.610214347601819e-02,1.528597635500716e-09
5.622993879145331e-02,1.528068289156673e-09
5.635773410688843e-02,1.527540307850549e-09
5.648552942232355e-02,1.527013684785275e-09
5.661332473775867e-02,1.526488413163779e-09
5.674112005319380e-02,1.525964486188993e-09
5.686891536862891e-02,1.525441897063845e-09
5.699671068406403e-02,1.524920638991266e-09
5.712450599949916e-02,1.524400705174185e-09
5.725230131493428e-02,1.523882088815534e-09
5.738009663036940e-02,1.523364783118241e-09
5.750789194580452e-02,1.522848781443010e-09
5.763568726123964e-02,1.522334077781685e-09
5.776348257667476e-02,1.521820666283906e-09
5.789127789210988e-02,1.521308541099317e-09
5.801907320754501e-02,1.520797696377558e-09
5.814686852298013e-02,1.520288126268272e-09
5.827466383841524e-02,1.519779824921099e-09
5.840245915385037e-02,1.519272786485683e-09
5.853025446928549e-02,1.518767005111664e-09
5.865804978472061e-02,1.518262474948684e-09
5.878584510015573e-02,1.517759190193341e-09
5.891364041559085e-02,1.517257145230056e-09
5.904143573102597e-02,1.516756334490208e-09
5.916923104646109e-02,1.516256752405175e-09
5.929702636189622e-02,1.515758393406334e-09
5.942482167733134e-02,1.515261251925064e-09
5.955261699276646e-02,1.514765322392742e-09
5.968041230820158e-02,1.514270599240747e-09
5.980820762363670e-02,1.513777076900457e-09
5.993600293907182e-02,1.513284749803249e-09
6.006379825450694e-02,1.512793612393230e-09
6.019159356994207e-02,1.512303659165410e-09
6.031938888537718e-02,1.511814884627527e-09
6.044718420081231e-02,1.511327283287318e-09
6.057497951624743e-02,1.510840849652521e-09
6.070277483168255e-02,1.510355578230872e-09
6.083057014711767e-02,1.509871463530108e-09
6.095836546255279e-02,1.509388500057968e-09
6.108616077798791e-02,1.508906682322188e-09
6.121395609342303e-02,1.508426004830505e-09
6.134175140885816e-02,1.507946462248629e-09
6.146954672429328e-02,1.507468049874216e-09
6.159734203972840e-02,1.506990763162924e-09
6.172513735516352e-02,1.506514597570413e-09
6.185293267059864e-02,1.506039548552338e-09
6.198072798603376e-02,1.505565611564358e-09
6.210852330146888e-02,1.505092782062132e-09
6.223631861690401e-02,1.504621055501317e-09
6.236411393233912e-02,1.504150427337571e-09
6.249190924777424e-02,1.503680893026551e-09
6.261970456320937e-02,1.503212448003416e-09
6.274749987864449e-02,1.502745087621321e-09
6.287529519407961e-02,1.502278807212917e-09
6.300309050951473e-02,1.501813602110860e-09
6.313088582494986e-02,1.501349467647803e-09
6.325868114038498e-02,1.500886399156398e-09
6.338647645582010e-02,1.500424391969301e-09
6.351427177125522e-02,1.499963441419163e-09
6.364206708669033e-02,1.499503542838640e-09
6.376986240212545e-02,1.499044691560383e-09
6.389765771756058e-02,1.498586882935504e-09
6.402545303299570e-02,1.498130112388934e-09
6.415324834843082e-02,1.497674375364061e-09
6.428104366386594e-02,1.497219667304271e-09
6.440883897930107e-02,1.496765983652952e-09
6.453663429473619e-02,1.496313319853490e-09
6.466442961017131e-02,1.495861671349271e-09
6.479222492560642e-02,1.495411033583683e-09
6.492002024104154e-02,1.494961402000113e-09
6.504781555647667e-02,1.494512772041946e-09
6.517561087191179e-02,1.494065139273719e-09
6.530340618734691e-02,1.493618499744604e-09
6.543120150278203e-02,1.493172849624949e-09
6.555899681821716e-02,1.492728185085101e-09
6.568679213365228e-02,1.492284502295405e-09
6.581458744908740e-02,1.491841797426210e-09
6.594238276452252e-02,1.491400066647862e-09
6.607017807995763e-02,1.490959306130708e-09
6.619797339539275e-02,1.490519512045095e-09
6.632576871082788e-02,1.490080680561369e-09
6.645356402626300e-02,1.489642807791504e-09
6.658135934169812e-02,1.489205889613975e-09
6.670915465713324e-02,1.488769921848877e-09
6.683694997256837e-02,1.488334900316308e-09
6.696474528800349e-02,1.487900820836363e-09
6.709254060343861e-02,1.487467679229142e-09
6.722033591887373e-02,1.487035471314740e-09
6.734813123430886e-02,1.486604192913254e-09
6.747592654974396e-02,1.486173839844781e-09
6.760372186517909e-02,1.485744407929417e-09
6.773151718061421e-02,1.485315893189601e-09
6.785931249604933e-02,1.484888292457095e-09
6.798710781148445e-02,1.484461602765984e-09
6.811490312691958e-02,1.484035821150355e-09
6.824269844235470e-02,1.483610944644293e-09
6.837049375778982e-02,1.483186970281883e-09
6.849828907322494e-02,1.482763895097212e-09
6.862608438866007e-02,1.482341716124365e-09
6.875387970409517e-02,1.481920430397428e-09
6.888167501953030e-02,1.481500034950485e-09
6.900947033496542e-02,1.481080526644518e-09
6.913726565040054e-02,1.480661901648005e-09
6.926506096583566e-02,1.480244155956279e-09
6.939285628127079e-02,1.479827285564670e-09
6.952065159670591e-02,1.479411286468513e-09
6.964844691214103e-02,1.478996154663138e-09
6.977624222757615e-02,1.478581886143880e-09
6.990403754301128e-02,1.478168476906070e-09
7.003183285844640e-02,1.477755922945040e-09
7.015962817388151e-02,1.477344220256123e-09
7.028742348931663e-02,1.476933365027915e-09
7.041521880475175e-02,1.476523354222104e-09
7.054301412018688e-02,1.476114184993658e-09
7.067080943562200e-02,1.475705854497543e-09
7.079860475105712e-02,1.475298359888728e-09
7.092640006649224e-02,1.474891698322181e-09
7.105419538192737e-02,1.474485866952870e-09
7.118199069736249e-02,1.474080862935762e-09
7.130978601279761e-02,1.473676683425825e-09
7.152277820518949e-02,1.473004875420175e-09
7.173577039758135e-02,1.472335336444718e-09
7.194876258997322e-02,1.471668052362030e-09
7.216175478236508e-02,1.471003008841487e-09
7.237474697475696e-02,1.470340191552462e-09
7.258773916714882e-02,1.469679586164330e-09
7.280073135954070e-02,1.469021178346466e-09
7.301372355193256e-02,1.468364953768243e-09
7.322671574432443e-02,1.467710898099037e-09
7.343970793671629e-02,1.467058997008222e-09
7.365270012910817e-02,1.466409236165171e-09
7.386569232150003e-02,1.465761601535566e-09
7.407868451389191e-02,1.465116080270304e-09
7.429167670628377e-02,1.464472659816588e-09
7.450466889867564e-02,1.463831327621621e-09
7.471766109106751e-02,1.463192071132605e-09
7.493065328345938e-02,1.462554877796744e-09
7.514364547585124e-02,1.461919735061239e-09
7.535663766824312e-02,1.461286630373293e-09
7.556962986063498e-02,1.460655551180110e-09
7.578262205302685e-02,1.460026484928892e-09
7.599561424541872e-02,1.459399419268348e-09
7.620860643781059e-02,1.458774342653192e-09
7.642159863020245e-02,1.458151243739634e-09
7.663459082259433e-02,1.457530111183882e-09
7.684758301498619e-02,1.456910933642145e-09
7.706057520737807e-02,1.456293699770633e-09
7.727356739976993e-02,1.455678398225555e-09
7.748655959216180e-02,1.455065017663120e-09
7.769955178455366e-02,1.454453546739537e-09
7.791254397694554e-02,1.453843974111015e-09
7.812553616933740e-02,1.453236288562598e-09
7.833852836172928e-02,1.452630479394644e-09
7.855152055412114e-02,1.452026536036330e-09
7.876451274651301e-02,1.451424447916834e-09
7.897750493890487e-02,1.450824204465333e-09
7.919049713129675e-02,1.450225795111006e-09
7.940348932368861e-02,1.449629209283030e-09
7.961648151608049e-02,1.449034436410583e-09
7.982947370847235e-02,1.448441465922842e-09
8.004246590086422e-02,1.447850287248987e-09
8.025545809325609e-02,1.447260889967718e-09
8.046845028564796e-02,1.446673264255875e-09
8.068144247803982e-02,1.446087400439837e-09
8.089443467043170e-02,1.445503288845985e-09
8.110742686282357e-02,1.444920919800700e-09
8.132041905521543e-02,1.444340283630362e-09
8.153341124760730e-02,1.443761370661351e-09
8.174640343999917e-02,1.443184171220047e-09
8.195939563239105e-02,1.442608675632831e-09
8.217238782478291e-02,1.442034874226084e-09
8.238538001717477e-02,1.441462757429143e-09
8.259837220956665e-02,1.440892316083190e-09
8.281136440195852e-02,1.440323541132367e-09
8.302435659435038e-02,1.439756423520822e-09
8.323734878674224e-02,1.439190954192699e-09
8.345034097913412e-02,1.438627124092142e-09
8.366333317152599e-02,1.438064924163296e-09
8.387632536391786e-02,1.437504345350307e-09
8.408931755630973e-02,1.436945378597318e-09
8.430230974870159e-02,1.436388014848475e-09
8.451530194109347e-02,1.435832245200642e-09
8.472829413348533e-02,1.435278061361566e-09
8.494128632587720e-02,1.434725455191717e-09
8.515427851826907e-02,1.434174418551561e-09
8.536727071066094e-02,1.433624943301566e-09
8.558026290305280e-02,1.433077021302202e-09
8.579325509544468e-02,1.432530644413935e-09
8.600624728783654e-02,1.431985804497235e-09
8.621923948022842e-02,1.431442493412569e-09
8.643223167262028e-02,1.430900703020405e-09
8.664522386501215e-02,1.430360425249510e-09
8.685821605740401e-02,1.429821652301840e-09
8.707120824979589e-02,1.429284376447647e-09
8.728420044218775e-02,1.428748589957181e-09
8.749719263457963e-02,1.428214285100694e-09
8.771018482697149e-02,1.427681454148438e-09
8.792317701936336e-02,1.427150089370663e-09
8.813616921175522e-02,1.426620183037622e-09
8.834916140414710e-02,1.426091727419565e-09
8.856215359653896e-02,1.425564714786745e-09
8.877514578893084e-02,1.425039137509596e-09
8.898813798132270e-02,1.424514988359270e-09
8.920113017371457e-02,1.423992260207092e-09
8.941412236610644e-02,1.423470945924389e-09
8.962711455849831e-02,1.422951038382486e-09
8.984010675089017e-02,1.422432530452709e-09
9.005309894328205e-02,1.421915415006383e-09
9.026609113567391e-02,1.421399684914834e-09
9.047908332806578e-02,1.420885333049388e-09
9.069207552045766e-02,1.420372352281370e-09
9.090506771284952e-02,1.419860735569941e-09
9.111805990524138e-02,1.419350476225627e-09
9.133105209763326e-02,1.418841567646798e-09
9.154404429002513e-02,1.418334003231828e-09
9.175703648241700e-02,1.417827776379087e-09
9.197002867480886e-02,1.417322880486948e-09
9.218302086720073e-02,1.416819308953781e-09
9.239601305959261e-02,1.416317055177959e-09
9.260900525198447e-02,1.415816112557853e-09
9.282199744437633e-02,1.415316474491836e-09
9.303498963676821e-02,1.414818134494483e-09
9.324798182916008e-02,1.414321086545209e-09
9.346097402155194e-02,1.413825324739641e-09
9.367396621394380e-02,1.413330843173407e-09
9.388695840633568e-02,1.412837635942134e-09
9.409995059872756e-02,1.412345697141450e-09
9.431294279111942e-02,1.411855020866982e-09
9.452593498351128e-02,1.411365601214357e-09
9.473892717590315e-02,1.410877432279204e-09
9.495191936829503e-02,1.410390508157149e-09
9.516491156068689e-02,1.409904822918120e-09
9.537790375307875e-02,1.409420370529234e-09
9.559089594547063e-02,1.408937144931909e-09
9.580388813786250e-02,1.408455140067564e-09
9.601688033025436e-02,1.407974349877615e-09
9.622987252264624e-02,1.407494768303480e-09
9.644286471503810e-02,1.407016389286578e-09
9.665585690742998e-02,1.406539206768324e-09
9.686884909982184e-02,1.406063214690138e-09
9.708184129221371e-02,1.405588406993436e-09
9.729483348460558e-02,1.405114777834895e-09
9.750782567699745e-02,1.404642322232213e-09
9.772081786938931e-02,1.404171035418339e-09
9.793381006178119e-02,1.403700912626223e-09
9.814680225417305e-02,1.403231949088815e-09
9.835979444656492e-02,1.402764140039063e-09
9.857278663895679e-02,1.402297480709916e-09
9.878577883134866e-02,1.401831966334325e-09
9.899877102374052e-02,1.401367592145239e-09
9.921176321613240e-02,1.400904353375607e-09
9.942475540852426e-02,1.400442245094753e-09
9.963774760091614e-02,1.399981261717535e-09
9.985073979330800e-02,1.399521397495201e-09
1.000637319857000e-01,1.399062646678997e-09
1.002767241780920e-01,1.398605003520171e-09
1.004897163704840e-01,1.398148462269971e-09
1.007027085628750e-01,1.397693017179646e-09
1.009157007552670e-01,1.397238662500439e-09
1.011286929476590e-01,1.396785392483600e-09
1.013416851400510e-01,1.396333201380376e-09
1.015546773324430e-01,1.395882083705198e-09
1.017676695248350e-01,1.395432035025450e-09
1.019806617172270e-01,1.394983051171807e-09
1.021936539096190e-01,1.394535127974947e-09
1.024066461020100e-01,1.394088261265548e-09
1.026196382944020e-01,1.393642446874283e-09
1.028326304867940e-01,1.393197680631830e-09
1.030456226791860e-01,1.392753958368867e-09
1.032586148715780e-01,1.392311275916071e-09
1.034716070639700e-01,1.391869629104116e-09
1.036845992563620e-01,1.391429013661034e-09
1.038975914487540e-01,1.390989424904303e-09
1.041105836411450e-01,1.390550858048777e-09
1.043235758335370e-01,1.390113308309304e-09
1.045365680259290e-01,1.389676770900737e-09
1.047495602183210e-01,1.389241241037931e-09
1.049625524107130e-01,1.388806713935735e-09
1.051755446031050e-01,1.388373184809003e-09
1.053885367954970e-01,1.387940648872586e-09
1.056015289878880e-01,1.387509101341339e-09
1.058145211802800e-01,1.387078537643226e-09
1.060275133726720e-01,1.386648954058342e-09
1.062405055650640e-01,1.386220347079720e-09
1.064534977574560e-01,1.385792713200397e-09
1.066664899498480e-01,1.385366048913406e-09
1.068794821422400e-01,1.384940350711783e-09
1.070924743346320e-01,1.384515615088563e-09
1.073054665270230e-01,1.384091838536783e-09
1.075184587194150e-01,1.383669017549472e-09
1.077314509118070e-01,1.383247148619670e-09
1.079444431041990e-01,1.382826228093081e-09
1.081574352965910e-01,1.382406251725693e-09
1.083704274889830e-01,1.381987215125962e-09
1.085834196813750e-01,1.381569113902343e-09
1.087964118737660e-01,1.381151943663292e-09
1.090094040661580e-01,1.380735700017262e-09
1.092223962585500e-01,1.380320378572709e-09
1.094353884509420e-01,1.379905974938089e-09
1.096483806433340e-01,1.379492484721856e-09
1.098613728357260e-01,1.379079903532466e-09
1.100743650281180e-01,1.378668227137363e-09
1.102873572205100e-01,1.378257451940187e-09
1.105003494129010e-01,1.377847574503692e-09
1.107133416052930e-01,1.377438591390623e-09
1.109263337976850e-01,1.377030499163735e-09
1.111393259900770e-01,1.376623294385777e-09
1.113523181824690e-01,1.376216973619501e-09
1.115653103748610e-01,1.375811533427658e-09
1.117783025672530e-01,1.375406970372998e-09
1.119912947596450e-01,1.375003281018272e-09
1.122042869520360e-01,1.374600461926825e-09
1.124172791444280e-01,1.374198509664357e-09
1.126302713368200e-01,1.373797420797166e-09
1.128432635292120e-01,1.373397191891549e-09
1.130562557216040e-01,1.372997819513802e-09
1.132692479139960e-01,1.372599300230220e-09
1.134822401063880e-01,1.372201630607101e-09
1.136952322987790e-01,1.371804807210741e-09
1.139082244911710e-01,1.371408826607434e-09
1.141212166835630e-01,1.371013685363478e-09
1.143342088759550e-01,1.370619380079337e-09
1.145472010683470e-01,1.370225907492123e-09
1.147601932607390e-01,1.369833264373099e-09
1.149731854531310e-01,1.369441447493529e-09
1.151861776455230e-01,1.369050453624677e-09
1.153991698379140e-01,1.368660279537808e-09
1.156121620303060e-01,1.368270922004183e-09
1.158251542226980e-01,1.367882377795067e-09
1.160381464150900e-01,1.367494643681725e-09
1.162511386074820e-01,1.367107716435419e-09
1.164641307998740e-01,1.366721592826568e-09
1.166771229922660e-01,1.366336269622208e-09
1.168901151846570e-01,1.365951743588533e-09
1.171031073770490e-01,1.365568011491729e-09
1.173160995694410e-01,1.365185070097990e-09
1.175290917618330e-01,1.364802916173508e-09
1.177420839542250e-01,1.364421546484473e-09
1.179550761466170e-01,1.364040957797077e-09
1.181680683390090e-01,1.363661146877511e-09
1.183810605314010e-01,1.363282110491966e-09
1.185940527237920e-01,1.362903845536957e-09
1.188070449161840e-01,1.362526349430560e-09
1.190200371085760e-01,1.362149619721325e-09
1.192330293009680e-01,1.361773653957798e-09
1.194460214933600e-01,1.361398449688527e-09
1.196590136857520e-01,1.361024004462058e-09
1.198720058781440e-01,1.360650315826939e-09
1.200849980705360e-01,1.360277381331715e-09
1.202979902629270e-01,1.359905198524937e-09
1.205109824553190e-01,1.359533764955147e-09
1.207239746477110e-01,1.359163078048099e-09
1.209369668401030e-01,1.358793134738244e-09
1.211499590324950e-01,1.358423931837177e-09
1.213629512248870e-01,1.358055466156495e-09
1.215759434172790e-01,1.357687734507791e-09
1.217889356096700e-01,1.357320733702665e-09
1.220019278020620e-01,1.356954460552706e-09
1.222149199944540e-01,1.356588911869513e-09
1.224279121868460e-01,1.356224084464681e-09
1.226409043792380e-01,1.355859975149806e-09
1.228538965716300e-01,1.355496580881275e-09
1.230668887640220e-01,1.355133899194614e-09
1.232798809564140e-01,1.354771927770124e-09
1.234928731488050e-01,1.354410664288106e-09
1.237058653411970e-01,1.354050106428858e-09
1.239188575335890e-01,1.353690251872682e-09
1.241318497259810e-01,1.353331098299878e-09
1.243448419183730e-01,1.352972643390746e-09
1.245578341107650e-01,1.352614884825587e-09
1.247708263031570e-01,1.352257820284703e-09
1.249838184955480e-01,1.351901447377367e-09
1.251968106879400e-01,1.351545763428857e-09
1.254098028803320e-01,1.351190765693477e-09
1.256227950727240e-01,1.350836451425533e-09
1.258357872651160e-01,1.350482817879330e-09
1.260487794575080e-01,1.350129862309173e-09
1.262617716499000e-01,1.349777581969365e-09
1.264747638422920e-01,1.349425974114213e-09
1.266877560346830e-01,1.349075035998023e-09
1.269007482270750e-01,1.348724764875095e-09
1.271137404194670e-01,1.348375158148889e-09
1.273267326118590e-01,1.348026213819061e-09
1.275397248042510e-01,1.347677930034218e-09
1.277527169966430e-01,1.347330304942966e-09
1.279657091890350e-01,1.346983336693910e-09
1.281787013814270e-01,1.346637023435658e-09
1.283916935738180e-01,1.346291363316817e-09
1.286046857662100e-01,1.345946354485989e-09
1.288176779586020e-01,1.345601995091784e-09
1.290306701509940e-01,1.345258283282806e-09
1.292436623433860e-01,1.344915217097766e-09
1.294566545357780e-01,1.344572794135602e-09
1.296696467281700e-01,1.344231011885265e-09
1.298826389205610e-01,1.343889867835704e-09
1.300956311129530e-01,1.343549359475868e-09
1.303086233053450e-01,1.343209484294706e-09
1.305216154977370e-01,1.342870239781169e-09
1.307346076901290e-01,1.342531623424207e-09
1.309475998825210e-01,1.342193632712770e-09
1.311605920749130e-01,1.341856265135806e-09
1.313735842673050e-01,1.341519518256087e-09
1.315865764596960e-01,1.341183389931707e-09
1.317995686520880e-01,1.340847878094592e-09
1.320125608444800e-01,1.340512980676673e-09
1.322255530368720e-01,1.340178695609880e-09
1.324385452292640e-01,1.339845020826142e-09
1.326515374216560e-01,1.339511954257389e-09
1.328645296140480e-01,1.339179493835551e-09
1.330775218064400e-01,1.338847637492557e-09
1.332905139988310e-01,1.338516383160338e-09
1.335035061912230e-01,1.338185728781682e-09
1.337164983836150e-01,1.337855672342809e-09
1.339294905760070e-01,1.337526211840799e-09
1.341424827683990e-01,1.337197345272727e-09
1.343554749607910e-01,1.336869070635670e-09
1.345684671531830e-01,1.336541385926704e-09
1.347814593455740e-01,1.336214289142909e-09
1.349944515379660e-01,1.335887778281358e-09
1.352074437303580e-01,1.335561851339130e-09
1.354204359227500e-01,1.335236506313300e-09
1.356334281151420e-01,1.334911741236320e-09
1.358464203075340e-01,1.334587554282065e-09
1.360594124999260e-01,1.334263943659747e-09
1.362724046923180e-01,1.333940907578579e-09
1.364853968847090e-01,1.333618444247775e-09
1.366983890771010e-01,1.333296551876545e-09
1.369113812694930e-01,1.332975228674103e-09
1.371243734618850e-01,1.332654472849661e-09
1.373373656542770e-01,1.332334282612433e-09
1.375503578466690e-01,1.332014656171632e-09
1.377633500390610e-01,1.331695591709507e-09
1.379763422314520e-01,1.331377087300400e-09
1.381893344238440e-01,1.331059140991652e-09
1.384023266162360e-01,1.330741750830609e-09
1.386153188086280e-01,1.330424914864618e-09
1.388283110010200e-01,1.330108631141021e-09
1.390413031934120e-01,1.329792897707165e-09
1.392542953858040e-01,1.329477712610395e-09
1.394672875781960e-01,1.329163073898054e-09
1.396802797705870e-01,1.328848979617490e-09
1.398932719629790e-01,1.328535427837712e-09
1.401062641553710e-01,1.328222416714430e-09
1.403192563477630e-01,1.327909944425032e-09
1.405322485401550e-01,1.327598009146906e-09
1.407452407325470e-01,1.327286609057440e-09
1.409582329249390e-01,1.326975742334023e-09
1.411712251173300e-01,1.326665407154043e-09
1.413842173097220e-01,1.326355601694887e-09
1.415972095021140e-01,1.326046324133944e-09
1.418102016945060e-01,1.325737572648601e-09
1.420231938868980e-01,1.325429345512320e-09
1.422361860792900e-01,1.325121641382842e-09
1.424491782716820e-01,1.324814459013978e-09
1.426621704640740e-01,1.324507797159537e-09
1.428751626564650e-01,1.324201654573329e-09
1.430881548488570e-01,1.323896030009163e-09
1.433011470412490e-01,1.323590922220848e-09
1.435141392336410e-01,1.323286329962195e-09
1.437271314260330e-01,1.322982251987014e-09
1.439401236184250e-01,1.322678687049114e-09
1.441531158108170e-01,1.322375633774635e-09
1.443661080032090e-01,1.322073090279214e-09
1.445791001956000e-01,1.321771054550904e-09
1.447920923879920e-01,1.321469524577750e-09
1.450050845803840e-01,1.321168498347808e-09
1.452180767727760e-01,1.320867973849127e-09
1.454310689651680e-01,1.320567949069760e-09
1.456440611575600e-01,1.320268421997757e-09
1.458570533499520e-01,1.319969390621169e-09
1.460700455423430e-01,1.319670852928049e-09
1.462830377347350e-01,1.319372807037163e-09
1.464960299271270e-01,1.319075251589815e-09
1.467090221195190e-01,1.318778185357860e-09
1.469220143119110e-01,1.318481607113151e-09
1.471350065043030e-01,1.318185515627542e-09
1.473479986966950e-01,1.317889909672886e-09
1.475609908890870e-01,1.317594788021036e-09
1.477739830814780e-01,1.317300149443847e-09
1.479869752738700e-01,1.317005992713172e-09
1.481999674662620e-01,1.316712316600863e-09
1.484129596586540e-01,1.316419119843285e-09
1.486259518510460e-01,1.316126401034776e-09
1.488389440434380e-01,1.315834158734149e-09
1.490519362358300e-01,1.315542391500220e-09
1.492649284282220e-01,1.315251097891802e-09
1.494779206206130e-01,1.314960276467714e-09
1.496909128130050e-01,1.314669925786765e-09
1.499039050053970e-01,1.314380044407772e-09
1.501168971977890e-01,1.314090630889551e-09
1.503298893901810e-01,1.313801683790915e-09
1.505428815825730e-01,1.313513201606974e-09
1.507558737749650e-01,1.313225182577975e-09
1.509688659673560e-01,1.312937624880445e-09
1.511818581597480e-01,1.312650526690904e-09
1.513948503521400e-01,1.312363886185877e-09
1.516078425445320e-01,1.312077701541888e-09
1.518208347369240e-01,1.311791970935460e-09
1.520338269293160e-01,1.311506692543116e-09
1.522468191217080e-01,1.311221864541382e-09
1.524598113141000e-01,1.310937485106780e-09
1.526728035064910e-01,1.310653552774861e-09
1.528857956988830e-01,1.310370067517044e-09
1.530987878912750e-01,1.310087029663662e-09
1.533117800836670e-01,1.309804439545050e-09
1.535247722760590e-01,1.309522297491539e-09
1.537377644684510e-01,1.309240603833463e-09
1.539507566608430e-01,1.308959358901153e-09
1.541637488532340e-01,1.308678563024946e-09
1.543767410456260e-01,1.308398216535169e-09
1.545897332380180e-01,1.308118319762159e-09
1.548027254304100e-01,1.307838871804408e-09
1.550157176228020e-01,1.307559866835361e-09
1.552287098151940e-01,1.307281297797779e-09
1.554417020075860e-01,1.307003157634420e-09
1.556546941999780e-01,1.306725439288044e-09
1.558676863923690e-01,1.306448135701411e-09
1.560806785847610e-01,1.306171239817277e-09
1.562936707771530e-01,1.305894744578404e-09
1.565066629695450e-01,1.305618642927551e-09
1.567196551619370e-01,1.305342927807476e-09
1.569326473543290e-01,1.305067596592012e-09
1.571456395467210e-01,1.304792664390484e-09
1.573586317391130e-01,1.304518150748889e-09
1.575716239315040e-01,1.304244075213226e-09
1.577846161238960e-01,1.303970457329489e-09
1.579976083162880e-01,1.303697316643678e-09
1.582106005086800e-01,1.303424672701790e-09
1.584235927010720e-01,1.303152545049822e-09
1.586365848934640e-01,1.302880953233774e-09
1.588495770858560e-01,1.302609916799641e-09
1.590625692782470e-01,1.302339439218067e-09
1.592755614706390e-01,1.302069459637514e-09
1.594885536630310e-01,1.301799901120712e-09
1.597015458554230e-01,1.301530686730388e-09
1.599145380478150e-01,1.301261739529272e-09
1.601275302402070e-01,1.300992982580092e-09
1.603405224325990e-01,1.300724338945576e-09
1.605535146249910e-01,1.300455731688453e-09
1.607665068173820e-01,1.300187083871453e-09
1.609794990097740e-01,1.299918318557301e-09
1.611924912021660e-01,1.299649418275275e-09
1.614054833945580e-01,1.299380603424155e-09
1.616184755869500e-01,1.299112153870929e-09
1.618314677793420e-01,1.298844349482583e-09
1.620444599717340e-01,1.298577470126104e-09
1.622574521641260e-01,1.298311795668480e-09
1.624704443565170e-01,1.298047605976698e-09
1.626834365489090e-01,1.297785180917742e-09
1.628964287413010e-01,1.297524800358602e-09
1.631094209336930e-01,1.297266744166263e-09
1.633224131260850e-01,1.297011171739131e-09
1.635354053184770e-01,1.296757760743339e-09
1.637483975108690e-01,1.296506068447457e-09
1.639613897032600e-01,1.296255652120057e-09
1.641743818956520e-01,1.296006069029709e-09
1.643873740880440e-01,1.295756876444984e-09
1.646003662804360e-01,1.295507631634452e-09
1.648133584728280e-01,1.295257891866685e-09
1.650263506652200e-01,1.295007214410253e-09
1.652393428576120e-01,1.294755156533727e-09
1.654523350500040e-01,1.294501395731066e-09
1.656653272423950e-01,1.294246090107575e-09
1.658783194347870e-01,1.293989517848880e-09
1.660913116271790e-01,1.293731957140615e-09
1.663043038195710e-01,1.293473686168410e-09
1.665172960119630e-01,1.293214983117894e-09
1.667302882043550e-01,1.292956126174700e-09
1.669432803967470e-01,1.292697393524456e-09
1.671562725891380e-01,1.292439063352796e-09
1.673692647815300e-01,1.292181413845347e-09
1.675822569739220e-01,1.291924664210507e-09
1.677952491663140e-01,1.291668797630689e-09
1.680082413587060e-01,1.291413738252530e-09
1.682212335510980e-01,1.291159410222668e-09
1.684342257434900e-01,1.290905737687741e-09
1.686472179358820e-01,1.290652644794386e-09
1.688602101282730e-01,1.290400055689243e-09
1.690732023206650e-01,1.290147894518946e-09
1.692861945130570e-01,1.289896085430136e-09
1.694991867054490e-01,1.289644552569450e-09
1.697121788978410e-01,1.289393235916310e-09
1.699251710902330e-01,1.289142138793144e-09
1.701381632826250e-01,1.288891280361093e-09
1.703511554750170e-01,1.288640679781299e-09
1.705641476674080e-01,1.288390356214908e-09
1.707771398598000e-01,1.288140328823057e-09
1.709901320521920e-01,1.287890616766891e-09
1.712031242445840e-01,1.287641239207552e-09
1.714161164369760e-01,1.287392215306182e-09
1.716291086293680e-01,1.287143564223924e-09
1.718421008217600e-01,1.286895300890993e-09
1.720550930141510e-01,1.286647423315953e-09
1.722680852065430e-01,1.286399925277468e-09
1.724810773989350e-01,1.286152800554203e-09
1.726940695913270e-01,1.285906042924824e-09
1.729070617837190e-01,1.285659646167995e-09
1.731200539761110e-01,1.285413604062382e-09
1.733330461685030e-01,1.285167910386650e-09
1.735460383608950e-01,1.284922558919464e-09
1.737590305532860e-01,1.284677543439489e-09
1.739720227456780e-01,1.284432858844707e-09
1.741850149380700e-01,1.284188504508449e-09
1.743980071304620e-01,1.283944480922402e-09
1.746109993228540e-01,1.283700788578249e-09
1.748239915152460e-01,1.283457427967678e-09
1.750369837076380e-01,1.283214399582373e-09
1.752499759000290e-01,1.282971703914022e-09
1.754629680924210e-01,1.282729341454307e-09
1.756759602848130e-01,1.282487312694916e-09
1.758889524772050e-01,1.282245618127534e-09
1.761019446695970e-01,1.282004257982460e-09
1.763149368619890e-01,1.281763231443748e-09
1.765279290543810e-01,1.281522537433716e-09
1.767409212467730e-01,1.281282174874682e-09
1.769539134391640e-01,1.281042142688964e-09
1.771669056315560e-01,1.280802439798877e-09
1.773798978239480e-01,1.280563065126740e-09
1.775928900163400e-01,1.280324017594872e-09
1.778058822087320e-01,1.280085296125588e-09
1.780188744011240e-01,1.279846899641208e-09
1.782318665935160e-01,1.279608827085317e-09
1.784448587859070e-01,1.279371077486614e-09
1.786578509782990e-01,1.279133649895073e-09
1.788708431706910e-01,1.278896543360679e-09
1.790838353630830e-01,1.278659756933409e-09
1.792968275554750e-01,1.278423289663245e-09
1.795098197478670e-01,1.278187140600166e-09
1.797228119402590e-01,1.277951308794152e-09
1.799358041326510e-01,1.277715793295184e-09
1.801487963250420e-01,1.277480593153243e-09
1.803617885174340e-01,1.277245707492499e-09
1.805747807098260e-01,1.277011135733921e-09
1.807877729022180e-01,1.276776877372676e-09
1.810007650946100e-01,1.276542931903931e-09
1.812137572870020e-01,1.276309298822854e-09
1.814267494793940e-01,1.276075977624613e-09
1.816397416717860e-01,1.275842967804374e-09
1.818527338641770e-01,1.275610268857307e-09
1.820657260565690e-01,1.275377880278576e-09
1.822787182489610e-01,1.275145801563351e-09
1.824917104413530e-01,1.274914032087393e-09
1.827047026337450e-01,1.274682570748956e-09
1.829176948261370e-01,1.274451416326950e-09
1.831306870185290e-01,1.274220567600287e-09
1.833436792109200e-01,1.273990023347876e-09
1.835566714033120e-01,1.273759782348625e-09
1.837696635957040e-01,1.273529843381446e-09
1.839826557880960e-01,1.273300205225249e-09
1.841956479804880e-01,1.273070866658944e-09
1.844086401728800e-01,1.272841826461440e-09
1.846216323652720e-01,1.272613083578655e-09
1.848346245576640e-01,1.272384637624157e-09
1.850476167500550e-01,1.272156488378333e-09
1.852606089424470e-01,1.271928635621567e-09
1.854736011348390e-01,1.271701079134247e-09
1.856865933272310e-01,1.271473818696759e-09
1.858995855196230e-01,1.271246854089489e-09
1.861125777120150e-01,1.271020185092823e-09
1.863255699044070e-01,1.270793811487149e-09
1.865385620967990e-01,1.270567733052852e-09
1.867515542891900e-01,1.270341949453339e-09
1.869645464815820e-01,1.270116459883850e-09
1.871775386739740e-01,1.269891263422518e-09
1.873905308663660e-01,1.269666359147481e-09
1.876035230587580e-01,1.269441746136873e-09
1.878165152511500e-01,1.269217423468829e-09
1.880295074435420e-01,1.268993390221484e-09
1.882424996359330e-01,1.268769645472975e-09
1.884554918283250e-01,1.268546188301435e-09
1.886684840207170e-01,1.268323017784999e-09
1.888814762131090e-01,1.268100133028828e-09
1.890944684055010e-01,1.267877533246213e-09
1.893074605978930e-01,1.267655217677478e-09
1.895204527902850e-01,1.267433185562950e-09
1.897334449826770e-01,1.267211436142957e-09
1.899464371750680e-01,1.266989968657826e-09
1.901594293674600e-01,1.266768782347881e-09
1.903724215598520e-01,1.266547876453449e-09
1.905854137522440e-01,1.266327250214858e-09
1.907984059446360e-01,1.266106902872435e-09
1.910113981370280e-01,1.265886833709178e-09
1.912243903294200e-01,1.265667042178765e-09
1.914373825218110e-01,1.265447527777541e-09
1.916503747142030e-01,1.265228290001847e-09
1.918633669065950e-01,1.265009328348028e-09
1.920763590989870e-01,1.264790642312427e-09
1.922893512913790e-01,1.264572231391388e-09
1.925023434837710e-01,1.264354095081254e-09
1.927153356761630e-01,1.264136232878368e-09
1.929283278685550e-01,1.263918644279075e-09
1.931413200609460e-01,1.263701328726294e-09
1.933543122533380e-01,1.263484285449329e-09
1.935673044457300e-01,1.263267513624108e-09
1.937802966381220e-01,1.263051012426554e-09
1.939932888305140e-01,1.262834781032591e-09
1.942062810229060e-01,1.262618818618144e-09
1.944192732152980e-01,1.262403124359138e-09
1.946322654076900e-01,1.262187697431497e-09
1.948452576000810e-01,1.261972537011147e-09
1.950582497924730e-01,1.261757642274010e-09
1.952712419848650e-01,1.261543012481126e-09
1.954842341772570e-01,1.261328647233753e-09
1.956972263696490e-01,1.261114546218145e-09
1.959102185620410e-01,1.260900709120553e-09
1.961232107544330e-01,1.260687135627234e-09
1.963362029468240e-01,1.260473825424439e-09
1.965491951392160e-01,1.260260778198421e-09
1.967621873316080e-01,1.260047993635433e-09
1.969751795240000e-01,1.259835471421729e-09
1.971881717163920e-01,1.259623211243563e-09
1.974011639087840e-01,1.259411212692404e-09
1.976141561011760e-01,1.259199474980441e-09
1.978271482935680e-01,1.258987997225004e-09
1.980401404859590e-01,1.258776778543425e-09
1.982531326783510e-01,1.258565818053031e-09
1.984661248707430e-01,1.258355114871154e-09
1.986791170631350e-01,1.258144668115123e-09
1.988921092555270e-01,1.257934476902270e-09
1.991051014479190e-01,1.257724540349924e-09
1.993180936403110e-01,1.257514857575415e-09
1.995310858327020e-01,1.257305427778960e-09
1.997440780250940e-01,1.257096250492350e-09
1.999570702174860e-01,1.256887325330277e-09
2.001700624098780e-01,1.256678651907433e-09
2.003830546022700e-01,1.256470229838512e-09
2.005960467946620e-01,1.256262058738205e-09
2.008090389870540e-01,1.256054138221205e-09
2.010220311794460e-01,1.255846467902204e-09
2.012350233718370e-01,1.255639047395896e-09
2.014480155642290e-01,1.255431876316970e-09
2.016610077566210e-01,1.255224954241327e-09
2.018739999490130e-01,1.255018280589719e-09
2.020869921414050e-01,1.254811854744123e-09
2.022999843337970e-01,1.254605676086515e-09
2.025129765261890e-01,1.254399743998871e-09
2.027259687185810e-01,1.254194057863168e-09
2.029389609109720e-01,1.253988617061382e-09
2.031519531033640e-01,1.253783420975488e-09
2.033649452957560e-01,1.253578468987463e-09
2.035779374881480e-01,1.253373760479283e-09
2.037909296805400e-01,1.253169294848470e-09
2.040039218729320e-01,1.252965071554686e-09
2.042169140653240e-01,1.252761090073126e-09
2.044299062577150e-01,1.252557349878982e-09
2.046428984501070e-01,1.252353850447445e-09
2.048558906424990e-01,1.252150591253709e-09
2.050688828348910e-01,1.251947571772967e-09
2.052818750272830e-01,1.251744791480410e-09
2.054948672196750e-01,1.251542249851232e-09
2.057078594120670e-01,1.251339946360624e-09
2.059208516044590e-01,1.251137880485306e-09
2.061338437968500e-01,1.250936051708104e-09
2.063468359892420e-01,1.250734459513367e-09
2.065598281816340e-01,1.250533103385449e-09
2.067728203740260e-01,1.250331982808702e-09
2.069858125664180e-01,1.250131097267479e-09
2.071988047588100e-01,1.249930446246132e-09
2.074117969512020e-01,1.249730029229014e-09
2.076247891435940e-01,1.249529845700476e-09
2.078377813359850e-01,1.249329895144873e-09
2.080507735283770e-01,1.249130177045152e-09
2.082637657207690e-01,1.248930690878652e-09
2.084767579131610e-01,1.248731436121308e-09
2.086897501055530e-01,1.248532412249054e-09
2.089027422979450e-01,1.248333618737826e-09
2.091157344903370e-01,1.248135055063559e-09
2.093287266827280e-01,1.247936720702187e-09
2.095417188751200e-01,1.247738615129645e-09
2.097547110675120e-01,1.247540737821866e-09
2.099677032599040e-01,1.247343088254788e-09
2.101806954522960e-01,1.247145665923088e-09
2.103936876446880e-01,1.246948470396428e-09
2.106066798370800e-01,1.246751501263208e-09
2.108196720294720e-01,1.246554758111833e-09
2.110326642218630e-01,1.246358240530705e-09
2.112456564142550e-01,1.246161948108226e-09
2.114586486066470e-01,1.245965880432799e-09
2.116716407990390e-01,1.245770037092826e-09
2.118846329914310e-01,1.245574417676711e-09
2.120976251838230e-01,1.245379021772857e-09
2.123106173762150e-01,1.245183848940923e-09
2.125236095686060e-01,1.244988898625645e-09
2.127366017609980e-01,1.244794170243032e-09
2.129495939533900e-01,1.244599663209097e-09
2.131625861457820e-01,1.244405376939852e-09
2.133755783381740e-01,1.244211310851309e-09
2.135885705305660e-01,1.244017464359480e-09
2.138015627229580e-01,1.243823836880377e-09
2.140145549153500e-01,1.243630427830011e-09
2.142275471077410e-01,1.243437236624395e-09
2.144405393001330e-01,1.243244262714613e-09
2.146535314925250e-01,1.243051505691952e-09
2.148665236849170e-01,1.242858965182726e-09
2.150795158773090e-01,1.242666640813248e-09
2.152925080697010e-01,1.242474532209831e-09
2.155055002620930e-01,1.242282638998788e-09
2.157184924544850e-01,1.242090960806433e-09
2.159314846468760e-01,1.241899497259080e-09
2.161444768392680e-01,1.241708247983041e-09
2.163574690316600e-01,1.241517212604630e-09
2.165704612240520e-01,1.241326390734649e-09
2.167834534164440e-01,1.241135781921824e-09
2.169964456088360e-01,1.240945385699358e-09
2.172094378012280e-01,1.240755201600452e-09
2.174224299936190e-01,1.240565229158310e-09
2.176354221860110e-01,1.240375467906131e-09
2.178484143784030e-01,1.240185917377118e-09
2.180614065707950e-01,1.239996577104474e-09
2.182743987631870e-01,1.239807446621400e-09
2.184873909555790e-01,1.239618525461097e-09
2.187003831479710e-01,1.239429813167179e-09
2.189133753403630e-01,1.239241309324899e-09
2.191263675327540e-01,1.239053013529927e-09
2.193393597251460e-01,1.238864925377929e-09
2.195523519175380e-01,1.238677044464575e-09
2.197653441099300e-01,1.238489370385530e-09
2.199783363023220e-01,1.238301902736464e-09
2.201913284947140e-01,1.238114641113044e-09
2.204043206871060e-01,1.237927585110939e-09
2.206173128794970e-01,1.237740734325817e-09
2.208303050718890e-01,1.237554088336590e-09
2.210432972642810e-01,1.237367646655172e-09
2.212562894566730e-01,1.237181408776726e-09
2.214692816490650e-01,1.236995374196418e-09
2.216822738414570e-01,1.236809542409411e-09
2.218952660338490e-01,1.236623912910872e-09
2.221082582262410e-01,1.236438485195962e-09
2.223212504186320e-01,1.236253258759849e-09
2.225342426110240e-01,1.236068233097694e-09
2.227472348034160e-01,1.235883407704664e-09
2.229602269958080e-01,1.235698782134379e-09
2.231732191882000e-01,1.235514356174174e-09
2.233862113805920e-01,1.235330129669784e-09
2.235992035729840e-01,1.235146102466943e-09
2.238121957653760e-01,1.234962274411386e-09
2.240251879577670e-01,1.234778645348847e-09
2.242381801501590e-01,1.234595215125060e-09
2.244511723425510e-01,1.234411983585759e-09
2.246641645349430e-01,1.234228950576679e-09
2.248771567273350e-01,1.234046115943555e-09
2.250901489197270e-01,1.233863479437908e-09
2.253031411121190e-01,1.233681040434183e-09
2.255161333045100e-01,1.233498798212498e-09
2.257291254969020e-01,1.233316752052969e-09
2.259421176892940e-01,1.233134901235713e-09
2.261551098816860e-01,1.232953245040847e-09
2.263681020740780e-01,1.232771782748489e-09
2.265810942664700e-01,1.232590513638756e-09
2.267940864588620e-01,1.232409436991765e-09
2.270070786512540e-01,1.232228552087633e-09
2.272200708436450e-01,1.232047858300628e-09
2.274330630360370e-01,1.231867355381730e-09
2.276460552284290e-01,1.231687043176127e-09
2.278590474208210e-01,1.231506921529008e-09
2.280720396132130e-01,1.231326990285559e-09
2.282850318056050e-01,1.231147249290969e-09
2.284980239979970e-01,1.230967698390425e-09
2.287110161903880e-01,1.230788337429117e-09
2.289240083827800e-01,1.230609166252230e-09
2.291370005751720e-01,1.230430184704953e-09
2.293499927675640e-01,1.230251392574053e-09
2.295629849599560e-01,1.230072789412614e-09
2.297759771523480e-01,1.229894374715304e-09
2.299889693447400e-01,1.229716147976786e-09
2.302019615371320e-01,1.229538108691726e-09
2.304149537295230e-01,1.229360256354790e-09
2.306279459219150e-01,1.229182590460642e-09
2.308409381143070e-01,1.229005110503948e-09
2.310539303066990e-01,1.228827815979374e-09
2.312669224990910e-01,1.228650706381584e-09
2.314799146914830e-01,1.228473781252887e-09
2.316929068838750e-01,1.228297040326103e-09
2.319058990762670e-01,1.228120483381663e-09
2.321188912686580e-01,1.227944110200001e-09
2.323318834610500e-01,1.227767920561549e-09
2.325448756534420e-01,1.227591914246738e-09
2.327578678458340e-01,1.227416091036001e-09
2.329708600382260e-01,1.227240450709771e-09
2.331838522306180e-01,1.227064993048480e-09
2.333968444230100e-01,1.226889717832560e-09
2.336098366154010e-01,1.226714624780162e-09
2.338228288077930e-01,1.226539713360459e-09
2.340358210001850e-01,1.226364982980422e-09
2.342488131925770e-01,1.226190433047020e-09
2.344618053849690e-01,1.226016062967225e-09
2.346747975773610e-01,1.225841872148005e-09
2.348877897697530e-01,1.225667859996331e-09
2.351007819621450e-01,1.225494025919173e-09
2.353137741545360e-01,1.225320369323502e-09
2.355267663469280e-01,1.225146889616285e-09
2.357397585393200e-01,1.224973586318377e-09
2.359527507317120e-01,1.224800459406372e-09
2.361657429241040e-01,1.224627508970856e-09
2.363787351164960e-01,1.224454735102415e-09
2.365917273088880e-01,1.224282137891634e-09
2.368047195012800e-01,1.224109717429100e-09
2.370177116936710e-01,1.223937473805398e-09
2.372307038860630e-01,1.223765407111112e-09
2.374436960784550e-01,1.223593517436829e-09
2.376566882708470e-01,1.223421804873134e-09
2.378696804632390e-01,1.223250269284943e-09
2.380826726556310e-01,1.223078909634337e-09
2.382956648480230e-01,1.222907724657651e-09
2.385086570404140e-01,1.222736713091223e-09
2.387216492328060e-01,1.222565873671387e-09
2.389346414251980e-01,1.222395205134480e-09
2.391476336175900e-01,1.222224706216838e-09
2.393606258099820e-01,1.222054375654798e-09
2.395736180023740e-01,1.221884212184694e-09
2.397866101947660e-01,1.221714214542865e-09
2.399996023871580e-01,1.221544382112259e-09
2.402125945795490e-01,1.221374716861915e-09
2.404255867719410e-01,1.221205221407299e-09
2.406385789643330e-01,1.221035898363879e-09
2.408515711567250e-01,1.220866750347121e-09
2.410645633491170e-01,1.220697779972492e-09
2.412775555415090e-01,1.220528989855458e-09
2.414905477339010e-01,1.220360382611487e-09
2.417035399262920e-01,1.220191960856046e-09
2.419165321186840e-01,1.220023727204600e-09
2.421295243110760e-01,1.219855682066733e-09
2.423425165034680e-01,1.219687817032479e-09
2.425555086958600e-01,1.219520121487983e-09
2.427685008882520e-01,1.219352584819392e-09
2.429814930806440e-01,1.219185196412852e-09
2.431944852730360e-01,1.219017945654506e-09
2.434074774654270e-01,1.218850821930503e-09
2.436204696578190e-01,1.218683814626985e-09
2.438334618502110e-01,1.218516913130099e-09
2.440464540426030e-01,1.218350106825991e-09
2.442594462349950e-01,1.218183393153443e-09
2.444724384273870e-01,1.218016801782644e-09
2.446854306197790e-01,1.217850370446851e-09
2.448984228121710e-01,1.217684136879322e-09
2.451114150045620e-01,1.217518138813314e-09
2.453244071969540e-01,1.217352413982085e-09
2.455373993893460e-01,1.217187000118892e-09
2.457503915817380e-01,1.217021934956992e-09
2.459633837741300e-01,1.216857256229643e-09
2.461763759665220e-01,1.216693001670103e-09
2.463893681589140e-01,1.216529178994670e-09
2.466023603513050e-01,1.216365675811151e-09
2.468153525436970e-01,1.216202349690064e-09
2.470283447360890e-01,1.216039058201928e-09
2.472413369284810e-01,1.215875658917264e-09
2.474543291208730e-01,1.215712009406589e-09
2.476673213132650e-01,1.215547967240422e-09
2.478803135056570e-01,1.215383389989282e-09
2.480933056980490e-01,1.215218135223688e-09
2.483062978904400e-01,1.215052060514160e-09
2.485192900828320e-01,1.214885135575630e-09
2.487322822752240e-01,1.214717778714023e-09
2.489452744676160e-01,1.214550520386341e-09
2.491582666600080e-01,1.214383891049590e-09
2.493712588524000e-01,1.214218421160772e-09
2.495842510447920e-01,1.214054641176890e-09
2.497972432371830e-01,1.213893081554948e-09
2.500102354295750e-01,1.213734272751950e-09
2.502232276219670e-01,1.213578745224899e-09
2.504362198143590e-01,1.213427029430798e-09
2.506492120067510e-01,1.213279237198793e-09
2.508622041991430e-01,1.213133806313865e-09
2.510751963915350e-01,1.212988756166736e-09
2.512881885839270e-01,1.212842106148132e-09
2.515011807763180e-01,1.212691875648774e-09
2.517141729687100e-01,1.212536084059386e-09
2.519271651611020e-01,1.212372750770692e-09
2.521401573534940e-01,1.212199895173415e-09
2.523531495458860e-01,1.212015536658279e-09
2.525661417382780e-01,1.211817694616007e-09
2.527791339306700e-01,1.211605950785479e-09
2.529921261230620e-01,1.211386132625358e-09
2.532051183154530e-01,1.211165628106585e-09
2.534181105078450e-01,1.210951825200096e-09
2.536311027002370e-01,1.210752111876831e-09
2.538440948926290e-01,1.210573876107729e-09
2.540570870850210e-01,1.210424505863728e-09
2.542700792774130e-01,1.210311389115767e-09
2.544830714698050e-01,1.210241913834786e-09
2.546960636621960e-01,1.210223467991722e-09
2.549090558545880e-01,1.210257615839915e-09
2.551220480469800e-01,1.210322614836492e-09
2.553350402393720e-01,1.210390892756556e-09
2.555480324317640e-01,1.210434877375207e-09
2.557610246241560e-01,1.210426996467545e-09
2.559740168165480e-01,1.210339677808670e-09
2.561870090089400e-01,1.210145349173683e-09
2.564000012013310e-01,1.209816438337687e-09
2.566129933937230e-01,1.209325373075779e-09
2.568259855861150e-01,1.208644581163060e-09
2.570389777785070e-01,1.207768231004218e-09
2.572519699708990e-01,1.206777471179199e-09
2.574649621632910e-01,1.205775199726893e-09
2.576779543556830e-01,1.204864314686186e-09
2.578909465480740e-01,1.204147714095969e-09
2.581039387404660e-01,1.203728295995122e-09
2.583169309328580e-01,1.203708958422537e-09
2.585299231252500e-01,1.204192599417103e-09
2.587429153176420e-01,1.205282117017705e-09
2.589559075100340e-01,1.207080409263233e-09
2.591688997024260e-01,1.209645219656308e-09
2.593818918948180e-01,1.212853692659088e-09
2.595948840872090e-01,1.216537827749241e-09
2.598078762796010e-01,1.220529624404488e-09
2.600208684719930e-01,1.224661082102498e-09
2.602338606643850e-01,1.228764200320954e-09
2.604468528567770e-01,1.232670978537545e-09
2.606598450491690e-01,1.236213416229956e-09
2.608728372415610e-01,1.239223512875873e-09
2.610858294339530e-01,1.241533267952979e-09
2.612988216263440e-01,1.243021111052294e-09
2.615118138187360e-01,1.243751115238558e-09
2.617248060111280e-01,1.243833745207982e-09
2.619377982035200e-01,1.243379465656790e-09
2.621507903959120e-01,1.242498741281201e-09
2.623637825883040e-01,1.241302036777436e-09
2.625767747806960e-01,1.239899816841718e-09
2.627897669730870e-01,1.238402546170274e-09
2.630027591654790e-01,1.236920689459310e-09
2.632157513578710e-01,1.235564711405055e-09
2.634287435502630e-01,1.234421749133212e-09
2.636417357426550e-01,1.233485565536251e-09
2.638547279350470e-01,1.232726563949586e-09
2.640677201274390e-01,1.232115147708633e-09
2.642807123198310e-01,1.231621720148806e-09
2.644937045122220e-01,1.231216684605522e-09
2.647066967046140e-01,1.230870444414190e-09
2.649196888970060e-01,1.230553402910229e-09
2.651326810893980e-01,1.230235963429052e-09
2.653456732817900e-01,1.229888529306075e-09
2.655586654741820e-01,1.229487756718951e-09
2.657716576665740e-01,1.229035322628513e-09
2.659846498589660e-01,1.228539161545826e-09
2.661976420513570e-01,1.228007207981956e-09
2.664106342437490e-01,1.227447396447964e-09
2.666236264361410e-01,1.226867661454918e-09
2.668366186285330e-01,1.226275937513882e-09
2.670496108209250e-01,1.225680159135921e-09
2.672626030133170e-01,1.225088260832101e-09
2.674755952057090e-01,1.224508177113486e-09
2.676885873981000e-01,1.223946166457194e-09
2.679015795904920e-01,1.223401782751808e-09
2.681145717828840e-01,1.222872903625596e-09
2.683275639752760e-01,1.222357406706823e-09
2.685405561676680e-01,1.221853169623755e-09
2.687535483600600e-01,1.221358070004658e-09
2.689665405524520e-01,1.220869985477796e-09
2.691795327448440e-01,1.220386793671435e-09
2.693925249372350e-01,1.219906372213844e-09
2.696055171296270e-01,1.219426598733282e-09
2.698185093220190e-01,1.218945799538973e-09
2.700315015144110e-01,1.218464095230993e-09
2.702444937068030e-01,1.217982054873918e-09
2.704574858991950e-01,1.217500247532323e-09
2.706704780915870e-01,1.217019242270786e-09
2.708834702839780e-01,1.216539608153884e-09
2.710964624763700e-01,1.216061914246188e-09
2.713094546687620e-01,1.215586729612277e-09
2.715224468611540e-01,1.215114623316727e-09
2.717354390535460e-01,1.214646164424113e-09
2.719484312459380e-01,1.214181803181996e-09
2.721614234383300e-01,1.213721514831224e-09
2.723744156307220e-01,1.213265155926275e-09
2.725874078231130e-01,1.212812583021627e-09
2.728004000155050e-01,1.212363652671754e-09
2.730133922078970e-01,1.211918221431133e-09
2.732263844002890e-01,1.211476145854241e-09
2.734393765926810e-01,1.211037282495556e-09
2.736523687850730e-01,1.210601487909554e-09
2.738653609774650e-01,1.210168618650711e-09
2.740783531698570e-01,1.209738557417023e-09
2.742913453622480e-01,1.209311291538051e-09
2.745043375546400e-01,1.208886834515624e-09
2.747173297470320e-01,1.208465199851575e-09
2.749303219394240e-01,1.208046401047737e-09
2.751433141318160e-01,1.207630451605943e-09
2.753563063242080e-01,1.207217365028025e-09
2.755692985166000e-01,1.206807154815815e-09
2.757822907089910e-01,1.206399834471147e-09
2.759952829013830e-01,1.205995417495849e-09
2.762082750937750e-01,1.205593930739726e-09
2.764212672861670e-01,1.205195454457316e-09
2.766342594785590e-01,1.204800082257557e-09
2.768472516709510e-01,1.204407907749387e-09
2.770602438633430e-01,1.204019024541745e-09
2.772732360557350e-01,1.203633526243569e-09
2.774862282481260e-01,1.203251506463800e-09
2.776992204405180e-01,1.202873058811372e-09
2.779122126329100e-01,1.202498276895227e-09
2.781252048253020e-01,1.202127254324301e-09
2.783381970176940e-01,1.201760004884091e-09
2.785511892100860e-01,1.201396223088019e-09
