7.791356504680618e-06,2.233435820848570e-09
8.610780621332552e-06,2.215223872868869e-09
9.516384324626089e-06,2.197091568686081e-09
1.051723120080771e-05,2.179039211540599e-09
1.162333806181051e-05,2.161067094004369e-09
1.284577519687474e-05,2.143175496945927e-09
1.419677716772344e-05,2.125364688227724e-09
1.568986525616830e-05,2.107634921846399e-09
1.733998278964274e-05,2.089986437753216e-09
1.916364469904539e-05,2.072419456507709e-09
2.117910280571951e-05,2.054934181361648e-09
2.340652849181556e-05,2.037530798790343e-09
2.586821458226360e-05,2.020209472973097e-09
2.858879845885812e-05,2.002970354597672e-09
3.159550863945590e-05,1.985813585418159e-09
3.491843729013453e-05,1.968739299772418e-09
3.859084139770492e-05,1.951747637163742e-09
4.264947561681323e-05,1.934838743243415e-09
4.713496012287843e-05,1.918012762761932e-09
5.209218715246060e-05,1.901269829352321e-09
5.757077029985334e-05,1.884610052630181e-09
6.362554106661115e-05,1.868033521671008e-09
7.031709763364645e-05,1.851540322821459e-09
7.771241134819200e-05,1.835130554119727e-09
8.588549699555374e-05,1.818804308214603e-09
9.491815356395940e-05,1.802561648642378e-09
1.049007829163263e-04,1.786402637931825e-09
1.159332945624905e-04,1.770327347277611e-09
1.281261055871622e-04,1.754335822029478e-09
1.416012457412214e-04,1.738428110382884e-09
1.564935787564811e-04,1.722604254178519e-09
1.729521521072439e-04,1.706864284944042e-09
1.911416887275217e-04,1.691208229942574e-09
2.112442356135248e-04,1.675636111619299e-09
2.334609858111876e-04,1.660147943874580e-09
2.580142920237960e-04,1.644743735871767e-09
2.851498919925769e-04,1.629423490959946e-09
3.151393679226079e-04,1.614187207398503e-09
3.482828645688079e-04,1.599034876535824e-09
3.849120931855259e-04,1.583966484784647e-09
4.253936514042669e-04,1.568982014884125e-09
4.701326922660057e-04,1.554081441480017e-09
5.195769791289974e-04,1.539264730888767e-09
5.742213670349657e-04,1.524531839845989e-09
6.346127553846864e-04,1.509882718861718e-09
7.013555614910102e-04,1.495317317638675e-09
7.751177697904812e-04,1.480835584219371e-09
8.566376172560946e-04,1.466437461933427e-09
9.467309819210534e-04,1.452122892901121e-09
1.046299548460350e-03,1.437891816744581e-09
1.156339832554060e-03,1.423744170318303e-09
1.277953154351212e-03,1.409617887325118e-09
1.405748469786333e-03,1.396230585161210e-09
1.533543785221454e-03,1.384131899757746e-09
1.661339100656575e-03,1.373113914665143e-09
1.789134416091696e-03,1.362968713433819e-09
1.916929731526817e-03,1.353516144899540e-09
2.000000000000000e-03,1.347708708471258e-09
2.044725046961939e-03,1.344686957969173e-09
2.172520362397060e-03,1.336431123981988e-09
2.300315677832181e-03,1.328685948055878e-09
2.428110993267302e-03,1.321387710211683e-09
2.555906308702423e-03,1.314478526969098e-09
2.683701624137544e-03,1.307923860846944e-09
2.811496939572665e-03,1.301695010864745e-09
2.939292255007787e-03,1.295763276042023e-09
3.067087570442908e-03,1.290099955398302e-09
3.194882885878029e-03,1.284678591959258e-09
3.322678201313150e-03,1.279481704865693e-09
3.450473516748271e-03,1.274494057309819e-09
3.578268832183392e-03,1.269700412483849e-09
3.706064147618514e-03,1.265085533579995e-09
3.833859463053635e-03,1.260635215991504e-09
3.961654778488756e-03,1.256339383901454e-09
4.089450093923877e-03,1.252188993686803e-09
4.217245409358998e-03,1.248175001724508e-09
4.345040724794119e-03,1.244288364391529e-09
4.472836040229241e-03,1.240520582330572e-09
4.600631355664362e-03,1.236865333261407e-09
4.728426671099482e-03,1.233316839176587e-09
4.856221986534604e-03,1.229869322068661e-09
4.984017301969726e-03,1.226517003930180e-09
5.111812617404846e-03,1.223254417902477e-09
5.239607932839968e-03,1.220077341713176e-09
5.367403248275089e-03,1.216981864234271e-09
5.495198563710209e-03,1.213964074337756e-09
5.622993879145331e-03,1.211020060895625e-09
5.750789194580453e-03,1.208146103726903e-09
5.878584510015573e-03,1.205339246440904e-09
6.006379825450694e-03,1.202596723595057e-09
6.134175140885816e-03,1.199915769746790e-09
6.261970456320937e-03,1.197293619453532e-09
6.389765771756058e-03,1.194727630591482e-09
6.517561087191179e-03,1.192215654306642e-09
6.645356402626300e-03,1.189755665061140e-09
6.773151718061422e-03,1.187345637317108e-09
6.900947033496543e-03,1.184983545536674e-09
7.028742348931663e-03,1.182667447300284e-09
7.156537664366785e-03,1.180395732661378e-09
7.284332979801906e-03,1.178166874791585e-09
7.412128295237027e-03,1.175979346862529e-09
7.539923610672148e-03,1.173831622045839e-09
7.667718926107269e-03,1.171722231628112e-09
7.795514241542391e-03,1.169649939357964e-09
7.923309556977513e-03,1.167613567100045e-09
8.051104872412632e-03,1.165611936719006e-09
8.178900187847754e-03,1.163643870079497e-09
8.306695503282877e-03,1.161708230471058e-09
8.434490818717996e-03,1.159804046882062e-09
8.562286134153118e-03,1.157930389725405e-09
8.690081449588239e-03,1.156086329413984e-09
8.817876765023359e-03,1.154270936360696e-09
8.945672080458482e-03,1.152483312795276e-09
9.073467395893601e-03,1.150722688215507e-09
9.201262711328723e-03,1.148988323936362e-09
9.329058026763846e-03,1.147279481272815e-09
9.456853342198965e-03,1.145595421539837e-09
9.584648657634087e-03,1.143935425166129e-09
9.712443973069206e-03,1.142298849034687e-09
9.840239288504329e-03,1.140685069141925e-09
9.968034603939451e-03,1.139093461484259e-09
1.009582991937457e-02,1.137523402058105e-09
1.022362523480969e-02,1.135974294339080e-09
1.035142055024482e-02,1.134445651719823e-09
1.047921586567993e-02,1.132937015072278e-09
1.060701118111506e-02,1.131447925268390e-09
1.073480649655018e-02,1.129977923180104e-09
1.086260181198530e-02,1.128526549679364e-09
1.099039712742042e-02,1.127093345638115e-09
1.111819244285554e-02,1.125677851928301e-09
1.124598775829066e-02,1.124279609421868e-09
1.137378307372578e-02,1.122898158990760e-09
1.150157838916090e-02,1.121533064880806e-09
1.162937370459603e-02,1.120183984826623e-09
1.175716902003114e-02,1.118850599933342e-09
1.188496433546627e-02,1.117532591306091e-09
1.201275965090139e-02,1.116229640050001e-09
1.214055496633651e-02,1.114941427270200e-09
1.226835028177163e-02,1.113667634071819e-09
1.239614559720675e-02,1.112407941559986e-09
1.252394091264187e-02,1.111162030839831e-09
1.265173622807700e-02,1.109929583016483e-09
1.277953154351211e-02,1.108710292982259e-09
1.290732685894724e-02,1.107503910783107e-09
1.303512217438236e-02,1.106310200254605e-09
1.316291748981748e-02,1.105128925232331e-09
1.329071280525260e-02,1.103959849551861e-09
1.341850812068772e-02,1.102802737048773e-09
1.354630343612284e-02,1.101657351558645e-09
1.367409875155796e-02,1.100523456917053e-09
1.380189406699308e-02,1.099400816959576e-09
1.392968938242821e-02,1.098289195521791e-09
1.405748469786333e-02,1.097188366149129e-09
1.418528001329845e-02,1.096098141227003e-09
1.431307532873357e-02,1.095018342850960e-09
1.444087064416869e-02,1.093948793116548e-09
1.456866595960381e-02,1.092889314119315e-09
1.469646127503893e-02,1.091839727954808e-09
1.482425659047405e-02,1.090799856718575e-09
1.495205190590917e-02,1.089769522506164e-09
1.507984722134430e-02,1.088748547413123e-09
1.520764253677942e-02,1.087736753535000e-09
1.533543785221454e-02,1.086733969660665e-09
1.546323316764966e-02,1.085740051350688e-09
1.559102848308478e-02,1.084754860858165e-09
1.571882379851990e-02,1.083778260436192e-09
1.584661911395502e-02,1.082810112337864e-09
1.597441442939014e-02,1.081850278816278e-09
1.610220974482527e-02,1.080898622124528e-09
1.623000506026039e-02,1.079955004515711e-09
1.635780037569551e-02,1.079019288242923e-09
1.648559569113063e-02,1.078091335559259e-09
1.661339100656575e-02,1.077171013569452e-09
1.674118632200087e-02,1.076258208786745e-09
1.686898163743599e-02,1.075352812577001e-09
1.699677695287111e-02,1.074454716306080e-09
1.712457226830624e-02,1.073563811339845e-09
1.725236758374135e-02,1.072679989044159e-09
1.738016289917648e-02,1.071803140784881e-09
1.750795821461160e-02,1.070933157927875e-09
1.763575353004672e-02,1.070069931839003e-09
1.776354884548184e-02,1.069213353884125e-09
1.789134416091696e-02,1.068363319002964e-09
1.801913947635208e-02,1.067519736431062e-09
1.814693479178720e-02,1.066682518978015e-09
1.827473010722232e-02,1.065851579453421e-09
1.840252542265745e-02,1.065026830666874e-09
1.853032073809257e-02,1.064208185427972e-09
1.865811605352769e-02,1.063395556546310e-09
1.878591136896281e-02,1.062588856831485e-09
1.891370668439793e-02,1.061787999093093e-09
1.904150199983305e-02,1.060992896140729e-09
1.916929731526817e-02,1.060203463482459e-09
1.929709263070329e-02,1.059419627419710e-09
1.942488794613842e-02,1.058641316952126e-09
1.955268326157353e-02,1.057868461079351e-09
1.968047857700866e-02,1.057100988801028e-09
1.980827389244378e-02,1.056338829116800e-09
1.993606920787890e-02,1.055581911026311e-09
2.006386452331402e-02,1.054830163529203e-09
2.019165983874914e-02,1.054083515625121e-09
2.031945515418426e-02,1.053341896313708e-09
2.044725046961939e-02,1.052605236665751e-09
2.057504578505450e-02,1.051873476037563e-09
2.070284110048963e-02,1.051146555857072e-09
2.083063641592475e-02,1.050424417552205e-09
2.095843173135987e-02,1.049707002550890e-09
2.108622704679499e-02,1.048994252281055e-09
2.121402236223011e-02,1.048286108170629e-09
2.134181767766523e-02,1.047582511647538e-09
2.146961299310035e-02,1.046883404139711e-09
2.159740830853547e-02,1.046188727075075e-09
2.172520362397060e-02,1.045498423498557e-09
2.185299893940572e-02,1.044812442923332e-09
2.198079425484084e-02,1.044130736479703e-09
2.210858957027596e-02,1.043453255297970e-09
2.223638488571108e-02,1.042779950508438e-09
2.236418020114620e-02,1.042110773241407e-09
2.249197551658132e-02,1.041445674627180e-09
2.261977083201644e-02,1.040784605796059e-09
2.274756614745157e-02,1.040127517878346e-09
2.287536146288669e-02,1.039474362004343e-09
2.300315677832181e-02,1.038825090585022e-09
2.313095209375693e-02,1.038179661153859e-09
2.325874740919205e-02,1.037538032524909e-09
2.338654272462717e-02,1.036900163512230e-09
2.351433804006229e-02,1.036266012929878e-09
2.364213335549741e-02,1.035635539591912e-09
2.376992867093253e-02,1.035008702312386e-09
2.389772398636766e-02,1.034385459905358e-09
2.402551930180278e-02,1.033765771184885e-09
2.415331461723790e-02,1.033149594965024e-09
2.428110993267302e-02,1.032536891086016e-09
2.440890524810814e-02,1.031927623492398e-09
2.453670056354326e-02,1.031321757154670e-09
2.466449587897838e-02,1.030719257043331e-09
2.479229119441350e-02,1.030120088128879e-09
2.492008650984863e-02,1.029524215381815e-09
2.504788182528375e-02,1.028931603772637e-09
2.517567714071887e-02,1.028342218271846e-09
2.530347245615399e-02,1.027756023849939e-09
2.543126777158911e-02,1.027172985477417e-09
2.555906308702423e-02,1.026593068957779e-09
2.568685840245935e-02,1.026016243426704e-09
2.581465371789447e-02,1.025442478852960e-09
2.594244903332960e-02,1.024871745205311e-09
2.607024434876471e-02,1.024304012452526e-09
2.619803966419984e-02,1.023739250563371e-09
2.632583497963496e-02,1.023177429506612e-09
2.645363029507008e-02,1.022618519251016e-09
2.658142561050520e-02,1.022062489765350e-09
2.670922092594032e-02,1.021509311018381e-09
2.683701624137544e-02,1.020958953660999e-09
2.696481155681056e-02,1.020411391072535e-09
2.709260687224568e-02,1.019866597314414e-09
2.722040218768081e-02,1.019324546448062e-09
2.734819750311593e-02,1.018785212534904e-09
2.747599281855105e-02,1.018248569636365e-09
2.760378813398617e-02,1.017714591813871e-09
2.773158344942129e-02,1.017183253128846e-09
2.785937876485641e-02,1.016654527642716e-09
2.798717408029153e-02,1.016128389416906e-09
2.811496939572665e-02,1.015604813077213e-09
2.824276471116178e-02,1.015083775506700e-09
2.837056002659689e-02,1.014565254152693e-09
2.849835534203202e-02,1.014049226462518e-09
2.862615065746714e-02,1.013535669883502e-09
2.875394597290226e-02,1.013024561862970e-09
2.888174128833738e-02,1.012515879848249e-09
2.900953660377250e-02,1.012009601286665e-09
2.913733191920762e-02,1.011505703625545e-09
2.926512723464274e-02,1.011004164312214e-09
2.939292255007787e-02,1.010504961264533e-09
2.952071786551299e-02,1.010008074282625e-09
2.964851318094811e-02,1.009513483637206e-09
2.977630849638323e-02,1.009021169598995e-09
2.990410381181835e-02,1.008531112438708e-09
3.003189912725347e-02,1.008043292427064e-09
3.015969444268859e-02,1.007557689834780e-09
3.028748975812371e-02,1.007074284932573e-09
3.041528507355883e-02,1.006593057991162e-09
3.054308038899396e-02,1.006113989281263e-09
3.067087570442908e-02,1.005637059469329e-09
3.079867101986420e-02,1.005162250804736e-09
3.092646633529932e-02,1.004689545932589e-09
3.105426165073444e-02,1.004218927497991e-09
3.118205696616956e-02,1.003750378146047e-09
3.130985228160468e-02,1.003283880521860e-09
3.143764759703981e-02,1.002819417270534e-09
3.156544291247493e-02,1.002356971037173e-09
3.169323822791005e-02,1.001896524466882e-09
3.182103354334517e-02,1.001438060204764e-09
3.194882885878029e-02,1.000981561230904e-09
3.207662417421541e-02,1.000527011865198e-09
3.220441948965053e-02,1.000074396762471e-09
3.233221480508566e-02,9.996237005775427e-10
3.246001012052077e-02,9.991749079652367e-10
3.258780543595589e-02,9.987280035803747e-10
3.271560075139102e-02,9.982829720777790e-10
3.284339606682614e-02,9.978397981122722e-10
3.297119138226126e-02,9.973984663386762e-10
3.309898669769638e-02,9.969589614118132e-10
3.322678201313150e-02,9.965212682715907e-10
3.335457732856662e-02,9.960853729983426e-10
3.348237264400174e-02,9.956512619575333e-10
3.361016795943687e-02,9.952189215146256e-10
3.373796327487198e-02,9.947883380350834e-10
3.386575859030710e-02,9.943594978843703e-10
3.399355390574223e-02,9.939323874279499e-10
3.412134922117735e-02,9.935069930312857e-10
3.424914453661247e-02,9.930833010598411e-10
3.437693985204759e-02,9.926612978790801e-10
3.450473516748271e-02,9.922409700993354e-10
3.463253048291783e-02,9.918223053104219e-10
3.476032579835295e-02,9.914052913470259e-10
3.488812111378808e-02,9.909899160438333e-10
3.501591642922319e-02,9.905761672355303e-10
3.514371174465832e-02,9.901640327568031e-10
3.527150706009344e-02,9.897535004423376e-10
3.539930237552856e-02,9.893445581268202e-10
3.552709769096368e-02,9.889371936449366e-10
3.565489300639881e-02,9.885313948313730e-10
3.578268832183392e-02,9.881271497316704e-10
3.591048363726904e-02,9.877244472347277e-10
3.603827895270417e-02,9.873232764402690e-10
3.616607426813929e-02,9.869236264480186e-10
3.629386958357441e-02,9.865254863577003e-10
3.642166489900953e-02,9.861288452690383e-10
3.654946021444465e-02,9.857336922817568e-10
3.667725552987977e-02,9.853400164955800e-10
3.680505084531489e-02,9.849478070102311e-10
3.693284616075002e-02,9.845570529254353e-10
3.706064147618514e-02,9.841677435236808e-10
3.718843679162025e-02,9.837798688185834e-10
3.731623210705538e-02,9.833934190065555e-10
3.744402742249050e-02,9.830083842840105e-10
3.757182273792562e-02,9.826247548473612e-10
3.769961805336074e-02,9.822425208930208e-10
3.782741336879586e-02,9.818616726174023e-10
3.795520868423098e-02,9.814822002169187e-10
3.808300399966610e-02,9.811040938879828e-10
3.821079931510123e-02,9.807273438270081e-10
3.833859463053635e-02,9.803519403895588e-10
3.846638994597146e-02,9.799778745678175e-10
3.859418526140659e-02,9.796051375131220e-10
3.872198057684171e-02,9.792337203768115e-10
3.884977589227683e-02,9.788636143102246e-10
3.897757120771195e-02,9.784948104647001e-10
3.910536652314707e-02,9.781272999915766e-10
3.923316183858219e-02,9.777610740421928e-10
3.936095715401731e-02,9.773961237678873e-10
3.948875246945244e-02,9.770324403199990e-10
3.961654778488756e-02,9.766700149891272e-10
3.974434310032268e-02,9.763088396228827e-10
3.987213841575780e-02,9.759489062081208e-10
3.999993373119292e-02,9.755902067316967e-10
4.012772904662804e-02,9.752327331804661e-10
4.025552436206317e-02,9.748764775412841e-10
4.038331967749829e-02,9.745214318010059e-10
4.051111499293340e-02,9.741675879464873e-10
4.063891030836853e-02,9.738149379645832e-10
4.076670562380365e-02,9.734634738421491e-10
4.089450093923877e-02,9.731131876883333e-10
4.102229625467389e-02,9.727640721015049e-10
4.115009157010902e-02,9.724161198023513e-10
4.127788688554413e-02,9.720693235115598e-10
4.140568220097925e-02,9.717236759498178e-10
4.153347751641438e-02,9.713791698378123e-10
4.166127283184950e-02,9.710357978962306e-10
4.178906814728462e-02,9.706935528457604e-10
4.191686346271974e-02,9.703524274070886e-10
4.204465877815486e-02,9.700124143009025e-10
4.217245409358998e-02,9.696735063558078e-10
4.230024940902510e-02,9.693356968320945e-10
4.242804472446023e-02,9.689989790979778e-10
4.255584003989534e-02,9.686633465216723e-10
4.268363535533046e-02,9.683287924713926e-10
4.281143067076559e-02,9.679953103153537e-10
4.293922598620071e-02,9.676628934217701e-10
4.306702130163583e-02,9.673315351588569e-10
4.319481661707095e-02,9.670012288948288e-10
4.332261193250607e-02,9.666719679979003e-10
4.345040724794119e-02,9.663437459319633e-10
4.357820256337631e-02,9.660165565436009e-10
4.370599787881144e-02,9.656903937750638e-10
4.383379319424656e-02,9.653652515686029e-10
4.396158850968167e-02,9.650411238664697e-10
4.408938382511680e-02,9.647180046109154e-10
4.421717914055192e-02,9.643958877441904e-10
4.434497445598704e-02,9.640747672085464e-10
4.447276977142216e-02,9.637546369462342e-10
4.460056508685728e-02,9.634354908995048e-10
4.472836040229240e-02,9.631173230953410e-10
4.485615571772752e-02,9.628001278996908e-10
4.498395103316265e-02,9.624838997632528e-10
4.511174634859777e-02,9.621686331367263e-10
4.523954166403289e-02,9.618543224708099e-10
4.536733697946801e-02,9.615409622162031e-10
4.549513229490313e-02,9.612285468236045e-10
4.562292761033825e-02,9.609170707437129e-10
4.575072292577338e-02,9.606065284272278e-10
4.587851824120850e-02,9.602969143248476e-10
4.600631355664361e-02,9.599882229630582e-10
4.613410887207874e-02,9.596804491715036e-10
4.626190418751386e-02,9.593735878556209e-10
4.638969950294898e-02,9.590676339208471e-10
4.651749481838410e-02,9.587625822726190e-10
4.664529013381922e-02,9.584584278163737e-10
4.677308544925434e-02,9.581551654575481e-10
4.690088076468946e-02,9.578527901015794e-10
4.702867608012459e-02,9.575512966539044e-10
4.715647139555971e-02,9.572506800199600e-10
4.728426671099482e-02,9.569509351725817e-10
4.741206202642995e-02,9.566520573541903e-10
4.753985734186507e-02,9.563540418746005e-10
4.766765265730019e-02,9.560568840436262e-10
4.779544797273531e-02,9.557605791710826e-10
4.792324328817044e-02,9.554651225667840e-10
4.805103860360555e-02,9.551705095405453e-10
4.817883391904067e-02,9.548767354021810e-10
4.830662923447580e-02,9.545837954615056e-10
4.843442454991092e-02,9.542916850283336e-10
4.856221986534604e-02,9.540003994746511e-10
4.869001518078116e-02,9.537099344211031e-10
4.881781049621628e-02,9.534202855504917e-10
4.894560581165140e-02,9.531314485456207e-10
4.907340112708652e-02,9.528434190892923e-10
4.920119644252165e-02,9.525561928643094e-10
4.932899175795677e-02,9.522697655534748e-10
4.945678707339188e-02,9.519841328395916e-10
4.958458238882701e-02,9.516992904054623e-10
4.971237770426213e-02,9.514152339338901e-10
4.984017301969725e-02,9.511319591510516e-10
4.996796833513237e-02,9.508494619566297e-10
5.000000000000000e-02,9.507787759446989e-10
5.009576365056749e-02,9.505677382989356e-10
5.022355896600261e-02,9.502867841720705e-10
5.035135428143774e-02,9.500065955937547e-10
5.047914959687286e-02,9.497271685819055e-10
5.060694491230798e-02,9.494484991544394e-10
5.073474022774310e-02,9.491705833292736e-10
5.086253554317822e-02,9.488934171243245e-10
5.099033085861334e-02,9.486169965575097e-10
5.111812617404846e-02,9.483413176930509e-10
5.124592148948359e-02,9.480663767803881e-10
5.137371680491870e-02,9.477921701152644e-10
5.150151212035382e-02,9.475186939934233e-10
5.162930743578895e-02,9.472459447106080e-10
5.175710275122407e-02,9.469739185625617e-10
5.188489806665919e-02,9.467026118450279e-10
5.201269338209431e-02,9.464320208537496e-10
5.214048869752943e-02,9.461621418844702e-10
5.226828401296455e-02,9.458929712329331e-10
5.239607932839967e-02,9.456245052401948e-10
5.252387464383480e-02,9.453567404285485e-10
5.265166995926992e-02,9.450896733655922e-10
5.277946527470503e-02,9.448233006189241e-10
5.290726059014016e-02,9.445576187561419e-10
5.303505590557528e-02,9.442926243448437e-10
5.316285122101040e-02,9.440283139526278e-10
5.329064653644552e-02,9.437646841470917e-10
5.341844185188065e-02,9.435017314958339e-10
5.354623716731576e-02,9.432394525664523e-10
5.367403248275088e-02,9.429778439667238e-10
5.380182779818601e-02,9.427169024651526e-10
5.392962311362113e-02,9.424566248704269e-10
5.405741842905625e-02,9.421970079912355e-10
5.418521374449137e-02,9.419380486362666e-10
5.431300905992649e-02,9.416797436142084e-10
5.444080437536161e-02,9.414220897337496e-10
5.456859969079673e-02,9.411650838035787e-10
5.469639500623186e-02,9.409087226323839e-10
5.482419032166697e-02,9.406530030288537e-10
5.495198563710210e-02,9.403979218384151e-10
5.507978095253722e-02,9.401434760534479e-10
5.520757626797234e-02,9.398896627030698e-10
5.533537158340746e-02,9.396364788163987e-10
5.546316689884258e-02,9.393839214225523e-10
5.559096221427770e-02,9.391319875506487e-10
5.571875752971282e-02,9.388806742298053e-10
5.584655284514795e-02,9.386299784891401e-10
5.597434816058307e-02,9.383798973577711e-10
5.610214347601819e-02,9.381304278648158e-10
5.622993879145331e-02,9.378815670727967e-10
5.635773410688843e-02,9.376333121778448e-10
5.648552942232355e-02,9.373856604094899e-10
5.661332473775867e-02,9.371386089972618e-10
5.674112005319380e-02,9.368921551706908e-10
5.686891536862891e-02,9.366462961593071e-10
5.699671068406403e-02,9.364010291926401e-10
5.712450599949916e-02,9.361563515002203e-10
5.725230131493428e-02,9.359122603115775e-10
5.738009663036940e-02,9.356687528562416e-10
5.750789194580452e-02,9.354258263941673e-10
5.763568726123964e-02,9.351834783070176e-10
5.776348257667476e-02,9.349417060068843e-10
5.789127789210988e-02,9.347005069058603e-10
5.801907320754501e-02,9.344598784160372e-10
5.814686852298013e-02,9.342198179495075e-10
5.827466383841524e-02,9.339803229183636e-10
5.840245915385037e-02,9.337413907346976e-10
5.853025446928549e-02,9.335030188106017e-10
5.865804978472061e-02,9.332652045581682e-10
5.878584510015573e-02,9.330279454174593e-10
5.891364041559085e-02,9.327912389404188e-10
5.904143573102597e-02,9.325550827069603e-10
5.916923104646109e-02,9.323194742969976e-10
5.929702636189622e-02,9.320844112904445e-10
5.942482167733134e-02,9.318498912672148e-10
5.955261699276646e-02,9.316159118072225e-10
5.968041230820158e-02,9.313824704903812e-10
5.980820762363670e-02,9.311495648966048e-10
5.993600293907182e-02,9.309171926058072e-10
6.006379825450694e-02,9.306853512233931e-10
6.019159356994207e-02,9.304540384567233e-10
6.031938888537718e-02,9.302232520386462e-10
6.044718420081231e-02,9.299929897020101e-10
6.057497951624743e-02,9.297632491796635e-10
6.070277483168255e-02,9.295340282044545e-10
6.083057014711767e-02,9.293053245092316e-10
6.095836546255279e-02,9.290771358268429e-10
6.108616077798791e-02,9.288494598901371e-10
6.121395609342303e-02,9.286222944319622e-10
6.134175140885816e-02,9.283956372085821e-10
6.146954672429328e-02,9.281694860699311e-10
6.159734203972840e-02,9.279438388893635e-10
6.172513735516352e-02,9.277186935402333e-10
6.185293267059864e-02,9.274940478958944e-10
6.198072798603376e-02,9.272698998297014e-10
6.210852330146888e-02,9.270462472150080e-10
6.223631861690401e-02,9.268230879251686e-10
6.236411393233912e-02,9.266004198335372e-10
6.249190924777424e-02,9.263782408134678e-10
6.261970456320937e-02,9.261565487598378e-10
6.274749987864449e-02,9.259353416536179e-10
6.287529519407961e-02,9.257146174973027e-10
6.300309050951473e-02,9.254943742933869e-10
6.313088582494986e-02,9.252746100443650e-10
6.325868114038498e-02,9.250553227527318e-10
6.338647645582010e-02,9.248365104209816e-10
6.351427177125522e-02,9.246181710516095e-10
6.364206708669033e-02,9.244003026471099e-10
6.376986240212545e-02,9.241829032099771e-10
6.389765771756058e-02,9.239659707625735e-10
6.402545303299570e-02,9.237495034067247e-10
6.415324834843082e-02,9.235334992641221e-10
6.428104366386594e-02,9.233179564564566e-10
6.440883897930107e-02,9.231028731054193e-10
6.453663429473619e-02,9.228882473327011e-10
6.466442961017131e-02,9.226740772599933e-10
6.479222492560642e-02,9.224603610089869e-10
6.492002024104154e-02,9.222470967013730e-10
6.504781555647667e-02,9.220342824588424e-10
6.517561087191179e-02,9.218219164214058e-10
6.530340618734691e-02,9.216099968023599e-10
6.543120150278203e-02,9.213985218333246e-10
6.555899681821716e-02,9.211874897459195e-10
6.568679213365228e-02,9.209768987717648e-10
6.581458744908740e-02,9.207667471424802e-10
6.594238276452252e-02,9.205570330896857e-10
6.607017807995763e-02,9.203477548450011e-10
6.619797339539275e-02,9.201389106400462e-10
6.632576871082788e-02,9.199304987064412e-10
6.645356402626300e-02,9.197225172927353e-10
6.658135934169812e-02,9.195149647151982e-10
6.670915465713324e-02,9.193078393070297e-10
6.683694997256837e-02,9.191011394014304e-10
6.696474528800349e-02,9.188948633316002e-10
6.709254060343861e-02,9.186890094307389e-10
6.722033591887373e-02,9.184835760320473e-10
6.734813123430886e-02,9.182785614687251e-10
6.747592654974396e-02,9.180739640739725e-10
6.760372186517909e-02,9.178697821809896e-10
6.773151718061421e-02,9.176660141385480e-10
6.785931249604933e-02,9.174626583577017e-10
6.798710781148445e-02,9.172597132650747e-10
6.811490312691958e-02,9.170571772872912e-10
6.824269844235470e-02,9.168550488509752e-10
6.837049375778982e-02,9.166533263827511e-10
6.849828907322494e-02,9.164520083092426e-10
6.862608438866007e-02,9.162510930570740e-10
6.875387970409517e-02,9.160505790528693e-10
6.888167501953030e-02,9.158504647232525e-10
6.900947033496542e-02,9.156507485096686e-10
6.913726565040054e-02,9.154514289128524e-10
6.926506096583566e-02,9.152525044483631e-10
6.939285628127079e-02,9.150539736317598e-10
6.952065159670591e-02,9.148558349786017e-10
6.964844691214103e-02,9.146580870044476e-10
6.977624222757615e-02,9.144607282248571e-10
6.990403754301128e-02,9.142637571553889e-10
7.003183285844640e-02,9.140671723116026e-10
7.015962817388151e-02,9.138709722090567e-10
7.028742348931663e-02,9.136751553756784e-10
7.041521880475175e-02,9.134797203888660e-10
7.054301412018688e-02,9.132846658383871e-10
7.067080943562200e-02,9.130899903140091e-10
7.079860475105712e-02,9.128956924054991e-10
7.092640006649224e-02,9.127017707026243e-10
7.105419538192737e-02,9.125082237951523e-10
7.118199069736249e-02,9.123150502728503e-10
7.130978601279761e-02,9.121222487254857e-10
7.152277820518949e-02,9.118017355939214e-10
7.173577039758135e-02,9.114822453615863e-10
7.194876258997322e-02,9.111637719080457e-10
7.216175478236508e-02,9.108463091945508e-10
7.237474697475696e-02,9.105298511823536e-10
7.258773916714882e-02,9.102143918327057e-10
7.280073135954070e-02,9.098999251068586e-10
7.301372355193256e-02,9.095864449660643e-10
7.322671574432443e-02,9.092739453715743e-10
7.343970793671629e-02,9.089624202846403e-10
7.365270012910817e-02,9.086518636665137e-10
7.386569232150003e-02,9.083422695667273e-10
7.407868451389191e-02,9.080336323879368e-10
7.429167670628377e-02,9.077259466210779e-10
7.450466889867564e-02,9.074192067570870e-10
7.471766109106751e-02,9.071134072869000e-10
7.493065328345938e-02,9.068085427014530e-10
7.514364547585124e-02,9.065046074916823e-10
7.535663766824312e-02,9.062015961485237e-10
7.556962986063498e-02,9.058995031629136e-10
7.578262205302685e-02,9.055983230257877e-10
7.599561424541872e-02,9.052980503031580e-10
7.620860643781059e-02,9.049986798613307e-10
7.642159863020245e-02,9.047002066416828e-10
7.663459082259433e-02,9.044026255855916e-10
7.684758301498619e-02,9.041059316344346e-10
7.706057520737807e-02,9.038101197295889e-10
7.727356739976993e-02,9.035151848124320e-10
7.748655959216180e-02,9.032211218243411e-10
7.769955178455366e-02,9.029279257066936e-10
7.791254397694554e-02,9.026355914008667e-10
7.812553616933740e-02,9.023441139161918e-10
7.833852836172928e-02,9.020534885338017e-10
7.855152055412114e-02,9.017637106027756e-10
7.876451274651301e-02,9.014747754721921e-10
7.897750493890487e-02,9.011866784911308e-10
7.919049713129675e-02,9.008994150086707e-10
7.940348932368861e-02,9.006129803738908e-10
7.961648151608049e-02,9.003273699358702e-10
7.982947370847235e-02,9.000425790436884e-10
8.004246590086422e-02,8.997586030464241e-10
8.025545809325609e-02,8.994754373539494e-10
8.046845028564796e-02,8.991930776193233e-10
8.068144247803982e-02,8.989115195564042e-10
8.089443467043170e-02,8.986307588790508e-10
8.110742686282357e-02,8.983507913011219e-10
8.132041905521543e-02,8.980716125364760e-10
8.153341124760730e-02,8.977932182989718e-10
8.174640343999917e-02,8.975156043024680e-10
8.195939563239105e-02,8.972387662608234e-10
8.217238782478291e-02,8.969626998878964e-10
8.238538001717477e-02,8.966874009521571e-10
8.259837220956665e-02,8.964128654405270e-10
8.281136440195852e-02,8.961390893945419e-10
8.302435659435038e-02,8.958660688557380e-10
8.323734878674224e-02,8.955937998656513e-10
8.345034097913412e-02,8.953222784658176e-10
8.366333317152599e-02,8.950515006977734e-10
8.387632536391786e-02,8.947814626030544e-10
8.408931755630973e-02,8.945121602231966e-10
8.430230974870159e-02,8.942435895997363e-10
8.451530194109347e-02,8.939757468233716e-10
8.472829413348533e-02,8.937086281814509e-10
8.494128632587720e-02,8.934422300104850e-10
8.515427851826907e-02,8.931765486469851e-10
8.536727071066094e-02,8.929115804274621e-10
8.558026290305280e-02,8.926473216884268e-10
8.579325509544468e-02,8.923837687663902e-10
8.600624728783654e-02,8.921209179978635e-10
8.621923948022842e-02,8.918587657193573e-10
8.643223167262028e-02,8.915973082673828e-10
8.664522386501215e-02,8.913365420228988e-10
8.685821605740401e-02,8.910764635446514e-10
8.707120824979589e-02,8.908170694358323e-10
8.728420044218775e-02,8.905583562996336e-10
8.749719263457963e-02,8.903003207392472e-10
8.771018482697149e-02,8.900429593578648e-10
8.792317701936336e-02,8.897862687586785e-10
8.813616921175522e-02,8.895302455448800e-10
8.834916140414710e-02,8.892748863196613e-10
8.856215359653896e-02,8.890201876862141e-10
8.877514578893084e-02,8.887661462880777e-10
8.898813798132270e-02,8.885127589301713e-10
8.920113017371457e-02,8.882600224577574e-10
8.941412236610644e-02,8.880079337160983e-10
8.962711455849831e-02,8.877564895504565e-10
8.984010675089017e-02,8.875056868060944e-10
9.005309894328205e-02,8.872555223282745e-10
9.026609113567391e-02,8.870059929622591e-10
9.047908332806578e-02,8.867570955533108e-10
9.069207552045766e-02,8.865088269466918e-10
9.090506771284952e-02,8.862611840241979e-10
9.111805990524138e-02,8.860141638137659e-10
9.133105209763326e-02,8.857677633798711e-10
9.154404429002513e-02,8.855219797869881e-10
9.175703648241700e-02,8.852768100995920e-10
9.197002867480886e-02,8.850322513821576e-10
9.218302086720073e-02,8.847883006991596e-10
9.239601305959261e-02,8.845449551150734e-10
9.260900525198447e-02,8.843022116943735e-10
9.282199744437633e-02,8.840600675015349e-10
9.303498963676821e-02,8.838185196342940e-10
9.324798182916008e-02,8.835775653234376e-10
9.346097402155194e-02,8.833372018330166e-10
9.367396621394380e-02,8.830974264270818e-10
9.388695840633568e-02,8.828582363696838e-10
9.409995059872756e-02,8.826196289248736e-10
9.431294279111942e-02,8.823816013567015e-10
9.452593498351128e-02,8.821441509292189e-10
9.473892717590315e-02,8.819072749064761e-10
9.495191936829503e-02,8.816709705525242e-10
9.516491156068689e-02,8.814352351617340e-10
9.537790375307875e-02,8.812000661497588e-10
9.559089594547063e-02,8.809654609625731e-10
9.580388813786250e-02,8.807314170461508e-10
9.601688033025436e-02,8.804979318464660e-10
9.622987252264624e-02,8.802650028094932e-10
9.644286471503810e-02,8.800326273812064e-10
9.665585690742998e-02,8.798008030075796e-10
9.686884909982184e-02,8.795695271345874e-10
9.708184129221371e-02,8.793387972082035e-10
9.729483348460558e-02,8.791086107021110e-10
9.750782567699745e-02,8.788789652008257e-10
9.772081786938931e-02,8.786498583165711e-10
9.793381006178119e-02,8.784212876615704e-10
9.814680225417305e-02,8.781932508480473e-10
9.835979444656492e-02,8.779657454882252e-10
9.857278663895679e-02,8.777387691943274e-10
9.878577883134866e-02,8.775123195785775e-10
9.899877102374052e-02,8.772863942531991e-10
9.921176321613240e-02,8.770609908304152e-10
9.942475540852426e-02,8.768361069478219e-10
9.963774760091614e-02,8.766117403444982e-10
9.985073979330800e-02,8.763878887848934e-10
1.000637319857000e-01,8.761645500334565e-10
1.002767241780920e-01,8.759417218546367e-10
1.004897163704840e-01,8.757194020128835e-10
1.007027085628750e-01,8.754975882726469e-10
1.009157007552670e-01,8.752762783983741e-10
1.011286929476590e-01,8.750554701545151e-10
1.013416851400510e-01,8.748351613055193e-10
1.015546773324430e-01,8.746153496391077e-10
1.017676695248350e-01,8.743960330361092e-10
1.019806617172270e-01,8.741772094006338e-10
1.021936539096190e-01,8.739588766367922e-10
1.024066461020100e-01,8.737410326486957e-10
1.026196382944020e-01,8.735236753404526e-10
1.028326304867940e-01,8.733068026161742e-10
1.030456226791860e-01,8.730904123799712e-10
1.032586148715780e-01,8.728745025359536e-10
1.034716070639700e-01,8.726590709882320e-10
1.036845992563620e-01,8.724441156623072e-10
1.038975914487540e-01,8.722296345692342e-10
1.041105836411450e-01,8.720156257414549e-10
1.043235758335370e-01,8.718020872114081e-10
1.045365680259290e-01,8.715890170115361e-10
1.047495602183210e-01,8.713764131742798e-10
1.049625524107130e-01,8.711642737320804e-10
1.051755446031050e-01,8.709525967173788e-10
1.053885367954970e-01,8.707413801626160e-10
1.056015289878880e-01,8.705306221002343e-10
1.058145211802800e-01,8.703203205823805e-10
1.060275133726720e-01,8.701104737400053e-10
1.062405055650640e-01,8.699010797237498e-10
1.064534977574560e-01,8.696921366842560e-10
1.066664899498480e-01,8.694836427721651e-10
1.068794821422400e-01,8.692755961381186e-10
1.070924743346320e-01,8.690679949327578e-10
1.073054665270230e-01,8.688608373067255e-10
1.075184587194150e-01,8.686541214106610e-10
1.077314509118070e-01,8.684478453952067e-10
1.079444431041990e-01,8.682420074291038e-10
1.081574352965910e-01,8.680366057535415e-10
1.083704274889830e-01,8.678316386278340e-10
1.085834196813750e-01,8.676271043112950e-10
1.087964118737660e-01,8.674230010632396e-10
1.090094040661580e-01,8.672193271429797e-10
1.092223962585500e-01,8.670160808098305e-10
1.094353884509420e-01,8.668132603231057e-10
1.096483806433340e-01,8.666108639421194e-10
1.098613728357260e-01,8.664088899261855e-10
1.100743650281180e-01,8.662073365514148e-10
1.102873572205100e-01,8.660062021611293e-10
1.105003494129010e-01,8.658054851154619e-10
1.107133416052930e-01,8.656051837745423e-10
1.109263337976850e-01,8.654052964985034e-10
1.111393259900770e-01,8.652058216474769e-10
1.113523181824690e-01,8.650067575815943e-10
1.115653103748610e-01,8.648081026609879e-10
1.117783025672530e-01,8.646098552457889e-10
1.119912947596450e-01,8.644120136961295e-10
1.122042869520360e-01,8.642145763876457e-10
1.124172791444280e-01,8.640175417579908e-10
1.126302713368200e-01,8.638209082603267e-10
1.128432635292120e-01,8.636246743478142e-10
1.130562557216040e-01,8.634288384736140e-10
1.132692479139960e-01,8.632333990908874e-10
1.134822401063880e-01,8.630383546527949e-10
1.136952322987790e-01,8.628437036124987e-10
1.139082244911710e-01,8.626494444231575e-10
1.141212166835630e-01,8.624555755379333e-10
1.143342088759550e-01,8.622620954243111e-10
1.145472010683470e-01,8.620690026070584e-10
1.147601932607390e-01,8.618762956252604e-10
1.149731854531310e-01,8.616839730180019e-10
1.151861776455230e-01,8.614920333243679e-10
1.153991698379140e-01,8.613004750834442e-10
1.156121620303060e-01,8.611092968343142e-10
1.158251542226980e-01,8.609184971160634e-10
1.160381464150900e-01,8.607280744677771e-10
1.162511386074820e-01,8.605380274285401e-10
1.164641307998740e-01,8.603483545507589e-10
1.166771229922660e-01,8.601590544400957e-10
1.168901151846570e-01,8.599701257155209e-10
1.171031073770490e-01,8.597815669960022e-10
1.173160995694410e-01,8.595933769005098e-10
1.175290917618330e-01,8.594055540480131e-10
1.177420839542250e-01,8.592180970574813e-10
1.179550761466170e-01,8.590310045478842e-10
1.181680683390090e-01,8.588442751381907e-10
1.183810605314010e-01,8.586579074473704e-10
1.185940527237920e-01,8.584719001067302e-10
1.188070449161840e-01,8.582862517969487e-10
1.190200371085760e-01,8.581009612110576e-10
1.192330293009680e-01,8.579160270420873e-10
1.194460214933600e-01,8.577314479830685e-10
1.196590136857520e-01,8.575472227270322e-10
1.198720058781440e-01,8.573633499670088e-10
1.200849980705360e-01,8.571798283960293e-10
1.202979902629270e-01,8.569966567071248e-10
1.205109824553190e-01,8.568138335933249e-10
1.207239746477110e-01,8.566313577591919e-10
1.209369668401030e-01,8.564492279554251e-10
1.211499590324950e-01,8.562674429442600e-10
1.213629512248870e-01,8.560860014879325e-10
1.215759434172790e-01,8.559049023486788e-10
1.217889356096700e-01,8.557241442887354e-10
1.220019278020620e-01,8.555437260703363e-10
1.222149199944540e-01,8.553636464557184e-10
1.224279121868460e-01,8.551839042071175e-10
1.226409043792380e-01,8.550044980867694e-10
1.228538965716300e-01,8.548254268676240e-10
1.230668887640220e-01,8.546466893654839e-10
1.232798809564140e-01,8.544682844068641e-10
1.234928731488050e-01,8.542902108182808e-10
1.237058653411970e-01,8.541124674262474e-10
1.239188575335890e-01,8.539350530572799e-10
1.241318497259810e-01,8.537579665378937e-10
1.243448419183730e-01,8.535812066946035e-10
1.245578341107650e-01,8.534047723539250e-10
1.247708263031570e-01,8.532286623423730e-10
1.249838184955480e-01,8.530528754964532e-10
1.251968106879400e-01,8.528774106926118e-10
1.254098028803320e-01,8.527022668172794e-10
1.256227950727240e-01,8.525274427568860e-10
1.258357872651160e-01,8.523529373978616e-10
1.260487794575080e-01,8.521787496266360e-10
1.262617716499000e-01,8.520048783296392e-10
1.264747638422920e-01,8.518313223933011e-10
1.266877560346830e-01,8.516580807040526e-10
1.269007482270750e-01,8.514851521483218e-10
1.271137404194670e-01,8.513125356218675e-10
1.273267326118590e-01,8.511402300577355e-10
1.275397248042510e-01,8.509682343982860e-10
1.277527169966430e-01,8.507965475858801e-10
1.279657091890350e-01,8.506251685628788e-10
1.281787013814270e-01,8.504540962716426e-10
1.283916935738180e-01,8.502833296545332e-10
1.286046857662100e-01,8.501128676539098e-10
1.288176779586020e-01,8.499427092121340e-10
1.290306701509940e-01,8.497728532715667e-10
1.292436623433860e-01,8.496032987832731e-10
1.294566545357780e-01,8.494340447331506e-10
1.296696467281700e-01,8.492650901158083e-10
1.298826389205610e-01,8.490964339258566e-10
1.300956311129530e-01,8.489280751579028e-10
1.303086233053450e-01,8.487600128065569e-10
1.305216154977370e-01,8.485922458664283e-10
1.307346076901290e-01,8.484247733321261e-10
1.309475998825210e-01,8.482575941982596e-10
1.311605920749130e-01,8.480907074594381e-10
1.313735842673050e-01,8.479241121184155e-10
1.315865764596960e-01,8.477578072105302e-10
1.317995686520880e-01,8.475917917792652e-10
1.320125608444800e-01,8.474260648681053e-10
1.322255530368720e-01,8.472606255205353e-10
1.324385452292640e-01,8.470954727800393e-10
1.326515374216560e-01,8.469306056901014e-10
1.328645296140480e-01,8.467660232942063e-10
1.330775218064400e-01,8.466017246358381e-10
1.332905139988310e-01,8.464377087584822e-10
1.335035061912230e-01,8.462739747132522e-10
1.337164983836150e-01,8.461105215817833e-10
1.339294905760070e-01,8.459473484533375e-10
1.341424827683990e-01,8.457844544171772e-10
1.343554749607910e-01,8.456218385625645e-10
1.345684671531830e-01,8.454594999787617e-10
1.347814593455740e-01,8.452974377550318e-10
1.349944515379660e-01,8.451356509806353e-10
1.352074437303580e-01,8.449741387448357e-10
1.354204359227500e-01,8.448129001368949e-10
1.356334281151420e-01,8.446519342532323e-10
1.358464203075340e-01,8.444912402188823e-10
1.360594124999260e-01,8.443308171660292e-10
1.362724046923180e-01,8.441706642268573e-10
1.364853968847090e-01,8.440107805335516e-10
1.366983890771010e-01,8.438511652182948e-10
1.369113812694930e-01,8.436918174132719e-10
1.371243734618850e-01,8.435327362506672e-10
1.373373656542770e-01,8.433739208626651e-10
1.375503578466690e-01,8.432153703814495e-10
1.377633500390610e-01,8.430570839459180e-10
1.379763422314520e-01,8.428990607218349e-10
1.381893344238440e-01,8.427412998816837e-10
1.384023266162360e-01,8.425838005979500e-10
1.386153188086280e-01,8.424265620431183e-10
1.388283110010200e-01,8.422695833896736e-10
1.390413031934120e-01,8.421128638101003e-10
1.392542953858040e-01,8.419564024768836e-10
1.394672875781960e-01,8.418001985625079e-10
1.396802797705870e-01,8.416442512394591e-10
1.398932719629790e-01,8.414885596865292e-10
1.401062641553710e-01,8.413331231077569e-10
1.403192563477630e-01,8.411779407134923e-10
1.405322485401550e-01,8.410230117140858e-10
1.407452407325470e-01,8.408683353198876e-10
1.409582329249390e-01,8.407139107412484e-10
1.411712251173300e-01,8.405597371885190e-10
1.413842173097220e-01,8.404058138720482e-10
1.415972095021140e-01,8.402521400021874e-10
1.418102016945060e-01,8.400987147892866e-10
1.420231938868980e-01,8.399455374496296e-10
1.422361860792900e-01,8.397926072232323e-10
1.424491782716820e-01,8.396399233560444e-10
1.426621704640740e-01,8.394874850940147e-10
1.428751626564650e-01,8.393352916830933e-10
1.430881548488570e-01,8.391833423692276e-10
1.433011470412490e-01,8.390316363983680e-10
1.435141392336410e-01,8.388801730164634e-10
1.437271314260330e-01,8.387289514694631e-10
1.439401236184250e-01,8.385779710033163e-10
1.441531158108170e-01,8.384272308695544e-10
1.443661080032090e-01,8.382767303420317e-10
1.445791001956000e-01,8.381264687001815e-10
1.447920923879920e-01,8.379764452234350e-10
1.450050845803840e-01,8.378266591912260e-10
1.452180767727760e-01,8.376771098829871e-10
1.454310689651680e-01,8.375277965781510e-10
1.456440611575600e-01,8.373787185561505e-10
1.458570533499520e-01,8.372298750964182e-10
1.460700455423430e-01,8.370812654783877e-10
1.462830377347350e-01,8.369328889867636e-10
1.464960299271270e-01,8.367847449273318e-10
1.467090221195190e-01,8.366368326111437e-10
1.469220143119110e-01,8.364891513492514e-10
1.471350065043030e-01,8.363417004527064e-10
1.473479986966950e-01,8.361944792325602e-10
1.475609908890870e-01,8.360474869998647e-10
1.477739830814780e-01,8.359007230656724e-10
1.479869752738700e-01,8.357541867410331e-10
1.481999674662620e-01,8.356078773369996e-10
1.484129596586540e-01,8.354617941695524e-10
1.486259518510460e-01,8.353159365743966e-10
1.488389440434380e-01,8.351703038921709e-10
1.490519362358300e-01,8.350248954635141e-10
1.492649284282220e-01,8.348797106290647e-10
1.494779206206130e-01,8.347347487294622e-10
1.496909128130050e-01,8.345900091053439e-10
1.499039050053970e-01,8.344454910973489e-10
1.501168971977890e-01,8.343011940461161e-10
1.503298893901810e-01,8.341571172922841e-10
1.505428815825730e-01,8.340132601811791e-10
1.507558737749650e-01,8.338696220768807e-10
1.509688659673560e-01,8.337262023481583e-10
1.511818581597480e-01,8.335830003637791e-10
1.513948503521400e-01,8.334400154925122e-10
1.516078425445320e-01,8.332972471031261e-10
1.518208347369240e-01,8.331546945643897e-10
1.520338269293160e-01,8.330123572450715e-10
1.522468191217080e-01,8.328702345139398e-10
1.524598113141000e-01,8.327283257397636e-10
1.526728035064910e-01,8.325866302957503e-10
1.528857956988830e-01,8.324451475728560e-10
1.530987878912750e-01,8.323038769664760e-10
1.533117800836670e-01,8.321628178720049e-10
1.535247722760590e-01,8.320219696848368e-10
1.537377644684510e-01,8.318813318003665e-10
1.539507566608430e-01,8.317409036139885e-10
1.541637488532340e-01,8.316006845210978e-10
1.543767410456260e-01,8.314606739170877e-10
1.545897332380180e-01,8.313208711973533e-10
1.548027254304100e-01,8.311812757614510e-10
1.550157176228020e-01,8.310418870255775e-10
1.552287098151940e-01,8.309027044100879e-10
1.554417020075860e-01,8.307637273353369e-10
1.556546941999780e-01,8.306249552216794e-10
1.558676863923690e-01,8.304863874894708e-10
1.560806785847610e-01,8.303480235590647e-10
1.562936707771530e-01,8.302098628508165e-10
1.565066629695450e-01,8.300719047850814e-10
1.567196551619370e-01,8.299341487822138e-10
1.569326473543290e-01,8.297965942665155e-10
1.571456395467210e-01,8.296592406780850e-10
1.573586317391130e-01,8.295220874609723e-10
1.575716239315040e-01,8.293851340592282e-10
1.577846161238960e-01,8.292483799169016e-10
1.579976083162880e-01,8.291118244780434e-10
1.582106005086800e-01,8.289754671867036e-10
1.584235927010720e-01,8.288393074869324e-10
1.586365848934640e-01,8.287033448227799e-10
1.588495770858560e-01,8.285675786382963e-10
1.590625692782470e-01,8.284320083812626e-10
1.592755614706390e-01,8.282966335143826e-10
1.594885536630310e-01,8.281614535040951e-10
1.597015458554230e-01,8.280264678168378e-10
1.599145380478150e-01,8.278916759190486e-10
1.601275302402070e-01,8.277570772771654e-10
1.603405224325990e-01,8.276226713576260e-10
1.605535146249910e-01,8.274884576268684e-10
1.607665068173820e-01,8.273544355513311e-10
1.609794990097740e-01,8.272206045974506e-10
1.611924912021660e-01,8.270869642352256e-10
1.614054833945580e-01,8.269535139488953e-10
1.616184755869500e-01,8.268202532262592e-10
1.618314677793420e-01,8.266871815551166e-10
1.620444599717340e-01,8.265542984232670e-10
1.622574521641260e-01,8.264216033185100e-10
1.624704443565170e-01,8.262890957286455e-10
1.626834365489090e-01,8.261567751414716e-10
1.628964287413010e-01,8.260246410447885e-10
1.631094209336930e-01,8.258926929263958e-10
1.633224131260850e-01,8.257609302773786e-10
1.635354053184770e-01,8.256293526019623e-10
1.637483975108690e-01,8.254979594076559e-10
1.639613897032600e-01,8.253667502019694e-10
1.641743818956520e-01,8.252357244924105e-10
1.643873740880440e-01,8.251048817864892e-10
1.646003662804360e-01,8.249742215917146e-10
1.648133584728280e-01,8.248437434155959e-10
1.650263506652200e-01,8.247134467656421e-10
1.652393428576120e-01,8.245833311493626e-10
1.654523350500040e-01,8.244533960776888e-10
1.656653272423950e-01,8.243236410752324e-10
1.658783194347870e-01,8.241940656700219e-10
1.660913116271790e-01,8.240646693900872e-10
1.663043038195710e-01,8.239354517634579e-10
1.665172960119630e-01,8.238064123181631e-10
1.667302882043550e-01,8.236775505822327e-10
1.669432803967470e-01,8.235488660836958e-10
1.671562725891380e-01,8.234203583505825e-10
1.673692647815300e-01,8.232920269109211e-10
1.675822569739220e-01,8.231638712949255e-10
1.677952491663140e-01,8.230358910415487e-10
1.680082413587060e-01,8.229080856919302e-10
1.682212335510980e-01,8.227804547872092e-10
1.684342257434900e-01,8.226529978685248e-10
1.686472179358820e-01,8.225257144770163e-10
1.688602101282730e-01,8.223986041538236e-10
1.690732023206650e-01,8.222716664400845e-10
1.692861945130570e-01,8.221449008769391e-10
1.694991867054490e-01,8.220183070055265e-10
1.697121788978410e-01,8.218918843729782e-10
1.699251710902330e-01,8.217656325504001e-10
1.701381632826250e-01,8.216395511148918e-10
1.703511554750170e-01,8.215136396435538e-10
1.705641476674080e-01,8.213878977134866e-10
1.707771398598000e-01,8.212623249017891e-10
1.709901320521920e-01,8.211369207855621e-10
1.712031242445840e-01,8.210116849419057e-10
1.714161164369760e-01,8.208866169479198e-10
1.716291086293680e-01,8.207617163807050e-10
1.718421008217600e-01,8.206369828084130e-10
1.720550930141510e-01,8.205124157634102e-10
1.722680852065430e-01,8.203880147691146e-10
1.724810773989350e-01,8.202637793489469e-10
1.726940695913270e-01,8.201397090263266e-10
1.729070617837190e-01,8.200158033246732e-10
1.731200539761110e-01,8.198920617674068e-10
1.733330461685030e-01,8.197684838779465e-10
1.735460383608950e-01,8.196450691797124e-10
1.737590305532860e-01,8.195218171961246e-10
1.739720227456780e-01,8.193987274967852e-10
1.741850149380700e-01,8.192757998359529e-10
1.743980071304620e-01,8.191530340140295e-10
1.746109993228540e-01,8.190304298314175e-10
1.748239915152460e-01,8.189079870885182e-10
1.750369837076380e-01,8.187857055857341e-10
1.752499759000290e-01,8.186635851234676e-10
1.754629680924210e-01,8.185416255021193e-10
1.756759602848130e-01,8.184198265220919e-10
1.758889524772050e-01,8.182981879837876e-10
1.761019446695970e-01,8.181767095275810e-10
1.763149368619890e-01,8.180553901533103e-10
1.765279290543810e-01,8.179342287005721e-10
1.767409212467730e-01,8.178132240089628e-10
1.769539134391640e-01,8.176923749180796e-10
1.771669056315560e-01,8.175716802675182e-10
1.773798978239480e-01,8.174511388968756e-10
1.775928900163400e-01,8.173307496457484e-10
1.778058822087320e-01,8.172105113537333e-10
1.780188744011240e-01,8.170904228604267e-10
1.782318665935160e-01,8.169704836144130e-10
1.784448587859070e-01,8.168506955011072e-10
1.786578509782990e-01,8.167310610153496e-10
1.788708431706910e-01,8.166115826519819e-10
1.790838353630830e-01,8.164922629058456e-10
1.792968275554750e-01,8.163731042717821e-10
1.795098197478670e-01,8.162541092446328e-10
1.797228119402590e-01,8.161352803192391e-10
1.799358041326510e-01,8.160166199904422e-10
1.801487963250420e-01,8.158981307530842e-10
1.803617885174340e-01,8.157798128395413e-10
1.805747807098260e-01,8.156616574318663e-10
1.807877729022180e-01,8.155436534494133e-10
1.810007650946100e-01,8.154257898115362e-10
1.812137572870020e-01,8.153080554375891e-10
1.814267494793940e-01,8.151904392469258e-10
1.816397416717860e-01,8.150729301589006e-10
1.818527338641770e-01,8.149555170928679e-10
1.820657260565690e-01,8.148381889681805e-10
1.822787182489610e-01,8.147209347041932e-10
1.824917104413530e-01,8.146037516770061e-10
1.827047026337450e-01,8.144866710810110e-10
1.829176948261370e-01,8.143697325630000e-10
1.831306870185290e-01,8.142529757697647e-10
1.833436792109200e-01,8.141364403480978e-10
1.835566714033120e-01,8.140201659447897e-10
1.837696635957040e-01,8.139041922066331e-10
1.839826557880960e-01,8.137885587804197e-10
1.841956479804880e-01,8.136733053129414e-10
1.844086401728800e-01,8.135584714509901e-10
1.846216323652720e-01,8.134440652822008e-10
1.848346245576640e-01,8.133299687289903e-10
1.850476167500550e-01,8.132160321903139e-10
1.852606089424470e-01,8.131021060651246e-10
1.854736011348390e-01,8.129880407523777e-10
1.856865933272310e-01,8.128736866510276e-10
1.858995855196230e-01,8.127588941600287e-10
1.861125777120150e-01,8.126435136783355e-10
1.863255699044070e-01,8.125273956049027e-10
1.865385620967990e-01,8.124103903386843e-10
1.867515542891900e-01,8.122924659429191e-10
1.869645464815820e-01,8.121740613893119e-10
1.871775386739740e-01,8.120557334395542e-10
1.873905308663660e-01,8.119380388553370e-10
1.876035230587580e-01,8.118215343983508e-10
1.878165152511500e-01,8.117067768302868e-10
1.880295074435420e-01,8.115943229128358e-10
1.882424996359330e-01,8.114847294076890e-10
1.884554918283250e-01,8.113785530765364e-10
1.886684840207170e-01,8.112763506810691e-10
1.888814762131090e-01,8.111782397200623e-10
1.890944684055010e-01,8.110825802451257e-10
1.893074605978930e-01,8.109872928471801e-10
1.895204527902850e-01,8.108902981171462e-10
1.897334449826770e-01,8.107895166459449e-10
1.899464371750680e-01,8.106828690244975e-10
1.901594293674600e-01,8.105682758437237e-10
1.903724215598520e-01,8.104436576945448e-10
1.905854137522440e-01,8.103069351678816e-10
1.907984059446360e-01,8.101560288546548e-10
1.910113981370280e-01,8.099897517707355e-10
1.912243903294200e-01,8.098104863329157e-10
1.914373825218110e-01,8.096215072335046e-10
1.916503747142030e-01,8.094260891648090e-10
1.918633669065950e-01,8.092275068191384e-10
1.920763590989870e-01,8.090290348888013e-10
1.922893512913790e-01,8.088339480661060e-10
1.925023434837710e-01,8.086455210433614e-10
1.927153356761630e-01,8.084670285128757e-10
1.929283278685550e-01,8.083017451669576e-10
1.931413200609460e-01,8.081520539518490e-10
1.933543122533380e-01,8.080167722293918e-10
1.935673044457300e-01,8.078938263151607e-10
1.937802966381220e-01,8.077811425247296e-10
1.939932888305140e-01,8.076766471736729e-10
1.942062810229060e-01,8.075782665775642e-10
1.944192732152980e-01,8.074839270519781e-10
1.946322654076900e-01,8.073915549124880e-10
1.948452576000810e-01,8.072990764746688e-10
1.950582497924730e-01,8.072044180540937e-10
1.952712419848650e-01,8.071059444285997e-10
1.954842341772570e-01,8.070037729954825e-10
1.956972263696490e-01,8.068984589997194e-10
1.959102185620410e-01,8.067905576862880e-10
1.961232107544330e-01,8.066806243001657e-10
1.963362029468240e-01,8.065692140863306e-10
1.965491951392160e-01,8.064568822897591e-10
1.967621873316080e-01,8.063441841554291e-10
1.969751795240000e-01,8.062316749283182e-10
1.971881717163920e-01,8.061199098534040e-10
1.974011639087840e-01,8.060093268249665e-10
1.976141561011760e-01,8.058998941474624e-10
1.978271482935680e-01,8.057914626811140e-10
1.980401404859590e-01,8.056838832861447e-10
1.982531326783510e-01,8.055770068227760e-10
1.984661248707430e-01,8.054706841512312e-10
1.986791170631350e-01,8.053647661317327e-10
1.988921092555270e-01,8.052591036245034e-10
1.991051014479190e-01,8.051535474897658e-10
1.993180936403110e-01,8.050479485877426e-10
1.995310858327020e-01,8.049421892358896e-10
1.997440780250940e-01,8.048362775918620e-10
1.999570702174860e-01,8.047302532761858e-10
2.001700624098780e-01,8.046241559093860e-10
2.003830546022700e-01,8.045180251119880e-10
2.005960467946620e-01,8.044119005045168e-10
2.008090389870540e-01,8.043058217074976e-10
2.010220311794460e-01,8.041998283414559e-10
2.012350233718370e-01,8.040939600269170e-10
2.014480155642290e-01,8.039882563844053e-10
2.016610077566210e-01,8.038827486047307e-10
2.018739999490130e-01,8.037774341672308e-10
2.020869921414050e-01,8.036723021252223e-10
2.022999843337970e-01,8.035673415320224e-10
2.025129765261890e-01,8.034625414409480e-10
2.027259687185810e-01,8.033578909053159e-10
2.029389609109720e-01,8.032533789784437e-10
2.031519531033640e-01,8.031489947136471e-10
2.033649452957560e-01,8.030447271642437e-10
2.035779374881480e-01,8.029405653835504e-10
2.037909296805400e-01,8.028365006860289e-10
2.040039218729320e-01,8.027325334259451e-10
2.042169140653240e-01,8.026286662163233e-10
2.044299062577150e-01,8.025249016701878e-10
2.046428984501070e-01,8.024212424005621e-10
2.048558906424990e-01,8.023176910204707e-10
2.050688828348910e-01,8.022142501429379e-10
2.052818750272830e-01,8.021109223809875e-10
2.054948672196750e-01,8.020077103476439e-10
2.057078594120670e-01,8.019046166559310e-10
2.059208516044590e-01,8.018016433153484e-10
2.061338437968500e-01,8.016987899199162e-10
2.063468359892420e-01,8.015960554594381e-10
2.065598281816340e-01,8.014934389237191e-10
2.067728203740260e-01,8.013909393025639e-10
2.069858125664180e-01,8.012885555857768e-10
2.071988047588100e-01,8.011862867631626e-10
2.074117969512020e-01,8.010841318245258e-10
2.076247891435940e-01,8.009820897596710e-10
2.078377813359850e-01,8.008801595584031e-10
2.080507735283770e-01,8.007783403739179e-10
2.082637657207690e-01,8.006766320131512e-10
2.084767579131610e-01,8.005750344465162e-10
2.086897501055530e-01,8.004735476444267e-10
2.089027422979450e-01,8.003721715772956e-10
2.091157344903370e-01,8.002709062155366e-10
2.093287266827280e-01,8.001697515295634e-10
2.095417188751200e-01,8.000687074897883e-10
2.097547110675120e-01,7.999677740666254e-10
2.099677032599040e-01,7.998669512304878e-10
2.101806954522960e-01,7.997662389095312e-10
2.103936876446880e-01,7.996656368628882e-10
2.106066798370800e-01,7.995651448074375e-10
2.108196720294720e-01,7.994647624600577e-10
2.110326642218630e-01,7.993644895376280e-10
2.112456564142550e-01,7.992643257570264e-10
2.114586486066470e-01,7.991642708351317e-10
2.116716407990390e-01,7.990643244888229e-10
2.118846329914310e-01,7.989644864349786e-10
2.120976251838230e-01,7.988647563904774e-10
2.123106173762150e-01,7.987651340849999e-10
2.125236095686060e-01,7.986656192994158e-10
2.127366017609980e-01,7.985662118273859e-10
2.129495939533900e-01,7.984669114625729e-10
2.131625861457820e-01,7.983677179986386e-10
2.133755783381740e-01,7.982686312292450e-10
2.135885705305660e-01,7.981696509480537e-10
2.138015627229580e-01,7.980707769487268e-10
2.140145549153500e-01,7.979720090249265e-10
2.142275471077410e-01,7.978733469703148e-10
2.144405393001330e-01,7.977747905765393e-10
2.146535314925250e-01,7.976763396271999e-10
2.148665236849170e-01,7.975779939038854e-10
2.150795158773090e-01,7.974797531881841e-10
2.152925080697010e-01,7.973816172616847e-10
2.155055002620930e-01,7.972835859059757e-10
2.157184924544850e-01,7.971856589026458e-10
2.159314846468760e-01,7.970878360332840e-10
2.161444768392680e-01,7.969901170794778e-10
2.163574690316600e-01,7.968925018228166e-10
2.165704612240520e-01,7.967949900467879e-10
2.167834534164440e-01,7.966975815424793e-10
2.169964456088360e-01,7.966002761028792e-10
2.172094378012280e-01,7.965030735209763e-10
2.174224299936190e-01,7.964059735897592e-10
2.176354221860110e-01,7.963089761022155e-10
2.178484143784030e-01,7.962120808513341e-10
2.180614065707950e-01,7.961152876301036e-10
2.182743987631870e-01,7.960185962315122e-10
2.184873909555790e-01,7.959220064485485e-10
2.187003831479710e-01,7.958255180749993e-10
2.189133753403630e-01,7.957291309078466e-10
2.191263675327540e-01,7.956328447448717e-10
2.193393597251460e-01,7.955366593838542e-10
2.195523519175380e-01,7.954405746225753e-10
2.197653441099300e-01,7.953445902588158e-10
2.199783363023220e-01,7.952487060903561e-10
2.201913284947140e-01,7.951529219149771e-10
2.204043206871060e-01,7.950572375304596e-10
2.206173128794970e-01,7.949616527345845e-10
2.208303050718890e-01,7.948661673261740e-10
2.210432972642810e-01,7.947707811082199e-10
2.212562894566730e-01,7.946754938847557e-10
2.214692816490650e-01,7.945803054598147e-10
2.216822738414570e-01,7.944852156374301e-10
2.218952660338490e-01,7.943902242216355e-10
2.221082582262410e-01,7.942953310164640e-10
2.223212504186320e-01,7.942005358259496e-10
2.225342426110240e-01,7.941058384541246e-10
2.227472348034160e-01,7.940112387050228e-10
2.229602269958080e-01,7.939167363836095e-10
2.231732191882000e-01,7.938223312985741e-10
2.233862113805920e-01,7.937280232595375e-10
2.235992035729840e-01,7.936338120761203e-10
2.238121957653760e-01,7.935396975579432e-10
2.240251879577670e-01,7.934456795146269e-10
2.242381801501590e-01,7.933517577557914e-10
2.244511723425510e-01,7.932579320910577e-10
2.246641645349430e-01,7.931642023300462e-10
2.248771567273350e-01,7.930705682823779e-10
2.250901489197270e-01,7.929770297585754e-10
2.253031411121190e-01,7.928835865727739e-10
2.255161333045100e-01,7.927902385400116e-10
2.257291254969020e-01,7.926969854753261e-10
2.259421176892940e-01,7.926038271937560e-10
2.261551098816860e-01,7.925107635103396e-10
2.263681020740780e-01,7.924177942401152e-10
2.265810942664700e-01,7.923249191981211e-10
2.267940864588620e-01,7.922321381993953e-10
2.270070786512540e-01,7.921394510589761e-10
2.272200708436450e-01,7.920468575927918e-10
2.274330630360370e-01,7.919543576203283e-10
2.276460552284290e-01,7.918619509619634e-10
2.278590474208210e-01,7.917696374380737e-10
2.280720396132130e-01,7.916774168690363e-10
2.282850318056050e-01,7.915852890752283e-10
2.284980239979970e-01,7.914932538770267e-10
2.287110161903880e-01,7.914013110948087e-10
2.289240083827800e-01,7.913094605489508e-10
2.291370005751720e-01,7.912177020598300e-10
2.293499927675640e-01,7.911260354486622e-10
2.295629849599560e-01,7.910344605400158e-10
2.297759771523480e-01,7.909429771592983e-10
2.299889693447400e-01,7.908515851319166e-10
2.302019615371320e-01,7.907602842832783e-10
2.304149537295230e-01,7.906690744387909e-10
2.306279459219150e-01,7.905779554238605e-10
2.308409381143070e-01,7.904869270638952e-10
2.310539303066990e-01,7.903959891843019e-10
2.312669224990910e-01,7.903051416104880e-10
2.314799146914830e-01,7.902143841686702e-10
2.316929068838750e-01,7.901237166883038e-10
2.319058990762670e-01,7.900331389996526e-10
2.321188912686580e-01,7.899426509329814e-10
2.323318834610500e-01,7.898522523185536e-10
2.325448756534420e-01,7.897619429866337e-10
2.327578678458340e-01,7.896717227674856e-10
2.329708600382260e-01,7.895815914913738e-10
2.331838522306180e-01,7.894915489885624e-10
2.333968444230100e-01,7.894015950893154e-10
2.336098366154010e-01,7.893117296246843e-10
2.338228288077930e-01,7.892219524288638e-10
2.340358210001850e-01,7.891322633368354e-10
2.342488131925770e-01,7.890426621835807e-10
2.344618053849690e-01,7.889531488040809e-10
2.346747975773610e-01,7.888637230333172e-10
2.348877897697530e-01,7.887743847062711e-10
2.351007819621450e-01,7.886851336579238e-10
2.353137741545360e-01,7.885959697232570e-10
2.355267663469280e-01,7.885068927372511e-10
2.357397585393200e-01,7.884179025356388e-10
2.359527507317120e-01,7.883289989571583e-10
2.361657429241040e-01,7.882401818412987e-10
2.363787351164960e-01,7.881514510275496e-10
2.365917273088880e-01,7.880628063554006e-10
2.368047195012800e-01,7.879742476643414e-10
2.370177116936710e-01,7.878857747938616e-10
2.372307038860630e-01,7.877973875834500e-10
2.374436960784550e-01,7.877090858725967e-10
2.376566882708470e-01,7.876208695007910e-10
2.378696804632390e-01,7.875327383082493e-10
2.380826726556310e-01,7.874446921380958e-10
2.382956648480230e-01,7.873567308341815e-10
2.385086570404140e-01,7.872688542403579e-10
2.387216492328060e-01,7.871810622004754e-10
2.389346414251980e-01,7.870933545583855e-10
2.391476336175900e-01,7.870057311579394e-10
2.393606258099820e-01,7.869181918429881e-10
2.395736180023740e-01,7.868307364573827e-10
2.397866101947660e-01,7.867433648449744e-10
2.399996023871580e-01,7.866560768503147e-10
2.402125945795490e-01,7.865688723207563e-10
2.404255867719410e-01,7.864817511043508e-10
2.406385789643330e-01,7.863947130491515e-10
2.408515711567250e-01,7.863077580032106e-10
2.410645633491170e-01,7.862208858145806e-10
2.412775555415090e-01,7.861340963313141e-10
2.414905477339010e-01,7.860473894014635e-10
2.417035399262920e-01,7.859607648730820e-10
2.419165321186840e-01,7.858742225942211e-10
2.421295243110760e-01,7.857877624136084e-10
2.423425165034680e-01,7.857013841826681e-10
2.425555086958600e-01,7.856150877534989e-10
2.427685008882520e-01,7.855288729781990e-10
2.429814930806440e-01,7.854427397088670e-10
2.431944852730360e-01,7.853566877976010e-10
2.434074774654270e-01,7.852707170965002e-10
2.436204696578190e-01,7.851848274576618e-10
2.438334618502110e-01,7.850990187331850e-10
2.440464540426030e-01,7.850132907751677e-10
2.442594462349950e-01,7.849276434363627e-10
2.444724384273870e-01,7.848420765721377e-10
2.446854306197790e-01,7.847565900385160e-10
2.448984228121710e-01,7.846711836915208e-10
2.451114150045620e-01,7.845858573871749e-10
2.453244071969540e-01,7.845006109815010e-10
2.455373993893460e-01,7.844154443305221e-10
2.457503915817380e-01,7.843303572902614e-10
2.459633837741300e-01,7.842453497167418e-10
2.461763759665220e-01,7.841604214659862e-10
2.463893681589140e-01,7.840755723946434e-10
2.466023603513050e-01,7.839908023618679e-10
2.468153525436970e-01,7.839061112274387e-10
2.470283447360890e-01,7.838214988511364e-10
2.472413369284810e-01,7.837369650927414e-10
2.474543291208730e-01,7.836525098120334e-10
2.476673213132650e-01,7.835681328687931e-10
2.478803135056570e-01,7.834838341228002e-10
2.480933056980490e-01,7.833996134338349e-10
2.483062978904400e-01,7.833154706616777e-10
2.485192900828320e-01,7.832314056667187e-10
2.487322822752240e-01,7.831474183117904e-10
2.489452744676160e-01,7.830635084603353e-10
2.491582666600080e-01,7.829796759757968e-10
2.493712588524000e-01,7.828959207216174e-10
2.495842510447920e-01,7.828122425612397e-10
2.497972432371830e-01,7.827286413581072e-10
2.500102354295750e-01,7.826451169756619e-10
2.502232276219670e-01,7.825616692773469e-10
2.504362198143590e-01,7.824782981266052e-10
2.506492120067510e-01,7.823950033874658e-10
2.508622041991430e-01,7.823117849263036e-10
2.510751963915350e-01,7.822286426100800e-10
2.512881885839270e-01,7.821455763057556e-10
2.515011807763180e-01,7.820625858802922e-10
2.517141729687100e-01,7.819796712006500e-10
2.519271651611020e-01,7.818968321337905e-10
2.521401573534940e-01,7.818140685466744e-10
2.523531495458860e-01,7.817313803062632e-10
2.525661417382780e-01,7.816487672795177e-10
2.527791339306700e-01,7.815662293339669e-10
2.529921261230620e-01,7.814837663394089e-10
2.532051183154530e-01,7.814013781662096e-10
2.534181105078450e-01,7.813190646847335e-10
2.536311027002370e-01,7.812368257653463e-10
2.538440948926290e-01,7.811546612784134e-10
2.540570870850210e-01,7.810725710943002e-10
2.542700792774130e-01,7.809905550833721e-10
2.544830714698050e-01,7.809086131159944e-10
2.546960636621960e-01,7.808267450625329e-10
2.549090558545880e-01,7.807449507939013e-10
2.551220480469800e-01,7.806632301832122e-10
2.553350402393720e-01,7.805815831041275e-10
2.555480324317640e-01,7.805000094303091e-10
2.557610246241560e-01,7.804185090354190e-10
2.559740168165480e-01,7.803370817931191e-10
2.561870090089400e-01,7.802557275770712e-10
2.564000012013310e-01,7.801744462609376e-10
2.566129933937230e-01,7.800932377183798e-10
2.568259855861150e-01,7.800121018230597e-10
2.570389777785070e-01,7.799310384491644e-10
2.572519699708990e-01,7.798500474729811e-10
2.574649621632910e-01,7.797691287713224e-10
2.576779543556830e-01,7.796882822210008e-10
2.578909465480740e-01,7.796075076988293e-10
2.581039387404660e-01,7.795268050816195e-10
2.583169309328580e-01,7.794461742461844e-10
2.585299231252500e-01,7.793656150693363e-10
2.587429153176420e-01,7.792851274278881e-10
2.589559075100340e-01,7.792047111986520e-10
2.591688997024260e-01,7.791243662589653e-10
2.593818918948180e-01,7.790440924882629e-10
2.595948840872090e-01,7.789638897665046e-10
2.598078762796010e-01,7.788837579736492e-10
2.600208684719930e-01,7.788036969896568e-10
2.602338606643850e-01,7.787237066944863e-10
2.604468528567770e-01,7.786437869680978e-10
2.606598450491690e-01,7.785639376904504e-10
2.608728372415610e-01,7.784841587415036e-10
2.610858294339530e-01,7.784044500012171e-10
2.612988216263440e-01,7.783248113500021e-10
2.615118138187360e-01,7.782452426700747e-10
2.617248060111280e-01,7.781657438441031e-10
2.619377982035200e-01,7.780863147547551e-10
2.621507903959120e-01,7.780069552846988e-10
2.623637825883040e-01,7.779276653166020e-10
2.625767747806960e-01,7.778484447331326e-10
2.627897669730870e-01,7.777692934169588e-10
2.630027591654790e-01,7.776902112507479e-10
2.632157513578710e-01,7.776111981171681e-10
2.634287435502630e-01,7.775322538995273e-10
2.636417357426550e-01,7.774533784836953e-10
2.638547279350470e-01,7.773745717561827e-10
2.640677201274390e-01,7.772958336035001e-10
2.642807123198310e-01,7.772171639121582e-10
2.644937045122220e-01,7.771385625686681e-10
2.647066967046140e-01,7.770600294595397e-10
2.649196888970060e-01,7.769815644712837e-10
2.651326810893980e-01,7.769031674904111e-10
2.653456732817900e-01,7.768248384034324e-10
2.655586654741820e-01,7.767465770967219e-10
2.657716576665740e-01,7.766683834561079e-10
2.659846498589660e-01,7.765902573672828e-10
2.661976420513570e-01,7.765121987159386e-10
2.664106342437490e-01,7.764342073877668e-10
2.666236264361410e-01,7.763562832684597e-10
2.668366186285330e-01,7.762784262437093e-10
2.670496108209250e-01,7.762006361992077e-10
2.672626030133170e-01,7.761229130206468e-10
2.674755952057090e-01,7.760452565937186e-10
2.676885873981000e-01,7.759676668068042e-10
2.679015795904920e-01,7.758901435590382e-10
2.681145717828840e-01,7.758126867522453e-10
2.683275639752760e-01,7.757352962882501e-10
2.685405561676680e-01,7.756579720688770e-10
2.687535483600600e-01,7.755807139959502e-10
2.689665405524520e-01,7.755035219712944e-10
2.691795327448440e-01,7.754263958967336e-10
2.693925249372350e-01,7.753493356740929e-10
2.696055171296270e-01,7.752723412051961e-10
2.698185093220190e-01,7.751954123839431e-10
2.700315015144110e-01,7.751185490725448e-10
2.702444937068030e-01,7.750417511252905e-10
2.704574858991950e-01,7.749650183964703e-10
2.706704780915870e-01,7.748883507403736e-10
2.708834702839780e-01,7.748117480112909e-10
2.710964624763700e-01,7.747352100635110e-10
2.713094546687620e-01,7.746587367513242e-10
2.715224468611540e-01,7.745823279290201e-10
2.717354390535460e-01,7.745059834508886e-10
2.719484312459380e-01,7.744297032028475e-10
2.721614234383300e-01,7.743534871972570e-10
2.723744156307220e-01,7.742773354780706e-10
2.725874078231130e-01,7.742012480892423e-10
2.728004000155050e-01,7.741252250747250e-10
2.730133922078970e-01,7.740492664784724e-10
2.732263844002890e-01,7.739733723444381e-10
2.734393765926810e-01,7.738975427165755e-10
2.736523687850730e-01,7.738217776388385e-10
2.738653609774650e-01,7.737460771551803e-10
2.740783531698570e-01,7.736704411936228e-10
2.742913453622480e-01,7.735948692182066e-10
2.745043375546400e-01,7.735193605769116e-10
2.747173297470320e-01,7.734439146177190e-10
2.749303219394240e-01,7.733685306886098e-10
2.751433141318160e-01,7.732932081375648e-10
2.753563063242080e-01,7.732179463125646e-10
2.755692985166000e-01,7.731427445615902e-10
2.757822907089910e-01,7.730676022326230e-10
2.759952829013830e-01,7.729925186736428e-10
2.762082750937750e-01,7.729174936673519e-10
2.764212672861670e-01,7.728425287357561e-10
2.766342594785590e-01,7.727676258357911e-10
2.768472516709510e-01,7.726927869243932e-10
2.770602438633430e-01,7.726180139584982e-10
2.772732360557350e-01,7.725433088950423e-10
2.774862282481260e-01,7.724686736909617e-10
2.776992204405180e-01,7.723941103031917e-10
2.779122126329100e-01,7.723196206886689e-10
2.781252048253020e-01,7.722452068043292e-10
2.783381970176940e-01,7.721708689860445e-10
2.785511892100860e-01,7.720966010858711e-10
