7.791356504680618e-06,4.954972665583129e-10
8.610780621332552e-06,5.060040370754502e-10
9.516384324626089e-06,5.166732535766357e-10
1.051723120080771e-05,5.275061658306552e-10
1.162333806181051e-05,5.385037000453566e-10
1.284577519687474e-05,5.496668178011298e-10
1.419677716772344e-05,5.609965454696177e-10
1.568986525616830e-05,5.724937898223164e-10
1.733998278964274e-05,5.841595658373764e-10
1.916364469904539e-05,5.959948859915612e-10
2.117910280571951e-05,6.080003477323493e-10
2.340652849181556e-05,6.201770741569405e-10
2.586821458226360e-05,6.325257169230017e-10
2.858879845885812e-05,6.450470068319788e-10
3.159550863945590e-05,6.577421116521913e-10
3.491843729013453e-05,6.706113678169583e-10
3.859084139770492e-05,6.836556302393209e-10
4.264947561681323e-05,6.968754912531540e-10
4.713496012287843e-05,7.102718731324333e-10
5.209218715246060e-05,7.238451144380779e-10
5.757077029985334e-05,7.375958363146577e-10
6.362554106661115e-05,7.515249073329194e-10
7.031709763364645e-05,7.656324812839119e-10
7.771241134819200e-05,7.799192672516022e-10
8.588549699555374e-05,7.943856943498952e-10
9.491815356395940e-05,8.090320922561246e-10
1.049007829163263e-04,8.238591846149233e-10
1.159332945624905e-04,8.388671011876197e-10
1.281261055871622e-04,8.540562761014602e-10
1.416012457412214e-04,8.694270576756995e-10
1.564935787564811e-04,8.849797427950847e-10
1.729521521072439e-04,9.007146089811595e-10
1.911416887275217e-04,9.166318215762394e-10
2.112442356135248e-04,9.327317296496898e-10
2.334609858111876e-04,9.490146762314499e-10
2.580142920237960e-04,9.654803644724897e-10
2.851498919925769e-04,9.821293240239835e-10
3.151393679226079e-04,9.989613263524002e-10
3.482828645688079e-04,1.015976518725844e-09
3.849120931855259e-04,1.033174877056431e-09
4.253936514042669e-04,1.050556158951807e-09
4.701326922660057e-04,1.068120577586786e-09
5.195769791289974e-04,1.085868035510471e-09
5.742213670349657e-04,1.103798182097589e-09
6.346127553846864e-04,1.121910696842306e-09
7.013555614910102e-04,1.140205308879132e-09
7.751177697904812e-04,1.158682222300714e-09
8.566376172560946e-04,1.177340536035131e-09
9.467309819210534e-04,1.196180076445000e-09
1.046299548460350e-03,1.215200361139553e-09
1.156339832554060e-03,1.234401082495880e-09
1.277953154351212e-03,1.253846915819359e-09
1.405748469786333e-03,1.272549059555468e-09
1.533543785221454e-03,1.289704553149697e-09
1.661339100656575e-03,1.305545609187048e-09
1.789134416091696e-03,1.320304440252521e-09
1.916929731526817e-03,1.334183563557309e-09
2.000000000000000e-03,1.342775109493610e-09
2.044725046961939e-03,1.347266870750733e-09
2.172520362397060e-03,1.359616822689919e-09
2.300315677832181e-03,1.371308133787049e-09
2.428110993267302e-03,1.382416510153631e-09
2.555906308702423e-03,1.393011007650491e-09
2.683701624137544e-03,1.403134081131538e-09
2.811496939572665e-03,1.412821535197898e-09
2.939292255007787e-03,1.422109174450696e-09
3.067087570442908e-03,1.431032803491060e-09
3.194882885878029e-03,1.439625521683743e-09
3.322678201313150e-03,1.447909607338897e-09
3.450473516748271e-03,1.455904633475746e-09
3.578268832183392e-03,1.463630173113508e-09
3.706064147618514e-03,1.471105799271406e-09
3.833859463053635e-03,1.478349814926044e-09
3.961654778488756e-03,1.485375442901158e-09
4.089450093923877e-03,1.492194635986669e-09
4.217245409358998e-03,1.498819346972496e-09
4.345040724794119e-03,1.505261528648561e-09
4.472836040229241e-03,1.511532440988619e-09
4.600631355664362e-03,1.517640572683853e-09
4.728426671099482e-03,1.523593719600330e-09
4.856221986534604e-03,1.529399677604116e-09
4.984017301969726e-03,1.535066242561276e-09
5.111812617404846e-03,1.540600809516116e-09
5.239607932839968e-03,1.546009170237261e-09
5.367403248275089e-03,1.551296715677258e-09
5.495198563710209e-03,1.556468836788652e-09
5.622993879145331e-03,1.561530924523992e-09
5.750789194580453e-03,1.566488117013089e-09
5.878584510015573e-03,1.571344541091956e-09
6.006379825450694e-03,1.576104070772435e-09
6.134175140885816e-03,1.580770580066370e-09
6.261970456320937e-03,1.585347942985606e-09
6.389765771756058e-03,1.589839868476961e-09
6.517561087191179e-03,1.594249405234237e-09
6.645356402626300e-03,1.598579436889747e-09
6.773151718061422e-03,1.602832847075805e-09
6.900947033496543e-03,1.607012519424724e-09
7.028742348931663e-03,1.611121223989720e-09
7.156537664366785e-03,1.615161276507972e-09
7.284332979801906e-03,1.619134879137739e-09
7.412128295237027e-03,1.623044234037280e-09
7.539923610672148e-03,1.626891543364856e-09
7.667718926107269e-03,1.630678929405193e-09
7.795514241542391e-03,1.634408194945981e-09
7.923309556977513e-03,1.638081062899917e-09
8.051104872412632e-03,1.641699256179697e-09
8.178900187847754e-03,1.645264497698020e-09
8.306695503282877e-03,1.648778452368433e-09
8.434490818717996e-03,1.652242553108915e-09
8.562286134153118e-03,1.655658174838808e-09
8.690081449588239e-03,1.659026692477454e-09
8.817876765023359e-03,1.662349480944194e-09
8.945672080458482e-03,1.665627869190575e-09
9.073467395893601e-03,1.668863002295954e-09
9.201262711328723e-03,1.672055979371386e-09
9.329058026763846e-03,1.675207899527925e-09
9.456853342198965e-03,1.678319861876626e-09
9.584648657634087e-03,1.681392940707364e-09
9.712443973069206e-03,1.684428111026090e-09
9.840239288504329e-03,1.687426323017976e-09
9.968034603939451e-03,1.690388526868192e-09
1.009582991937457e-02,1.693315672761910e-09
1.022362523480969e-02,1.696208669032445e-09
1.035142055024482e-02,1.699068256605382e-09
1.047921586567993e-02,1.701895134554290e-09
1.060701118111506e-02,1.704690001952740e-09
1.073480649655018e-02,1.707453557874301e-09
1.086260181198530e-02,1.710186501392546e-09
1.099039712742042e-02,1.712889531581043e-09
1.111819244285554e-02,1.715563347513363e-09
1.124598775829066e-02,1.718208648263076e-09
1.137378307372578e-02,1.720826132903754e-09
1.150157838916090e-02,1.723416466976107e-09
1.162937370459603e-02,1.725980181899092e-09
1.175716902003114e-02,1.728517775563644e-09
1.188496433546627e-02,1.731029745860700e-09
1.201275965090139e-02,1.733516590681194e-09
1.214055496633651e-02,1.735978807916064e-09
1.226835028177163e-02,1.738416895456245e-09
1.239614559720675e-02,1.740831351192674e-09
1.252394091264187e-02,1.743222673016285e-09
1.265173622807700e-02,1.745591358818016e-09
1.277953154351211e-02,1.747937885656165e-09
1.290732685894724e-02,1.750262647251108e-09
1.303512217438236e-02,1.752566016486894e-09
1.316291748981748e-02,1.754848366247572e-09
1.329071280525260e-02,1.757110069417192e-09
1.341850812068772e-02,1.759351498879801e-09
1.354630343612284e-02,1.761573027519450e-09
1.367409875155796e-02,1.763775028220188e-09
1.380189406699308e-02,1.765957873866063e-09
1.392968938242821e-02,1.768121937341125e-09
1.405748469786333e-02,1.770267576834769e-09
1.418528001329845e-02,1.772395091756918e-09
1.431307532873357e-02,1.774504766822417e-09
1.444087064416869e-02,1.776596886746111e-09
1.456866595960381e-02,1.778671736242843e-09
1.469646127503893e-02,1.780729600027458e-09
1.482425659047405e-02,1.782770762814799e-09
1.495205190590917e-02,1.784795509319710e-09
1.507984722134430e-02,1.786804124257037e-09
1.520764253677942e-02,1.788796892341622e-09
1.533543785221454e-02,1.790774088058250e-09
1.546323316764966e-02,1.792735944973906e-09
1.559102848308478e-02,1.794682686426730e-09
1.571882379851990e-02,1.796614535754866e-09
1.584661911395502e-02,1.798531716296457e-09
1.597441442939014e-02,1.800434451389643e-09
1.610220974482527e-02,1.802322964372569e-09
1.623000506026039e-02,1.804197478583375e-09
1.635780037569551e-02,1.806058217360205e-09
1.648559569113063e-02,1.807905404041201e-09
1.661339100656575e-02,1.809739254423461e-09
1.674118632200087e-02,1.811559954136851e-09
1.686898163743599e-02,1.813367681268667e-09
1.699677695287111e-02,1.815162613906207e-09
1.712457226830624e-02,1.816944930136767e-09
1.725236758374135e-02,1.818714808047642e-09
1.738016289917648e-02,1.820472425726129e-09
1.750795821461160e-02,1.822217961259525e-09
1.763575353004672e-02,1.823951592735127e-09
1.776354884548184e-02,1.825673498240230e-09
1.789134416091696e-02,1.827383850080095e-09
1.801913947635208e-02,1.829082797431220e-09
1.814693479178720e-02,1.830770483687750e-09
1.827473010722232e-02,1.832447052243834e-09
1.840252542265745e-02,1.834112646493618e-09
1.853032073809257e-02,1.835767409831249e-09
1.865811605352769e-02,1.837411485650876e-09
1.878591136896281e-02,1.839045017346645e-09
1.891370668439793e-02,1.840668148312703e-09
1.904150199983305e-02,1.842281021943198e-09
1.916929731526817e-02,1.843883777859946e-09
1.929709263070329e-02,1.845476540596148e-09
1.942488794613842e-02,1.847059430913026e-09
1.955268326157353e-02,1.848632569571805e-09
1.968047857700866e-02,1.850196077333707e-09
1.980827389244378e-02,1.851750074959956e-09
1.993606920787890e-02,1.853294683211776e-09
2.006386452331402e-02,1.854830022850390e-09
2.019165983874914e-02,1.856356214637021e-09
2.031945515418426e-02,1.857873379332892e-09
2.044725046961939e-02,1.859381633677669e-09
2.057504578505450e-02,1.860881078322950e-09
2.070284110048963e-02,1.862371809897861e-09
2.083063641592475e-02,1.863853925031525e-09
2.095843173135987e-02,1.865327520353067e-09
2.108622704679499e-02,1.866792692491614e-09
2.121402236223011e-02,1.868249538076289e-09
2.134181767766523e-02,1.869698153736218e-09
2.146961299310035e-02,1.871138636100525e-09
2.159740830853547e-02,1.872571081798335e-09
2.172520362397060e-02,1.873995585381912e-09
2.185299893940572e-02,1.875412233095747e-09
2.198079425484084e-02,1.876821109107306e-09
2.210858957027596e-02,1.878222297584052e-09
2.223638488571108e-02,1.879615882693452e-09
2.236418020114620e-02,1.881001948602970e-09
2.249197551658132e-02,1.882380579480072e-09
2.261977083201644e-02,1.883751859492221e-09
2.274756614745157e-02,1.885115872806884e-09
2.287536146288669e-02,1.886472703591525e-09
2.300315677832181e-02,1.887822433719157e-09
2.313095209375693e-02,1.889165135885301e-09
2.325874740919205e-02,1.890500880491183e-09
2.338654272462717e-02,1.891829737938027e-09
2.351433804006229e-02,1.893151778627062e-09
2.364213335549741e-02,1.894467072959512e-09
2.376992867093253e-02,1.895775691336604e-09
2.389772398636766e-02,1.897077704159563e-09
2.402551930180278e-02,1.898373181829616e-09
2.415331461723790e-02,1.899662194747987e-09
2.428110993267302e-02,1.900944811546615e-09
2.440890524810814e-02,1.902221093781044e-09
2.453670056354326e-02,1.903491101237915e-09
2.466449587897838e-02,1.904754893703868e-09
2.479229119441350e-02,1.906012530965542e-09
2.492008650984863e-02,1.907264072809578e-09
2.504788182528375e-02,1.908509579022616e-09
2.517567714071887e-02,1.909749109391295e-09
2.530347245615399e-02,1.910982723702256e-09
2.543126777158911e-02,1.912210481742138e-09
2.555906308702423e-02,1.913432442319670e-09
2.568685840245935e-02,1.914648660331722e-09
2.581465371789447e-02,1.915859189697153e-09
2.594244903332960e-02,1.917064084334820e-09
2.607024434876471e-02,1.918263398163579e-09
2.619803966419984e-02,1.919457185102288e-09
2.632583497963496e-02,1.920645499069804e-09
2.645363029507008e-02,1.921828393984985e-09
2.658142561050520e-02,1.923005923766687e-09
2.670922092594032e-02,1.924178142333768e-09
2.683701624137544e-02,1.925345101851357e-09
2.696481155681056e-02,1.926506847469828e-09
2.709260687224568e-02,1.927663422585900e-09
2.722040218768081e-02,1.928814870596294e-09
2.734819750311593e-02,1.929961234897732e-09
2.747599281855105e-02,1.931102558886934e-09
2.760378813398617e-02,1.932238885960621e-09
2.773158344942129e-02,1.933370259515514e-09
2.785937876485641e-02,1.934496722948334e-09
2.798717408029153e-02,1.935618319655802e-09
2.811496939572665e-02,1.936735092733510e-09
2.824276471116178e-02,1.937847084072647e-09
2.837056002659689e-02,1.938954335263331e-09
2.849835534203202e-02,1.940056887895680e-09
2.862615065746714e-02,1.941154783559813e-09
2.875394597290226e-02,1.942248063845847e-09
2.888174128833738e-02,1.943336770343900e-09
2.900953660377250e-02,1.944420944644091e-09
2.913733191920762e-02,1.945500628336538e-09
2.926512723464274e-02,1.946575863011358e-09
2.939292255007787e-02,1.947646688777614e-09
2.952071786551299e-02,1.948713139819756e-09
2.964851318094811e-02,1.949775248840985e-09
2.977630849638323e-02,1.950833048544503e-09
2.990410381181835e-02,1.951886571633514e-09
3.003189912725347e-02,1.952935850811216e-09
3.015969444268859e-02,1.953980918780813e-09
3.028748975812371e-02,1.955021808245507e-09
3.041528507355883e-02,1.956058551908499e-09
3.054308038899396e-02,1.957091182472991e-09
3.067087570442908e-02,1.958119732827401e-09
3.079867101986420e-02,1.959144236601002e-09
3.092646633529932e-02,1.960164727608281e-09
3.105426165073444e-02,1.961181239663724e-09
3.118205696616956e-02,1.962193806581816e-09
3.130985228160468e-02,1.963202462177046e-09
3.143764759703981e-02,1.964207240263899e-09
3.156544291247493e-02,1.965208174656861e-09
3.169323822791005e-02,1.966205299170417e-09
3.182103354334517e-02,1.967198647619056e-09
3.194882885878029e-02,1.968188252408338e-09
3.207662417421541e-02,1.969174140308590e-09
3.220441948965053e-02,1.970156336681450e-09
3.233221480508566e-02,1.971134866888556e-09
3.246001012052077e-02,1.972109756291543e-09
3.258780543595589e-02,1.973081030252050e-09
3.271560075139102e-02,1.974048714131714e-09
3.284339606682614e-02,1.975012833292172e-09
3.297119138226126e-02,1.975973413095061e-09
3.309898669769638e-02,1.976930478902017e-09
3.322678201313150e-02,1.977884056028881e-09
3.335457732856662e-02,1.978834169608284e-09
3.348237264400174e-02,1.979780844727053e-09
3.361016795943687e-02,1.980724106472015e-09
3.373796327487198e-02,1.981663979929997e-09
3.386575859030710e-02,1.982600490187825e-09
3.399355390574223e-02,1.983533662332326e-09
3.412134922117735e-02,1.984463521450328e-09
3.424914453661247e-02,1.985390092628656e-09
3.437693985204759e-02,1.986313400954138e-09
3.450473516748271e-02,1.987233471045332e-09
3.463253048291783e-02,1.988150325647720e-09
3.476032579835295e-02,1.989063987038511e-09
3.488812111378808e-02,1.989974477494914e-09
3.501591642922319e-02,1.990881819294139e-09
3.514371174465832e-02,1.991786034713396e-09
3.527150706009344e-02,1.992687146029894e-09
3.539930237552856e-02,1.993585175520843e-09
3.552709769096368e-02,1.994480145463452e-09
3.565489300639881e-02,1.995372078134930e-09
3.578268832183392e-02,1.996260995363356e-09
3.591048363726904e-02,1.997146917180398e-09
3.603827895270417e-02,1.998029863168658e-09
3.616607426813929e-02,1.998909852910739e-09
3.629386958357441e-02,1.999786905989240e-09
3.642166489900953e-02,2.000661041986763e-09
3.654946021444465e-02,2.001532280485910e-09
3.667725552987977e-02,2.002400641069282e-09
3.680505084531489e-02,2.003266143319480e-09
3.693284616075002e-02,2.004128806819105e-09
3.706064147618514e-02,2.004988650953234e-09
3.718843679162025e-02,2.005845694316779e-09
3.731623210705538e-02,2.006699955307090e-09
3.744402742249050e-02,2.007551452321519e-09
3.757182273792562e-02,2.008400203757418e-09
3.769961805336074e-02,2.009246228012137e-09
3.782741336879586e-02,2.010089543483028e-09
3.795520868423098e-02,2.010930168567443e-09
3.808300399966610e-02,2.011768121662732e-09
3.821079931510123e-02,2.012603421166247e-09
3.833859463053635e-02,2.013436084901607e-09
3.846638994597146e-02,2.014266128397464e-09
3.859418526140659e-02,2.015093566608720e-09
3.872198057684171e-02,2.015918414490278e-09
3.884977589227683e-02,2.016740686997038e-09
3.897757120771195e-02,2.017560399083903e-09
3.910536652314707e-02,2.018377565705775e-09
3.923316183858219e-02,2.019192201817554e-09
3.936095715401731e-02,2.020004322374143e-09
3.948875246945244e-02,2.020813942330445e-09
3.961654778488756e-02,2.021621077023113e-09
3.974434310032268e-02,2.022425743315730e-09
3.987213841575780e-02,2.023227958453587e-09
3.999993373119292e-02,2.024027739681973e-09
4.012772904662804e-02,2.024825104246181e-09
4.025552436206317e-02,2.025620069391502e-09
4.038331967749829e-02,2.026412652363224e-09
4.051111499293340e-02,2.027202870406640e-09
4.063891030836853e-02,2.027990740767041e-09
4.076670562380365e-02,2.028776280689718e-09
4.089450093923877e-02,2.029559506395363e-09
4.102229625467389e-02,2.030340430005862e-09
4.115009157010902e-02,2.031119062618292e-09
4.127788688554413e-02,2.031895415329728e-09
4.140568220097925e-02,2.032669499237249e-09
4.153347751641438e-02,2.033441325437930e-09
4.166127283184950e-02,2.034210905028850e-09
4.178906814728462e-02,2.034978249107084e-09
4.191686346271974e-02,2.035743368769709e-09
4.204465877815486e-02,2.036506275113803e-09
4.217245409358998e-02,2.037266979630255e-09
4.230024940902510e-02,2.038025495385254e-09
4.242804472446023e-02,2.038781835838825e-09
4.255584003989534e-02,2.039536014450992e-09
4.268363535533046e-02,2.040288044681780e-09
4.281143067076559e-02,2.041037939991213e-09
4.293922598620071e-02,2.041785713839317e-09
4.306702130163583e-02,2.042531379686115e-09
4.319481661707095e-02,2.043274950991632e-09
4.332261193250607e-02,2.044016441215893e-09
4.345040724794119e-02,2.044755863462261e-09
4.357820256337631e-02,2.045493229407525e-09
4.370599787881144e-02,2.046228550371842e-09
4.383379319424656e-02,2.046961837675371e-09
4.396158850968167e-02,2.047693102638273e-09
4.408938382511680e-02,2.048422356580704e-09
4.421717914055192e-02,2.049149610822825e-09
4.434497445598704e-02,2.049874876684793e-09
4.447276977142216e-02,2.050598165486769e-09
4.460056508685728e-02,2.051319488548910e-09
4.472836040229240e-02,2.052038856830830e-09
4.485615571772752e-02,2.052756279849785e-09
4.498395103316265e-02,2.053471766762405e-09
4.511174634859777e-02,2.054185326725318e-09
4.523954166403289e-02,2.054896968895153e-09
4.536733697946801e-02,2.055606702428538e-09
4.549513229490313e-02,2.056314536482100e-09
4.562292761033825e-02,2.057020480212470e-09
4.575072292577338e-02,2.057724542776275e-09
4.587851824120850e-02,2.058426733330143e-09
4.600631355664361e-02,2.059127061600077e-09
4.613410887207874e-02,2.059825539589665e-09
4.626190418751386e-02,2.060522179871920e-09
4.638969950294898e-02,2.061216995019852e-09
4.651749481838410e-02,2.061909997606470e-09
4.664529013381922e-02,2.062601200204786e-09
4.677308544925434e-02,2.063290615387811e-09
4.690088076468946e-02,2.063978255728553e-09
4.702867608012459e-02,2.064664133800025e-09
4.715647139555971e-02,2.065348262175237e-09
4.728426671099482e-02,2.066030652100203e-09
4.741206202642995e-02,2.066711309513136e-09
4.753985734186507e-02,2.067390239025337e-09
4.766765265730019e-02,2.068067445248110e-09
4.779544797273531e-02,2.068742932792756e-09
4.792324328817044e-02,2.069416706270579e-09
4.805103860360555e-02,2.070088770292880e-09
4.817883391904067e-02,2.070759129470963e-09
4.830662923447580e-02,2.071427788416131e-09
4.843442454991092e-02,2.072094751739685e-09
4.856221986534604e-02,2.072760025715361e-09
4.869001518078116e-02,2.073423623265908e-09
4.881781049621628e-02,2.074085558976155e-09
4.894560581165140e-02,2.074745847430928e-09
4.907340112708652e-02,2.075404503215054e-09
4.920119644252165e-02,2.076061540913361e-09
4.932899175795677e-02,2.076716975110677e-09
4.945678707339188e-02,2.077370820391828e-09
4.958458238882701e-02,2.078023091341641e-09
4.971237770426213e-02,2.078673802544944e-09
4.984017301969725e-02,2.079322961676329e-09
4.996796833513237e-02,2.079970548767951e-09
5.000000000000000e-02,2.080132615745816e-09
5.009576365056749e-02,2.080616539793691e-09
5.022355896600261e-02,2.081260935610285e-09
5.035135428143774e-02,2.081903749909315e-09
5.047914959687286e-02,2.082544996489120e-09
5.060694491230798e-02,2.083184689148042e-09
5.073474022774310e-02,2.083822841684420e-09
5.086253554317822e-02,2.084459467896593e-09
5.099033085861334e-02,2.085094581582902e-09
5.111812617404846e-02,2.085728195090155e-09
5.124592148948359e-02,2.086360314959146e-09
5.137371680491870e-02,2.086990946279200e-09
5.150151212035382e-02,2.087620094139639e-09
5.162930743578895e-02,2.088247763629785e-09
5.175710275122407e-02,2.088873959838962e-09
5.188489806665919e-02,2.089498687856492e-09
5.201269338209431e-02,2.090121952771698e-09
5.214048869752943e-02,2.090743759673903e-09
5.226828401296455e-02,2.091364113652430e-09
5.239607932839967e-02,2.091983020373084e-09
5.252387464383480e-02,2.092600487807389e-09
5.265166995926992e-02,2.093216524503243e-09
5.277946527470503e-02,2.093831139008546e-09
5.290726059014016e-02,2.094444339871195e-09
5.303505590557528e-02,2.095056135639088e-09
5.316285122101040e-02,2.095666534860124e-09
5.329064653644552e-02,2.096275546082201e-09
5.341844185188065e-02,2.096883177853219e-09
5.354623716731576e-02,2.097489438721073e-09
5.367403248275088e-02,2.098094336532555e-09
5.380182779818601e-02,2.098697876329830e-09
5.392962311362113e-02,2.099300062453860e-09
5.405741842905625e-02,2.099900899245610e-09
5.418521374449137e-02,2.100500391046042e-09
5.431300905992649e-02,2.101098542196119e-09
5.444080437536161e-02,2.101695357036805e-09
5.456859969079673e-02,2.102290839909062e-09
5.469639500623186e-02,2.102884995153855e-09
5.482419032166697e-02,2.103477827112146e-09
5.495198563710210e-02,2.104069340550168e-09
5.507978095253722e-02,2.104659541935219e-09
5.520757626797234e-02,2.105248438159861e-09
5.533537158340746e-02,2.105836036116657e-09
5.546316689884258e-02,2.106422342698166e-09
5.559096221427770e-02,2.107007364796952e-09
5.571875752971282e-02,2.107591109305576e-09
5.584655284514795e-02,2.108173583116599e-09
5.597434816058307e-02,2.108754793122583e-09
5.610214347601819e-02,2.109334746216090e-09
5.622993879145331e-02,2.109913448791144e-09
5.635773410688843e-02,2.110490905247778e-09
5.648552942232355e-02,2.111067119487568e-09
5.661332473775867e-02,2.111642095412093e-09
5.674112005319380e-02,2.112215836922928e-09
5.686891536862891e-02,2.112788347921650e-09
5.699671068406403e-02,2.113359632309837e-09
5.712450599949916e-02,2.113929693989064e-09
5.725230131493428e-02,2.114498536860909e-09
5.738009663036940e-02,2.115066164826949e-09
5.750789194580452e-02,2.115632582380359e-09
5.763568726123964e-02,2.116197796380892e-09
5.776348257667476e-02,2.116761814279995e-09
5.789127789210988e-02,2.117324643529113e-09
5.801907320754501e-02,2.117886291579691e-09
5.814686852298013e-02,2.118446765883176e-09
5.827466383841524e-02,2.119006073891013e-09
5.840245915385037e-02,2.119564223054648e-09
5.853025446928549e-02,2.120121220825526e-09
5.865804978472061e-02,2.120677074655093e-09
5.878584510015573e-02,2.121231791167663e-09
5.891364041559085e-02,2.121785373678998e-09
5.904143573102597e-02,2.122337824677722e-09
5.916923104646109e-02,2.122889146652458e-09
5.929702636189622e-02,2.123439342091828e-09
5.942482167733134e-02,2.123988413484456e-09
5.955261699276646e-02,2.124536363318963e-09
5.968041230820158e-02,2.125083194083973e-09
5.980820762363670e-02,2.125628908268109e-09
5.993600293907182e-02,2.126173508359993e-09
6.006379825450694e-02,2.126716997372944e-09
6.019159356994207e-02,2.127259380418922e-09
6.031938888537718e-02,2.127800663134507e-09
6.044718420081231e-02,2.128340851156284e-09
6.057497951624743e-02,2.128879950120835e-09
6.070277483168255e-02,2.129417965664741e-09
6.083057014711767e-02,2.129954903424586e-09
6.095836546255279e-02,2.130490769036953e-09
6.108616077798791e-02,2.131025568138422e-09
6.121395609342303e-02,2.131559306365579e-09
6.134175140885816e-02,2.132091988828896e-09
6.146954672429328e-02,2.132623618534226e-09
6.159734203972840e-02,2.133154197961219e-09
6.172513735516352e-02,2.133683729589521e-09
6.185293267059864e-02,2.134212215898780e-09
6.198072798603376e-02,2.134739659368646e-09
6.210852330146888e-02,2.135266062478766e-09
6.223631861690401e-02,2.135791427708789e-09
6.236411393233912e-02,2.136315757538362e-09
6.249190924777424e-02,2.136839054447134e-09
6.261970456320937e-02,2.137361321700828e-09
6.274749987864449e-02,2.137882565709522e-09
6.287529519407961e-02,2.138402793669399e-09
6.300309050951473e-02,2.138922012776639e-09
6.313088582494986e-02,2.139440230227425e-09
6.325868114038498e-02,2.139957453217937e-09
6.338647645582010e-02,2.140473688944359e-09
6.351427177125522e-02,2.140988944602869e-09
6.364206708669033e-02,2.141503227389651e-09
6.376986240212545e-02,2.142016544500886e-09
6.389765771756058e-02,2.142528901997366e-09
6.402545303299570e-02,2.143040301398577e-09
6.415324834843082e-02,2.143550743088745e-09
6.428104366386594e-02,2.144060227452096e-09
6.440883897930107e-02,2.144568754872855e-09
6.453663429473619e-02,2.145076325735248e-09
6.466442961017131e-02,2.145582940423499e-09
6.479222492560642e-02,2.146088599321834e-09
6.492002024104154e-02,2.146593302814479e-09
6.504781555647667e-02,2.147097051285660e-09
6.517561087191179e-02,2.147599845893176e-09
6.530340618734691e-02,2.148101690889452e-09
6.543120150278203e-02,2.148602591300649e-09
6.555899681821716e-02,2.149102552152927e-09
6.568679213365228e-02,2.149601578472447e-09
6.581458744908740e-02,2.150099675285371e-09
6.594238276452252e-02,2.150596847617858e-09
6.607017807995763e-02,2.151093100496071e-09
6.619797339539275e-02,2.151588438946168e-09
6.632576871082788e-02,2.152082867994312e-09
6.645356402626300e-02,2.152576392398212e-09
6.658135934169812e-02,2.153069015841741e-09
6.670915465713324e-02,2.153560741740305e-09
6.683694997256837e-02,2.154051573509311e-09
6.696474528800349e-02,2.154541514564162e-09
6.709254060343861e-02,2.155030568320267e-09
6.722033591887373e-02,2.155518738193030e-09
6.734813123430886e-02,2.156006027597857e-09
6.747592654974396e-02,2.156492439950154e-09
6.760372186517909e-02,2.156977978665327e-09
6.773151718061421e-02,2.157462646913257e-09
6.785931249604933e-02,2.157946446881771e-09
6.798710781148445e-02,2.158429380513191e-09
6.811490312691958e-02,2.158911449749841e-09
6.824269844235470e-02,2.159392656534044e-09
6.837049375778982e-02,2.159873002808123e-09
6.849828907322494e-02,2.160352490514401e-09
6.862608438866007e-02,2.160831121595201e-09
6.875387970409517e-02,2.161308897992846e-09
6.888167501953030e-02,2.161785821649660e-09
6.900947033496542e-02,2.162261894961280e-09
6.913726565040054e-02,2.162737122136812e-09
6.926506096583566e-02,2.163211507838784e-09
6.939285628127079e-02,2.163685056729722e-09
6.952065159670591e-02,2.164157773472153e-09
6.964844691214103e-02,2.164629662728603e-09
6.977624222757615e-02,2.165100729161601e-09
6.990403754301128e-02,2.165570977433673e-09
7.003183285844640e-02,2.166040412207345e-09
7.015962817388151e-02,2.166509038145145e-09
7.028742348931663e-02,2.166976859411709e-09
7.041521880475175e-02,2.167443878180026e-09
7.054301412018688e-02,2.167910096125156e-09
7.067080943562200e-02,2.168375514922154e-09
7.079860475105712e-02,2.168840136246076e-09
7.092640006649224e-02,2.169303961771982e-09
7.105419538192737e-02,2.169766993174928e-09
7.118199069736249e-02,2.170229232129971e-09
7.130978601279761e-02,2.170690680312167e-09
7.152277820518949e-02,2.171458007892373e-09
7.173577039758135e-02,2.172223152091012e-09
7.194876258997322e-02,2.172986124672259e-09
7.216175478236508e-02,2.173746938202170e-09
7.237474697475696e-02,2.174505605246804e-09
7.258773916714882e-02,2.175262138372216e-09
7.280073135954070e-02,2.176016550144464e-09
7.301372355193256e-02,2.176768853129606e-09
7.322671574432443e-02,2.177519059893698e-09
7.343970793671629e-02,2.178267183002797e-09
7.365270012910817e-02,2.179013235022960e-09
7.386569232150003e-02,2.179757228491998e-09
7.407868451389191e-02,2.180499175834737e-09
7.429167670628377e-02,2.181239089447756e-09
7.450466889867564e-02,2.181976981727635e-09
7.471766109106751e-02,2.182712865070952e-09
7.493065328345938e-02,2.183446751874288e-09
7.514364547585124e-02,2.184178654534222e-09
7.535663766824312e-02,2.184908585447333e-09
7.556962986063498e-02,2.185636557010201e-09
7.578262205302685e-02,2.186362581619405e-09
7.599561424541872e-02,2.187086671054422e-09
7.620860643781059e-02,2.187808834626389e-09
7.642159863020245e-02,2.188529081029375e-09
7.663459082259433e-02,2.189247418957451e-09
7.684758301498619e-02,2.189963857104685e-09
7.706057520737807e-02,2.190678404165149e-09
7.727356739976993e-02,2.191391068832911e-09
7.748655959216180e-02,2.192101859802042e-09
7.769955178455366e-02,2.192810785766612e-09
7.791254397694554e-02,2.193517855420688e-09
7.812553616933740e-02,2.194223077571564e-09
7.833852836172928e-02,2.194926461479385e-09
7.855152055412114e-02,2.195628016517505e-09
7.876451274651301e-02,2.196327752059278e-09
7.897750493890487e-02,2.197025677478059e-09
7.919049713129675e-02,2.197721802147203e-09
7.940348932368861e-02,2.198416135440062e-09
7.961648151608049e-02,2.199108686729993e-09
7.982947370847235e-02,2.199799465390348e-09
8.004246590086422e-02,2.200488480794483e-09
8.025545809325609e-02,2.201175742532469e-09
8.046845028564796e-02,2.201861261061304e-09
8.068144247803982e-02,2.202545047054725e-09
8.089443467043170e-02,2.203227111186474e-09
8.110742686282357e-02,2.203907464130289e-09
8.132041905521543e-02,2.204586116559909e-09
8.153341124760730e-02,2.205263079149073e-09
8.174640343999917e-02,2.205938362571523e-09
8.195939563239105e-02,2.206611977500995e-09
8.217238782478291e-02,2.207283934611231e-09
8.238538001717477e-02,2.207954243734652e-09
8.259837220956665e-02,2.208622911338311e-09
8.281136440195852e-02,2.209289943047892e-09
8.302435659435038e-02,2.209955344489078e-09
8.323734878674224e-02,2.210619121287554e-09
8.345034097913412e-02,2.211281279069004e-09
8.366333317152599e-02,2.211941823459112e-09
8.387632536391786e-02,2.212600760083560e-09
8.408931755630973e-02,2.213258094568034e-09
8.430230974870159e-02,2.213913832538218e-09
8.451530194109347e-02,2.214567980161649e-09
8.472829413348533e-02,2.215220545773287e-09
8.494128632587720e-02,2.215871538249953e-09
8.515427851826907e-02,2.216520966468465e-09
8.536727071066094e-02,2.217168839305641e-09
8.558026290305280e-02,2.217815165638299e-09
8.579325509544468e-02,2.218459954343260e-09
8.600624728783654e-02,2.219103214297341e-09
8.621923948022842e-02,2.219744954377362e-09
8.643223167262028e-02,2.220385183460141e-09
8.664522386501215e-02,2.221023909969202e-09
8.685821605740401e-02,2.221661140514933e-09
8.707120824979589e-02,2.222296881254451e-09
8.728420044218775e-02,2.222931138344869e-09
8.749719263457963e-02,2.223563917943304e-09
8.771018482697149e-02,2.224195226206871e-09
8.792317701936336e-02,2.224825069292685e-09
8.813616921175522e-02,2.225453453357861e-09
8.834916140414710e-02,2.226080384559514e-09
8.856215359653896e-02,2.226705869054761e-09
8.877514578893084e-02,2.227329913098725e-09
8.898813798132270e-02,2.227952523338555e-09
8.920113017371457e-02,2.228573706519399e-09
8.941412236610644e-02,2.229193469386404e-09
8.962711455849831e-02,2.229811818684718e-09
8.984010675089017e-02,2.230428761159489e-09
9.005309894328205e-02,2.231044303555865e-09
9.026609113567391e-02,2.231658452618993e-09
9.047908332806578e-02,2.232271215094022e-09
9.069207552045766e-02,2.232882597726099e-09
9.090506771284952e-02,2.233492607388110e-09
9.111805990524138e-02,2.234101251463922e-09
9.133105209763326e-02,2.234708537465159e-09
9.154404429002513e-02,2.235314472903442e-09
9.175703648241700e-02,2.235919065290395e-09
9.197002867480886e-02,2.236522322137638e-09
9.218302086720073e-02,2.237124250956795e-09
9.239601305959261e-02,2.237724859259487e-09
9.260900525198447e-02,2.238324154557337e-09
9.282199744437633e-02,2.238922144361968e-09
9.303498963676821e-02,2.239518835503065e-09
9.324798182916008e-02,2.240114232082476e-09
9.346097402155194e-02,2.240708337520064e-09
9.367396621394380e-02,2.241301155235691e-09
9.388695840633568e-02,2.241892688649220e-09
9.409995059872756e-02,2.242482941180515e-09
9.431294279111942e-02,2.243071916249437e-09
9.452593498351128e-02,2.243659617275848e-09
9.473892717590315e-02,2.244246047679613e-09
9.495191936829503e-02,2.244831210880593e-09
9.516491156068689e-02,2.245415110774023e-09
9.537790375307875e-02,2.245997753156644e-09
9.559089594547063e-02,2.246579144300576e-09
9.580388813786250e-02,2.247159290477939e-09
9.601688033025436e-02,2.247738197960856e-09
9.622987252264624e-02,2.248315873021445e-09
9.644286471503810e-02,2.248892321931829e-09
9.665585690742998e-02,2.249467550964128e-09
9.686884909982184e-02,2.250041566390462e-09
9.708184129221371e-02,2.250614374482952e-09
9.729483348460558e-02,2.251185981311885e-09
9.750782567699745e-02,2.251756392140228e-09
9.772081786938931e-02,2.252325612029122e-09
9.793381006178119e-02,2.252893646039707e-09
9.814680225417305e-02,2.253460499233122e-09
9.835979444656492e-02,2.254026176670508e-09
9.857278663895679e-02,2.254590683413007e-09
9.878577883134866e-02,2.255154024521757e-09
9.899877102374052e-02,2.255716205057901e-09
9.921176321613240e-02,2.256277230082577e-09
9.942475540852426e-02,2.256837104554773e-09
9.963774760091614e-02,2.257395833024887e-09
9.985073979330800e-02,2.257953419941169e-09
1.000637319857000e-01,2.258509869751874e-09
1.002767241780920e-01,2.259065186905253e-09
1.004897163704840e-01,2.259619375849560e-09
1.007027085628750e-01,2.260172441033044e-09
1.009157007552670e-01,2.260724386903963e-09
1.011286929476590e-01,2.261275217910567e-09
1.013416851400510e-01,2.261824938501108e-09
1.015546773324430e-01,2.262373553143719e-09
1.017676695248350e-01,2.262921066386067e-09
1.019806617172270e-01,2.263467482795706e-09
1.021936539096190e-01,2.264012806940192e-09
1.024066461020100e-01,2.264557043387075e-09
1.026196382944020e-01,2.265100196703917e-09
1.028326304867940e-01,2.265642271458269e-09
1.030456226791860e-01,2.266183272217685e-09
1.032586148715780e-01,2.266723203549722e-09
1.034716070639700e-01,2.267262070021932e-09
1.036845992563620e-01,2.267799876017461e-09
1.038975914487540e-01,2.268336625181885e-09
1.041105836411450e-01,2.268872320976405e-09
1.043235758335370e-01,2.269406966862230e-09
1.045365680259290e-01,2.269940566300558e-09
1.047495602183210e-01,2.270473122752595e-09
1.049625524107130e-01,2.271004639679543e-09
1.051755446031050e-01,2.271535120542605e-09
1.053885367954970e-01,2.272064568802984e-09
1.056015289878880e-01,2.272592987921880e-09
1.058145211802800e-01,2.273120381693343e-09
1.060275133726720e-01,2.273646755242232e-09
1.062405055650640e-01,2.274172114025975e-09
1.064534977574560e-01,2.274696463502004e-09
1.066664899498480e-01,2.275219809127749e-09
1.068794821422400e-01,2.275742156360639e-09
1.070924743346320e-01,2.276263510658105e-09
1.073054665270230e-01,2.276783877477575e-09
1.075184587194150e-01,2.277303262276482e-09
1.077314509118070e-01,2.277821670512257e-09
1.079444431041990e-01,2.278339107055921e-09
1.081574352965910e-01,2.278855574431259e-09
1.083704274889830e-01,2.279371074574836e-09
1.085834196813750e-01,2.279885609423217e-09
1.087964118737660e-01,2.280399180912966e-09
1.090094040661580e-01,2.280911790980652e-09
1.092223962585500e-01,2.281423441562840e-09
1.094353884509420e-01,2.281934134596094e-09
1.096483806433340e-01,2.282443872016980e-09
1.098613728357260e-01,2.282952655762064e-09
1.100743650281180e-01,2.283460488227572e-09
1.102873572205100e-01,2.283967373649083e-09
1.105003494129010e-01,2.284473316722184e-09
1.107133416052930e-01,2.284978322142472e-09
1.109263337976850e-01,2.285482394605535e-09
1.111393259900770e-01,2.285985538806963e-09
1.113523181824690e-01,2.286487759442348e-09
1.115653103748610e-01,2.286989061207280e-09
1.117783025672530e-01,2.287489448797350e-09
1.119912947596450e-01,2.287988926908149e-09
1.122042869520360e-01,2.288487499710059e-09
1.124172791444280e-01,2.288985169272476e-09
1.126302713368200e-01,2.289481937139508e-09
1.128432635292120e-01,2.289977804855263e-09
1.130562557216040e-01,2.290472773963851e-09
1.132692479139960e-01,2.290966846009379e-09
1.134822401063880e-01,2.291460022535956e-09
1.136952322987790e-01,2.291952305087689e-09
1.139082244911710e-01,2.292443695208691e-09
1.141212166835630e-01,2.292934194443068e-09
1.143342088759550e-01,2.293423805089668e-09
1.145472010683470e-01,2.293912532465592e-09
1.147601932607390e-01,2.294400382642323e-09
1.149731854531310e-01,2.294887361691348e-09
1.151861776455230e-01,2.295373475684149e-09
1.153991698379140e-01,2.295858730692211e-09
1.156121620303060e-01,2.296343132787022e-09
1.158251542226980e-01,2.296826688040064e-09
1.160381464150900e-01,2.297309402522823e-09
1.162511386074820e-01,2.297791282306783e-09
1.164641307998740e-01,2.298272332455824e-09
1.166771229922660e-01,2.298752554005588e-09
1.168901151846570e-01,2.299231946985209e-09
1.171031073770490e-01,2.299710511423824e-09
1.173160995694410e-01,2.300188247350566e-09
1.175290917618330e-01,2.300665154794567e-09
1.177420839542250e-01,2.301141233784963e-09
1.179550761466170e-01,2.301616484350885e-09
1.181680683390090e-01,2.302090906521469e-09
1.183810605314010e-01,2.302564500325848e-09
1.185940527237920e-01,2.303037266530905e-09
1.188070449161840e-01,2.303509208856166e-09
1.190200371085760e-01,2.303980331759728e-09
1.192330293009680e-01,2.304450639699684e-09
1.194460214933600e-01,2.304920137134131e-09
1.196590136857520e-01,2.305388828521164e-09
1.198720058781440e-01,2.305856718318878e-09
1.200849980705360e-01,2.306323810985370e-09
1.202979902629270e-01,2.306790110978732e-09
1.205109824553190e-01,2.307255622757065e-09
1.207239746477110e-01,2.307720350351088e-09
1.209369668401030e-01,2.308184296081606e-09
1.211499590324950e-01,2.308647461841839e-09
1.213629512248870e-01,2.309109849525006e-09
1.215759434172790e-01,2.309571461024329e-09
1.217889356096700e-01,2.310032298233025e-09
1.220019278020620e-01,2.310492363044317e-09
1.222149199944540e-01,2.310951657351424e-09
1.224279121868460e-01,2.311410183047565e-09
1.226409043792380e-01,2.311867942025961e-09
1.228538965716300e-01,2.312324936332020e-09
1.230668887640220e-01,2.312781168619869e-09
1.232798809564140e-01,2.313236641695804e-09
1.234928731488050e-01,2.313691358366120e-09
1.237058653411970e-01,2.314145321437117e-09
1.239188575335890e-01,2.314598533715091e-09
1.241318497259810e-01,2.315050998006336e-09
1.243448419183730e-01,2.315502717117151e-09
1.245578341107650e-01,2.315953693853831e-09
1.247708263031570e-01,2.316403931022674e-09
1.249838184955480e-01,2.316853431376449e-09
1.251968106879400e-01,2.317302197453920e-09
1.254098028803320e-01,2.317750231740357e-09
1.256227950727240e-01,2.318197536721035e-09
1.258357872651160e-01,2.318644114881227e-09
1.260487794575080e-01,2.319089968706209e-09
1.262617716499000e-01,2.319535100681252e-09
1.264747638422920e-01,2.319979513291633e-09
1.266877560346830e-01,2.320423209022621e-09
1.269007482270750e-01,2.320866190359495e-09
1.271137404194670e-01,2.321308459623369e-09
1.273267326118590e-01,2.321750018479167e-09
1.275397248042510e-01,2.322190868427879e-09
1.277527169966430e-01,2.322631010970492e-09
1.279657091890350e-01,2.323070447607997e-09
1.281787013814270e-01,2.323509179841381e-09
1.283916935738180e-01,2.323947209171633e-09
1.286046857662100e-01,2.324384537099744e-09
1.288176779586020e-01,2.324821165126703e-09
1.290306701509940e-01,2.325257094753497e-09
1.292436623433860e-01,2.325692327763072e-09
1.294566545357780e-01,2.326126867066675e-09
1.296696467281700e-01,2.326560715857743e-09
1.298826389205610e-01,2.326993877329715e-09
1.300956311129530e-01,2.327426354676034e-09
1.303086233053450e-01,2.327858151090137e-09
1.305216154977370e-01,2.328289269765463e-09
1.307346076901290e-01,2.328719713895452e-09
1.309475998825210e-01,2.329149486673542e-09
1.311605920749130e-01,2.329578591293173e-09
1.313735842673050e-01,2.330007030788191e-09
1.315865764596960e-01,2.330434807553988e-09
1.317995686520880e-01,2.330861923826335e-09
1.320125608444800e-01,2.331288381840995e-09
1.322255530368720e-01,2.331714183833734e-09
1.324385452292640e-01,2.332139332040318e-09
1.326515374216560e-01,2.332563828696513e-09
1.328645296140480e-01,2.332987676038084e-09
1.330775218064400e-01,2.333410876300798e-09
1.332905139988310e-01,2.333833431720417e-09
1.335035061912230e-01,2.334255344354159e-09
1.337164983836150e-01,2.334676615545160e-09
1.339294905760070e-01,2.335097246458079e-09
1.341424827683990e-01,2.335517238257570e-09
1.343554749607910e-01,2.335936592108290e-09
1.345684671531830e-01,2.336355309174896e-09
1.347814593455740e-01,2.336773390622042e-09
1.349944515379660e-01,2.337190837614389e-09
1.352074437303580e-01,2.337607651316592e-09
1.354204359227500e-01,2.338023832893306e-09
1.356334281151420e-01,2.338439383518961e-09
1.358464203075340e-01,2.338854304407053e-09
1.360594124999260e-01,2.339268596780844e-09
1.362724046923180e-01,2.339682261863592e-09
1.364853968847090e-01,2.340095300878557e-09
1.366983890771010e-01,2.340507715049002e-09
1.369113812694930e-01,2.340919505598184e-09
1.371243734618850e-01,2.341330673749365e-09
1.373373656542770e-01,2.341741220725802e-09
1.375503578466690e-01,2.342151147750758e-09
1.377633500390610e-01,2.342560456526812e-09
1.379763422314520e-01,2.342969150674965e-09
1.381893344238440e-01,2.343377234296111e-09
1.384023266162360e-01,2.343784711491141e-09
1.386153188086280e-01,2.344191586360946e-09
1.388283110010200e-01,2.344597863006419e-09
1.390413031934120e-01,2.345003545528451e-09
1.392542953858040e-01,2.345408638027933e-09
1.394672875781960e-01,2.345813144605759e-09
1.396802797705870e-01,2.346217069362817e-09
1.398932719629790e-01,2.346620415613986e-09
1.401062641553710e-01,2.347023183529173e-09
1.403192563477630e-01,2.347425372491822e-09
1.405322485401550e-01,2.347826981885377e-09
1.407452407325470e-01,2.348228011093282e-09
1.409582329249390e-01,2.348628459498980e-09
1.411712251173300e-01,2.349028326485913e-09
1.413842173097220e-01,2.349427611437529e-09
1.415972095021140e-01,2.349826313737269e-09
1.418102016945060e-01,2.350224432768578e-09
1.420231938868980e-01,2.350621968488486e-09
1.422361860792900e-01,2.351018923148312e-09
1.424491782716820e-01,2.351415299572935e-09
1.426621704640740e-01,2.351811100587235e-09
1.428751626564650e-01,2.352206329016089e-09
1.430881548488570e-01,2.352600987684380e-09
1.433011470412490e-01,2.352995079416985e-09
1.435141392336410e-01,2.353388607038782e-09
1.437271314260330e-01,2.353781573374651e-09
1.439401236184250e-01,2.354173981249471e-09
1.441531158108170e-01,2.354565833268742e-09
1.443661080032090e-01,2.354957131160743e-09
1.445791001956000e-01,2.355347876434516e-09
1.447920923879920e-01,2.355738070599109e-09
1.450050845803840e-01,2.356127715163568e-09
1.452180767727760e-01,2.356516811636935e-09
1.454310689651680e-01,2.356905361528257e-09
1.456440611575600e-01,2.357293366346579e-09
1.458570533499520e-01,2.357680827600945e-09
1.460700455423430e-01,2.358067746800399e-09
1.462830377347350e-01,2.358454125273248e-09
1.464960299271270e-01,2.358839963625288e-09
1.467090221195190e-01,2.359225262281809e-09
1.469220143119110e-01,2.359610021668099e-09
1.471350065043030e-01,2.359994242209446e-09
1.473479986966950e-01,2.360377924331139e-09
1.475609908890870e-01,2.360761068458467e-09
1.477739830814780e-01,2.361143675016717e-09
1.479869752738700e-01,2.361525744431181e-09
1.481999674662620e-01,2.361907277127145e-09
1.484129596586540e-01,2.362288274158589e-09
1.486259518510460e-01,2.362668739095402e-09
1.488389440434380e-01,2.363048676136744e-09
1.490519362358300e-01,2.363428089481772e-09
1.492649284282220e-01,2.363806983329643e-09
1.494779206206130e-01,2.364185361879513e-09
1.496909128130050e-01,2.364563229330543e-09
1.499039050053970e-01,2.364940589881890e-09
1.501168971977890e-01,2.365317447732709e-09
1.503298893901810e-01,2.365693807082161e-09
1.505428815825730e-01,2.366069670794209e-09
1.507558737749650e-01,2.366445036391251e-09
1.509688659673560e-01,2.366819900060094e-09
1.511818581597480e-01,2.367194257987547e-09
1.513948503521400e-01,2.367568106360414e-09
1.516078425445320e-01,2.367941441365503e-09
1.518208347369240e-01,2.368314259189621e-09
1.520338269293160e-01,2.368686556019573e-09
1.522468191217080e-01,2.369058328042168e-09
1.524598113141000e-01,2.369429571444211e-09
1.526728035064910e-01,2.369800285512707e-09
1.528857956988830e-01,2.370170481933485e-09
1.530987878912750e-01,2.370540175491581e-09
1.533117800836670e-01,2.370909380972032e-09
1.535247722760590e-01,2.371278113159876e-09
1.537377644684510e-01,2.371646386840151e-09
1.539507566608430e-01,2.372014216797893e-09
1.541637488532340e-01,2.372381617818138e-09
1.543767410456260e-01,2.372748604685927e-09
1.545897332380180e-01,2.373115192186295e-09
1.548027254304100e-01,2.373481385040576e-09
1.550157176228020e-01,2.373847147734121e-09
1.552287098151940e-01,2.374212434697996e-09
1.554417020075860e-01,2.374577200363267e-09
1.556546941999780e-01,2.374941399160999e-09
1.558676863923690e-01,2.375304985522255e-09
1.560806785847610e-01,2.375667913878107e-09
1.562936707771530e-01,2.376030138659616e-09
1.565066629695450e-01,2.376391614297849e-09
1.567196551619370e-01,2.376752295223872e-09
1.569326473543290e-01,2.377112172500071e-09
1.571456395467210e-01,2.377471383806688e-09
1.573586317391130e-01,2.377830103501584e-09
1.575716239315040e-01,2.378188505942617e-09
1.577846161238960e-01,2.378546765487651e-09
1.579976083162880e-01,2.378905056494546e-09
1.582106005086800e-01,2.379263553321161e-09
1.584235927010720e-01,2.379622430325358e-09
1.586365848934640e-01,2.379981861864997e-09
1.588495770858560e-01,2.380342022297939e-09
1.590625692782470e-01,2.380703011657426e-09
1.592755614706390e-01,2.381064632582271e-09
1.594885536630310e-01,2.381426613338674e-09
1.597015458554230e-01,2.381788682192838e-09
1.599145380478150e-01,2.382150567410963e-09
1.601275302402070e-01,2.382511997259250e-09
1.603405224325990e-01,2.382872700003904e-09
1.605535146249910e-01,2.383232403911123e-09
1.607665068173820e-01,2.383590837247109e-09
1.609794990097740e-01,2.383947728278067e-09
1.611924912021660e-01,2.384302879860957e-09
1.614054833945580e-01,2.384656393219955e-09
1.616184755869500e-01,2.385008444172075e-09
1.618314677793420e-01,2.385359208534332e-09
1.620444599717340e-01,2.385708862123744e-09
1.622574521641260e-01,2.386057580757325e-09
1.624704443565170e-01,2.386405540252089e-09
1.626834365489090e-01,2.386752916425056e-09
1.628964287413010e-01,2.387099885093240e-09
1.631094209336930e-01,2.387446622073656e-09
1.633224131260850e-01,2.387793266037334e-09
1.635354053184770e-01,2.388139807115165e-09
1.637483975108690e-01,2.388486198313953e-09
1.639613897032600e-01,2.388832392640498e-09
1.641743818956520e-01,2.389178343101609e-09
1.643873740880440e-01,2.389524002704086e-09
1.646003662804360e-01,2.389869324454734e-09
1.648133584728280e-01,2.390214261360355e-09
1.650263506652200e-01,2.390558766427754e-09
1.652393428576120e-01,2.390902792663733e-09
1.654523350500040e-01,2.391246303073048e-09
1.656653272423950e-01,2.391589300628124e-09
1.658783194347870e-01,2.391931798287281e-09
1.660913116271790e-01,2.392273809008832e-09
1.663043038195710e-01,2.392615345751093e-09
1.665172960119630e-01,2.392956421472381e-09
1.667302882043550e-01,2.393297049131011e-09
1.669432803967470e-01,2.393637241685298e-09
1.671562725891380e-01,2.393977012093558e-09
1.673692647815300e-01,2.394316373314108e-09
1.675822569739220e-01,2.394655335909752e-09
1.677952491663140e-01,2.394993900856498e-09
1.680082413587060e-01,2.395332066732466e-09
1.682212335510980e-01,2.395669832115775e-09
1.684342257434900e-01,2.396007195584545e-09
1.686472179358820e-01,2.396344155716895e-09
1.688602101282730e-01,2.396680711090942e-09
1.690732023206650e-01,2.397016860284811e-09
1.692861945130570e-01,2.397352601876617e-09
1.694991867054490e-01,2.397687934444482e-09
1.697121788978410e-01,2.398022857090156e-09
1.699251710902330e-01,2.398357371010317e-09
1.701381632826250e-01,2.398691477925469e-09
1.703511554750170e-01,2.399025179556118e-09
1.705641476674080e-01,2.399358477622766e-09
1.707771398598000e-01,2.399691373845922e-09
1.709901320521920e-01,2.400023869946090e-09
1.712031242445840e-01,2.400355967643774e-09
1.714161164369760e-01,2.400687668659479e-09
1.716291086293680e-01,2.401018974713710e-09
1.718421008217600e-01,2.401349887305283e-09
1.720550930141510e-01,2.401680407046355e-09
1.722680852065430e-01,2.402010534327453e-09
1.724810773989350e-01,2.402340269539098e-09
1.726940695913270e-01,2.402669613071814e-09
1.729070617837190e-01,2.402998565316125e-09
1.731200539761110e-01,2.403327126662553e-09
1.733330461685030e-01,2.403655297501622e-09
1.735460383608950e-01,2.403983078223855e-09
1.737590305532860e-01,2.404310469219774e-09
1.739720227456780e-01,2.404637471077555e-09
1.741850149380700e-01,2.404964085175622e-09
1.743980071304620e-01,2.405290313089883e-09
1.746109993228540e-01,2.405616156396244e-09
1.748239915152460e-01,2.405941616670609e-09
1.750369837076380e-01,2.406266695488887e-09
1.752499759000290e-01,2.406591394426981e-09
1.754629680924210e-01,2.406915715060801e-09
1.756759602848130e-01,2.407239658966249e-09
1.758889524772050e-01,2.407563227719235e-09
1.761019446695970e-01,2.407886422528017e-09
1.763149368619890e-01,2.408209243129288e-09
1.765279290543810e-01,2.408531688891600e-09
1.767409212467730e-01,2.408853759183508e-09
1.769539134391640e-01,2.409175453373563e-09
1.771669056315560e-01,2.409496770830323e-09
1.773798978239480e-01,2.409817710922338e-09
1.775928900163400e-01,2.410138273018164e-09
1.778058822087320e-01,2.410458456486352e-09
1.780188744011240e-01,2.410778260695457e-09
1.782318665935160e-01,2.411097685721035e-09
1.784448587859070e-01,2.411416734467667e-09
1.786578509782990e-01,2.411735410547452e-09
1.788708431706910e-01,2.412053717572486e-09
1.790838353630830e-01,2.412371659154863e-09
1.792968275554750e-01,2.412689238906680e-09
1.795098197478670e-01,2.413006460440034e-09
1.797228119402590e-01,2.413323327367018e-09
1.799358041326510e-01,2.413639843299730e-09
1.801487963250420e-01,2.413956011850264e-09
1.803617885174340e-01,2.414271835746436e-09
1.805747807098260e-01,2.414587314178750e-09
1.807877729022180e-01,2.414902445453334e-09
1.810007650946100e-01,2.415217227876319e-09
1.812137572870020e-01,2.415531659753836e-09
1.814267494793940e-01,2.415845739392015e-09
1.816397416717860e-01,2.416159465096984e-09
1.818527338641770e-01,2.416472835174874e-09
1.820657260565690e-01,2.416785847931817e-09
1.822787182489610e-01,2.417098501673942e-09
1.824917104413530e-01,2.417410795181721e-09
1.827047026337450e-01,2.417722729132514e-09
1.829176948261370e-01,2.418034304677777e-09
1.831306870185290e-01,2.418345522968966e-09
1.833436792109200e-01,2.418656385157540e-09
1.835566714033120e-01,2.418966892394956e-09
1.837696635957040e-01,2.419277045832672e-09
1.839826557880960e-01,2.419586846622144e-09
1.841956479804880e-01,2.419896295914829e-09
1.844086401728800e-01,2.420205394862185e-09
1.846216323652720e-01,2.420514144718739e-09
1.848346245576640e-01,2.420822547151070e-09
1.850476167500550e-01,2.421130603928705e-09
1.852606089424470e-01,2.421438316821179e-09
1.854736011348390e-01,2.421745687598023e-09
1.856865933272310e-01,2.422052718028767e-09
1.858995855196230e-01,2.422359409882943e-09
1.861125777120150e-01,2.422665764930080e-09
1.863255699044070e-01,2.422971784939712e-09
1.865385620967990e-01,2.423277471681368e-09
1.867515542891900e-01,2.423582826789803e-09
1.869645464815820e-01,2.423887851360383e-09
1.871775386739740e-01,2.424192546353551e-09
1.873905308663660e-01,2.424496912729751e-09
1.876035230587580e-01,2.424800951449427e-09
1.878165152511500e-01,2.425104663473022e-09
1.880295074435420e-01,2.425408049760982e-09
1.882424996359330e-01,2.425711111273749e-09
1.884554918283250e-01,2.426013848971769e-09
1.886684840207170e-01,2.426316263815485e-09
1.888814762131090e-01,2.426618356453332e-09
1.890944684055010e-01,2.426920126285429e-09
1.893074605978930e-01,2.427221572399744e-09
1.895204527902850e-01,2.427522693884247e-09
1.897334449826770e-01,2.427823489826907e-09
1.899464371750680e-01,2.428123959315692e-09
1.901594293674600e-01,2.428424101438572e-09
1.903724215598520e-01,2.428723915283517e-09
1.905854137522440e-01,2.429023399938496e-09
1.907984059446360e-01,2.429322554491476e-09
1.910113981370280e-01,2.429621378515387e-09
1.912243903294200e-01,2.429919873522838e-09
1.914373825218110e-01,2.430218041511313e-09
1.916503747142030e-01,2.430515884478300e-09
1.918633669065950e-01,2.430813404421285e-09
1.920763590989870e-01,2.431110603337756e-09
1.922893512913790e-01,2.431407483225197e-09
1.925023434837710e-01,2.431704046081095e-09
1.927153356761630e-01,2.432000293902936e-09
1.929283278685550e-01,2.432296228688209e-09
1.931413200609460e-01,2.432591852095843e-09
1.933543122533380e-01,2.432887164431095e-09
1.935673044457300e-01,2.433182165660931e-09
1.937802966381220e-01,2.433476855752316e-09
1.939932888305140e-01,2.433771234672216e-09
1.942062810229060e-01,2.434065302387598e-09
1.944192732152980e-01,2.434359058865427e-09
1.946322654076900e-01,2.434652504072671e-09
1.948452576000810e-01,2.434945637976293e-09
1.950582497924730e-01,2.435238460543263e-09
1.952712419848650e-01,2.435530971948853e-09
1.954842341772570e-01,2.435823173200986e-09
1.956972263696490e-01,2.436115065515602e-09
1.959102185620410e-01,2.436406650108639e-09
1.961232107544330e-01,2.436697928196037e-09
1.963362029468240e-01,2.436988900993734e-09
1.965491951392160e-01,2.437279569717670e-09
1.967621873316080e-01,2.437569935583785e-09
1.969751795240000e-01,2.437859999808016e-09
1.971881717163920e-01,2.438149763606304e-09
1.974011639087840e-01,2.438439227923420e-09
1.976141561011760e-01,2.438728392619033e-09
1.978271482935680e-01,2.439017257281431e-09
1.980401404859590e-01,2.439305821498899e-09
1.982531326783510e-01,2.439594084859726e-09
1.984661248707430e-01,2.439882046952197e-09
1.986791170631350e-01,2.440169707364599e-09
1.988921092555270e-01,2.440457065685218e-09
1.991051014479190e-01,2.440744121502342e-09
1.993180936403110e-01,2.441030874404255e-09
1.995310858327020e-01,2.441317324470032e-09
1.997440780250940e-01,2.441603473742069e-09
1.999570702174860e-01,2.441889324753635e-09
2.001700624098780e-01,2.442174880038000e-09
2.003830546022700e-01,2.442460142128434e-09
2.005960467946620e-01,2.442745113558207e-09
2.008090389870540e-01,2.443029796860589e-09
2.010220311794460e-01,2.443314194568849e-09
2.012350233718370e-01,2.443598309216257e-09
2.014480155642290e-01,2.443882143336085e-09
2.016610077566210e-01,2.444165698824757e-09
2.018739999490130e-01,2.444448975031878e-09
2.020869921414050e-01,2.444731970670487e-09
2.022999843337970e-01,2.445014684453623e-09
2.025129765261890e-01,2.445297115094326e-09
2.027259687185810e-01,2.445579261305634e-09
2.029389609109720e-01,2.445861121800588e-09
2.031519531033640e-01,2.446142695292226e-09
2.033649452957560e-01,2.446423980493589e-09
2.035779374881480e-01,2.446704976117716e-09
2.037909296805400e-01,2.446985681333476e-09
2.040039218729320e-01,2.447266097132106e-09
2.042169140653240e-01,2.447546224960194e-09
2.044299062577150e-01,2.447826066264324e-09
2.046428984501070e-01,2.448105622491085e-09
2.048558906424990e-01,2.448384895087062e-09
2.050688828348910e-01,2.448663885498843e-09
2.052818750272830e-01,2.448942595173013e-09
2.054948672196750e-01,2.449221025556159e-09
2.057078594120670e-01,2.449499178094868e-09
2.059208516044590e-01,2.449777054074337e-09
2.061338437968500e-01,2.450054654133833e-09
2.063468359892420e-01,2.450331978751054e-09
2.065598281816340e-01,2.450609028403692e-09
2.067728203740260e-01,2.450885803569444e-09
2.069858125664180e-01,2.451162304726004e-09
2.071988047588100e-01,2.451438532351066e-09
2.074117969512020e-01,2.451714486922325e-09
2.076247891435940e-01,2.451990168917476e-09
2.078377813359850e-01,2.452265578814213e-09
2.080507735283770e-01,2.452540716992952e-09
2.082637657207690e-01,2.452815583444881e-09
2.084767579131610e-01,2.453090178063858e-09
2.086897501055530e-01,2.453364500743740e-09
2.089027422979450e-01,2.453638551378385e-09
2.091157344903370e-01,2.453912329861650e-09
2.093287266827280e-01,2.454185836087393e-09
2.095417188751200e-01,2.454459069949471e-09
2.097547110675120e-01,2.454732031341743e-09
2.099677032599040e-01,2.455004720158065e-09
2.101806954522960e-01,2.455277136570210e-09
2.103936876446880e-01,2.455549281861560e-09
2.106066798370800e-01,2.455821157593385e-09
2.108196720294720e-01,2.456092765326954e-09
2.110326642218630e-01,2.456364106623540e-09
2.112456564142550e-01,2.456635183044413e-09
2.114586486066470e-01,2.456905996150844e-09
2.116716407990390e-01,2.457176547504103e-09
2.118846329914310e-01,2.457446838665461e-09
2.120976251838230e-01,2.457716871196189e-09
2.123106173762150e-01,2.457986646462114e-09
2.125236095686060e-01,2.458256165047571e-09
2.127366017609980e-01,2.458525427341593e-09
2.129495939533900e-01,2.458794433733210e-09
2.131625861457820e-01,2.459063184611452e-09
2.133755783381740e-01,2.459331680365352e-09
2.135885705305660e-01,2.459599921383939e-09
2.138015627229580e-01,2.459867908056246e-09
2.140145549153500e-01,2.460135640771303e-09
2.142275471077410e-01,2.460403119918139e-09
2.144405393001330e-01,2.460670345754937e-09
2.146535314925250e-01,2.460937318016809e-09
2.148665236849170e-01,2.461204036308192e-09
2.150795158773090e-01,2.461470500233522e-09
2.152925080697010e-01,2.461736709397235e-09
2.155055002620930e-01,2.462002663403767e-09
2.157184924544850e-01,2.462268361857554e-09
2.159314846468760e-01,2.462533804363031e-09
2.161444768392680e-01,2.462798990524636e-09
2.163574690316600e-01,2.463063919946805e-09
2.165704612240520e-01,2.463328592498706e-09
2.167834534164440e-01,2.463593009108901e-09
2.169964456088360e-01,2.463857170970917e-09
2.172094378012280e-01,2.464121079278277e-09
2.174224299936190e-01,2.464384735224509e-09
2.176354221860110e-01,2.464648140003139e-09
2.178484143784030e-01,2.464911294807692e-09
2.180614065707950e-01,2.465174200831694e-09
2.182743987631870e-01,2.465436859268671e-09
2.184873909555790e-01,2.465699271312149e-09
2.187003831479710e-01,2.465961437978672e-09
2.189133753403630e-01,2.466223359576768e-09
2.191263675327540e-01,2.466485036237936e-09
2.193393597251460e-01,2.466746468093681e-09
2.195523519175380e-01,2.467007655275504e-09
2.197653441099300e-01,2.467268597914904e-09
2.199783363023220e-01,2.467529296143384e-09
2.201913284947140e-01,2.467789750092444e-09
2.204043206871060e-01,2.468049959893587e-09
2.206173128794970e-01,2.468309925678312e-09
2.208303050718890e-01,2.468569647684396e-09
2.210432972642810e-01,2.468829126574634e-09
2.212562894566730e-01,2.469088363118055e-09
2.214692816490650e-01,2.469347358083689e-09
2.216822738414570e-01,2.469606112240567e-09
2.218952660338490e-01,2.469864626357717e-09
2.221082582262410e-01,2.470122901204169e-09
2.223212504186320e-01,2.470380937548954e-09
2.225342426110240e-01,2.470638736161102e-09
2.227472348034160e-01,2.470896297809643e-09
2.229602269958080e-01,2.471153623106215e-09
2.231732191882000e-01,2.471410712033196e-09
2.233862113805920e-01,2.471667564415729e-09
2.235992035729840e-01,2.471924180078955e-09
2.238121957653760e-01,2.472180558848015e-09
2.240251879577670e-01,2.472436700548050e-09
2.242381801501590e-01,2.472692605004204e-09
2.244511723425510e-01,2.472948272041617e-09
2.246641645349430e-01,2.473203701485431e-09
2.248771567273350e-01,2.473458893160786e-09
2.250901489197270e-01,2.473713847273375e-09
2.253031411121190e-01,2.473968565552012e-09
2.255161333045100e-01,2.474223050106526e-09
2.257291254969020e-01,2.474477303046748e-09
2.259421176892940e-01,2.474731326482506e-09
2.261551098816860e-01,2.474985122523629e-09
2.263681020740780e-01,2.475238693279946e-09
2.265810942664700e-01,2.475492040861287e-09
2.267940864588620e-01,2.475745167377480e-09
2.270070786512540e-01,2.475998074938355e-09
2.272200708436450e-01,2.476250764490301e-09
2.274330630360370e-01,2.476503232324559e-09
2.276460552284290e-01,2.476755473568228e-09
2.278590474208210e-01,2.477007483348409e-09
2.280720396132130e-01,2.477259256792202e-09
2.282850318056050e-01,2.477510789026707e-09
2.284980239979970e-01,2.477762075179025e-09
2.287110161903880e-01,2.478013110376255e-09
2.289240083827800e-01,2.478263889745499e-09
2.291370005751720e-01,2.478514408413857e-09
2.293499927675640e-01,2.478764665112247e-09
2.295629849599560e-01,2.479014672986745e-09
2.297759771523480e-01,2.479264448787184e-09
2.299889693447400e-01,2.479514009263399e-09
2.302019615371320e-01,2.479763371165225e-09
2.304149537295230e-01,2.480012551242494e-09
2.306279459219150e-01,2.480261566245044e-09
2.308409381143070e-01,2.480510432922708e-09
2.310539303066990e-01,2.480759168025322e-09
2.312669224990910e-01,2.481007788302718e-09
2.314799146914830e-01,2.481256298577935e-09
2.316929068838750e-01,2.481504655981944e-09
2.319058990762670e-01,2.481752805726474e-09
2.321188912686580e-01,2.482000693023254e-09
2.323318834610500e-01,2.482248263084017e-09
2.325448756534420e-01,2.482495461120491e-09
2.327578678458340e-01,2.482742232344407e-09
2.329708600382260e-01,2.482988521967495e-09
2.331838522306180e-01,2.483234275201484e-09
2.333968444230100e-01,2.483479437258106e-09
2.336098366154010e-01,2.483723996251867e-09
2.338228288077930e-01,2.483968111801049e-09
2.340358210001850e-01,2.484211986373054e-09
2.342488131925770e-01,2.484455822435283e-09
2.344618053849690e-01,2.484699822455139e-09
2.346747975773610e-01,2.484944188900026e-09
2.348877897697530e-01,2.485189124237345e-09
2.351007819621450e-01,2.485434830934499e-09
2.353137741545360e-01,2.485681511458889e-09
2.355267663469280e-01,2.485929368277921e-09
2.357397585393200e-01,2.486178445142557e-09
2.359527507317120e-01,2.486428150637010e-09
2.361657429241040e-01,2.486677734478515e-09
2.363787351164960e-01,2.486926446384309e-09
2.365917273088880e-01,2.487173536071632e-09
2.368047195012800e-01,2.487418253257718e-09
2.370177116936710e-01,2.487659847659804e-09
2.372307038860630e-01,2.487897568995130e-09
2.374436960784550e-01,2.488130666980931e-09
2.376566882708470e-01,2.488358391334444e-09
2.378696804632390e-01,2.488580582568819e-09
2.380826726556310e-01,2.488799444771294e-09
2.382956648480230e-01,2.489017773020257e-09
2.385086570404140e-01,2.489238362394096e-09
2.387216492328060e-01,2.489464007971201e-09
2.389346414251980e-01,2.489697504829958e-09
2.391476336175900e-01,2.489941648048757e-09
2.393606258099820e-01,2.490199232705985e-09
2.395736180023740e-01,2.490473053880030e-09
2.397866101947660e-01,2.490765906649281e-09
2.399996023871580e-01,2.491078382605979e-09
2.402125945795490e-01,2.491402260663315e-09
2.404255867719410e-01,2.491727116881059e-09
2.406385789643330e-01,2.492042527318976e-09
2.408515711567250e-01,2.492338068036834e-09
2.410645633491170e-01,2.492603315094400e-09
2.412775555415090e-01,2.492827844551440e-09
2.414905477339010e-01,2.493001232467722e-09
2.417035399262920e-01,2.493113054903013e-09
2.419165321186840e-01,2.493152887917080e-09
2.421295243110760e-01,2.493114784035869e-09
2.423425165034680e-01,2.493010693551395e-09
2.425555086958600e-01,2.492857039173445e-09
2.427685008882520e-01,2.492670243611805e-09
2.429814930806440e-01,2.492466729576263e-09
2.431944852730360e-01,2.492262919776604e-09
2.434074774654270e-01,2.492075236922617e-09
2.436204696578190e-01,2.491920103724086e-09
2.438334618502110e-01,2.491813942890799e-09
2.440464540426030e-01,2.491773177132544e-09
2.442594462349950e-01,2.491809761689470e-09
2.444724384273870e-01,2.491917770352072e-09
2.446854306197790e-01,2.492086803653779e-09
2.448984228121710e-01,2.492306462128020e-09
2.451114150045620e-01,2.492566346308220e-09
2.453244071969540e-01,2.492856056727812e-09
2.455373993893460e-01,2.493165193920223e-09
2.457503915817380e-01,2.493483358418881e-09
2.459633837741300e-01,2.493800150757214e-09
2.461763759665220e-01,2.494105171468652e-09
2.463893681589140e-01,2.494390218102291e-09
2.466023603513050e-01,2.494655879245271e-09
2.468153525436970e-01,2.494904941988341e-09
2.470283447360890e-01,2.495140193422248e-09
2.472413369284810e-01,2.495364420637735e-09
2.474543291208730e-01,2.495580410725550e-09
2.476673213132650e-01,2.495790950776439e-09
2.478803135056570e-01,2.495998827881149e-09
2.480933056980490e-01,2.496206829130426e-09
2.483062978904400e-01,2.496417741615015e-09
2.485192900828320e-01,2.496633763502071e-09
2.487322822752240e-01,2.496854737194377e-09
2.489452744676160e-01,2.497079916136126e-09
2.491582666600080e-01,2.497308553771510e-09
2.493712588524000e-01,2.497539903544720e-09
2.495842510447920e-01,2.497773218899950e-09
2.497972432371830e-01,2.498007753281389e-09
2.500102354295750e-01,2.498242760133234e-09
2.502232276219670e-01,2.498477492899674e-09
2.504362198143590e-01,2.498711205024902e-09
2.506492120067510e-01,2.498943307835115e-09
2.508622041991430e-01,2.499173844008304e-09
2.510751963915350e-01,2.499403014016364e-09
2.512881885839270e-01,2.499631018331190e-09
2.515011807763180e-01,2.499858057424675e-09
2.517141729687100e-01,2.500084331768718e-09
2.519271651611020e-01,2.500310041835212e-09
2.521401573534940e-01,2.500535388096052e-09
2.523531495458860e-01,2.500760571023134e-09
2.525661417382780e-01,2.500985791088352e-09
2.527791339306700e-01,2.501211206437397e-09
2.529921261230620e-01,2.501436806010645e-09
2.532051183154530e-01,2.501662536472002e-09
2.534181105078450e-01,2.501888344485379e-09
2.536311027002370e-01,2.502114176714681e-09
2.538440948926290e-01,2.502339979823816e-09
2.540570870850210e-01,2.502565700476693e-09
2.542700792774130e-01,2.502791285337219e-09
2.544830714698050e-01,2.503016681069302e-09
2.546960636621960e-01,2.503241834336848e-09
2.549090558545880e-01,2.503466703112487e-09
2.551220480469800e-01,2.503691290626883e-09
2.553350402393720e-01,2.503915611431003e-09
2.555480324317640e-01,2.504139680075814e-09
2.557610246241560e-01,2.504363511112283e-09
2.559740168165480e-01,2.504587119091376e-09
2.561870090089400e-01,2.504810518564061e-09
2.564000012013310e-01,2.505033724081303e-09
2.566129933937230e-01,2.505256750194071e-09
2.568259855861150e-01,2.505479611453331e-09
2.570389777785070e-01,2.505702319515179e-09
2.572519699708990e-01,2.505924874453880e-09
2.574649621632910e-01,2.506147273447650e-09
2.576779543556830e-01,2.506369513674706e-09
2.578909465480740e-01,2.506591592313266e-09
2.581039387404660e-01,2.506813506541547e-09
2.583169309328580e-01,2.507035253537768e-09
2.585299231252500e-01,2.507256830480146e-09
2.587429153176420e-01,2.507478234546898e-09
2.589559075100340e-01,2.507699462916240e-09
2.591688997024260e-01,2.507920512986683e-09
2.593818918948180e-01,2.508141383037813e-09
2.595948840872090e-01,2.508362071569458e-09
2.598078762796010e-01,2.508582577081452e-09
2.600208684719930e-01,2.508802898073625e-09
2.602338606643850e-01,2.509023033045808e-09
2.604468528567770e-01,2.509242980497832e-09
2.606598450491690e-01,2.509462738929526e-09
2.608728372415610e-01,2.509682306840724e-09
2.610858294339530e-01,2.509901682731254e-09
2.612988216263440e-01,2.510120866290392e-09
2.615118138187360e-01,2.510339861963219e-09
2.617248060111280e-01,2.510558675383271e-09
2.619377982035200e-01,2.510777312184086e-09
2.621507903959120e-01,2.510995777999201e-09
2.623637825883040e-01,2.511214078462155e-09
2.625767747806960e-01,2.511432219206484e-09
2.627897669730870e-01,2.511650205865726e-09
2.630027591654790e-01,2.511868044073420e-09
2.632157513578710e-01,2.512085739463103e-09
2.634287435502630e-01,2.512303295842766e-09
2.636417357426550e-01,2.512520709713216e-09
2.638547279350470e-01,2.512737975747208e-09
2.640677201274390e-01,2.512955088617500e-09
2.642807123198310e-01,2.513172042996848e-09
2.644937045122220e-01,2.513388833558007e-09
2.647066967046140e-01,2.513605454973738e-09
2.649196888970060e-01,2.513821901916793e-09
2.651326810893980e-01,2.514038169059931e-09
2.653456732817900e-01,2.514254251075909e-09
2.655586654741820e-01,2.514470144085496e-09
2.657716576665740e-01,2.514685850003700e-09
2.659846498589660e-01,2.514901372194633e-09
2.661976420513570e-01,2.515116714022404e-09
2.664106342437490e-01,2.515331878851128e-09
2.666236264361410e-01,2.515546870044914e-09
2.668366186285330e-01,2.515761690967875e-09
2.670496108209250e-01,2.515976344984121e-09
2.672626030133170e-01,2.516190835457764e-09
2.674755952057090e-01,2.516405165752915e-09
2.676885873981000e-01,2.516619338339677e-09
2.679015795904920e-01,2.516833352111884e-09
2.681145717828840e-01,2.517047205069240e-09
2.683275639752760e-01,2.517260895211447e-09
2.685405561676680e-01,2.517474420538209e-09
2.687535483600600e-01,2.517687779049229e-09
2.689665405524520e-01,2.517900968744212e-09
2.691795327448440e-01,2.518113987622861e-09
2.693925249372350e-01,2.518326833684877e-09
2.696055171296270e-01,2.518539504929968e-09
2.698185093220190e-01,2.518752000318323e-09
2.700315015144110e-01,2.518964322651152e-09
2.702444937068030e-01,2.519176475689691e-09
2.704574858991950e-01,2.519388463195175e-09
2.706704780915870e-01,2.519600288928840e-09
2.708834702839780e-01,2.519811956651917e-09
2.710964624763700e-01,2.520023470125646e-09
2.713094546687620e-01,2.520234833111259e-09
2.715224468611540e-01,2.520446049369991e-09
2.717354390535460e-01,2.520657122663079e-09
2.719484312459380e-01,2.520868055433668e-09
2.721614234383300e-01,2.521078844855445e-09
2.723744156307220e-01,2.521289486785460e-09
2.725874078231130e-01,2.521499977080760e-09
2.728004000155050e-01,2.521710311598397e-09
2.730133922078970e-01,2.521920486195417e-09
2.732263844002890e-01,2.522130496728870e-09
2.734393765926810e-01,2.522340339055804e-09
2.736523687850730e-01,2.522550009033269e-09
2.738653609774650e-01,2.522759502518311e-09
2.740783531698570e-01,2.522968816906278e-09
2.742913453622480e-01,2.523177955749083e-09
2.745043375546400e-01,2.523386924138631e-09
2.747173297470320e-01,2.523595727166827e-09
2.749303219394240e-01,2.523804369925572e-09
2.751433141318160e-01,2.524012857506772e-09
2.753563063242080e-01,2.524221195002328e-09
2.755692985166000e-01,2.524429387504146e-09
2.757822907089910e-01,2.524637440104128e-09
2.759952829013830e-01,2.524845357894179e-09
2.762082750937750e-01,2.525053143914957e-09
2.764212672861670e-01,2.525260793000158e-09
2.766342594785590e-01,2.525468297931244e-09
2.768472516709510e-01,2.525675651489677e-09
2.770602438633430e-01,2.525882846456920e-09
2.772732360557350e-01,2.526089875614436e-09
2.774862282481260e-01,2.526296731743685e-09
2.776992204405180e-01,2.526503407626130e-09
2.779122126329100e-01,2.526709896043236e-09
2.781252048253020e-01,2.526916189776461e-09
2.783381970176940e-01,2.527122286175744e-09
2.785511892100860e-01,2.527328200863663e-09
