7.791356504680618e-06,3.218146918607688e-09
8.610780621332552e-06,3.183589271366382e-09
9.516384324626089e-06,3.149283248946560e-09
1.051723120080771e-05,3.115232782674745e-09
1.162333806181051e-05,3.081441753512399e-09
1.284577519687474e-05,3.047913066329923e-09
1.419677716772344e-05,3.014646579002896e-09
1.568986525616830e-05,2.981640922843846e-09
1.733998278964274e-05,2.948894888820590e-09
1.916364469904539e-05,2.916407134628719e-09
2.117910280571951e-05,2.884176415898374e-09
2.340652849181556e-05,2.852201453791971e-09
2.586821458226360e-05,2.820480988872698e-09
2.858879845885812e-05,2.789013757172141e-09
3.159550863945590e-05,2.757798493119386e-09
3.491843729013453e-05,2.726833938125480e-09
3.859084139770492e-05,2.696118838011484e-09
4.264947561681323e-05,2.665651933897214e-09
4.713496012287843e-05,2.635431975963561e-09
5.209218715246060e-05,2.605457716214561e-09
5.757077029985334e-05,2.575727905285670e-09
6.362554106661115e-05,2.546241300657376e-09
7.031709763364645e-05,2.516996661202002e-09
7.771241134819200e-05,2.487992564293275e-09
8.588549699555374e-05,2.459228326068580e-09
9.491815356395940e-05,2.430702162534208e-09
1.049007829163263e-04,2.402413041768664e-09
1.159332945624905e-04,2.374359699476569e-09
1.281261055871622e-04,2.346540950714767e-09
1.416012457412214e-04,2.318955565787608e-09
1.564935787564811e-04,2.291602330376760e-09
1.729521521072439e-04,2.264480032877921e-09
1.911416887275217e-04,2.237587472130019e-09
2.112442356135248e-04,2.210923444765613e-09
2.334609858111876e-04,2.184486760493840e-09
2.580142920237960e-04,2.158276235969514e-09
2.851498919925769e-04,2.132290691455051e-09
3.151393679226079e-04,2.106528962187554e-09
3.482828645688079e-04,2.080989894516054e-09
3.849120931855259e-04,2.055672344909196e-09
4.253936514042669e-04,2.030575187529024e-09
4.701326922660057e-04,2.005697310983383e-09
5.195769791289974e-04,1.981037618572557e-09
5.742213670349657e-04,1.956595023892991e-09
6.346127553846864e-04,1.932368450607379e-09
7.013555614910102e-04,1.908356810155866e-09
7.751177697904812e-04,1.884559042009504e-09
8.566376172560946e-04,1.860974012419784e-09
9.467309819210534e-04,1.837600613530828e-09
1.046299548460350e-03,1.814437721596378e-09
1.156339832554060e-03,1.791484231081416e-09
1.277953154351212e-03,1.768633545538724e-09
1.405748469786333e-03,1.747045749353316e-09
1.533543785221454e-03,1.727598132507157e-09
1.661339100656575e-03,1.709940673436160e-09
1.789134416091696e-03,1.693723350576235e-09
1.916929731526817e-03,1.678643260615732e-09
2.000000000000000e-03,1.669393529856953e-09
2.044725046961939e-03,1.664585695084431e-09
2.172520362397060e-03,1.651468308540957e-09
2.300315677832181e-03,1.639186878410270e-09
2.428110993267302e-03,1.627635411566776e-09
2.555906308702423e-03,1.616717700969742e-09
2.683701624137544e-03,1.606376683924065e-09
2.811496939572665e-03,1.596565083822596e-09
2.939292255007787e-03,1.587235624058188e-09
3.067087570442908e-03,1.578341028023691e-09
3.194882885878029e-03,1.569837739883027e-09
3.322678201313150e-03,1.561697087034484e-09
3.450473516748271e-03,1.553894117722458e-09
3.578268832183392e-03,1.546403880191348e-09
3.706064147618514e-03,1.539201422685551e-09
3.833859463053635e-03,1.532263497921225e-09
3.961654778488756e-03,1.525573676477944e-09
4.089450093923877e-03,1.519117233395226e-09
4.217245409358998e-03,1.512879443712593e-09
4.345040724794119e-03,1.506845582469564e-09
4.472836040229241e-03,1.501001817970452e-09
4.600631355664362e-03,1.495337891601824e-09
4.728426671099482e-03,1.489844438026580e-09
4.856221986534604e-03,1.484512091907620e-09
4.984017301969726e-03,1.479331487907846e-09
5.111812617404846e-03,1.474293769394785e-09
5.239607932839968e-03,1.469392114540053e-09
5.367403248275089e-03,1.464620210212679e-09
5.495198563710209e-03,1.459971743281694e-09
5.622993879145331e-03,1.455440400616125e-09
5.750789194580453e-03,1.451020179981572e-09
5.878584510015573e-03,1.446706322733424e-09
6.006379825450694e-03,1.442494381125404e-09
6.134175140885816e-03,1.438379907411234e-09
6.261970456320937e-03,1.434358453844635e-09
6.389765771756058e-03,1.430425772790908e-09
6.517561087191179e-03,1.426578417053089e-09
6.645356402626300e-03,1.422813139541505e-09
6.773151718061422e-03,1.419126693166485e-09
6.900947033496543e-03,1.415515830838356e-09
7.028742348931663e-03,1.411977439939646e-09
7.156537664366785e-03,1.408508945741271e-09
7.284332979801906e-03,1.405107907986137e-09
7.412128295237027e-03,1.401771886417149e-09
7.539923610672148e-03,1.398498440777213e-09
7.667718926107269e-03,1.395285224533280e-09
7.795514241542391e-03,1.392130266051901e-09
7.923309556977513e-03,1.389031687425388e-09
8.051104872412632e-03,1.385987610746051e-09
8.178900187847754e-03,1.382996158106201e-09
8.306695503282877e-03,1.380055518260221e-09
8.434490818717996e-03,1.377164146609616e-09
8.562286134153118e-03,1.374320565217374e-09
8.690081449588239e-03,1.371523296146484e-09
8.817876765023359e-03,1.368770861459937e-09
8.945672080458482e-03,1.366061834265392e-09
9.073467395893601e-03,1.363394991850323e-09
9.201262711328723e-03,1.360769162547438e-09
9.329058026763846e-03,1.358183174689446e-09
9.456853342198965e-03,1.355635856609054e-09
9.584648657634087e-03,1.353126067281805e-09
9.712443973069206e-03,1.350652788253583e-09
9.840239288504329e-03,1.348215031712617e-09
9.968034603939451e-03,1.345811809847133e-09
1.009582991937457e-02,1.343442134845358e-09
1.022362523480969e-02,1.341105062775521e-09
1.035142055024482e-02,1.338799825226185e-09
1.047921586567993e-02,1.336525697666086e-09
1.060701118111506e-02,1.334281955563953e-09
1.073480649655018e-02,1.332067874388521e-09
1.086260181198530e-02,1.329882729608522e-09
1.099039712742042e-02,1.327725796692688e-09
1.111819244285554e-02,1.325596351109752e-09
1.124598775829066e-02,1.323493668328447e-09
1.137378307372578e-02,1.321417023817504e-09
1.150157838916090e-02,1.319365730260425e-09
1.162937370459603e-02,1.317339249189037e-09
1.175716902003114e-02,1.315337079344566e-09
1.188496433546627e-02,1.313358719468237e-09
1.201275965090139e-02,1.311403668301277e-09
1.214055496633651e-02,1.309471424584909e-09
1.226835028177163e-02,1.307561487060361e-09
1.239614559720675e-02,1.305673354468858e-09
1.252394091264187e-02,1.303806525551625e-09
1.265173622807700e-02,1.301960499049887e-09
1.277953154351211e-02,1.300134795579667e-09
1.290732685894724e-02,1.298329023263922e-09
1.303512217438236e-02,1.296542812104278e-09
1.316291748981748e-02,1.294775792102364e-09
1.329071280525260e-02,1.293027593259806e-09
1.341850812068772e-02,1.291297845578232e-09
1.354630343612284e-02,1.289586179059268e-09
1.367409875155796e-02,1.287892223704543e-09
1.380189406699308e-02,1.286215609515684e-09
1.392968938242821e-02,1.284555966494317e-09
1.405748469786333e-02,1.282912939961280e-09
1.418528001329845e-02,1.281286236515128e-09
1.431307532873357e-02,1.279675578074071e-09
1.444087064416869e-02,1.278080686556319e-09
1.456866595960381e-02,1.276501283880082e-09
1.469646127503893e-02,1.274937091963569e-09
1.482425659047405e-02,1.273387832724989e-09
1.495205190590917e-02,1.271853228082553e-09
1.507984722134430e-02,1.270332999954469e-09
1.520764253677942e-02,1.268826870258948e-09
1.533543785221454e-02,1.267334571553555e-09
1.546323316764966e-02,1.265855878950747e-09
1.559102848308478e-02,1.264390578201071e-09
1.571882379851990e-02,1.262938455055071e-09
1.584661911395502e-02,1.261499295263295e-09
1.597441442939014e-02,1.260072884576287e-09
1.610220974482527e-02,1.258659008744594e-09
1.623000506026039e-02,1.257257453518763e-09
1.635780037569551e-02,1.255868004649339e-09
1.648559569113063e-02,1.254490447886867e-09
1.661339100656575e-02,1.253124576497993e-09
1.674118632200087e-02,1.251770213816794e-09
1.686898163743599e-02,1.250427190694965e-09
1.699677695287111e-02,1.249095337984204e-09
1.712457226830624e-02,1.247774486536207e-09
1.725236758374135e-02,1.246464467202670e-09
1.738016289917648e-02,1.245165110835289e-09
1.750795821461160e-02,1.243876248285762e-09
1.763575353004672e-02,1.242597710405783e-09
1.776354884548184e-02,1.241329328047050e-09
1.789134416091696e-02,1.240070937753902e-09
1.801913947635208e-02,1.238822398841865e-09
1.814693479178720e-02,1.237583576319417e-09
1.827473010722232e-02,1.236354335195035e-09
1.840252542265745e-02,1.235134540477197e-09
1.853032073809257e-02,1.233924057174381e-09
1.865811605352769e-02,1.232722750295065e-09
1.878591136896281e-02,1.231530484847725e-09
1.891370668439793e-02,1.230347125840841e-09
1.904150199983305e-02,1.229172538282889e-09
1.916929731526817e-02,1.228006591370136e-09
1.929709263070329e-02,1.226849171049220e-09
1.942488794613842e-02,1.225700167454174e-09
1.955268326157353e-02,1.224559470719030e-09
1.968047857700866e-02,1.223426970977822e-09
1.980827389244378e-02,1.222302558364583e-09
1.993606920787890e-02,1.221186123013345e-09
2.006386452331402e-02,1.220077555058143e-09
2.019165983874914e-02,1.218976744633008e-09
2.031945515418426e-02,1.217883581871975e-09
2.044725046961939e-02,1.216797960153217e-09
2.057504578505450e-02,1.215719785832945e-09
2.070284110048963e-02,1.214648968512251e-09
2.083063641592475e-02,1.213585417792226e-09
2.095843173135987e-02,1.212529043273961e-09
2.108622704679499e-02,1.211479754558546e-09
2.121402236223011e-02,1.210437461247072e-09
2.134181767766523e-02,1.209402072940630e-09
2.146961299310035e-02,1.208373499240311e-09
2.159740830853547e-02,1.207351649747206e-09
2.172520362397060e-02,1.206336436582259e-09
2.185299893940572e-02,1.205327781946225e-09
2.198079425484084e-02,1.204325610559913e-09
2.210858957027596e-02,1.203329847144132e-09
2.223638488571108e-02,1.202340416419691e-09
2.236418020114620e-02,1.201357243107397e-09
2.249197551658132e-02,1.200380251928061e-09
2.261977083201644e-02,1.199409367602490e-09
2.274756614745157e-02,1.198444514851494e-09
2.287536146288669e-02,1.197485618395880e-09
2.300315677832181e-02,1.196532604947356e-09
2.313095209375693e-02,1.195585409180943e-09
2.325874740919205e-02,1.194643967762422e-09
2.338654272462717e-02,1.193708217357577e-09
2.351433804006229e-02,1.192778094632189e-09
2.364213335549741e-02,1.191853536252039e-09
2.376992867093253e-02,1.190934478882911e-09
2.389772398636766e-02,1.190020859190586e-09
2.402551930180278e-02,1.189112613840847e-09
2.415331461723790e-02,1.188209679499475e-09
2.428110993267302e-02,1.187311994427634e-09
2.440890524810814e-02,1.186419503267317e-09
2.453670056354326e-02,1.185532152255553e-09
2.466449587897838e-02,1.184649887629371e-09
2.479229119441350e-02,1.183772655625800e-09
2.492008650984863e-02,1.182900402481869e-09
2.504788182528375e-02,1.182033074434606e-09
2.517567714071887e-02,1.181170617721041e-09
2.530347245615399e-02,1.180312978578202e-09
2.543126777158911e-02,1.179460103243118e-09
2.555906308702423e-02,1.178611939243247e-09
2.568685840245935e-02,1.177768439268037e-09
2.581465371789447e-02,1.176929557297499e-09
2.594244903332960e-02,1.176095247311644e-09
2.607024434876471e-02,1.175265463290483e-09
2.619803966419984e-02,1.174440159214028e-09
2.632583497963496e-02,1.173619289062290e-09
2.645363029507008e-02,1.172802806815281e-09
2.658142561050520e-02,1.171990666453012e-09
2.670922092594032e-02,1.171182821955494e-09
2.683701624137544e-02,1.170379228359883e-09
2.696481155681056e-02,1.169579844931822e-09
2.709260687224568e-02,1.168784631994051e-09
2.722040218768081e-02,1.167993549869312e-09
2.734819750311593e-02,1.167206558880345e-09
2.747599281855105e-02,1.166423619349890e-09
2.760378813398617e-02,1.165644691600690e-09
2.773158344942129e-02,1.164869735955484e-09
2.785937876485641e-02,1.164098712737014e-09
2.798717408029153e-02,1.163331582268019e-09
2.811496939572665e-02,1.162568305737277e-09
2.824276471116178e-02,1.161808847797368e-09
2.837056002659689e-02,1.161053173966742e-09
2.849835534203202e-02,1.160301249763849e-09
2.862615065746714e-02,1.159553040707140e-09
2.875394597290226e-02,1.158808512315065e-09
2.888174128833738e-02,1.158067630106072e-09
2.900953660377250e-02,1.157330359598614e-09
2.913733191920762e-02,1.156596666311139e-09
2.926512723464274e-02,1.155866515762098e-09
2.939292255007787e-02,1.155139874211147e-09
2.952071786551299e-02,1.154416710882956e-09
2.964851318094811e-02,1.153696995743497e-09
2.977630849638323e-02,1.152980698758744e-09
2.990410381181835e-02,1.152267789894669e-09
3.003189912725347e-02,1.151558239117245e-09
3.015969444268859e-02,1.150852016392444e-09
3.028748975812371e-02,1.150149091686239e-09
3.041528507355883e-02,1.149449434964602e-09
3.054308038899396e-02,1.148753016193506e-09
3.067087570442908e-02,1.148059805928440e-09
3.079867101986420e-02,1.147369777082937e-09
3.092646633529932e-02,1.146682903160036e-09
3.105426165073444e-02,1.145999157662777e-09
3.118205696616956e-02,1.145318514094198e-09
3.130985228160468e-02,1.144640945957337e-09
3.143764759703981e-02,1.143966426755234e-09
3.156544291247493e-02,1.143294929990929e-09
3.169323822791005e-02,1.142626429167458e-09
3.182103354334517e-02,1.141960897787863e-09
3.194882885878029e-02,1.141298309885408e-09
3.207662417421541e-02,1.140638641614089e-09
3.220441948965053e-02,1.139981869658038e-09
3.233221480508566e-02,1.139327970701392e-09
3.246001012052077e-02,1.138676921428284e-09
3.258780543595589e-02,1.138028698522847e-09
3.271560075139102e-02,1.137383278669215e-09
3.284339606682614e-02,1.136740638551523e-09
3.297119138226126e-02,1.136100754853904e-09
3.309898669769638e-02,1.135463604260493e-09
3.322678201313150e-02,1.134829163887663e-09
3.335457732856662e-02,1.134197412580881e-09
3.348237264400174e-02,1.133568329617921e-09
3.361016795943687e-02,1.132941894276556e-09
3.373796327487198e-02,1.132318085834561e-09
3.386575859030710e-02,1.131696883569709e-09
3.399355390574223e-02,1.131078266759774e-09
3.412134922117735e-02,1.130462214682530e-09
3.424914453661247e-02,1.129848706615750e-09
3.437693985204759e-02,1.129237721837209e-09
3.450473516748271e-02,1.128629240001973e-09
3.463253048291783e-02,1.128023242274291e-09
3.476032579835295e-02,1.127419710195708e-09
3.488812111378808e-02,1.126818625307769e-09
3.501591642922319e-02,1.126219969152017e-09
3.514371174465832e-02,1.125623723269997e-09
3.527150706009344e-02,1.125029869203254e-09
3.539930237552856e-02,1.124438388493333e-09
3.552709769096368e-02,1.123849262681778e-09
3.565489300639881e-02,1.123262473310134e-09
3.578268832183392e-02,1.122678002243323e-09
3.591048363726904e-02,1.122095832639691e-09
3.603827895270417e-02,1.121515947980915e-09
3.616607426813929e-02,1.120938331748672e-09
3.629386958357441e-02,1.120362967424641e-09
3.642166489900953e-02,1.119789838490498e-09
3.654946021444465e-02,1.119218928427922e-09
3.667725552987977e-02,1.118650220718590e-09
3.680505084531489e-02,1.118083698844179e-09
3.693284616075002e-02,1.117519346286367e-09
3.706064147618514e-02,1.116957146804277e-09
3.718843679162025e-02,1.116397085266918e-09
3.731623210705538e-02,1.115839146820792e-09
3.744402742249050e-02,1.115283316612403e-09
3.757182273792562e-02,1.114729579788255e-09
3.769961805336074e-02,1.114177921494850e-09
3.782741336879586e-02,1.113628326878692e-09
3.795520868423098e-02,1.113080781086286e-09
3.808300399966610e-02,1.112535269264133e-09
3.821079931510123e-02,1.111991776558738e-09
3.833859463053635e-02,1.111450288369382e-09
3.846638994597146e-02,1.110910791106468e-09
3.859418526140659e-02,1.110373271433189e-09
3.872198057684171e-02,1.109837716012734e-09
3.884977589227683e-02,1.109304111508294e-09
3.897757120771195e-02,1.108772444583058e-09
3.910536652314707e-02,1.108242701900218e-09
3.923316183858219e-02,1.107714870122964e-09
3.936095715401731e-02,1.107188935914486e-09
3.948875246945244e-02,1.106664885937974e-09
3.961654778488756e-02,1.106142707034915e-09
3.974434310032268e-02,1.105622386759935e-09
3.987213841575780e-02,1.105103912845935e-09
3.999993373119292e-02,1.104587273025816e-09
4.012772904662804e-02,1.104072455032478e-09
4.025552436206317e-02,1.103559446598824e-09
4.038331967749829e-02,1.103048235457754e-09
4.051111499293340e-02,1.102538809342170e-09
4.063891030836853e-02,1.102031155984971e-09
4.076670562380365e-02,1.101525263119060e-09
4.089450093923877e-02,1.101021118746532e-09
4.102229625467389e-02,1.100518711946368e-09
4.115009157010902e-02,1.100018032066802e-09
4.127788688554413e-02,1.099519068456063e-09
4.140568220097925e-02,1.099021810462385e-09
4.153347751641438e-02,1.098526247433999e-09
4.166127283184950e-02,1.098032368719136e-09
4.178906814728462e-02,1.097540163666028e-09
4.191686346271974e-02,1.097049621622908e-09
4.204465877815486e-02,1.096560731938007e-09
4.217245409358998e-02,1.096073484013624e-09
4.230024940902510e-02,1.095587867468337e-09
4.242804472446023e-02,1.095103871974795e-09
4.255584003989534e-02,1.094621487205645e-09
4.268363535533046e-02,1.094140702833538e-09
4.281143067076559e-02,1.093661508531119e-09
4.293922598620071e-02,1.093183893971040e-09
4.306702130163583e-02,1.092707848825947e-09
4.319481661707095e-02,1.092233362768490e-09
4.332261193250607e-02,1.091760425471316e-09
4.345040724794119e-02,1.091289026834954e-09
4.357820256337631e-02,1.090819157671402e-09
4.370599787881144e-02,1.090350809020518e-09
4.383379319424656e-02,1.089883971922159e-09
4.396158850968167e-02,1.089418637416183e-09
4.408938382511680e-02,1.088954796542448e-09
4.421717914055192e-02,1.088492440340810e-09
4.434497445598704e-02,1.088031559851127e-09
4.447276977142216e-02,1.087572146113257e-09
4.460056508685728e-02,1.087114190167057e-09
4.472836040229240e-02,1.086657683147164e-09
4.485615571772752e-02,1.086202616567383e-09
4.498395103316265e-02,1.085748982036316e-09
4.511174634859777e-02,1.085296771162570e-09
4.523954166403289e-02,1.084845975554749e-09
4.536733697946801e-02,1.084396586821457e-09
4.549513229490313e-02,1.083948596571301e-09
4.562292761033825e-02,1.083501996412884e-09
4.575072292577338e-02,1.083056777954812e-09
4.587851824120850e-02,1.082612932805689e-09
4.600631355664361e-02,1.082170452698459e-09
4.613410887207874e-02,1.081729329863445e-09
4.626190418751386e-02,1.081289556655316e-09
4.638969950294898e-02,1.080851125428745e-09
4.651749481838410e-02,1.080414028538402e-09
4.664529013381922e-02,1.079978258338959e-09
4.677308544925434e-02,1.079543807185085e-09
4.690088076468946e-02,1.079110667431453e-09
4.702867608012459e-02,1.078678831432733e-09
4.715647139555971e-02,1.078248291543597e-09
4.728426671099482e-02,1.077819040218654e-09
4.741206202642995e-02,1.077391070312259e-09
4.753985734186507e-02,1.076964374778698e-09
4.766765265730019e-02,1.076538946572257e-09
4.779544797273531e-02,1.076114778647224e-09
4.792324328817044e-02,1.075691863957885e-09
4.805103860360555e-02,1.075270195458526e-09
4.817883391904067e-02,1.074849766103434e-09
4.830662923447580e-02,1.074430568846896e-09
4.843442454991092e-02,1.074012596643197e-09
4.856221986534604e-02,1.073595842541589e-09
4.869001518078116e-02,1.073180299971134e-09
4.881781049621628e-02,1.072765962455838e-09
4.894560581165140e-02,1.072352823519709e-09
4.907340112708652e-02,1.071940876686753e-09
4.920119644252165e-02,1.071530115480976e-09
4.932899175795677e-02,1.071120533426384e-09
4.945678707339188e-02,1.070712124046985e-09
4.958458238882701e-02,1.070304880866783e-09
4.971237770426213e-02,1.069898797409787e-09
4.984017301969725e-02,1.069493867265399e-09
4.996796833513237e-02,1.069090084284622e-09
5.000000000000000e-02,1.068989055897086e-09
5.009576365056749e-02,1.068687442391849e-09
5.022355896600261e-02,1.068285935581138e-09
5.035135428143774e-02,1.067885557882475e-09
5.047914959687286e-02,1.067486303326150e-09
5.060694491230798e-02,1.067088165942448e-09
5.073474022774310e-02,1.066691139761659e-09
5.086253554317822e-02,1.066295218814068e-09
5.099033085861334e-02,1.065900397129964e-09
5.111812617404846e-02,1.065506668810076e-09
5.124592148948359e-02,1.065114028236897e-09
5.137371680491870e-02,1.064722469863359e-09
5.150151212035382e-02,1.064331988142393e-09
5.162930743578895e-02,1.063942577526932e-09
5.175710275122407e-02,1.063554232469907e-09
5.188489806665919e-02,1.063166947424251e-09
5.201269338209431e-02,1.062780716842894e-09
5.214048869752943e-02,1.062395535178770e-09
5.226828401296455e-02,1.062011396884810e-09
5.239607932839967e-02,1.061628296481527e-09
5.252387464383480e-02,1.061246228759733e-09
5.265166995926992e-02,1.060865188577811e-09
5.277946527470503e-02,1.060485170794140e-09
5.290726059014016e-02,1.060106170267102e-09
5.303505590557528e-02,1.059728181855079e-09
5.316285122101040e-02,1.059351200416451e-09
5.329064653644552e-02,1.058975220809599e-09
5.341844185188065e-02,1.058600237892905e-09
5.354623716731576e-02,1.058226246524749e-09
5.367403248275088e-02,1.057853241628044e-09
5.380182779818601e-02,1.057481218383845e-09
5.392962311362113e-02,1.057110172037748e-09
5.405741842905625e-02,1.056740097835345e-09
5.418521374449137e-02,1.056370991022233e-09
5.431300905992649e-02,1.056002846844006e-09
5.444080437536161e-02,1.055635660546259e-09
5.456859969079673e-02,1.055269427374586e-09
5.469639500623186e-02,1.054904142574583e-09
5.482419032166697e-02,1.054539801391845e-09
5.495198563710210e-02,1.054176399113864e-09
5.507978095253722e-02,1.053813931195725e-09
5.520757626797234e-02,1.053452393134410e-09
5.533537158340746e-02,1.053091780426901e-09
5.546316689884258e-02,1.052732088570181e-09
5.559096221427770e-02,1.052373313061231e-09
5.571875752971282e-02,1.052015449397035e-09
5.584655284514795e-02,1.051658493074573e-09
5.597434816058307e-02,1.051302439590829e-09
5.610214347601819e-02,1.050947284442784e-09
5.622993879145331e-02,1.050593023209839e-09
5.635773410688843e-02,1.050239651801038e-09
5.648552942232355e-02,1.049887166207830e-09
5.661332473775867e-02,1.049535562421664e-09
5.674112005319380e-02,1.049184836433989e-09
5.686891536862891e-02,1.048834984236255e-09
5.699671068406403e-02,1.048486001819910e-09
5.712450599949916e-02,1.048137885176402e-09
5.725230131493428e-02,1.047790630297182e-09
5.738009663036940e-02,1.047444233173698e-09
5.750789194580452e-02,1.047098689801003e-09
5.763568726123964e-02,1.046753996188566e-09
5.776348257667476e-02,1.046410148349461e-09
5.789127789210988e-02,1.046067142296760e-09
5.801907320754501e-02,1.045724974043537e-09
5.814686852298013e-02,1.045383639602865e-09
5.827466383841524e-02,1.045043134987818e-09
5.840245915385037e-02,1.044703456211469e-09
5.853025446928549e-02,1.044364599286891e-09
5.865804978472061e-02,1.044026560227158e-09
5.878584510015573e-02,1.043689335118770e-09
5.891364041559085e-02,1.043352920341938e-09
5.904143573102597e-02,1.043017312350300e-09
5.916923104646109e-02,1.042682507597495e-09
5.929702636189622e-02,1.042348502537162e-09
5.942482167733134e-02,1.042015293622939e-09
5.955261699276646e-02,1.041682877308465e-09
5.968041230820158e-02,1.041351250047378e-09
5.980820762363670e-02,1.041020408293316e-09
5.993600293907182e-02,1.040690348499920e-09
6.006379825450694e-02,1.040361067146222e-09
6.019159356994207e-02,1.040032560812832e-09
6.031938888537718e-02,1.039704826105753e-09
6.044718420081231e-02,1.039377859630985e-09
6.057497951624743e-02,1.039051657994531e-09
6.070277483168255e-02,1.038726217802393e-09
6.083057014711767e-02,1.038401535660572e-09
6.095836546255279e-02,1.038077608175070e-09
6.108616077798791e-02,1.037754431951889e-09
6.121395609342303e-02,1.037432003597030e-09
6.134175140885816e-02,1.037110319755287e-09
6.146954672429328e-02,1.036789377226628e-09
6.159734203972840e-02,1.036469172849823e-09
6.172513735516352e-02,1.036149703463638e-09
6.185293267059864e-02,1.035830965906841e-09
6.198072798603376e-02,1.035512957018200e-09
6.210852330146888e-02,1.035195673636482e-09
6.223631861690401e-02,1.034879112600457e-09
6.236411393233912e-02,1.034563270748890e-09
6.249190924777424e-02,1.034248144920551e-09
6.261970456320937e-02,1.033933731985667e-09
6.274749987864449e-02,1.033620028940316e-09
6.287529519407961e-02,1.033307032812037e-09
6.300309050951473e-02,1.032994740628369e-09
6.313088582494986e-02,1.032683149416851e-09
6.325868114038498e-02,1.032372256205022e-09
6.338647645582010e-02,1.032062058020421e-09
6.351427177125522e-02,1.031752551890589e-09
6.364206708669033e-02,1.031443734843063e-09
6.376986240212545e-02,1.031135603905382e-09
6.389765771756058e-02,1.030828156135176e-09
6.402545303299570e-02,1.030521388710421e-09
6.415324834843082e-02,1.030215298839182e-09
6.428104366386594e-02,1.029909883729520e-09
6.440883897930107e-02,1.029605140589501e-09
6.453663429473619e-02,1.029301066627186e-09
6.466442961017131e-02,1.028997659050639e-09
6.479222492560642e-02,1.028694915067924e-09
6.492002024104154e-02,1.028392831887103e-09
6.504781555647667e-02,1.028091406716241e-09
6.517561087191179e-02,1.027790636790897e-09
6.530340618734691e-02,1.027490519456634e-09
6.543120150278203e-02,1.027191052086517e-09
6.555899681821716e-02,1.026892232053612e-09
6.568679213365228e-02,1.026594056730984e-09
6.581458744908740e-02,1.026296523491697e-09
6.594238276452252e-02,1.025999629708818e-09
6.607017807995763e-02,1.025703372755411e-09
6.619797339539275e-02,1.025407750004542e-09
6.632576871082788e-02,1.025112758829276e-09
6.645356402626300e-02,1.024818396628072e-09
6.658135934169812e-02,1.024524660900972e-09
6.670915465713324e-02,1.024231549173410e-09
6.683694997256837e-02,1.023939058970822e-09
6.696474528800349e-02,1.023647187818644e-09
6.709254060343861e-02,1.023355933242313e-09
6.722033591887373e-02,1.023065292767263e-09
6.734813123430886e-02,1.022775263918932e-09
6.747592654974396e-02,1.022485844222754e-09
6.760372186517909e-02,1.022197031204166e-09
6.773151718061421e-02,1.021908822411952e-09
6.785931249604933e-02,1.021621215488290e-09
6.798710781148445e-02,1.021334208098702e-09
6.811490312691958e-02,1.021047797908713e-09
6.824269844235470e-02,1.020761982583847e-09
6.837049375778982e-02,1.020476759789626e-09
6.849828907322494e-02,1.020192127191576e-09
6.862608438866007e-02,1.019908082455219e-09
6.875387970409517e-02,1.019624623246080e-09
6.888167501953030e-02,1.019341747229681e-09
6.900947033496542e-02,1.019059452093768e-09
6.913726565040054e-02,1.018777735614975e-09
6.926506096583566e-02,1.018496595592164e-09
6.939285628127079e-02,1.018216029824197e-09
6.952065159670591e-02,1.017936036109934e-09
6.964844691214103e-02,1.017656612248237e-09
6.977624222757615e-02,1.017377756037967e-09
6.990403754301128e-02,1.017099465277985e-09
7.003183285844640e-02,1.016821737767152e-09
7.015962817388151e-02,1.016544571304331e-09
7.028742348931663e-02,1.016267963706909e-09
7.041521880475175e-02,1.015991912866389e-09
7.054301412018688e-02,1.015716416692803e-09
7.067080943562200e-02,1.015441473096182e-09
7.079860475105712e-02,1.015167079986558e-09
7.092640006649224e-02,1.014893235273964e-09
7.105419538192737e-02,1.014619936868430e-09
7.118199069736249e-02,1.014347182679989e-09
7.130978601279761e-02,1.014074970618672e-09
7.152277820518949e-02,1.013622482900295e-09
7.173577039758135e-02,1.013171485731800e-09
7.194876258997322e-02,1.012721970049667e-09
7.216175478236508e-02,1.012273926912834e-09
7.237474697475696e-02,1.011827347380238e-09
7.258773916714882e-02,1.011382222510816e-09
7.280073135954070e-02,1.010938543363506e-09
7.301372355193256e-02,1.010496300997244e-09
7.322671574432443e-02,1.010055486470967e-09
7.343970793671629e-02,1.009616090843614e-09
7.365270012910817e-02,1.009178105174121e-09
7.386569232150003e-02,1.008741520653367e-09
7.407868451389191e-02,1.008306328999998e-09
7.429167670628377e-02,1.007872522064600e-09
7.450466889867564e-02,1.007440091697762e-09
7.471766109106751e-02,1.007009029750070e-09
7.493065328345938e-02,1.006579328072111e-09
7.514364547585124e-02,1.006150978514472e-09
7.535663766824312e-02,1.005723972927741e-09
7.556962986063498e-02,1.005298303162503e-09
7.578262205302685e-02,1.004873961069348e-09
7.599561424541872e-02,1.004450938611372e-09
7.620860643781059e-02,1.004029228201706e-09
7.642159863020245e-02,1.003608822365986e-09
7.663459082259433e-02,1.003189713629847e-09
7.684758301498619e-02,1.002771894518924e-09
7.706057520737807e-02,1.002355357558853e-09
7.727356739976993e-02,1.001940095275268e-09
7.748655959216180e-02,1.001526100193805e-09
7.769955178455366e-02,1.001113364840100e-09
7.791254397694554e-02,1.000701881739787e-09
7.812553616933740e-02,1.000291643519885e-09
7.833852836172928e-02,9.998826432129284e-10
7.855152055412114e-02,9.994748739528195e-10
7.876451274651301e-02,9.990683288734645e-10
7.897750493890487e-02,9.986630011087676e-10
7.919049713129675e-02,9.982588837926334e-10
7.940348932368861e-02,9.978559700589672e-10
7.961648151608049e-02,9.974542530416734e-10
7.982947370847235e-02,9.970537258746568e-10
8.004246590086422e-02,9.966543816918221e-10
8.025545809325609e-02,9.962562137176935e-10
8.046845028564796e-02,9.958592155392922e-10
8.068144247803982e-02,9.954633808342703e-10
8.089443467043170e-02,9.950687032802788e-10
8.110742686282357e-02,9.946751765549691e-10
8.132041905521543e-02,9.942827943359931e-10
8.153341124760730e-02,9.938915503010016e-10
8.174640343999917e-02,9.935014381276460e-10
8.195939563239105e-02,9.931124514935780e-10
8.217238782478291e-02,9.927245840764492e-10
8.238538001717477e-02,9.923378296353364e-10
8.259837220956665e-02,9.919521822550303e-10
8.281136440195852e-02,9.915676361017517e-10
8.302435659435038e-02,9.911841853417220e-10
8.323734878674224e-02,9.908018241411622e-10
8.345034097913412e-02,9.904205466662937e-10
8.366333317152599e-02,9.900403470833375e-10
8.387632536391786e-02,9.896612195585146e-10
8.408931755630973e-02,9.892831582580463e-10
8.430230974870159e-02,9.889061573481538e-10
8.451530194109347e-02,9.885302110683524e-10
8.472829413348533e-02,9.881553139513343e-10
8.494128632587720e-02,9.877814606030876e-10
8.515427851826907e-02,9.874086456295987e-10
8.536727071066094e-02,9.870368636368557e-10
8.558026290305280e-02,9.866661092308452e-10
8.579325509544468e-02,9.862963770175548e-10
8.600624728783654e-02,9.859276616029718e-10
8.621923948022842e-02,9.855599575930834e-10
8.643223167262028e-02,9.851932595938767e-10
8.664522386501215e-02,9.848275622774531e-10
8.685821605740401e-02,9.844628605803620e-10
8.707120824979589e-02,9.840991495052632e-10
8.728420044218775e-02,9.837364240548172e-10
8.749719263457963e-02,9.833746792316839e-10
8.771018482697149e-02,9.830139100385236e-10
8.792317701936336e-02,9.826541114779964e-10
8.813616921175522e-02,9.822952785527624e-10
8.834916140414710e-02,9.819374062654818e-10
8.856215359653896e-02,9.815804896188144e-10
8.877514578893084e-02,9.812245236754382e-10
8.898813798132270e-02,9.808695037380875e-10
8.920113017371457e-02,9.805154251695084e-10
8.941412236610644e-02,9.801622833324463e-10
8.962711455849831e-02,9.798100735896477e-10
8.984010675089017e-02,9.794587913038582e-10
9.005309894328205e-02,9.791084318378237e-10
9.026609113567391e-02,9.787589905542903e-10
9.047908332806578e-02,9.784104628160038e-10
9.069207552045766e-02,9.780628439857097e-10
9.090506771284952e-02,9.777161294803787e-10
9.111805990524138e-02,9.773703149338909e-10
9.133105209763326e-02,9.770253960343577e-10
9.154404429002513e-02,9.766813684698909e-10
9.175703648241700e-02,9.763382279286015e-10
9.197002867480886e-02,9.759959700986011e-10
9.218302086720073e-02,9.756545906680017e-10
9.239601305959261e-02,9.753140853249142e-10
9.260900525198447e-02,9.749744497574497e-10
9.282199744437633e-02,9.746356796537205e-10
9.303498963676821e-02,9.742977707512124e-10
9.324798182916008e-02,9.739607189849155e-10
9.346097402155194e-02,9.736245203391995e-10
9.367396621394380e-02,9.732891707984331e-10
9.388695840633568e-02,9.729546663469853e-10
9.409995059872756e-02,9.726210029692246e-10
9.431294279111942e-02,9.722881766495201e-10
9.452593498351128e-02,9.719561833722410e-10
9.473892717590315e-02,9.716250191217561e-10
9.495191936829503e-02,9.712946798824339e-10
9.516491156068689e-02,9.709651616836295e-10
9.537790375307875e-02,9.706364607346415e-10
9.559089594547063e-02,9.703085732897558e-10
9.580388813786250e-02,9.699814956032576e-10
9.601688033025436e-02,9.696552239294325e-10
9.622987252264624e-02,9.693297545225661e-10
9.644286471503810e-02,9.690050836369437e-10
9.665585690742998e-02,9.686812075268512e-10
9.686884909982184e-02,9.683581224465735e-10
9.708184129221371e-02,9.680358246503965e-10
9.729483348460558e-02,9.677143104337232e-10
9.750782567699745e-02,9.673935762564222e-10
9.772081786938931e-02,9.670736186194788e-10
9.793381006178119e-02,9.667544340238773e-10
9.814680225417305e-02,9.664360189706030e-10
9.835979444656492e-02,9.661183699606406e-10
9.857278663895679e-02,9.658014834949751e-10
9.878577883134866e-02,9.654853560745910e-10
9.899877102374052e-02,9.651699842004734e-10
9.921176321613240e-02,9.648553643736072e-10
9.942475540852426e-02,9.645414931324752e-10
9.963774760091614e-02,9.642283671655435e-10
9.985073979330800e-02,9.639159831987734e-10
1.000637319857000e-01,9.636043379581257e-10
1.002767241780920e-01,9.632934281695621e-10
1.004897163704840e-01,9.629832505590427e-10
1.007027085628750e-01,9.626738018525309e-10
1.009157007552670e-01,9.623650787759843e-10
1.011286929476590e-01,9.620570780553657e-10
1.013416851400510e-01,9.617497964166354e-10
1.015546773324430e-01,9.614432306210863e-10
1.017676695248350e-01,9.611373775713638e-10
1.019806617172270e-01,9.608322342054583e-10
1.021936539096190e-01,9.605277974613617e-10
1.024066461020100e-01,9.602240642770663e-10
1.026196382944020e-01,9.599210315905608e-10
1.028326304867940e-01,9.596186963398375e-10
1.030456226791860e-01,9.593170554628878e-10
1.032586148715780e-01,9.590161058977027e-10
1.034716070639700e-01,9.587158445822733e-10
1.036845992563620e-01,9.584162684831499e-10
1.038975914487540e-01,9.581173746811053e-10
1.041105836411450e-01,9.578191602854663e-10
1.043235758335370e-01,9.575216224055568e-10
1.045365680259290e-01,9.572247581507034e-10
1.047495602183210e-01,9.569285646302321e-10
1.049625524107130e-01,9.566330389534688e-10
1.051755446031050e-01,9.563381782297396e-10
1.053885367954970e-01,9.560439795683700e-10
1.056015289878880e-01,9.557504400786877e-10
1.058145211802800e-01,9.554575569039656e-10
1.060275133726720e-01,9.551653273232268e-10
1.062405055650640e-01,9.548737486494155e-10
1.064534977574560e-01,9.545828181954761e-10
1.066664899498480e-01,9.542925332743520e-10
1.068794821422400e-01,9.540028911989880e-10
1.070924743346320e-01,9.537138892823277e-10
1.073054665270230e-01,9.534255248373171e-10
1.075184587194150e-01,9.531377951768972e-10
1.077314509118070e-01,9.528506976140137e-10
1.079444431041990e-01,9.525642294845094e-10
1.081574352965910e-01,9.522783882158872e-10
1.083704274889830e-01,9.519931712585805e-10
1.085834196813750e-01,9.517085760630226e-10
1.087964118737660e-01,9.514246000796478e-10
1.090094040661580e-01,9.511412407588872e-10
1.092223962585500e-01,9.508584955511748e-10
1.094353884509420e-01,9.505763619069445e-10
1.096483806433340e-01,9.502948372766295e-10
1.098613728357260e-01,9.500139191106632e-10
1.100743650281180e-01,9.497336048858505e-10
1.102873572205100e-01,9.494538921845241e-10
1.105003494129010e-01,9.491747786154100e-10
1.107133416052930e-01,9.488962617872302e-10
1.109263337976850e-01,9.486183393087107e-10
1.111393259900770e-01,9.483410087885766e-10
1.113523181824690e-01,9.480642678355520e-10
1.115653103748610e-01,9.477881140583619e-10
1.117783025672530e-01,9.475125450657307e-10
1.119912947596450e-01,9.472375584663834e-10
1.122042869520360e-01,9.469631518914926e-10
1.124172791444280e-01,9.466893230620217e-10
1.126302713368200e-01,9.464160697213876e-10
1.128432635292120e-01,9.461433896130062e-10
1.130562557216040e-01,9.458712804802936e-10
1.132692479139960e-01,9.455997400666658e-10
1.134822401063880e-01,9.453287661155383e-10
1.136952322987790e-01,9.450583563703290e-10
1.139082244911710e-01,9.447885085744506e-10
1.141212166835630e-01,9.445192204713207e-10
1.143342088759550e-01,9.442504898256080e-10
1.145472010683470e-01,9.439823144869747e-10
1.147601932607390e-01,9.437146923263254e-10
1.149731854531310e-01,9.434476212145652e-10
1.151861776455230e-01,9.431810990225994e-10
1.153991698379140e-01,9.429151236213341e-10
1.156121620303060e-01,9.426496928816718e-10
1.158251542226980e-01,9.423848046745185e-10
1.160381464150900e-01,9.421204568707793e-10
1.162511386074820e-01,9.418566473413595e-10
1.164641307998740e-01,9.415933739768660e-10
1.166771229922660e-01,9.413306347466721e-10
1.168901151846570e-01,9.410684276398334e-10
1.171031073770490e-01,9.408067506454023e-10
1.173160995694410e-01,9.405456017524331e-10
1.175290917618330e-01,9.402849789499805e-10
1.177420839542250e-01,9.400248802270990e-10
1.179550761466170e-01,9.397653035728424e-10
1.181680683390090e-01,9.395062469762651e-10
1.183810605314010e-01,9.392477084264214e-10
1.185940527237920e-01,9.389896859301671e-10
1.188070449161840e-01,9.387321775655962e-10
1.190200371085760e-01,9.384751814286262e-10
1.192330293009680e-01,9.382186956151740e-10
1.194460214933600e-01,9.379627182211562e-10
1.196590136857520e-01,9.377072473424889e-10
1.198720058781440e-01,9.374522810750893e-10
1.200849980705360e-01,9.371978175148736e-10
1.202979902629270e-01,9.369438547577597e-10
1.205109824553190e-01,9.366903908996620e-10
1.207239746477110e-01,9.364374240548557e-10
1.209369668401030e-01,9.361849524110655e-10
1.211499590324950e-01,9.359329741743824e-10
1.213629512248870e-01,9.356814875508980e-10
1.215759434172790e-01,9.354304907467032e-10
1.217889356096700e-01,9.351799819678908e-10
1.220019278020620e-01,9.349299594205495e-10
1.222149199944540e-01,9.346804213107718e-10
1.224279121868460e-01,9.344313658446490e-10
1.226409043792380e-01,9.341827912282724e-10
1.228538965716300e-01,9.339346956783609e-10
1.230668887640220e-01,9.336870774541425e-10
1.232798809564140e-01,9.334399348254707e-10
1.234928731488050e-01,9.331932660622010e-10
1.237058653411970e-01,9.329470694341852e-10
1.239188575335890e-01,9.327013432112782e-10
1.241318497259810e-01,9.324560856633345e-10
1.243448419183730e-01,9.322112950602077e-10
1.245578341107650e-01,9.319669696717522e-10
1.247708263031570e-01,9.317231077678219e-10
1.249838184955480e-01,9.314797076519603e-10
1.251968106879400e-01,9.312367677624100e-10
1.254098028803320e-01,9.309942865710811e-10
1.256227950727240e-01,9.307522625498818e-10
1.258357872651160e-01,9.305106941707209e-10
1.260487794575080e-01,9.302695799055064e-10
1.262617716499000e-01,9.300289182261471e-10
1.264747638422920e-01,9.297887076045513e-10
1.266877560346830e-01,9.295489465126289e-10
1.269007482270750e-01,9.293096334222858e-10
1.271137404194670e-01,9.290707667481381e-10
1.273267326118590e-01,9.288323446757798e-10
1.275397248042510e-01,9.285943653335896e-10
1.277527169966430e-01,9.283568268499457e-10
1.279657091890350e-01,9.281197273532265e-10
1.281787013814270e-01,9.278830649718101e-10
1.283916935738180e-01,9.276468378340762e-10
1.286046857662100e-01,9.274110440684010e-10
1.288176779586020e-01,9.271756818031638e-10
1.290306701509940e-01,9.269407491667428e-10
1.292436623433860e-01,9.267062445649533e-10
1.294566545357780e-01,9.264721675138232e-10
1.296696467281700e-01,9.262385178070511e-10
1.298826389205610e-01,9.260052952383359e-10
1.300956311129530e-01,9.257724996013740e-10
1.303086233053450e-01,9.255401306898645e-10
1.305216154977370e-01,9.253081882975059e-10
1.307346076901290e-01,9.250766722179962e-10
1.309475998825210e-01,9.248455822450338e-10
1.311605920749130e-01,9.246149181723167e-10
1.313735842673050e-01,9.243846788174737e-10
1.315865764596960e-01,9.241548590934198e-10
1.317995686520880e-01,9.239254529367794e-10
1.320125608444800e-01,9.236964542841798e-10
1.322255530368720e-01,9.234678570722475e-10
1.324385452292640e-01,9.232396552376089e-10
1.326515374216560e-01,9.230118427168905e-10
1.328645296140480e-01,9.227844134467187e-10
1.330775218064400e-01,9.225573613637198e-10
1.332905139988310e-01,9.223306804045215e-10
1.335035061912230e-01,9.221043682054526e-10
1.337164983836150e-01,9.218784371987454e-10
1.339294905760070e-01,9.216529035148774e-10
1.341424827683990e-01,9.214277832843258e-10
1.343554749607910e-01,9.212030926375681e-10
1.345684671531830e-01,9.209788477050813e-10
1.347814593455740e-01,9.207550646173438e-10
1.349944515379660e-01,9.205317595048312e-10
1.352074437303580e-01,9.203089484980214e-10
1.354204359227500e-01,9.200866477273919e-10
1.356334281151420e-01,9.198648595646624e-10
1.358464203075340e-01,9.196435313743621e-10
1.360594124999260e-01,9.194225967761782e-10
1.362724046923180e-01,9.192019893897988e-10
1.364853968847090e-01,9.189816428349120e-10
1.366983890771010e-01,9.187614907312034e-10
1.369113812694930e-01,9.185414666983617e-10
1.371243734618850e-01,9.183215043560745e-10
1.373373656542770e-01,9.181015373240292e-10
1.375503578466690e-01,9.178814992219134e-10
1.377633500390610e-01,9.176613750119852e-10
1.379763422314520e-01,9.174413551487556e-10
1.381893344238440e-01,9.172216814903070e-10
1.384023266162360e-01,9.170025958947245e-10
1.386153188086280e-01,9.167843402200922e-10
1.388283110010200e-01,9.165671563244943e-10
1.390413031934120e-01,9.163512860660149e-10
1.392542953858040e-01,9.161369713027385e-10
1.394672875781960e-01,9.159244538927488e-10
1.396802797705870e-01,9.157139756941313e-10
1.398932719629790e-01,9.155056744817444e-10
1.401062641553710e-01,9.152992715789117e-10
1.403192563477630e-01,9.150943841664020e-10
1.405322485401550e-01,9.148906294249841e-10
1.407452407325470e-01,9.146876245354271e-10
1.409582329249390e-01,9.144849866784994e-10
1.411712251173300e-01,9.142823330349711e-10
1.413842173097220e-01,9.140792807856089e-10
1.415972095021140e-01,9.138754471111827e-10
1.418102016945060e-01,9.136704491924614e-10
1.420231938868980e-01,9.134640079858118e-10
1.422361860792900e-01,9.132562595400871e-10
1.424491782716820e-01,9.130474436747845e-10
1.426621704640740e-01,9.128378002094021e-10
1.428751626564650e-01,9.126275689634380e-10
1.430881548488570e-01,9.124169897563879e-10
1.433011470412490e-01,9.122063024077507e-10
1.435141392336410e-01,9.119957467370235e-10
1.437271314260330e-01,9.117855625637041e-10
1.439401236184250e-01,9.115759897072901e-10
1.441531158108170e-01,9.113672170552022e-10
1.443661080032090e-01,9.111592298343149e-10
1.445791001956000e-01,9.109519623733023e-10
1.447920923879920e-01,9.107453490008359e-10
1.450050845803840e-01,9.105393240455896e-10
1.452180767727760e-01,9.103338218362365e-10
1.454310689651680e-01,9.101287767014500e-10
1.456440611575600e-01,9.099241229699031e-10
1.458570533499520e-01,9.097197949702691e-10
1.460700455423430e-01,9.095157270312220e-10
1.462830377347350e-01,9.093118671674570e-10
1.464960299271270e-01,9.091082181026626e-10
1.467090221195190e-01,9.089047962290035e-10
1.469220143119110e-01,9.087016179386442e-10
1.471350065043030e-01,9.084986996237490e-10
1.473479986966950e-01,9.082960576764825e-10
1.475609908890870e-01,9.080937084890095e-10
1.477739830814780e-01,9.078916684534954e-10
1.479869752738700e-01,9.076899539621027e-10
1.481999674662620e-01,9.074885814069969e-10
1.484129596586540e-01,9.072875635102864e-10
1.486259518510460e-01,9.070868983071250e-10
1.488389440434380e-01,9.068865801592453e-10
1.490519362358300e-01,9.066866034283801e-10
1.492649284282220e-01,9.064869624762618e-10
1.494779206206130e-01,9.062876516646240e-10
1.496909128130050e-01,9.060886653551974e-10
1.499039050053970e-01,9.058899979097158e-10
1.501168971977890e-01,9.056916436899113e-10
1.503298893901810e-01,9.054935970575169e-10
1.505428815825730e-01,9.052958533716202e-10
1.507558737749650e-01,9.050984119813259e-10
1.509688659673560e-01,9.049012732333927e-10
1.511818581597480e-01,9.047044374745766e-10
1.513948503521400e-01,9.045079050516364e-10
1.516078425445320e-01,9.043116763113300e-10
1.518208347369240e-01,9.041157516004153e-10
1.520338269293160e-01,9.039201312656502e-10
1.522468191217080e-01,9.037248156537923e-10
1.524598113141000e-01,9.035298051115998e-10
1.526728035064910e-01,9.033350997264017e-10
1.528857956988830e-01,9.031406985479711e-10
1.530987878912750e-01,9.029466003667369e-10
1.533117800836670e-01,9.027528039731267e-10
1.535247722760590e-01,9.025593081575686e-10
1.537377644684510e-01,9.023661117104906e-10
1.539507566608430e-01,9.021732134223204e-10
1.541637488532340e-01,9.019806120834871e-10
1.543767410456260e-01,9.017883064844165e-10
1.545897332380180e-01,9.015962954155377e-10
1.548027254304100e-01,9.014045777446358e-10
1.550157176228020e-01,9.012131526487806e-10
1.552287098151940e-01,9.010220193823271e-10
1.554417020075860e-01,9.008311771996305e-10
1.556546941999780e-01,9.006406253550450e-10
1.558676863923690e-01,9.004503631029270e-10
1.560806785847610e-01,9.002603896976293e-10
1.562936707771530e-01,9.000707043935077e-10
1.565066629695450e-01,8.998813064449173e-10
1.567196551619370e-01,8.996921951062126e-10
1.569326473543290e-01,8.995033696184300e-10
1.571456395467210e-01,8.993148291692983e-10
1.573586317391130e-01,8.991265729332101e-10
1.575716239315040e-01,8.989386000845594e-10
1.577846161238960e-01,8.987509097977375e-10
1.579976083162880e-01,8.985635012471385e-10
1.582106005086800e-01,8.983763736071551e-10
1.584235927010720e-01,8.981895260521805e-10
1.586365848934640e-01,8.980029577566078e-10
1.588495770858560e-01,8.978166678948296e-10
1.590625692782470e-01,8.976306556518033e-10
1.592755614706390e-01,8.974449202547475e-10
1.594885536630310e-01,8.972594609414540e-10
1.597015458554230e-01,8.970742769497131e-10
1.599145380478150e-01,8.968893675173155e-10
1.601275302402070e-01,8.967047318820517e-10
1.603405224325990e-01,8.965203692817124e-10
1.605535146249910e-01,8.963362789540879e-10
1.607665068173820e-01,8.961524601369700e-10
1.609794990097740e-01,8.959689120681472e-10
1.611924912021660e-01,8.957856339891826e-10
1.614054833945580e-01,8.956026251567251e-10
1.616184755869500e-01,8.954198848311948e-10
1.618314677793420e-01,8.952374122730120e-10
1.620444599717340e-01,8.950552067425974e-10
1.622574521641260e-01,8.948732675003713e-10
1.624704443565170e-01,8.946915938067545e-10
1.626834365489090e-01,8.945101849221662e-10
1.628964287413010e-01,8.943290401070274e-10
1.631094209336930e-01,8.941481586217584e-10
1.633224131260850e-01,8.939675397320482e-10
1.635354053184770e-01,8.937871827246536e-10
1.637483975108690e-01,8.936070868915966e-10
1.639613897032600e-01,8.934272515249006e-10
1.641743818956520e-01,8.932476759165858e-10
1.643873740880440e-01,8.930683593586753e-10
1.646003662804360e-01,8.928893011431914e-10
1.648133584728280e-01,8.927105005621563e-10
1.650263506652200e-01,8.925319569075922e-10
1.652393428576120e-01,8.923536694715212e-10
1.654523350500040e-01,8.921756375505209e-10
1.656653272423950e-01,8.919978604593789e-10
1.658783194347870e-01,8.918203375174306e-10
1.660913116271790e-01,8.916430680440135e-10
1.663043038195710e-01,8.914660513584645e-10
1.665172960119630e-01,8.912892867801202e-10
1.667302882043550e-01,8.911127736283174e-10
1.669432803967470e-01,8.909365112223931e-10
1.671562725891380e-01,8.907604988816847e-10
1.673692647815300e-01,8.905847359255275e-10
1.675822569739220e-01,8.904092216776674e-10
1.677952491663140e-01,8.902339554794928e-10
1.680082413587060e-01,8.900589366768047e-10
1.682212335510980e-01,8.898841646154045e-10
1.684342257434900e-01,8.897096386410931e-10
1.686472179358820e-01,8.895353580996717e-10
1.688602101282730e-01,8.893613223369421e-10
1.690732023206650e-01,8.891875306987039e-10
1.692861945130570e-01,8.890139825307590e-10
1.694991867054490e-01,8.888406771789088e-10
1.697121788978410e-01,8.886676139931183e-10
1.699251710902330e-01,8.884947923400141e-10
1.701381632826250e-01,8.883222115903875e-10
1.703511554750170e-01,8.881498711150310e-10
1.705641476674080e-01,8.879777702847369e-10
1.707771398598000e-01,8.878059084702958e-10
1.709901320521920e-01,8.876342850425004e-10
1.712031242445840e-01,8.874628993721425e-10
1.714161164369760e-01,8.872917508300141e-10
1.716291086293680e-01,8.871208387869072e-10
1.718421008217600e-01,8.869501626175789e-10
1.720550930141510e-01,8.867797217126457e-10
1.722680852065430e-01,8.866095154666862e-10
1.724810773989350e-01,8.864395432742808e-10
1.726940695913270e-01,8.862698045300101e-10
1.729070617837190e-01,8.861002986284536e-10
1.731200539761110e-01,8.859310249641916e-10
1.733330461685030e-01,8.857619829318041e-10
1.735460383608950e-01,8.855931719258710e-10
1.737590305532860e-01,8.854245913409731e-10
1.739720227456780e-01,8.852562405754593e-10
1.741850149380700e-01,8.850881190427569e-10
1.743980071304620e-01,8.849202261600591e-10
1.746109993228540e-01,8.847525613445598e-10
1.748239915152460e-01,8.845851240134523e-10
1.750369837076380e-01,8.844179135839302e-10
1.752499759000290e-01,8.842509294731879e-10
1.754629680924210e-01,8.840841710984174e-10
1.756759602848130e-01,8.839176378768129e-10
1.758889524772050e-01,8.837513292255679e-10
1.761019446695970e-01,8.835852445654593e-10
1.763149368619890e-01,8.834193833316062e-10
1.765279290543810e-01,8.832537449627154e-10
1.767409212467730e-01,8.830883288974941e-10
1.769539134391640e-01,8.829231345746502e-10
1.771669056315560e-01,8.827581614328889e-10
1.773798978239480e-01,8.825934089109183e-10
1.775928900163400e-01,8.824288764474453e-10
1.778058822087320e-01,8.822645634811772e-10
1.780188744011240e-01,8.821004694508205e-10
1.782318665935160e-01,8.819365937984961e-10
1.784448587859070e-01,8.817729359799826e-10
1.786578509782990e-01,8.816094954544726e-10
1.788708431706910e-01,8.814462716811610e-10
1.790838353630830e-01,8.812832641192415e-10
1.792968275554750e-01,8.811204722279083e-10
1.795098197478670e-01,8.809578954663553e-10
1.797228119402590e-01,8.807955332937765e-10
1.799358041326510e-01,8.806333851693659e-10
1.801487963250420e-01,8.804714505523183e-10
1.803617885174340e-01,8.803097289050717e-10
1.805747807098260e-01,8.801482197030495e-10
1.807877729022180e-01,8.799869224249206e-10
1.810007650946100e-01,8.798258365493537e-10
1.812137572870020e-01,8.796649615550173e-10
1.814267494793940e-01,8.795042969205801e-10
1.816397416717860e-01,8.793438421247108e-10
1.818527338641770e-01,8.791835966460790e-10
1.820657260565690e-01,8.790235599633517e-10
1.822787182489610e-01,8.788637315551985e-10
1.824917104413530e-01,8.787041109034066e-10
1.827047026337450e-01,8.785446975022356e-10
1.829176948261370e-01,8.783854908490614e-10
1.831306870185290e-01,8.782264904412605e-10
1.833436792109200e-01,8.780676957762100e-10
1.835566714033120e-01,8.779091063512848e-10
1.837696635957040e-01,8.777507216638618e-10
1.839826557880960e-01,8.775925412113176e-10
1.841956479804880e-01,8.774345644910284e-10
1.844086401728800e-01,8.772767910003705e-10
1.846216323652720e-01,8.771192202396019e-10
1.848346245576640e-01,8.769618517204999e-10
1.850476167500550e-01,8.768046849577211e-10
1.852606089424470e-01,8.766477194659198e-10
1.854736011348390e-01,8.764909547597525e-10
1.856865933272310e-01,8.763343903538748e-10
1.858995855196230e-01,8.761780257629427e-10
1.861125777120150e-01,8.760218605016117e-10
1.863255699044070e-01,8.758658940845377e-10
1.865385620967990e-01,8.757101260263764e-10
1.867515542891900e-01,8.755545558448546e-10
1.869645464815820e-01,8.753991830699853e-10
1.871775386739740e-01,8.752440072348568e-10
1.873905308663660e-01,8.750890278725570e-10
1.876035230587580e-01,8.749342445161738e-10
1.878165152511500e-01,8.747796566987951e-10
1.880295074435420e-01,8.746252639535085e-10
1.882424996359330e-01,8.744710658134030e-10
1.884554918283250e-01,8.743170618115646e-10
1.886684840207170e-01,8.741632514810820e-10
1.888814762131090e-01,8.740096343570191e-10
1.890944684055010e-01,8.738562099823450e-10
1.893074605978930e-01,8.737029779020061e-10
1.895204527902850e-01,8.735499376609484e-10
1.897334449826770e-01,8.733970888041180e-10
1.899464371750680e-01,8.732444308764619e-10
1.901594293674600e-01,8.730919634229247e-10
1.903724215598520e-01,8.729396859884534e-10
1.905854137522440e-01,8.727875981179939e-10
1.907984059446360e-01,8.726356993564926e-10
1.910113981370280e-01,8.724839892533364e-10
1.912243903294200e-01,8.723324673756733e-10
1.914373825218110e-01,8.721811332950922e-10
1.916503747142030e-01,8.720299865831802e-10
1.918633669065950e-01,8.718790268115258e-10
1.920763590989870e-01,8.717282535517175e-10
1.922893512913790e-01,8.715776663753433e-10
1.925023434837710e-01,8.714272648539915e-10
1.927153356761630e-01,8.712770485592503e-10
1.929283278685550e-01,8.711270170627078e-10
1.931413200609460e-01,8.709771699328304e-10
1.933543122533380e-01,8.708275067255968e-10
1.935673044457300e-01,8.706780269938675e-10
1.937802966381220e-01,8.705287302905024e-10
1.939932888305140e-01,8.703796161683618e-10
1.942062810229060e-01,8.702306841803051e-10
1.944192732152980e-01,8.700819338791926e-10
1.946322654076900e-01,8.699333648178842e-10
1.948452576000810e-01,8.697849765492403e-10
1.950582497924730e-01,8.696367686261198e-10
1.952712419848650e-01,8.694887406244997e-10
1.954842341772570e-01,8.693408922127585e-10
1.956972263696490e-01,8.691932230823589e-10
1.959102185620410e-01,8.690457329247638e-10
1.961232107544330e-01,8.688984214314358e-10
1.963362029468240e-01,8.687512882938382e-10
1.965491951392160e-01,8.686043332034325e-10
1.967621873316080e-01,8.684575558516822e-10
1.969751795240000e-01,8.683109559300497e-10
1.971881717163920e-01,8.681645331299979e-10
1.974011639087840e-01,8.680182870791870e-10
1.976141561011760e-01,8.678722171499656e-10
1.978271482935680e-01,8.677263226508291e-10
1.980401404859590e-01,8.675806028902735e-10
1.982531326783510e-01,8.674350571767925e-10
1.984661248707430e-01,8.672896848188823e-10
1.986791170631350e-01,8.671444851250381e-10
1.988921092555270e-01,8.669994574037552e-10
1.991051014479190e-01,8.668546009635288e-10
1.993180936403110e-01,8.667099151128544e-10
1.995310858327020e-01,8.665653992732546e-10
1.997440780250940e-01,8.664210533183990e-10
1.999570702174860e-01,8.662768772350061e-10
2.001700624098780e-01,8.661328710097935e-10
2.003830546022700e-01,8.659890346294792e-10
2.005960467946620e-01,8.658453680807809e-10
2.008090389870540e-01,8.657018713504168e-10
2.010220311794460e-01,8.655585444251043e-10
2.012350233718370e-01,8.654153872915621e-10
2.014480155642290e-01,8.652723999365067e-10
2.016610077566210e-01,8.651295822837895e-10
2.018739999490130e-01,8.649869340058466e-10
2.020869921414050e-01,8.648444547122748e-10
2.022999843337970e-01,8.647021440126709e-10
2.025129765261890e-01,8.645600015166316e-10
2.027259687185810e-01,8.644180268337533e-10
2.029389609109720e-01,8.642762195736337e-10
2.031519531033640e-01,8.641345793458681e-10
2.033649452957560e-01,8.639931057600538e-10
2.035779374881480e-01,8.638517984257874e-10
2.037909296805400e-01,8.637106569095817e-10
2.040039218729320e-01,8.635696806057043e-10
2.042169140653240e-01,8.634288688653846e-10
2.044299062577150e-01,8.632882210398519e-10
2.046428984501070e-01,8.631477364803343e-10
2.048558906424990e-01,8.630074145380616e-10
2.050688828348910e-01,8.628672545642628e-10
2.052818750272830e-01,8.627272559101671e-10
2.054948672196750e-01,8.625874179270037e-10
2.057078594120670e-01,8.624477399660017e-10
2.059208516044590e-01,8.623082214630411e-10
2.061338437968500e-01,8.621688621928004e-10
2.063468359892420e-01,8.620296620147041e-10
2.065598281816340e-01,8.618906207881783e-10
2.067728203740260e-01,8.617517383726489e-10
2.069858125664180e-01,8.616130146275413e-10
2.071988047588100e-01,8.614744494122814e-10
2.074117969512020e-01,8.613360425862948e-10
2.076247891435940e-01,8.611977940090072e-10
2.078377813359850e-01,8.610597035398448e-10
2.080507735283770e-01,8.609217709966412e-10
2.082637657207690e-01,8.607839960308251e-10
2.084767579131610e-01,8.606463782522120e-10
2.086897501055530e-01,8.605089172706173e-10
2.089027422979450e-01,8.603716126958563e-10
2.091157344903370e-01,8.602344641377444e-10
2.093287266827280e-01,8.600974712060978e-10
2.095417188751200e-01,8.599606335107306e-10
2.097547110675120e-01,8.598239506614588e-10
2.099677032599040e-01,8.596874222680975e-10
2.101806954522960e-01,8.595510479538282e-10
2.103936876446880e-01,8.594148273952912e-10
2.106066798370800e-01,8.592787602824913e-10
2.108196720294720e-01,8.591428463054337e-10
2.110326642218630e-01,8.590070851541239e-10
2.112456564142550e-01,8.588714765185653e-10
2.114586486066470e-01,8.587360200887635e-10
2.116716407990390e-01,8.586007155547238e-10
2.118846329914310e-01,8.584655626064508e-10
2.120976251838230e-01,8.583305609339492e-10
2.123106173762150e-01,8.581957102257694e-10
2.125236095686060e-01,8.580610101646436e-10
2.127366017609980e-01,8.579264604318485e-10
2.129495939533900e-01,8.577920607086627e-10
2.131625861457820e-01,8.576578106763640e-10
2.133755783381740e-01,8.575237100162304e-10
2.135885705305660e-01,8.573897584095397e-10
2.138015627229580e-01,8.572559555375700e-10
2.140145549153500e-01,8.571223010815991e-10
2.142275471077410e-01,8.569887947229054e-10
2.144405393001330e-01,8.568554361451987e-10
2.146535314925250e-01,8.567222250419156e-10
2.148665236849170e-01,8.565891611089220e-10
2.150795158773090e-01,8.564562440420836e-10
2.152925080697010e-01,8.563234735372660e-10
2.155055002620930e-01,8.561908492903352e-10
2.157184924544850e-01,8.560583709971569e-10
2.159314846468760e-01,8.559260383535976e-10
2.161444768392680e-01,8.557938510555217e-10
2.163574690316600e-01,8.556618087987957e-10
2.165704612240520e-01,8.555299112805927e-10
2.167834534164440e-01,8.553981582033168e-10
2.169964456088360e-01,8.552665492706807e-10
2.172094378012280e-01,8.551350841863971e-10
2.174224299936190e-01,8.550037626541791e-10
2.176354221860110e-01,8.548725843777384e-10
2.178484143784030e-01,8.547415490607882e-10
2.180614065707950e-01,8.546106564070411e-10
2.182743987631870e-01,8.544799061202096e-10
2.184873909555790e-01,8.543492979040067e-10
2.187003831479710e-01,8.542188314636793e-10
2.189133753403630e-01,8.540885065106133e-10
2.191263675327540e-01,8.539583227577303e-10
2.193393597251460e-01,8.538282799179497e-10
2.195523519175380e-01,8.536983777041931e-10
2.197653441099300e-01,8.535686158293811e-10
2.199783363023220e-01,8.534389940064347e-10
2.201913284947140e-01,8.533095119482744e-10
2.204043206871060e-01,8.531801693678212e-10
2.206173128794970e-01,8.530509659779967e-10
2.208303050718890e-01,8.529219014931074e-10
2.210432972642810e-01,8.527929756330096e-10
2.212562894566730e-01,8.526641881189460e-10
2.214692816490650e-01,8.525355386721588e-10
2.216822738414570e-01,8.524070270138905e-10
2.218952660338490e-01,8.522786528653835e-10
2.221082582262410e-01,8.521504159478802e-10
2.223212504186320e-01,8.520223159826239e-10
2.225342426110240e-01,8.518943526908553e-10
2.227472348034160e-01,8.517665257938178e-10
2.229602269958080e-01,8.516388350141276e-10
2.231732191882000e-01,8.515112800798933e-10
2.233862113805920e-01,8.513838607205962e-10
2.235992035729840e-01,8.512565766657175e-10
2.238121957653760e-01,8.511294276447383e-10
2.240251879577670e-01,8.510024133871406e-10
2.242381801501590e-01,8.508755336224041e-10
2.244511723425510e-01,8.507487880800110e-10
2.246641645349430e-01,8.506221764894421e-10
2.248771567273350e-01,8.504956985801789e-10
2.250901489197270e-01,8.503693540830155e-10
2.253031411121190e-01,8.502431427340023e-10
2.255161333045100e-01,8.501170642705048e-10
2.257291254969020e-01,8.499911184298869e-10
2.259421176892940e-01,8.498653049495141e-10
2.261551098816860e-01,8.497396235667513e-10
2.263681020740780e-01,8.496140740189636e-10
2.265810942664700e-01,8.494886560435159e-10
2.267940864588620e-01,8.493633693777733e-10
2.270070786512540e-01,8.492382137591007e-10
2.272200708436450e-01,8.491131889261127e-10
2.274330630360370e-01,8.489882946224199e-10
2.276460552284290e-01,8.488635305928848e-10
2.278590474208210e-01,8.487388965823687e-10
2.280720396132130e-01,8.486143923357336e-10
2.282850318056050e-01,8.484900175978409e-10
2.284980239979970e-01,8.483657721135523e-10
2.287110161903880e-01,8.482416556277300e-10
2.289240083827800e-01,8.481176678852345e-10
2.291370005751720e-01,8.479938086309280e-10
2.293499927675640e-01,8.478700776108980e-10
2.295629849599560e-01,8.477464745761355e-10
2.297759771523480e-01,8.476229992788570e-10
2.299889693447400e-01,8.474996514712791e-10
2.302019615371320e-01,8.473764309056187e-10
2.304149537295230e-01,8.472533373340927e-10
2.306279459219150e-01,8.471303705089169e-10
2.308409381143070e-01,8.470075301823084e-10
2.310539303066990e-01,8.468848161064841e-10
2.312669224990910e-01,8.467622280336604e-10
2.314799146914830e-01,8.466397657171584e-10
2.316929068838750e-01,8.465174289147159e-10
2.319058990762670e-01,8.463952173851739e-10
2.321188912686580e-01,8.462731308873745e-10
2.323318834610500e-01,8.461511691801579e-10
2.325448756534420e-01,8.460293320223657e-10
2.327578678458340e-01,8.459076191728396e-10
2.329708600382260e-01,8.457860303904206e-10
2.331838522306180e-01,8.456645654339500e-10
2.333968444230100e-01,8.455432240622694e-10
2.336098366154010e-01,8.454220060355671e-10
2.338228288077930e-01,8.453009111194127e-10
2.340358210001850e-01,8.451799390807224e-10
2.342488131925770e-01,8.450590896864123e-10
2.344618053849690e-01,8.449383627033979e-10
2.346747975773610e-01,8.448177578985949e-10
2.348877897697530e-01,8.446972750389193e-10
2.351007819621450e-01,8.445769138912865e-10
2.353137741545360e-01,8.444566742226130e-10
2.355267663469280e-01,8.443365557998135e-10
2.357397585393200e-01,8.442165583900485e-10
2.359527507317120e-01,8.440966817614572e-10
2.361657429241040e-01,8.439769256824234e-10
2.363787351164960e-01,8.438572899213301e-10
2.365917273088880e-01,8.437377742465616e-10
2.368047195012800e-01,8.436183784265012e-10
2.370177116936710e-01,8.434991022295333e-10
2.372307038860630e-01,8.433799454240404e-10
2.374436960784550e-01,8.432609077784068e-10
2.376566882708470e-01,8.431419890610158e-10
2.378696804632390e-01,8.430231890444134e-10
2.380826726556310e-01,8.429045075177958e-10
2.382956648480230e-01,8.427859442745226e-10
2.385086570404140e-01,8.426674991079538e-10
2.387216492328060e-01,8.425491718114483e-10
2.389346414251980e-01,8.424309621783659e-10
2.391476336175900e-01,8.423128700020662e-10
2.393606258099820e-01,8.421948950759092e-10
2.395736180023740e-01,8.420770371932541e-10
2.397866101947660e-01,8.419592961474607e-10
2.399996023871580e-01,8.418416717212445e-10
2.402125945795490e-01,8.417241636547505e-10
2.404255867719410e-01,8.416067716774812e-10
2.406385789643330e-01,8.414894955189406e-10
2.408515711567250e-01,8.413723349086321e-10
2.410645633491170e-01,8.412552895760591e-10
2.412775555415090e-01,8.411383592507254e-10
2.414905477339010e-01,8.410215436621341e-10
2.417035399262920e-01,8.409048425397894e-10
2.419165321186840e-01,8.407882556131937e-10
2.421295243110760e-01,8.406717826563049e-10
2.423425165034680e-01,8.405554236208145e-10
2.425555086958600e-01,8.404391785028285e-10
2.427685008882520e-01,8.403230472984525e-10
2.429814930806440e-01,8.402070300037917e-10
2.431944852730360e-01,8.400911266149520e-10
2.434074774654270e-01,8.399753371280394e-10
2.436204696578190e-01,8.398596615391582e-10
2.438334618502110e-01,8.397440998444148e-10
2.440464540426030e-01,8.396286520399144e-10
2.442594462349950e-01,8.395133179605836e-10
2.444724384273870e-01,8.393980967962143e-10
2.446854306197790e-01,8.392829875752106e-10
2.448984228121710e-01,8.391679893259763e-10
2.451114150045620e-01,8.390531010769158e-10
2.453244071969540e-01,8.389383218564323e-10
2.455373993893460e-01,8.388236506929301e-10
2.457503915817380e-01,8.387090866148130e-10
2.459633837741300e-01,8.385946286504853e-10
2.461763759665220e-01,8.384802758283506e-10
2.463893681589140e-01,8.383660277829266e-10
2.466023603513050e-01,8.382518865740048e-10
2.468153525436970e-01,8.381378548678994e-10
2.470283447360890e-01,8.380239353309258e-10
2.472413369284810e-01,8.379101306293994e-10
2.474543291208730e-01,8.377964434296351e-10
2.476673213132650e-01,8.376828763979480e-10
2.478803135056570e-01,8.375694322006533e-10
2.480933056980490e-01,8.374561135040662e-10
2.483062978904400e-01,8.373429229745021e-10
2.485192900828320e-01,8.372298610197631e-10
2.487322822752240e-01,8.371169190133359e-10
2.489452744676160e-01,8.370040860700607e-10
2.491582666600080e-01,8.368913513047773e-10
2.493712588524000e-01,8.367787038323259e-10
2.495842510447920e-01,8.366661327675464e-10
2.497972432371830e-01,8.365536272252793e-10
2.500102354295750e-01,8.364411763203635e-10
2.502232276219670e-01,8.363287691676396e-10
2.504362198143590e-01,8.362163948819478e-10
2.506492120067510e-01,8.361040510137047e-10
2.508622041991430e-01,8.359917688462187e-10
2.510751963915350e-01,8.358795880936681e-10
2.512881885839270e-01,8.357675484702309e-10
2.515011807763180e-01,8.356556896900859e-10
2.517141729687100e-01,8.355440514674101e-10
2.519271651611020e-01,8.354326735163822e-10
2.521401573534940e-01,8.353215955511802e-10
2.523531495458860e-01,8.352108572859821e-10
2.525661417382780e-01,8.351004984349665e-10
2.527791339306700e-01,8.349905272261317e-10
2.529921261230620e-01,8.348808260167783e-10
2.532051183154530e-01,8.347712457150262e-10
2.534181105078450e-01,8.346616372289942e-10
2.536311027002370e-01,8.345518514668023e-10
2.538440948926290e-01,8.344417393365704e-10
2.540570870850210e-01,8.343311517464179e-10
2.542700792774130e-01,8.342199396044645e-10
2.544830714698050e-01,8.341079538188299e-10
2.546960636621960e-01,8.339950452976344e-10
2.549090558545880e-01,8.338811823354785e-10
2.551220480469800e-01,8.337668030132778e-10
2.553350402393720e-01,8.336524629186519e-10
2.555480324317640e-01,8.335387176392207e-10
2.557610246241560e-01,8.334261227626040e-10
2.559740168165480e-01,8.333152338764215e-10
2.561870090089400e-01,8.332066065682930e-10
2.564000012013310e-01,8.331007964258389e-10
2.566129933937230e-01,8.329983590366776e-10
2.568259855861150e-01,8.328998499884299e-10
2.570389777785070e-01,8.328053866374894e-10
2.572519699708990e-01,8.327133330594330e-10
2.574649621632910e-01,8.326216149206361e-10
2.576779543556830e-01,8.325281578874741e-10
2.578909465480740e-01,8.324308876263231e-10
2.581039387404660e-01,8.323277298035572e-10
2.583169309328580e-01,8.322166100855526e-10
2.585299231252500e-01,8.320954541386850e-10
2.587429153176420e-01,8.319621876293294e-10
2.589559075100340e-01,8.318147362238614e-10
2.591688997024260e-01,8.316526616009611e-10
2.593818918948180e-01,8.314820687963404e-10
2.595948840872090e-01,8.313106985119416e-10
2.598078762796010e-01,8.311462914497047e-10
2.600208684719930e-01,8.309965883115722e-10
2.602338606643850e-01,8.308693297994854e-10
2.604468528567770e-01,8.307722566153863e-10
2.606598450491690e-01,8.307131094612161e-10
2.608728372415610e-01,8.306996290389166e-10
2.610858294339530e-01,8.307395560504295e-10
2.612988216263440e-01,8.308345239431849e-10
2.615118138187360e-01,8.309617472722040e-10
2.617248060111280e-01,8.310923383997633e-10
2.619377982035200e-01,8.311974096881389e-10
2.621507903959120e-01,8.312480734996073e-10
2.623637825883040e-01,8.312154421964450e-10
2.625767747806960e-01,8.310706281409284e-10
2.627897669730870e-01,8.307847436953358e-10
2.630027591654790e-01,8.303289012219408e-10
2.632157513578710e-01,8.296742130830211e-10
2.634287435502630e-01,8.288145599124550e-10
2.636417357426550e-01,8.278349578484085e-10
2.638547279350470e-01,8.268432225202803e-10
2.640677201274390e-01,8.259471695574706e-10
2.642807123198310e-01,8.252546145893790e-10
2.644937045122220e-01,8.248733732454062e-10
2.647066967046140e-01,8.249112611549479e-10
2.649196888970060e-01,8.254760939474065e-10
2.651326810893980e-01,8.266756872521816e-10
2.653456732817900e-01,8.286178566986725e-10
2.655586654741820e-01,8.313254179176694e-10
2.657716576665740e-01,8.344810585703906e-10
2.659846498589660e-01,8.376824023198406e-10
2.661976420513570e-01,8.405270728290110e-10
2.664106342437490e-01,8.426126937609354e-10
2.666236264361410e-01,8.435368887786025e-10
2.668366186285330e-01,8.428972815450168e-10
2.670496108209250e-01,8.402914957231820e-10
2.672626030133170e-01,8.353171549761022e-10
2.674755952057090e-01,8.275718829667815e-10
2.676885873981000e-01,8.168314949161999e-10
2.679015795904920e-01,8.035846204099266e-10
2.681145717828840e-01,7.884981046589562e-10
2.683275639752760e-01,7.722387928742448e-10
2.685405561676680e-01,7.554735302667469e-10
2.687535483600600e-01,7.388691620474036e-10
2.689665405524520e-01,7.230925334271692e-10
2.691795327448440e-01,7.088104896169998e-10
2.693925249372350e-01,6.966898758278978e-10
2.696055171296270e-01,6.873975372706926e-10
2.698185093220190e-01,6.814149066978753e-10
2.700315015144110e-01,6.784819459449241e-10
2.702444937068030e-01,6.781532938365794e-10
2.704574858991950e-01,6.799835891975821e-10
2.706704780915870e-01,6.835274708526729e-10
2.708834702839780e-01,6.883395776265681e-10
2.710964624763700e-01,6.939745483440524e-10
2.713094546687620e-01,6.999870218298505e-10
2.715224468611540e-01,7.059316369087016e-10
2.717354390535460e-01,7.113630324053475e-10
2.719484312459380e-01,7.159299330590746e-10
2.721614234383300e-01,7.196572003089067e-10
2.723744156307220e-01,7.226636780576289e-10
2.725874078231130e-01,7.250682102080183e-10
2.728004000155050e-01,7.269896406628830e-10
2.730133922078970e-01,7.285468133249983e-10
2.732263844002890e-01,7.298585720971505e-10
2.734393765926810e-01,7.310437608821264e-10
2.736523687850730e-01,7.322212235827127e-10
2.738653609774650e-01,7.335098041016967e-10
2.740783531698570e-01,7.350032321739970e-10
2.742913453622480e-01,7.366947256335415e-10
2.745043375546400e-01,7.385523605240699e-10
2.747173297470320e-01,7.405442128892974e-10
2.749303219394240e-01,7.426383587729466e-10
2.751433141318160e-01,7.448028742187399e-10
2.753563063242080e-01,7.470058352704011e-10
2.755692985166000e-01,7.492153179716526e-10
2.757822907089910e-01,7.513993983662071e-10
2.759952829013830e-01,7.535261524978072e-10
2.762082750937750e-01,7.555701764783923e-10
2.764212672861670e-01,7.575321529745933e-10
2.766342594785590e-01,7.594192878625380e-10
2.768472516709510e-01,7.612387870183535e-10
2.770602438633430e-01,7.629978563181685e-10
2.772732360557350e-01,7.647037016381094e-10
2.774862282481260e-01,7.663635288542964e-10
2.776992204405180e-01,7.679845438428723e-10
2.779122126329100e-01,7.695739524799572e-10
2.781252048253020e-01,7.711389606416783e-10
2.783381970176940e-01,7.726858597449853e-10
2.785511892100860e-01,7.742172836187104e-10
