7.791356504680618e-06,3.517254234850368e-09
8.610780621332552e-06,3.478276966432134e-09
9.516384324626089e-06,3.439633259086115e-09
1.051723120080771e-05,3.401320509778665e-09
1.162333806181051e-05,3.363336951622587e-09
1.284577519687474e-05,3.325681331307107e-09
1.419677716772344e-05,3.288351130466919e-09
1.568986525616830e-05,3.251344460450790e-09
1.733998278964274e-05,3.214659707444074e-09
1.916364469904539e-05,3.178294907170706e-09
2.117910280571951e-05,3.142247960924876e-09
2.340652849181556e-05,3.106517166511572e-09
2.586821458226360e-05,3.071100469823699e-09
2.858879845885812e-05,3.035996018352857e-09
3.159550863945590e-05,3.001201782186168e-09
3.491843729013453e-05,2.966715986311322e-09
3.859084139770492e-05,2.932536769118166e-09
4.264947561681323e-05,2.898661858414218e-09
4.713496012287843e-05,2.865090036053745e-09
5.209218715246060e-05,2.831818915041727e-09
5.757077029985334e-05,2.798846578062099e-09
6.362554106661115e-05,2.766171715031672e-09
7.031709763364645e-05,2.733791905903444e-09
7.771241134819200e-05,2.701705331526888e-09
8.588549699555374e-05,2.669910653074364e-09
9.491815356395940e-05,2.638405534179726e-09
1.049007829163263e-04,2.607188163070092e-09
1.159332945624905e-04,2.576256914764032e-09
1.281261055871622e-04,2.545609958851410e-09
1.416012457412214e-04,2.515245276083802e-09
1.564935787564811e-04,2.485161284536139e-09
1.729521521072439e-04,2.455356067772570e-09
1.911416887275217e-04,2.425827877055322e-09
2.112442356135248e-04,2.396574832627293e-09
2.334609858111876e-04,2.367595254213580e-09
2.580142920237960e-04,2.338887364881500e-09
2.851498919925769e-04,2.310449187391108e-09
3.151393679226079e-04,2.282279411858790e-09
3.482828645688079e-04,2.254375901827487e-09
3.849120931855259e-04,2.226736882063520e-09
4.253936514042669e-04,2.199361065089682e-09
4.701326922660057e-04,2.172246257411761e-09
5.195769791289974e-04,2.145390810584660e-09
5.742213670349657e-04,2.118793395976972e-09
6.346127553846864e-04,2.092451940028384e-09
7.013555614910102e-04,2.066364663878431e-09
7.751177697904812e-04,2.040530173648720e-09
8.566376172560946e-04,2.014946859219215e-09
9.467309819210534e-04,1.989612675232935e-09
1.046299548460350e-03,1.964526069748029e-09
1.156339832554060e-03,1.939685496432779e-09
1.277953154351212e-03,1.914973696038547e-09
1.405748469786333e-03,1.891644873258872e-09
1.533543785221454e-03,1.870644656966034e-09
1.661339100656575e-03,1.851590918807652e-09
1.789134416091696e-03,1.834101530431352e-09
1.916929731526817e-03,1.817845916906159e-09
2.000000000000000e-03,1.807878856833722e-09
2.044725046961939e-03,1.802699410810803e-09
2.172520362397060e-03,1.788572656642285e-09
2.300315677832181e-03,1.775352218092204e-09
2.428110993267302e-03,1.762922709955016e-09
2.555906308702423e-03,1.751179424363504e-09
2.683701624137544e-03,1.740060362810517e-09
2.811496939572665e-03,1.729514204130607e-09
2.939292255007787e-03,1.719489627158326e-09
3.067087570442908e-03,1.709935310728226e-09
3.194882885878029e-03,1.700803978737199e-09
3.322678201313150e-03,1.692064535494653e-09
3.450473516748271e-03,1.683689930453919e-09
3.578268832183392e-03,1.675653113068324e-09
3.706064147618514e-03,1.667927032791198e-09
3.833859463053635e-03,1.660486490336503e-09
3.961654778488756e-03,1.653313691435068e-09
4.089450093923877e-03,1.646392693065522e-09
4.217245409358998e-03,1.639707552206497e-09
4.345040724794119e-03,1.633242325836623e-09
4.472836040229241e-03,1.626982040510510e-09
4.600631355664362e-03,1.620915601111736e-09
4.728426671099482e-03,1.615032882112389e-09
4.856221986534604e-03,1.609323757984555e-09
4.984017301969726e-03,1.603778103200319e-09
5.111812617404846e-03,1.598386342918144e-09
5.239607932839968e-03,1.593141105026380e-09
5.367403248275089e-03,1.588035568091946e-09
5.495198563710209e-03,1.583062910681759e-09
5.622993879145331e-03,1.578216311362739e-09
5.750789194580453e-03,1.573489285410862e-09
5.878584510015573e-03,1.568876694942156e-09
6.006379825450694e-03,1.564373738783620e-09
6.134175140885816e-03,1.559975615762252e-09
6.261970456320937e-03,1.555677524705048e-09
6.389765771756058e-03,1.551474881130761e-09
6.517561087191179e-03,1.547363967315873e-09
6.645356402626300e-03,1.543341282223979e-09
6.773151718061422e-03,1.539403324818673e-09
6.900947033496543e-03,1.535546594063549e-09
7.028742348931663e-03,1.531767734096344e-09
7.156537664366785e-03,1.528063969750900e-09
7.284332979801906e-03,1.524432671034972e-09
7.412128295237027e-03,1.520871207956318e-09
7.539923610672148e-03,1.517376950522692e-09
7.667718926107269e-03,1.513947369273919e-09
7.795514241542391e-03,1.510580336881773e-09
7.923309556977513e-03,1.507273826551933e-09
8.051104872412632e-03,1.504025811490079e-09
8.178900187847754e-03,1.500834264901892e-09
8.306695503282877e-03,1.497697233824662e-09
8.434490818717996e-03,1.494613060620828e-09
8.562286134153118e-03,1.491580161483787e-09
8.690081449588239e-03,1.488596952606938e-09
8.817876765023359e-03,1.485661850183680e-09
8.945672080458482e-03,1.482773323290815e-09
9.073467395893601e-03,1.479930052539937e-09
9.201262711328723e-03,1.477130771426627e-09
9.329058026763846e-03,1.474374213446465e-09
9.456853342198965e-03,1.471659112095035e-09
9.584648657634087e-03,1.468984235264019e-09
9.712443973069206e-03,1.466348488428409e-09
9.840239288504329e-03,1.463750811458745e-09
9.968034603939451e-03,1.461190144225568e-09
1.009582991937457e-02,1.458665426599419e-09
1.022362523480969e-02,1.456175645313521e-09
1.035142055024482e-02,1.453719974552182e-09
1.047921586567993e-02,1.451297635362571e-09
1.060701118111506e-02,1.448907848791854e-09
1.073480649655018e-02,1.446549835887202e-09
1.086260181198530e-02,1.444222817695781e-09
1.099039712742042e-02,1.441926015264760e-09
1.111819244285554e-02,1.439658649641307e-09
1.124598775829066e-02,1.437419941872589e-09
1.137378307372578e-02,1.435209113005775e-09
1.150157838916090e-02,1.433025424237418e-09
1.162937370459603e-02,1.430868297350017e-09
1.175716902003114e-02,1.428737194269665e-09
1.188496433546627e-02,1.426631576922451e-09
1.201275965090139e-02,1.424550907234469e-09
1.214055496633651e-02,1.422494647131808e-09
1.226835028177163e-02,1.420462258540561e-09
1.239614559720675e-02,1.418453203386817e-09
1.252394091264187e-02,1.416466943596669e-09
1.265173622807700e-02,1.414502941096208e-09
1.277953154351211e-02,1.412560681325902e-09
1.290732685894724e-02,1.410639743792055e-09
1.303512217438236e-02,1.408739731519514e-09
1.316291748981748e-02,1.406860247533124e-09
1.329071280525260e-02,1.405000894857731e-09
1.341850812068772e-02,1.403161276518182e-09
1.354630343612284e-02,1.401340995539322e-09
1.367409875155796e-02,1.399539654945997e-09
1.380189406699308e-02,1.397756857763054e-09
1.392968938242821e-02,1.395992207015337e-09
1.405748469786333e-02,1.394245322146551e-09
1.418528001329845e-02,1.392515888276774e-09
1.431307532873357e-02,1.390803606945419e-09
1.444087064416869e-02,1.389108179691899e-09
1.456866595960381e-02,1.387429308055625e-09
1.469646127503893e-02,1.385766693576009e-09
1.482425659047405e-02,1.384120037792465e-09
1.495205190590917e-02,1.382489042244405e-09
1.507984722134430e-02,1.380873408471240e-09
1.520764253677942e-02,1.379272838012383e-09
1.533543785221454e-02,1.377687043952860e-09
1.546323316764966e-02,1.376115785557402e-09
1.559102848308478e-02,1.374558833634979e-09
1.571882379851990e-02,1.373015958994559e-09
1.584661911395502e-02,1.371486932445112e-09
1.597441442939014e-02,1.369971524795607e-09
1.610220974482527e-02,1.368469506855015e-09
1.623000506026039e-02,1.366980649432303e-09
1.635780037569551e-02,1.365504723336442e-09
1.648559569113063e-02,1.364041499376401e-09
1.661339100656575e-02,1.362590756322515e-09
1.674118632200087e-02,1.361152304793810e-09
1.686898163743599e-02,1.359725963372285e-09
1.699677695287111e-02,1.358311550639942e-09
1.712457226830624e-02,1.356908885178782e-09
1.725236758374135e-02,1.355517785570806e-09
1.738016289917648e-02,1.354138070398015e-09
1.750795821461160e-02,1.352769558242411e-09
1.763575353004672e-02,1.351412067685993e-09
1.776354884548184e-02,1.350065417310764e-09
1.789134416091696e-02,1.348729431845955e-09
1.801913947635208e-02,1.347403960610389e-09
1.814693479178720e-02,1.346088859070451e-09
1.827473010722232e-02,1.344783982692528e-09
1.840252542265745e-02,1.343489186943006e-09
1.853032073809257e-02,1.342204327288270e-09
1.865811605352769e-02,1.340929259194706e-09
1.878591136896281e-02,1.339663838128702e-09
1.891370668439793e-02,1.338407919556643e-09
1.904150199983305e-02,1.337161358944915e-09
1.916929731526817e-02,1.335924016292974e-09
1.929709263070329e-02,1.334695769731698e-09
1.942488794613842e-02,1.333476501924613e-09
1.955268326157353e-02,1.332266095535241e-09
1.968047857700866e-02,1.331064433227107e-09
1.980827389244378e-02,1.329871397663734e-09
1.993606920787890e-02,1.328686871508645e-09
2.006386452331402e-02,1.327510737425365e-09
2.019165983874914e-02,1.326342878077416e-09
2.031945515418426e-02,1.325183176128323e-09
2.044725046961939e-02,1.324031517602060e-09
2.057504578505450e-02,1.322887801965932e-09
2.070284110048963e-02,1.321751932048458e-09
2.083063641592475e-02,1.320623810678160e-09
2.095843173135987e-02,1.319503340683557e-09
2.108622704679499e-02,1.318390424893171e-09
2.121402236223011e-02,1.317284966135520e-09
2.134181767766523e-02,1.316186867239126e-09
2.146961299310035e-02,1.315096031032508e-09
2.159740830853547e-02,1.314012360344187e-09
2.172520362397060e-02,1.312935760904902e-09
2.185299893940572e-02,1.311866150054724e-09
2.198079425484084e-02,1.310803448036175e-09
2.210858957027596e-02,1.309747575091776e-09
2.223638488571108e-02,1.308698451464048e-09
2.236418020114620e-02,1.307655997395512e-09
2.249197551658132e-02,1.306620133128689e-09
2.261977083201644e-02,1.305590778906100e-09
2.274756614745157e-02,1.304567854970266e-09
2.287536146288669e-02,1.303551281563708e-09
2.300315677832181e-02,1.302540980843703e-09
2.313095209375693e-02,1.301536882626288e-09
2.325874740919205e-02,1.300538918642121e-09
2.338654272462717e-02,1.299547020621864e-09
2.351433804006229e-02,1.298561120296176e-09
2.364213335549741e-02,1.297581149395718e-09
2.376992867093253e-02,1.296607039651150e-09
2.389772398636766e-02,1.295638722793132e-09
2.402551930180278e-02,1.294676130552325e-09
2.415331461723790e-02,1.293719194659388e-09
2.428110993267302e-02,1.292767848692818e-09
2.440890524810814e-02,1.291822033621656e-09
2.453670056354326e-02,1.290881692262380e-09
2.466449587897838e-02,1.289946767431467e-09
2.479229119441350e-02,1.289017201945393e-09
2.492008650984863e-02,1.288092938620636e-09
2.504788182528375e-02,1.287173920273673e-09
2.517567714071887e-02,1.286260089720981e-09
2.530347245615399e-02,1.285351389779037e-09
2.543126777158911e-02,1.284447763264318e-09
2.555906308702423e-02,1.283549154305666e-09
2.568685840245935e-02,1.282655512281657e-09
2.581465371789447e-02,1.281766787883365e-09
2.594244903332960e-02,1.280882931801870e-09
2.607024434876471e-02,1.280003894728247e-09
2.619803966419984e-02,1.279129627353572e-09
2.632583497963496e-02,1.278260080368924e-09
2.645363029507008e-02,1.277395204465380e-09
2.658142561050520e-02,1.276534950334014e-09
2.670922092594032e-02,1.275679268665905e-09
2.683701624137544e-02,1.274828111356908e-09
2.696481155681056e-02,1.273981435121885e-09
2.709260687224568e-02,1.273139197880424e-09
2.722040218768081e-02,1.272301357552115e-09
2.734819750311593e-02,1.271467872056545e-09
2.747599281855105e-02,1.270638699313303e-09
2.760378813398617e-02,1.269813797241977e-09
2.773158344942129e-02,1.268993123762156e-09
2.785937876485641e-02,1.268176636793429e-09
2.798717408029153e-02,1.267364294255383e-09
2.811496939572665e-02,1.266556054866953e-09
2.824276471116178e-02,1.265751880544150e-09
2.837056002659689e-02,1.264951734002180e-09
2.849835534203202e-02,1.264155577956244e-09
2.862615065746714e-02,1.263363375121549e-09
2.875394597290226e-02,1.262575088213298e-09
2.888174128833738e-02,1.261790679946696e-09
2.900953660377250e-02,1.261010113036946e-09
2.913733191920762e-02,1.260233350199252e-09
2.926512723464274e-02,1.259460354148820e-09
2.939292255007787e-02,1.258691088565838e-09
2.952071786551299e-02,1.257925520990692e-09
2.964851318094811e-02,1.257163619928876e-09
2.977630849638323e-02,1.256405353885886e-09
2.990410381181835e-02,1.255650691367216e-09
3.003189912725347e-02,1.254899600878363e-09
3.015969444268859e-02,1.254152050924820e-09
3.028748975812371e-02,1.253408010012085e-09
3.041528507355883e-02,1.252667446645651e-09
3.054308038899396e-02,1.251930329331014e-09
3.067087570442908e-02,1.251196627073883e-09
3.079867101986420e-02,1.250466310880804e-09
3.092646633529932e-02,1.249739352258525e-09
3.105426165073444e-02,1.249015722713797e-09
3.118205696616956e-02,1.248295393753371e-09
3.130985228160468e-02,1.247578336883994e-09
3.143764759703981e-02,1.246864523612419e-09
3.156544291247493e-02,1.246153925445393e-09
3.169323822791005e-02,1.245446513889668e-09
3.182103354334517e-02,1.244742260451992e-09
3.194882885878029e-02,1.244041137230196e-09
3.207662417421541e-02,1.243343118686229e-09
3.220441948965053e-02,1.242648179873024e-09
3.233221480508566e-02,1.241956295843513e-09
3.246001012052077e-02,1.241267441650628e-09
3.258780543595589e-02,1.240581592347300e-09
3.271560075139102e-02,1.239898722986462e-09
3.284339606682614e-02,1.239218808621045e-09
3.297119138226126e-02,1.238541824303981e-09
3.309898669769638e-02,1.237867745088202e-09
3.322678201313150e-02,1.237196546512596e-09
3.335457732856662e-02,1.236528206060024e-09
3.348237264400174e-02,1.235862701699378e-09
3.361016795943687e-02,1.235200011399549e-09
3.373796327487198e-02,1.234540113129431e-09
3.386575859030710e-02,1.233882984857915e-09
3.399355390574223e-02,1.233228604553893e-09
3.412134922117735e-02,1.232576950186257e-09
3.424914453661247e-02,1.231927999723899e-09
3.437693985204759e-02,1.231281731135713e-09
3.450473516748271e-02,1.230638122791884e-09
3.463253048291783e-02,1.229997154667794e-09
3.476032579835295e-02,1.229358807140119e-09
3.488812111378808e-02,1.228723060585538e-09
3.501591642922319e-02,1.228089895380729e-09
3.514371174465832e-02,1.227459291902370e-09
3.527150706009344e-02,1.226831230527138e-09
3.539930237552856e-02,1.226205691631711e-09
3.552709769096368e-02,1.225582655592769e-09
3.565489300639881e-02,1.224962102786988e-09
3.578268832183392e-02,1.224344013902398e-09
3.591048363726904e-02,1.223728370872347e-09
3.603827895270417e-02,1.223115155941487e-09
3.616607426813929e-02,1.222504351354475e-09
3.629386958357441e-02,1.221895939355964e-09
3.642166489900953e-02,1.221289902190608e-09
3.654946021444465e-02,1.220686222103064e-09
3.667725552987977e-02,1.220084881337983e-09
3.680505084531489e-02,1.219485862140022e-09
3.693284616075002e-02,1.218889146753835e-09
3.706064147618514e-02,1.218294717785206e-09
3.718843679162025e-02,1.217702559284575e-09
3.731623210705538e-02,1.217112655663575e-09
3.744402742249050e-02,1.216524991333841e-09
3.757182273792562e-02,1.215939550707007e-09
3.769961805336074e-02,1.215356318194707e-09
3.782741336879586e-02,1.214775278208575e-09
3.795520868423098e-02,1.214196415160246e-09
3.808300399966610e-02,1.213619713461354e-09
3.821079931510123e-02,1.213045157523534e-09
3.833859463053635e-02,1.212472731957605e-09
3.846638994597146e-02,1.211902422171148e-09
3.859418526140659e-02,1.211334213770933e-09
3.872198057684171e-02,1.210768092363735e-09
3.884977589227683e-02,1.210204043556323e-09
3.897757120771195e-02,1.209642052955472e-09
3.910536652314707e-02,1.209082106167953e-09
3.923316183858219e-02,1.208524188800537e-09
3.936095715401731e-02,1.207968286459998e-09
3.948875246945244e-02,1.207414384753107e-09
3.961654778488756e-02,1.206862469507980e-09
3.974434310032268e-02,1.206312527438054e-09
3.987213841575780e-02,1.205764545478085e-09
3.999993373119292e-02,1.205218510562827e-09
4.012772904662804e-02,1.204674409627035e-09
4.025552436206317e-02,1.204132229605465e-09
4.038331967749829e-02,1.203591957432873e-09
4.051111499293340e-02,1.203053580044012e-09
4.063891030836853e-02,1.202517084373638e-09
4.076670562380365e-02,1.201982457356507e-09
4.089450093923877e-02,1.201449686225798e-09
4.102229625467389e-02,1.200918759408518e-09
4.115009157010902e-02,1.200389665630160e-09
4.127788688554413e-02,1.199862393616215e-09
4.140568220097925e-02,1.199336932092177e-09
4.153347751641438e-02,1.198813269783538e-09
4.166127283184950e-02,1.198291395415791e-09
4.178906814728462e-02,1.197771297714429e-09
4.191686346271974e-02,1.197252965404943e-09
4.204465877815486e-02,1.196736387212827e-09
4.217245409358998e-02,1.196221551943500e-09
4.230024940902510e-02,1.195708448722096e-09
4.242804472446023e-02,1.195197066753680e-09
4.255584003989534e-02,1.194687395243316e-09
4.268363535533046e-02,1.194179423396070e-09
4.281143067076559e-02,1.193673140417007e-09
4.293922598620071e-02,1.193168535511191e-09
4.306702130163583e-02,1.192665597883688e-09
4.319481661707095e-02,1.192164316739563e-09
4.332261193250607e-02,1.191664681283881e-09
4.345040724794119e-02,1.191166680844749e-09
4.357820256337631e-02,1.190670305242425e-09
4.370599787881144e-02,1.190175544420197e-09
4.383379319424656e-02,1.189682388321354e-09
4.396158850968167e-02,1.189190826889185e-09
4.408938382511680e-02,1.188700850066978e-09
4.421717914055192e-02,1.188212447798023e-09
4.434497445598704e-02,1.187725610025607e-09
4.447276977142216e-02,1.187240326693020e-09
4.460056508685728e-02,1.186756587743550e-09
4.472836040229240e-02,1.186274383414770e-09
4.485615571772752e-02,1.185793705121522e-09
4.498395103316265e-02,1.185314544573003e-09
4.511174634859777e-02,1.184836893478406e-09
4.523954166403289e-02,1.184360743546926e-09
4.536733697946801e-02,1.183886086487759e-09
4.549513229490313e-02,1.183412914010098e-09
4.562292761033825e-02,1.182941217823139e-09
4.575072292577338e-02,1.182470989636076e-09
4.587851824120850e-02,1.182002221158105e-09
4.600631355664361e-02,1.181534904039326e-09
4.613410887207874e-02,1.181069029693455e-09
4.626190418751386e-02,1.180604589475108e-09
4.638969950294898e-02,1.180141574738902e-09
4.651749481838410e-02,1.179679976839453e-09
4.664529013381922e-02,1.179219787131379e-09
4.677308544925434e-02,1.178760996969296e-09
4.690088076468946e-02,1.178303597707820e-09
4.702867608012459e-02,1.177847580701569e-09
4.715647139555971e-02,1.177392937305158e-09
4.728426671099482e-02,1.176939659104301e-09
4.741206202642995e-02,1.176487738609061e-09
4.753985734186507e-02,1.176037168560583e-09
4.766765265730019e-02,1.175587941700012e-09
4.779544797273531e-02,1.175140050768493e-09
4.792324328817044e-02,1.174693488507170e-09
4.805103860360555e-02,1.174248247657188e-09
4.817883391904067e-02,1.173804320959692e-09
4.830662923447580e-02,1.173361701155827e-09
4.843442454991092e-02,1.172920380986737e-09
4.856221986534604e-02,1.172480353252163e-09
4.869001518078116e-02,1.172041610986206e-09
4.881781049621628e-02,1.171604147281549e-09
4.894560581165140e-02,1.171167955230876e-09
4.907340112708652e-02,1.170733027926871e-09
4.920119644252165e-02,1.170299358462218e-09
4.932899175795677e-02,1.169866939929601e-09
4.945678707339188e-02,1.169435765421704e-09
4.958458238882701e-02,1.169005828031210e-09
4.971237770426213e-02,1.168577120850804e-09
4.984017301969725e-02,1.168149637030764e-09
4.996796833513237e-02,1.167723369951761e-09
5.000000000000000e-02,1.167616716814727e-09
5.009576365056749e-02,1.167298313056839e-09
5.022355896600261e-02,1.166874459830654e-09
5.035135428143774e-02,1.166451803779329e-09
5.047914959687286e-02,1.166030338409166e-09
5.060694491230798e-02,1.165610057226466e-09
5.073474022774310e-02,1.165190953737529e-09
5.086253554317822e-02,1.164773021448658e-09
5.099033085861334e-02,1.164356253866153e-09
5.111812617404846e-02,1.163940644640444e-09
5.124592148948359e-02,1.163526187998456e-09
5.137371680491870e-02,1.163112878311237e-09
5.150151212035382e-02,1.162700709949837e-09
5.162930743578895e-02,1.162289677285304e-09
5.175710275122407e-02,1.161879774688685e-09
5.188489806665919e-02,1.161470996531029e-09
5.201269338209431e-02,1.161063337183384e-09
5.214048869752943e-02,1.160656791016798e-09
5.226828401296455e-02,1.160251352402320e-09
5.239607932839967e-02,1.159847015689511e-09
5.252387464383480e-02,1.159443775141992e-09
5.265166995926992e-02,1.159041625001902e-09
5.277946527470503e-02,1.158640559511380e-09
5.290726059014016e-02,1.158240572912565e-09
5.303505590557528e-02,1.157841659447594e-09
5.316285122101040e-02,1.157443813358607e-09
5.329064653644552e-02,1.157047028887743e-09
5.341844185188065e-02,1.156651300277139e-09
5.354623716731576e-02,1.156256621768936e-09
5.367403248275088e-02,1.155862987749793e-09
5.380182779818601e-02,1.155470393184496e-09
5.392962311362113e-02,1.155078833182373e-09
5.405741842905625e-02,1.154688302852752e-09
5.418521374449137e-02,1.154298797304960e-09
5.431300905992649e-02,1.153910311648324e-09
5.444080437536161e-02,1.153522840992172e-09
5.456859969079673e-02,1.153136380445831e-09
5.469639500623186e-02,1.152750925118628e-09
5.482419032166697e-02,1.152366470119892e-09
5.495198563710210e-02,1.151983010559257e-09
5.507978095253722e-02,1.151600541547594e-09
5.520757626797234e-02,1.151219058196079e-09
5.533537158340746e-02,1.150838555615891e-09
5.546316689884258e-02,1.150459028918206e-09
5.559096221427770e-02,1.150080473214203e-09
5.571875752971282e-02,1.149702883615059e-09
5.584655284514795e-02,1.149326255231952e-09
5.597434816058307e-02,1.148950583176059e-09
5.610214347601819e-02,1.148575862558558e-09
5.622993879145331e-02,1.148202088622029e-09
5.635773410688843e-02,1.147829257134622e-09
5.648552942232355e-02,1.147457363995867e-09
5.661332473775867e-02,1.147086405105296e-09
5.674112005319380e-02,1.146716376362438e-09
5.686891536862891e-02,1.146347273666825e-09
5.699671068406403e-02,1.145979092917986e-09
5.712450599949916e-02,1.145611830015454e-09
5.725230131493428e-02,1.145245480858759e-09
5.738009663036940e-02,1.144880041347430e-09
5.750789194580452e-02,1.144515507342690e-09
5.763568726123964e-02,1.144151874552505e-09
5.776348257667476e-02,1.143789138646527e-09
5.789127789210988e-02,1.143427295294408e-09
5.801907320754501e-02,1.143066340165799e-09
5.814686852298013e-02,1.142706268930352e-09
5.827466383841524e-02,1.142347077257718e-09
5.840245915385037e-02,1.141988760817549e-09
5.853025446928549e-02,1.141631315279497e-09
5.865804978472061e-02,1.141274736313212e-09
5.878584510015573e-02,1.140919019699440e-09
5.891364041559085e-02,1.140564161663304e-09
5.904143573102597e-02,1.140210158541019e-09
5.916923104646109e-02,1.139857006668803e-09
5.929702636189622e-02,1.139504702382873e-09
5.942482167733134e-02,1.139153242019445e-09
5.955261699276646e-02,1.138802621914737e-09
5.968041230820158e-02,1.138452838404964e-09
5.980820762363670e-02,1.138103887826344e-09
5.993600293907182e-02,1.137755766515094e-09
6.006379825450694e-02,1.137408470774208e-09
6.019159356994207e-02,1.137061996773791e-09
6.031938888537718e-02,1.136716340650735e-09
6.044718420081231e-02,1.136371498541928e-09
6.057497951624743e-02,1.136027466584260e-09
6.070277483168255e-02,1.135684240914618e-09
6.083057014711767e-02,1.135341817669893e-09
6.095836546255279e-02,1.135000192986972e-09
6.108616077798791e-02,1.134659363002747e-09
6.121395609342303e-02,1.134319323854104e-09
6.134175140885816e-02,1.133980071809492e-09
6.146954672429328e-02,1.133641603663633e-09
6.159734203972840e-02,1.133303916342834e-09
6.172513735516352e-02,1.132967006773399e-09
6.185293267059864e-02,1.132630871881635e-09
6.198072798603376e-02,1.132295508593847e-09
6.210852330146888e-02,1.131960913836340e-09
6.223631861690401e-02,1.131627084535420e-09
6.236411393233912e-02,1.131294017617392e-09
6.249190924777424e-02,1.130961710008563e-09
6.261970456320937e-02,1.130630158587469e-09
6.274749987864449e-02,1.130299360041578e-09
6.287529519407961e-02,1.129969311010585e-09
6.300309050951473e-02,1.129640008134187e-09
6.313088582494986e-02,1.129311448052081e-09
6.325868114038498e-02,1.128983627403965e-09
6.338647645582010e-02,1.128656542829534e-09
6.351427177125522e-02,1.128330190968486e-09
6.364206708669033e-02,1.128004568460517e-09
6.376986240212545e-02,1.127679671945323e-09
6.389765771756058e-02,1.127355498147451e-09
6.402545303299570e-02,1.127032044130818e-09
6.415324834843082e-02,1.126709307044183e-09
6.428104366386594e-02,1.126387284036303e-09
6.440883897930107e-02,1.126065972255935e-09
6.453663429473619e-02,1.125745368851838e-09
6.466442961017131e-02,1.125425470972769e-09
6.479222492560642e-02,1.125106275767485e-09
6.492002024104154e-02,1.124787780384744e-09
6.504781555647667e-02,1.124469981973304e-09
6.517561087191179e-02,1.124152877685713e-09
6.530340618734691e-02,1.123836464689681e-09
6.543120150278203e-02,1.123520740156711e-09
6.555899681821716e-02,1.123205701258305e-09
6.568679213365228e-02,1.122891345165966e-09
6.581458744908740e-02,1.122577669051196e-09
6.594238276452252e-02,1.122264670085496e-09
6.607017807995763e-02,1.121952345440370e-09
6.619797339539275e-02,1.121640692287319e-09
6.632576871082788e-02,1.121329707797846e-09
6.645356402626300e-02,1.121019389179791e-09
6.658135934169812e-02,1.120709733786357e-09
6.670915465713324e-02,1.120400739007086e-09
6.683694997256837e-02,1.120092402231521e-09
6.696474528800349e-02,1.119784720849203e-09
6.709254060343861e-02,1.119477692249677e-09
6.722033591887373e-02,1.119171313822483e-09
6.734813123430886e-02,1.118865582957166e-09
6.747592654974396e-02,1.118560497043267e-09
6.760372186517909e-02,1.118256053470329e-09
6.773151718061421e-02,1.117952249651973e-09
6.785931249604933e-02,1.117649083098130e-09
6.798710781148445e-02,1.117346551342807e-09
6.811490312691958e-02,1.117044651920011e-09
6.824269844235470e-02,1.116743382363750e-09
6.837049375778982e-02,1.116442740208030e-09
6.849828907322494e-02,1.116142722986859e-09
6.862608438866007e-02,1.115843328234244e-09
6.875387970409517e-02,1.115544553484192e-09
6.888167501953030e-02,1.115246396270710e-09
6.900947033496542e-02,1.114948854132539e-09
6.913726565040054e-02,1.114651924627357e-09
6.926506096583566e-02,1.114355605317578e-09
6.939285628127079e-02,1.114059893765615e-09
6.952065159670591e-02,1.113764787533881e-09
6.964844691214103e-02,1.113470284184788e-09
6.977624222757615e-02,1.113176381280751e-09
6.990403754301128e-02,1.112883076384182e-09
7.003183285844640e-02,1.112590367057495e-09
7.015962817388151e-02,1.112298250863102e-09
7.028742348931663e-02,1.112006725424396e-09
7.041521880475175e-02,1.111715788608692e-09
7.054301412018688e-02,1.111425438344290e-09
7.067080943562200e-02,1.111135672559490e-09
7.079860475105712e-02,1.110846489182591e-09
7.092640006649224e-02,1.110557886141895e-09
7.105419538192737e-02,1.110269861365699e-09
7.118199069736249e-02,1.109982412782304e-09
7.130978601279761e-02,1.109695538320011e-09
7.152277820518949e-02,1.109218684414016e-09
7.173577039758135e-02,1.108743409906893e-09
7.194876258997322e-02,1.108269705027244e-09
7.216175478236508e-02,1.107797559967634e-09
7.237474697475696e-02,1.107326964920628e-09
7.258773916714882e-02,1.106857910078791e-09
7.280073135954070e-02,1.106390385634687e-09
7.301372355193256e-02,1.105924381780880e-09
7.322671574432443e-02,1.105459888709936e-09
7.343970793671629e-02,1.104996896614419e-09
7.365270012910817e-02,1.104535395686894e-09
7.386569232150003e-02,1.104075376328775e-09
7.407868451389191e-02,1.103616829776880e-09
7.429167670628377e-02,1.103159747476875e-09
7.450466889867564e-02,1.102704120874426e-09
7.471766109106751e-02,1.102249941415199e-09
7.493065328345938e-02,1.101797200544860e-09
7.514364547585124e-02,1.101345889709077e-09
7.535663766824312e-02,1.100896000353515e-09
7.556962986063498e-02,1.100447523923840e-09
7.578262205302685e-02,1.100000451865719e-09
7.599561424541872e-02,1.099554775739953e-09
7.620860643781059e-02,1.099110487567868e-09
7.642159863020245e-02,1.098667579485917e-09
7.663459082259433e-02,1.098226043630554e-09
7.684758301498619e-02,1.097785872138233e-09
7.706057520737807e-02,1.097347057145406e-09
7.727356739976993e-02,1.096909590788530e-09
7.748655959216180e-02,1.096473465204056e-09
7.769955178455366e-02,1.096038672528438e-09
7.791254397694554e-02,1.095605204898131e-09
7.812553616933740e-02,1.095173054565297e-09
7.833852836172928e-02,1.094742214244916e-09
7.855152055412114e-02,1.094312676767663e-09
7.876451274651301e-02,1.093884434964213e-09
7.897750493890487e-02,1.093457481665240e-09
7.919049713129675e-02,1.093031809701422e-09
7.940348932368861e-02,1.092607411903432e-09
7.961648151608049e-02,1.092184281101947e-09
7.982947370847235e-02,1.091762410127641e-09
8.004246590086422e-02,1.091341791811191e-09
8.025545809325609e-02,1.090922419003390e-09
8.046845028564796e-02,1.090504284635517e-09
8.068144247803982e-02,1.090087381658973e-09
8.089443467043170e-02,1.089671703025156e-09
8.110742686282357e-02,1.089257241685466e-09
8.132041905521543e-02,1.088843990591304e-09
8.153341124760730e-02,1.088431942694070e-09
8.174640343999917e-02,1.088021090945163e-09
8.195939563239105e-02,1.087611428295983e-09
8.217238782478291e-02,1.087202947697931e-09
8.238538001717477e-02,1.086795642295899e-09
8.259837220956665e-02,1.086389506008779e-09
8.281136440195852e-02,1.085984532948967e-09
8.302435659435038e-02,1.085580717228860e-09
8.323734878674224e-02,1.085178052960855e-09
8.345034097913412e-02,1.084776534257347e-09
8.366333317152599e-02,1.084376155230732e-09
8.387632536391786e-02,1.083976909993409e-09
8.408931755630973e-02,1.083578792657773e-09
8.430230974870159e-02,1.083181797336220e-09
8.451530194109347e-02,1.082785918142622e-09
8.472829413348533e-02,1.082391149196749e-09
8.494128632587720e-02,1.081997484619845e-09
8.515427851826907e-02,1.081604918533156e-09
8.536727071066094e-02,1.081213445057926e-09
8.558026290305280e-02,1.080823058315399e-09
8.579325509544468e-02,1.080433752426821e-09
8.600624728783654e-02,1.080045521513436e-09
8.621923948022842e-02,1.079658359696489e-09
8.643223167262028e-02,1.079272261097225e-09
8.664522386501215e-02,1.078887219947528e-09
8.685821605740401e-02,1.078503230921835e-09
8.707120824979589e-02,1.078120288805214e-09
8.728420044218775e-02,1.077738388382736e-09
8.749719263457963e-02,1.077357524439471e-09
8.771018482697149e-02,1.076977691760490e-09
8.792317701936336e-02,1.076598885130861e-09
8.813616921175522e-02,1.076221099335657e-09
8.834916140414710e-02,1.075844329159946e-09
8.856215359653896e-02,1.075468569388799e-09
8.877514578893084e-02,1.075093814849299e-09
8.898813798132270e-02,1.074720060536573e-09
8.920113017371457e-02,1.074347301487759e-09
8.941412236610644e-02,1.073975532739992e-09
8.962711455849831e-02,1.073604749330408e-09
8.984010675089017e-02,1.073234946296145e-09
9.005309894328205e-02,1.072866118674339e-09
9.026609113567391e-02,1.072498261502126e-09
9.047908332806578e-02,1.072131369816642e-09
9.069207552045766e-02,1.071765438655024e-09
9.090506771284952e-02,1.071400463136560e-09
9.111805990524138e-02,1.071036438709163e-09
9.133105209763326e-02,1.070673360902911e-09
9.154404429002513e-02,1.070311225247877e-09
9.175703648241700e-02,1.069950027274140e-09
9.197002867480886e-02,1.069589762511773e-09
9.218302086720073e-02,1.069230426490854e-09
9.239601305959261e-02,1.068872014741458e-09
9.260900525198447e-02,1.068514522793661e-09
9.282199744437633e-02,1.068157946177539e-09
9.303498963676821e-02,1.067802280423669e-09
9.324798182916008e-02,1.067447521064634e-09
9.346097402155194e-02,1.067093663633519e-09
9.367396621394380e-02,1.066740703663409e-09
9.388695840633568e-02,1.066388636687386e-09
9.409995059872756e-02,1.066037458238537e-09
9.431294279111942e-02,1.065687163849945e-09
9.452593498351128e-02,1.065337749054696e-09
9.473892717590315e-02,1.064989209385873e-09
9.495191936829503e-02,1.064641540376560e-09
9.516491156068689e-02,1.064294737683953e-09
9.537790375307875e-02,1.063948797461688e-09
9.559089594547063e-02,1.063603715987512e-09
9.580388813786250e-02,1.063259489539174e-09
9.601688033025436e-02,1.062916114394423e-09
9.622987252264624e-02,1.062573586831007e-09
9.644286471503810e-02,1.062231903126674e-09
9.665585690742998e-02,1.061891059559172e-09
9.686884909982184e-02,1.061551052406250e-09
9.708184129221371e-02,1.061211877945657e-09
9.729483348460558e-02,1.060873532439702e-09
9.750782567699745e-02,1.060536012088952e-09
9.772081786938931e-02,1.060199313078534e-09
9.793381006178119e-02,1.059863431593576e-09
9.814680225417305e-02,1.059528363819207e-09
9.835979444656492e-02,1.059194105940555e-09
9.857278663895679e-02,1.058860654142747e-09
9.878577883134866e-02,1.058528004610913e-09
9.899877102374052e-02,1.058196153530180e-09
9.921176321613240e-02,1.057865097085676e-09
9.942475540852426e-02,1.057534831507239e-09
9.963774760091614e-02,1.057205353203532e-09
9.985073979330800e-02,1.056876658627924e-09
1.000637319857000e-01,1.056548744233783e-09
1.002767241780920e-01,1.056221606474479e-09
1.004897163704840e-01,1.055895241803379e-09
1.007027085628750e-01,1.055569646673854e-09
1.009157007552670e-01,1.055244817539270e-09
1.011286929476590e-01,1.054920750852997e-09
1.013416851400510e-01,1.054597443068404e-09
1.015546773324430e-01,1.054274890713945e-09
1.017676695248350e-01,1.053953090618484e-09
1.019806617172270e-01,1.053632039686005e-09
1.021936539096190e-01,1.053311734820489e-09
1.024066461020100e-01,1.052992172925920e-09
1.026196382944020e-01,1.052673350906278e-09
1.028326304867940e-01,1.052355265665545e-09
1.030456226791860e-01,1.052037914107705e-09
1.032586148715780e-01,1.051721293136739e-09
1.034716070639700e-01,1.051405399656629e-09
1.036845992563620e-01,1.051090230549673e-09
1.038975914487540e-01,1.050775782611434e-09
1.041105836411450e-01,1.050462052615796e-09
1.043235758335370e-01,1.050149037336638e-09
1.045365680259290e-01,1.049836733547843e-09
1.047495602183210e-01,1.049525138023296e-09
1.049625524107130e-01,1.049214247536877e-09
1.051755446031050e-01,1.048904058862469e-09
1.053885367954970e-01,1.048594568773954e-09
1.056015289878880e-01,1.048285774045217e-09
1.058145211802800e-01,1.047977671546976e-09
1.060275133726720e-01,1.047670258537151e-09
1.062405055650640e-01,1.047363532370423e-09
1.064534977574560e-01,1.047057490401471e-09
1.066664899498480e-01,1.046752129984975e-09
1.068794821422400e-01,1.046447448475614e-09
1.070924743346320e-01,1.046143443228068e-09
1.073054665270230e-01,1.045840111597018e-09
1.075184587194150e-01,1.045537450937140e-09
1.077314509118070e-01,1.045235458603116e-09
1.079444431041990e-01,1.044934131937236e-09
1.081574352965910e-01,1.044633468232199e-09
1.083704274889830e-01,1.044333464768299e-09
1.085834196813750e-01,1.044034118825828e-09
1.087964118737660e-01,1.043735427685080e-09
1.090094040661580e-01,1.043437388626346e-09
1.092223962585500e-01,1.043139998929920e-09
1.094353884509420e-01,1.042843255876095e-09
1.096483806433340e-01,1.042547156745163e-09
1.098613728357260e-01,1.042251698817418e-09
1.100743650281180e-01,1.041956879372910e-09
1.102873572205100e-01,1.041662695690715e-09
1.105003494129010e-01,1.041369145049669e-09
1.107133416052930e-01,1.041076224728603e-09
1.109263337976850e-01,1.040783932006352e-09
1.111393259900770e-01,1.040492264161749e-09
1.113523181824690e-01,1.040201218473629e-09
1.115653103748610e-01,1.039910792220825e-09
1.117783025672530e-01,1.039620982682171e-09
1.119912947596450e-01,1.039331787136501e-09
1.122042869520360e-01,1.039043202935538e-09
1.124172791444280e-01,1.038755227722576e-09
1.126302713368200e-01,1.038467859213814e-09
1.128432635292120e-01,1.038181095125448e-09
1.130562557216040e-01,1.037894933173673e-09
1.132692479139960e-01,1.037609371074687e-09
1.134822401063880e-01,1.037324406544684e-09
1.136952322987790e-01,1.037040037299864e-09
1.139082244911710e-01,1.036756261056420e-09
1.141212166835630e-01,1.036473075530548e-09
1.143342088759550e-01,1.036190478453809e-09
1.145472010683470e-01,1.035908467619192e-09
1.147601932607390e-01,1.035627040835046e-09
1.149731854531310e-01,1.035346195909718e-09
1.151861776455230e-01,1.035065930651553e-09
1.153991698379140e-01,1.034786242868901e-09
1.156121620303060e-01,1.034507130370105e-09
1.158251542226980e-01,1.034228590963513e-09
1.160381464150900e-01,1.033950622457473e-09
1.162511386074820e-01,1.033673222660331e-09
1.164641307998740e-01,1.033396389376226e-09
1.166771229922660e-01,1.033120120392470e-09
1.168901151846570e-01,1.032844413492175e-09
1.171031073770490e-01,1.032569266458447e-09
1.173160995694410e-01,1.032294677074398e-09
1.175290917618330e-01,1.032020643123136e-09
1.177420839542250e-01,1.031747162387771e-09
1.179550761466170e-01,1.031474232651412e-09
1.181680683390090e-01,1.031201851697169e-09
1.183810605314010e-01,1.030930017308151e-09
1.185940527237920e-01,1.030658727308164e-09
1.188070449161840e-01,1.030387979683882e-09
1.190200371085760e-01,1.030117772462720e-09
1.192330293009680e-01,1.029848103672096e-09
1.194460214933600e-01,1.029578971339427e-09
1.196590136857520e-01,1.029310373492126e-09
1.198720058781440e-01,1.029042308157612e-09
1.200849980705360e-01,1.028774773363299e-09
1.202979902629270e-01,1.028507767136606e-09
1.205109824553190e-01,1.028241287504946e-09
1.207239746477110e-01,1.027975332506622e-09
1.209369668401030e-01,1.027709900223493e-09
1.211499590324950e-01,1.027444988748308e-09
1.213629512248870e-01,1.027180596173815e-09
1.215759434172790e-01,1.026916720592766e-09
1.217889356096700e-01,1.026653360097909e-09
1.220019278020620e-01,1.026390512781994e-09
1.222149199944540e-01,1.026128176737769e-09
1.224279121868460e-01,1.025866350057984e-09
1.226409043792380e-01,1.025605030835390e-09
1.228538965716300e-01,1.025344217178244e-09
1.230668887640220e-01,1.025083907256836e-09
1.232798809564140e-01,1.024824099256965e-09
1.234928731488050e-01,1.024564791364429e-09
1.237058653411970e-01,1.024305981765024e-09
1.239188575335890e-01,1.024047668644547e-09
1.241318497259810e-01,1.023789850188797e-09
1.243448419183730e-01,1.023532524583571e-09
1.245578341107650e-01,1.023275690014666e-09
1.247708263031570e-01,1.023019344667881e-09
1.249838184955480e-01,1.022763486750453e-09
1.251968106879400e-01,1.022508114555339e-09
1.254098028803320e-01,1.022253226396925e-09
1.256227950727240e-01,1.021998820589593e-09
1.258357872651160e-01,1.021744895447727e-09
1.260487794575080e-01,1.021491449285710e-09
1.262617716499000e-01,1.021238480417925e-09
1.264747638422920e-01,1.020985987158756e-09
1.266877560346830e-01,1.020733967822587e-09
1.269007482270750e-01,1.020482420723798e-09
1.271137404194670e-01,1.020231344179171e-09
1.273267326118590e-01,1.019980736515057e-09
1.275397248042510e-01,1.019730596060201e-09
1.277527169966430e-01,1.019480921143348e-09
1.279657091890350e-01,1.019231710093243e-09
1.281787013814270e-01,1.018982961238631e-09
1.283916935738180e-01,1.018734672908257e-09
1.286046857662100e-01,1.018486843430864e-09
1.288176779586020e-01,1.018239471135197e-09
1.290306701509940e-01,1.017992554350002e-09
1.292436623433860e-01,1.017746091447205e-09
1.294566545357780e-01,1.017500080971529e-09
1.296696467281700e-01,1.017254521510914e-09
1.298826389205610e-01,1.017009411653303e-09
1.300956311129530e-01,1.016764749986635e-09
1.303086233053450e-01,1.016520535098850e-09
1.305216154977370e-01,1.016276765577891e-09
1.307346076901290e-01,1.016033440011698e-09
1.309475998825210e-01,1.015790556988211e-09
1.311605920749130e-01,1.015548115095373e-09
1.313735842673050e-01,1.015306112788289e-09
1.315865764596960e-01,1.015064547990675e-09
1.317995686520880e-01,1.014823418493378e-09
1.320125608444800e-01,1.014582722087249e-09
1.322255530368720e-01,1.014342456563138e-09
1.324385452292640e-01,1.014102619711896e-09
1.326515374216560e-01,1.013863209324372e-09
1.328645296140480e-01,1.013624223191416e-09
1.330775218064400e-01,1.013385659103879e-09
1.332905139988310e-01,1.013147514852611e-09
1.335035061912230e-01,1.012909788918959e-09
1.337164983836150e-01,1.012672482545717e-09
1.339294905760070e-01,1.012435597665906e-09
1.341424827683990e-01,1.012199136212546e-09
1.343554749607910e-01,1.011963100118657e-09
1.345684671531830e-01,1.011727491317259e-09
1.347814593455740e-01,1.011492311741373e-09
1.349944515379660e-01,1.011257563324017e-09
1.352074437303580e-01,1.011023247998211e-09
1.354204359227500e-01,1.010789367696977e-09
1.356334281151420e-01,1.010555921675959e-09
1.358464203075340e-01,1.010322898486713e-09
1.360594124999260e-01,1.010090284006129e-09
1.362724046923180e-01,1.009858064111098e-09
1.364853968847090e-01,1.009626224678509e-09
1.366983890771010e-01,1.009394751585251e-09
1.369113812694930e-01,1.009163630708214e-09
1.371243734618850e-01,1.008932847924287e-09
1.373373656542770e-01,1.008702389110361e-09
1.375503578466690e-01,1.008472240143324e-09
1.377633500390610e-01,1.008242397000705e-09
1.379763422314520e-01,1.008012896086579e-09
1.381893344238440e-01,1.007783783917658e-09
1.384023266162360e-01,1.007555107010656e-09
1.386153188086280e-01,1.007326911882289e-09
1.388283110010200e-01,1.007099245049270e-09
1.390413031934120e-01,1.006872153028311e-09
1.392542953858040e-01,1.006645682336129e-09
1.394672875781960e-01,1.006419879489436e-09
1.396802797705870e-01,1.006194791004947e-09
1.398932719629790e-01,1.005970442952787e-09
1.401062641553710e-01,1.005746779593425e-09
1.403192563477630e-01,1.005523724729087e-09
1.405322485401550e-01,1.005301202162000e-09
1.407452407325470e-01,1.005079135694390e-09
1.409582329249390e-01,1.004857449128481e-09
1.411712251173300e-01,1.004636066266503e-09
1.413842173097220e-01,1.004414910910678e-09
1.415972095021140e-01,1.004193906863234e-09
1.418102016945060e-01,1.003972977926397e-09
1.420231938868980e-01,1.003752068273180e-09
1.422361860792900e-01,1.003531203557801e-09
1.424491782716820e-01,1.003310429804292e-09
1.426621704640740e-01,1.003089793036687e-09
1.428751626564650e-01,1.002869339279019e-09
1.430881548488570e-01,1.002649114555320e-09
1.433011470412490e-01,1.002429164889621e-09
1.435141392336410e-01,1.002209536305957e-09
1.437271314260330e-01,1.001990274828360e-09
1.439401236184250e-01,1.001771426480863e-09
1.441531158108170e-01,1.001553027359719e-09
1.443661080032090e-01,1.001335073863273e-09
1.445791001956000e-01,1.001117552468692e-09
1.447920923879920e-01,1.000900449653144e-09
1.450050845803840e-01,1.000683751893798e-09
1.452180767727760e-01,1.000467445667820e-09
1.454310689651680e-01,1.000251517452380e-09
1.456440611575600e-01,1.000035953724644e-09
1.458570533499520e-01,9.998207409617815e-10
1.460700455423430e-01,9.996058656409609e-10
1.462830377347350e-01,9.993913168639098e-10
1.464960299271270e-01,9.991770942238749e-10
1.467090221195190e-01,9.989631999352982e-10
1.469220143119110e-01,9.987496362126222e-10
1.471350065043030e-01,9.985364052702889e-10
1.473479986966950e-01,9.983235093227407e-10
1.475609908890870e-01,9.981109505844197e-10
1.477739830814780e-01,9.978987312697694e-10
1.479869752738700e-01,9.976868535932297e-10
1.481999674662620e-01,9.974753197692439e-10
1.484129596586540e-01,9.972641313138039e-10
1.486259518510460e-01,9.970532869478160e-10
1.488389440434380e-01,9.968427846930967e-10
1.490519362358300e-01,9.966326225714619e-10
1.492649284282220e-01,9.964227986047271e-10
1.494779206206130e-01,9.962133108147093e-10
1.496909128130050e-01,9.960041572232225e-10
1.499039050053970e-01,9.957953358520833e-10
1.501168971977890e-01,9.955868447231077e-10
1.503298893901810e-01,9.953786818581118e-10
1.505428815825730e-01,9.951708455259561e-10
1.507558737749650e-01,9.949633349838281e-10
1.509688659673560e-01,9.947561497360355e-10
1.511818581597480e-01,9.945492892868826e-10
1.513948503521400e-01,9.943427531406767e-10
1.516078425445320e-01,9.941365408017245e-10
1.518208347369240e-01,9.939306517743319e-10
1.520338269293160e-01,9.937250855628056e-10
1.522468191217080e-01,9.935198416714518e-10
1.524598113141000e-01,9.933149196045772e-10
1.526728035064910e-01,9.931103187346896e-10
1.528857956988830e-01,9.929060379071807e-10
1.530987878912750e-01,9.927020758356883e-10
1.533117800836670e-01,9.924984312338485e-10
1.535247722760590e-01,9.922951028152981e-10
1.537377644684510e-01,9.920920892936734e-10
1.539507566608430e-01,9.918893893826107e-10
1.541637488532340e-01,9.916870017957477e-10
1.543767410456260e-01,9.914849252467189e-10
1.545897332380180e-01,9.912831584491618e-10
1.548027254304100e-01,9.910817002111016e-10
1.550157176228020e-01,9.908805497179436e-10
1.552287098151940e-01,9.906797062493942e-10
1.554417020075860e-01,9.904791690851588e-10
1.556546941999780e-01,9.902789375049437e-10
1.558676863923690e-01,9.900790107884558e-10
1.560806785847610e-01,9.898793882153993e-10
1.562936707771530e-01,9.896800690654806e-10
1.565066629695450e-01,9.894810526184062e-10
1.567196551619370e-01,9.892823381538818e-10
1.569326473543290e-01,9.890839249394879e-10
1.571456395467210e-01,9.888858121942722e-10
1.573586317391130e-01,9.886879991251413e-10
1.575716239315040e-01,9.884904849390028e-10
1.577846161238960e-01,9.882932688427623e-10
1.579976083162880e-01,9.880963500433267e-10
1.582106005086800e-01,9.878997277476034e-10
1.584235927010720e-01,9.877034011624988e-10
1.586365848934640e-01,9.875073694949197e-10
1.588495770858560e-01,9.873116319517732e-10
1.590625692782470e-01,9.871161877169302e-10
1.592755614706390e-01,9.869210358820846e-10
1.594885536630310e-01,9.867261755158811e-10
1.597015458554230e-01,9.865316056869641e-10
1.599145380478150e-01,9.863373254639773e-10
1.601275302402070e-01,9.861433339155651e-10
1.603405224325990e-01,9.859496301103716e-10
1.605535146249910e-01,9.857562131170407e-10
1.607665068173820e-01,9.855630820042176e-10
1.609794990097740e-01,9.853702358405443e-10
1.611924912021660e-01,9.851776737335774e-10
1.614054833945580e-01,9.849853949465182e-10
1.616184755869500e-01,9.847933987814810e-10
1.618314677793420e-01,9.846016845405800e-10
1.620444599717340e-01,9.844102515259292e-10
1.622574521641260e-01,9.842190990396428e-10
1.624704443565170e-01,9.840282263838351e-10
1.626834365489090e-01,9.838376328606190e-10
1.628964287413010e-01,9.836473177721094e-10
1.631094209336930e-01,9.834572804204205e-10
1.633224131260850e-01,9.832675200941679e-10
1.635354053184770e-01,9.830780360279933e-10
1.637483975108690e-01,9.828888274430479e-10
1.639613897032600e-01,9.826998935604836e-10
1.641743818956520e-01,9.825112336014499e-10
1.643873740880440e-01,9.823228467870992e-10
1.646003662804360e-01,9.821347323385825e-10
1.648133584728280e-01,9.819468894770509e-10
1.650263506652200e-01,9.817593174236560e-10
1.652393428576120e-01,9.815720153995491e-10
1.654523350500040e-01,9.813849826374598e-10
1.656653272423950e-01,9.811982184164076e-10
1.658783194347870e-01,9.810117220269731e-10
1.660913116271790e-01,9.808254927597409e-10
1.663043038195710e-01,9.806395299052928e-10
1.665172960119630e-01,9.804538327542126e-10
1.667302882043550e-01,9.802684005970828e-10
1.669432803967470e-01,9.800832327244865e-10
1.671562725891380e-01,9.798983284270074e-10
1.673692647815300e-01,9.797136869952267e-10
1.675822569739220e-01,9.795293077223481e-10
1.677952491663140e-01,9.793451899120591e-10
1.680082413587060e-01,9.791613328706696e-10
1.682212335510980e-01,9.789777359044897e-10
1.684342257434900e-01,9.787943983198300e-10
1.686472179358820e-01,9.786113194229998e-10
1.688602101282730e-01,9.784284985203104e-10
1.690732023206650e-01,9.782459349180698e-10
1.692861945130570e-01,9.780636279225893e-10
1.694991867054490e-01,9.778815768401789e-10
1.697121788978410e-01,9.776997809814019e-10
1.699251710902330e-01,9.775182396738408e-10
1.701381632826250e-01,9.773369522493331e-10
1.703511554750170e-01,9.771559180397161e-10
1.705641476674080e-01,9.769751363768279e-10
1.707771398598000e-01,9.767946065925041e-10
1.709901320521920e-01,9.766143280185832e-10
1.712031242445840e-01,9.764342999869027e-10
1.714161164369760e-01,9.762545218292997e-10
1.716291086293680e-01,9.760749928776117e-10
1.718421008217600e-01,9.758957124710073e-10
1.720550930141510e-01,9.757166799779756e-10
1.722680852065430e-01,9.755378947743325e-10
1.724810773989350e-01,9.753593562358969e-10
1.726940695913270e-01,9.751810637384861e-10
1.729070617837190e-01,9.750030166579178e-10
1.731200539761110e-01,9.748252143700099e-10
1.733330461685030e-01,9.746476562505798e-10
1.735460383608950e-01,9.744703416754456e-10
1.737590305532860e-01,9.742932700204252e-10
1.739720227456780e-01,9.741164406617455e-10
1.741850149380700e-01,9.739398529772761e-10
1.743980071304620e-01,9.737635063452965e-10
1.746109993228540e-01,9.735874001440859e-10
1.748239915152460e-01,9.734115337519236e-10
1.750369837076380e-01,9.732359065470882e-10
1.752499759000290e-01,9.730605179078605e-10
1.754629680924210e-01,9.728853672125173e-10
1.756759602848130e-01,9.727104538393394e-10
1.758889524772050e-01,9.725357771666054e-10
1.761019446695970e-01,9.723613365677815e-10
1.763149368619890e-01,9.721871313970679e-10
1.765279290543810e-01,9.720131610038454e-10
1.767409212467730e-01,9.718394247374947e-10
1.769539134391640e-01,9.716659219473968e-10
1.771669056315560e-01,9.714926519829312e-10
1.773798978239480e-01,9.713196141934790e-10
1.775928900163400e-01,9.711468079284208e-10
1.778058822087320e-01,9.709742325371377e-10
1.780188744011240e-01,9.708018873690097e-10
1.782318665935160e-01,9.706297718021738e-10
1.784448587859070e-01,9.704578853298324e-10
1.786578509782990e-01,9.702862274739632e-10
1.788708431706910e-01,9.701147977565449e-10
1.790838353630830e-01,9.699435956995568e-10
1.792968275554750e-01,9.697726208249769e-10
1.795098197478670e-01,9.696018726547846e-10
1.797228119402590e-01,9.694313507109581e-10
1.799358041326510e-01,9.692610545154761e-10
1.801487963250420e-01,9.690909835903181e-10
1.803617885174340e-01,9.689211374376628e-10
1.805747807098260e-01,9.687515154804931e-10
1.807877729022180e-01,9.685821171219908e-10
1.810007650946100e-01,9.684129417653379e-10
1.812137572870020e-01,9.682439888137156e-10
1.814267494793940e-01,9.680752576703062e-10
1.816397416717860e-01,9.679067477382916e-10
1.818527338641770e-01,9.677384584208537e-10
1.820657260565690e-01,9.675703891211730e-10
1.822787182489610e-01,9.674025392424324e-10
1.824917104413530e-01,9.672349082076979e-10
1.827047026337450e-01,9.670674955195544e-10
1.829176948261370e-01,9.669003007004621e-10
1.831306870185290e-01,9.667333232728798e-10
1.833436792109200e-01,9.665665627592682e-10
1.835566714033120e-01,9.664000186820852e-10
1.837696635957040e-01,9.662336905637910e-10
1.839826557880960e-01,9.660675779268452e-10
1.841956479804880e-01,9.659016802937072e-10
1.844086401728800e-01,9.657359971868367e-10
1.846216323652720e-01,9.655705281037462e-10
1.848346245576640e-01,9.654052724422186e-10
1.850476167500550e-01,9.652402295751183e-10
1.852606089424470e-01,9.650753988753083e-10
1.854736011348390e-01,9.649107797156528e-10
1.856865933272310e-01,9.647463714690161e-10
1.858995855196230e-01,9.645821735082619e-10
1.861125777120150e-01,9.644181852062549e-10
1.863255699044070e-01,9.642544059358586e-10
1.865385620967990e-01,9.640908350699371e-10
1.867515542891900e-01,9.639274720202599e-10
1.869645464815820e-01,9.637643163542955e-10
1.871775386739740e-01,9.636013676784609e-10
1.873905308663660e-01,9.634386255991723e-10
1.876035230587580e-01,9.632760897228461e-10
1.878165152511500e-01,9.631137596558987e-10
1.880295074435420e-01,9.629516350047460e-10
1.882424996359330e-01,9.627897153758049e-10
1.884554918283250e-01,9.626280003754908e-10
1.886684840207170e-01,9.624664896102203e-10
1.888814762131090e-01,9.623051826569130e-10
1.890944684055010e-01,9.621440789744771e-10
1.893074605978930e-01,9.619831779923104e-10
1.895204527902850e-01,9.618224791398109e-10
1.897334449826770e-01,9.616619818463766e-10
1.899464371750680e-01,9.615016855414060e-10
1.901594293674600e-01,9.613415896542960e-10
1.903724215598520e-01,9.611816936144450e-10
1.905854137522440e-01,9.610219968512510e-10
1.907984059446360e-01,9.608624987941122e-10
1.910113981370280e-01,9.607031989165838e-10
1.912243903294200e-01,9.605440968688353e-10
1.914373825218110e-01,9.603851923451866e-10
1.916503747142030e-01,9.602264850399560e-10
1.918633669065950e-01,9.600679746474634e-10
1.920763590989870e-01,9.599096608620283e-10
1.922893512913790e-01,9.597515433779698e-10
1.925023434837710e-01,9.595936218896075e-10
1.927153356761630e-01,9.594358960912607e-10
1.929283278685550e-01,9.592783656772490e-10
1.931413200609460e-01,9.591210302894927e-10
1.933543122533380e-01,9.589638893603943e-10
1.935673044457300e-01,9.588069422699998e-10
1.937802966381220e-01,9.586501883983552e-10
1.939932888305140e-01,9.584936271255053e-10
1.942062810229060e-01,9.583372578314956e-10
1.944192732152980e-01,9.581810798963720e-10
1.946322654076900e-01,9.580250927001794e-10
1.948452576000810e-01,9.578692956229644e-10
1.950582497924730e-01,9.577136880447705e-10
1.952712419848650e-01,9.575582693842524e-10
1.954842341772570e-01,9.574030392143882e-10
1.956972263696490e-01,9.572479971467091e-10
1.959102185620410e-01,9.570931427927476e-10
1.961232107544330e-01,9.569384757640354e-10
1.963362029468240e-01,9.567839956721051e-10
1.965491951392160e-01,9.566297021284874e-10
1.967621873316080e-01,9.564755947447148e-10
1.969751795240000e-01,9.563216731323192e-10
1.971881717163920e-01,9.561679369028327e-10
1.974011639087840e-01,9.560143856870935e-10
1.976141561011760e-01,9.558610191931970e-10
1.978271482935680e-01,9.557078371485605e-10
1.980401404859590e-01,9.555548392806014e-10
1.982531326783510e-01,9.554020253167356e-10
1.984661248707430e-01,9.552493949843810e-10
1.986791170631350e-01,9.550969480109549e-10
1.988921092555270e-01,9.549446841238742e-10
1.991051014479190e-01,9.547926030505560e-10
1.993180936403110e-01,9.546407045184178e-10
1.995310858327020e-01,9.544889882077740e-10
1.997440780250940e-01,9.543374536105084e-10
1.999570702174860e-01,9.541861001713955e-10
2.001700624098780e-01,9.540349273352090e-10
2.003830546022700e-01,9.538839345467225e-10
2.005960467946620e-01,9.537331212507095e-10
2.008090389870540e-01,9.535824868919438e-10
2.010220311794460e-01,9.534320309151991e-10
2.012350233718370e-01,9.532817527652497e-10
2.014480155642290e-01,9.531316518868677e-10
2.016610077566210e-01,9.529817277693114e-10
2.018739999490130e-01,9.528319800797336e-10
2.020869921414050e-01,9.526824085297512e-10
2.022999843337970e-01,9.525330128309812e-10
2.025129765261890e-01,9.523837926950406e-10
2.027259687185810e-01,9.522347478335463e-10
2.029389609109720e-01,9.520858779581163e-10
2.031519531033640e-01,9.519371827803658e-10
2.033649452957560e-01,9.517886620119128e-10
2.035779374881480e-01,9.516403153643744e-10
2.037909296805400e-01,9.514921425103128e-10
2.040039218729320e-01,9.513441429661567e-10
2.042169140653240e-01,9.511963162093213e-10
2.044299062577150e-01,9.510486617172220e-10
2.046428984501070e-01,9.509011789672730e-10
2.048558906424990e-01,9.507538674368902e-10
2.050688828348910e-01,9.506067266034885e-10
2.052818750272830e-01,9.504597559444832e-10
2.054948672196750e-01,9.503129549372896e-10
2.057078594120670e-01,9.501663230593227e-10
2.059208516044590e-01,9.500198598569629e-10
2.061338437968500e-01,9.498735651526095e-10
2.063468359892420e-01,9.497274388377035e-10
2.065598281816340e-01,9.495814808036884e-10
2.067728203740260e-01,9.494356909420069e-10
2.069858125664180e-01,9.492900691441016e-10
2.071988047588100e-01,9.491446153014148e-10
2.074117969512020e-01,9.489993293053894e-10
2.076247891435940e-01,9.488542110474681e-10
2.078377813359850e-01,9.487092604190939e-10
2.080507735283770e-01,9.485644772202523e-10
2.082637657207690e-01,9.484198608850110e-10
2.084767579131610e-01,9.482754107559330e-10
2.086897501055530e-01,9.481311261755813e-10
2.089027422979450e-01,9.479870064865190e-10
2.091157344903370e-01,9.478430510313090e-10
2.093287266827280e-01,9.476992591525147e-10
2.095417188751200e-01,9.475556301926983e-10
2.097547110675120e-01,9.474121634944233e-10
2.099677032599040e-01,9.472688584002526e-10
2.101806954522960e-01,9.471257143322021e-10
2.103936876446880e-01,9.469827310300838e-10
2.106066798370800e-01,9.468399083131552e-10
2.108196720294720e-01,9.466972460006740e-10
2.110326642218630e-01,9.465547439118982e-10
2.112456564142550e-01,9.464124018660841e-10
2.114586486066470e-01,9.462702196824903e-10
2.116716407990390e-01,9.461281971803737e-10
2.118846329914310e-01,9.459863341789923e-10
2.120976251838230e-01,9.458446304976032e-10
2.123106173762150e-01,9.457030859327489e-10
2.125236095686060e-01,9.455617001901419e-10
2.127366017609980e-01,9.454204729527933e-10
2.129495939533900e-01,9.452794039037171e-10
2.131625861457820e-01,9.451384927259251e-10
2.133755783381740e-01,9.449977391024307e-10
2.135885705305660e-01,9.448571427162457e-10
2.138015627229580e-01,9.447167032503835e-10
2.140145549153500e-01,9.445764203878563e-10
2.142275471077410e-01,9.444362938116777e-10
2.144405393001330e-01,9.442963231723769e-10
2.146535314925250e-01,9.441565079906446e-10
2.148665236849170e-01,9.440168477547314e-10
2.150795158773090e-01,9.438773419528884e-10
2.152925080697010e-01,9.437379900733668e-10
2.155055002620930e-01,9.435987916044172e-10
2.157184924544850e-01,9.434597460342909e-10
2.159314846468760e-01,9.433208528512391e-10
2.161444768392680e-01,9.431821115435117e-10
2.163574690316600e-01,9.430435215993604e-10
2.165704612240520e-01,9.429050826049874e-10
2.167834534164440e-01,9.427667945385719e-10
2.169964456088360e-01,9.426286574763302e-10
2.172094378012280e-01,9.424906714944782e-10
2.174224299936190e-01,9.423528366692328e-10
2.176354221860110e-01,9.422151530768085e-10
2.178484143784030e-01,9.420776207934222e-10
2.180614065707950e-01,9.419402398952901e-10
2.182743987631870e-01,9.418030104586284e-10
2.184873909555790e-01,9.416659325596529e-10
2.187003831479710e-01,9.415290061467928e-10
2.189133753403630e-01,9.413922306572659e-10
2.191263675327540e-01,9.412556054004705e-10
2.193393597251460e-01,9.411191296858035e-10
2.195523519175380e-01,9.409828028226631e-10
2.197653441099300e-01,9.408466241204476e-10
2.199783363023220e-01,9.407105928885549e-10
2.201913284947140e-01,9.405747084363828e-10
2.204043206871060e-01,9.404389700733296e-10
2.206173128794970e-01,9.403033771087934e-10
2.208303050718890e-01,9.401679289507147e-10
2.210432972642810e-01,9.400326254011370e-10
2.212562894566730e-01,9.398974663606112e-10
2.214692816490650e-01,9.397624517296878e-10
2.216822738414570e-01,9.396275814089177e-10
2.218952660338490e-01,9.394928552988515e-10
2.221082582262410e-01,9.393582733000398e-10
2.223212504186320e-01,9.392238353130345e-10
2.225342426110240e-01,9.390895412383844e-10
2.227472348034160e-01,9.389553909766412e-10
2.229602269958080e-01,9.388213843876828e-10
2.231732191882000e-01,9.386875211687765e-10
2.233862113805920e-01,9.385538009765570e-10
2.235992035729840e-01,9.384202234676585e-10
2.238121957653760e-01,9.382867882987153e-10
2.240251879577670e-01,9.381534951263633e-10
2.242381801501590e-01,9.380203436072349e-10
2.244511723425510e-01,9.378873333979654e-10
2.246641645349430e-01,9.377544641551894e-10
2.248771567273350e-01,9.376217355355414e-10
2.250901489197270e-01,9.374891472098542e-10
2.253031411121190e-01,9.373566989057883e-10
2.255161333045100e-01,9.372243903652206e-10
2.257291254969020e-01,9.370922213300263e-10
2.259421176892940e-01,9.369601915420821e-10
2.261551098816860e-01,9.368283007432640e-10
2.263681020740780e-01,9.366965486754487e-10
2.265810942664700e-01,9.365649350805121e-10
2.267940864588620e-01,9.364334597003308e-10
2.270070786512540e-01,9.363021222767806e-10
2.272200708436450e-01,9.361709225491689e-10
2.274330630360370e-01,9.360398602465166e-10
2.276460552284290e-01,9.359089350952755e-10
2.278590474208210e-01,9.357781468218969e-10
2.280720396132130e-01,9.356474951528318e-10
2.282850318056050e-01,9.355169798145309e-10
2.284980239979970e-01,9.353866005334456e-10
2.287110161903880e-01,9.352563570360277e-10
2.289240083827800e-01,9.351262490487269e-10
2.291370005751720e-01,9.349962762979945e-10
2.293499927675640e-01,9.348664385124039e-10
2.295629849599560e-01,9.347367354290144e-10
2.297759771523480e-01,9.346071667870073e-10
2.299889693447400e-01,9.344777323255636e-10
2.302019615371320e-01,9.343484317838653e-10
2.304149537295230e-01,9.342192649010934e-10
2.306279459219150e-01,9.340902314164285e-10
2.308409381143070e-01,9.339613310690524e-10
2.310539303066990e-01,9.338325635981464e-10
2.312669224990910e-01,9.337039287428918e-10
2.314799146914830e-01,9.335754262431480e-10
2.316929068838750e-01,9.334470558414860e-10
2.319058990762670e-01,9.333188172811547e-10
2.321188912686580e-01,9.331907103054034e-10
2.323318834610500e-01,9.330627346574798e-10
2.325448756534420e-01,9.329348900806332e-10
2.327578678458340e-01,9.328071763181127e-10
2.329708600382260e-01,9.326795931131666e-10
2.331838522306180e-01,9.325521402090441e-10
2.333968444230100e-01,9.324248173489938e-10
2.336098366154010e-01,9.322976242792375e-10
2.338228288077930e-01,9.321705607578760e-10
2.340358210001850e-01,9.320436265459809e-10
2.342488131925770e-01,9.319168214046227e-10
2.344618053849690e-01,9.317901450948725e-10
2.346747975773610e-01,9.316635973778004e-10
2.348877897697530e-01,9.315371780144780e-10
2.351007819621450e-01,9.314108867659751e-10
2.353137741545360e-01,9.312847233933639e-10
2.355267663469280e-01,9.311586876577132e-10
2.357397585393200e-01,9.310327793185572e-10
2.359527507317120e-01,9.309069981292744e-10
2.361657429241040e-01,9.307813438417047e-10
2.363787351164960e-01,9.306558162076878e-10
2.365917273088880e-01,9.305304149790634e-10
2.368047195012800e-01,9.304051399076713e-10
2.370177116936710e-01,9.302799907453516e-10
2.372307038860630e-01,9.301549672439430e-10
2.374436960784550e-01,9.300300691552858e-10
2.376566882708470e-01,9.299052962312198e-10
2.378696804632390e-01,9.297806482274372e-10
2.380826726556310e-01,9.296561249150443e-10
2.382956648480230e-01,9.295317260690015e-10
2.385086570404140e-01,9.294074514642694e-10
2.387216492328060e-01,9.292833008758071e-10
2.389346414251980e-01,9.291592740785755e-10
2.391476336175900e-01,9.290353708475346e-10
2.393606258099820e-01,9.289115909576449e-10
2.395736180023740e-01,9.287879341838662e-10
2.397866101947660e-01,9.286644003011591e-10
2.399996023871580e-01,9.285409890905910e-10
2.402125945795490e-01,9.284177003576550e-10
2.404255867719410e-01,9.282945339139488e-10
2.406385789643330e-01,9.281714895710710e-10
2.408515711567250e-01,9.280485671406202e-10
2.410645633491170e-01,9.279257664341947e-10
2.412775555415090e-01,9.278030872633927e-10
2.414905477339010e-01,9.276805294398127e-10
2.417035399262920e-01,9.275580927750538e-10
2.419165321186840e-01,9.274357770807129e-10
2.421295243110760e-01,9.273135821026578e-10
2.423425165034680e-01,9.271915073239486e-10
2.425555086958600e-01,9.270695521619737e-10
2.427685008882520e-01,9.269477160341212e-10
2.429814930806440e-01,9.268259983577795e-10
2.431944852730360e-01,9.267043985503368e-10
2.434074774654270e-01,9.265829160291818e-10
2.436204696578190e-01,9.264615502117020e-10
2.438334618502110e-01,9.263403005152860e-10
2.440464540426030e-01,9.262191663573220e-10
2.442594462349950e-01,9.260981474558937e-10
2.444724384273870e-01,9.259772447326432e-10
2.446854306197790e-01,9.258564594102978e-10
2.448984228121710e-01,9.257357927115844e-10
2.451114150045620e-01,9.256152458592308e-10
2.453244071969540e-01,9.254948200759628e-10
2.455373993893460e-01,9.253745165845084e-10
2.457503915817380e-01,9.252543366075944e-10
2.459633837741300e-01,9.251342813679477e-10
2.461763759665220e-01,9.250143520882958e-10
2.463893681589140e-01,9.248945488905427e-10
2.466023603513050e-01,9.247748674918106e-10
2.468153525436970e-01,9.246553025076519e-10
2.470283447360890e-01,9.245358485536206e-10
2.472413369284810e-01,9.244165002452696e-10
2.474543291208730e-01,9.242972521981526e-10
2.476673213132650e-01,9.241780990278227e-10
2.478803135056570e-01,9.240590353498333e-10
2.480933056980490e-01,9.239400557797379e-10
2.483062978904400e-01,9.238211549330902e-10
2.485192900828320e-01,9.237023314952460e-10
2.487322822752240e-01,9.235836004312599e-10
2.489452744676160e-01,9.234649807762315e-10
2.491582666600080e-01,9.233464915652607e-10
2.493712588524000e-01,9.232281518334468e-10
2.495842510447920e-01,9.231099806158896e-10
2.497972432371830e-01,9.229919969476891e-10
2.500102354295750e-01,9.228742198639437e-10
2.502232276219670e-01,9.227566683997537e-10
2.504362198143590e-01,9.226393615902187e-10
2.506492120067510e-01,9.225223032769664e-10
2.508622041991430e-01,9.224054365446977e-10
2.510751963915350e-01,9.222886892931196e-10
2.512881885839270e-01,9.221719894219390e-10
2.515011807763180e-01,9.220552648308637e-10
2.517141729687100e-01,9.219384434195997e-10
2.519271651611020e-01,9.218214530878546e-10
2.521401573534940e-01,9.217042217353354e-10
2.523531495458860e-01,9.215866772617495e-10
2.525661417382780e-01,9.214687475668037e-10
2.527791339306700e-01,9.213504173117829e-10
2.529921261230620e-01,9.212318980708438e-10
2.532051183154530e-01,9.211134581130226e-10
2.534181105078450e-01,9.209953657073533e-10
2.536311027002370e-01,9.208778891228717e-10
2.538440948926290e-01,9.207612966286130e-10
2.540570870850210e-01,9.206458564936126e-10
2.542700792774130e-01,9.205318369869059e-10
2.544830714698050e-01,9.204195063775278e-10
2.546960636621960e-01,9.203091329345144e-10
2.549090558545880e-01,9.202007732436849e-10
2.551220480469800e-01,9.200936367245147e-10
2.553350402393720e-01,9.199867208964662e-10
2.555480324317640e-01,9.198790232790016e-10
2.557610246241560e-01,9.197695413915830e-10
2.559740168165480e-01,9.196572727536730e-10
2.561870090089400e-01,9.195412148847336e-10
2.564000012013310e-01,9.194203653042274e-10
2.566129933937230e-01,9.192937215316156e-10
2.568259855861150e-01,9.191602810863614e-10
2.570389777785070e-01,9.190194718757288e-10
2.572519699708990e-01,9.188724437077372e-10
2.574649621632910e-01,9.187207769529978e-10
2.576779543556830e-01,9.185660519821219e-10
2.578909465480740e-01,9.184098491657218e-10
2.581039387404660e-01,9.182537488744072e-10
2.583169309328580e-01,9.180993314787904e-10
2.585299231252500e-01,9.179481773494825e-10
2.587429153176420e-01,9.178018668570951e-10
2.589559075100340e-01,9.176619803722398e-10
2.591688997024260e-01,9.175296678503019e-10
2.593818918948180e-01,9.174043577678711e-10
2.595948840872090e-01,9.172850482773594e-10
2.598078762796010e-01,9.171707375311774e-10
2.600208684719930e-01,9.170604236817378e-10
2.602338606643850e-01,9.169531048814522e-10
2.604468528567770e-01,9.168477792827323e-10
2.606598450491690e-01,9.167434450379901e-10
2.608728372415610e-01,9.166391002996372e-10
2.610858294339530e-01,9.165337432200853e-10
2.612988216263440e-01,9.164265837100553e-10
2.615118138187360e-01,9.163176783624091e-10
2.617248060111280e-01,9.162072953528118e-10
2.619377982035200e-01,9.160957028569272e-10
2.621507903959120e-01,9.159831690504189e-10
2.623637825883040e-01,9.158699621089512e-10
2.625767747806960e-01,9.157563502081879e-10
2.627897669730870e-01,9.156426015237937e-10
2.630027591654790e-01,9.155289842314310e-10
2.632157513578710e-01,9.154157665067647e-10
2.634287435502630e-01,9.153031598600502e-10
2.636417357426550e-01,9.151911489845659e-10
2.638547279350470e-01,9.150796618304821e-10
2.640677201274390e-01,9.149686263479699e-10
2.642807123198310e-01,9.148579704872000e-10
2.644937045122220e-01,9.147476221983435e-10
2.647066967046140e-01,9.146375094315703e-10
2.649196888970060e-01,9.145275601370516e-10
2.651326810893980e-01,9.144177022649581e-10
2.653456732817900e-01,9.143078637654605e-10
2.655586654741820e-01,9.141979877612693e-10
2.657716576665740e-01,9.140880780880966e-10
2.659846498589660e-01,9.139781537656181e-10
2.661976420513570e-01,9.138682338135096e-10
2.664106342437490e-01,9.137583372514462e-10
2.666236264361410e-01,9.136484830991040e-10
2.668366186285330e-01,9.135386903761585e-10
2.670496108209250e-01,9.134289781022855e-10
2.672626030133170e-01,9.133193652971607e-10
2.674755952057090e-01,9.132098709804596e-10
2.676885873981000e-01,9.131005101309535e-10
2.679015795904920e-01,9.129912815627006e-10
2.681145717828840e-01,9.128821800483098e-10
2.683275639752760e-01,9.127732003603897e-10
2.685405561676680e-01,9.126643372715486e-10
2.687535483600600e-01,9.125555855543950e-10
2.689665405524520e-01,9.124469399815373e-10
2.691795327448440e-01,9.123383953255841e-10
2.693925249372350e-01,9.122299463591443e-10
2.696055171296270e-01,9.121215878548254e-10
2.698185093220190e-01,9.120133156476059e-10
2.700315015144110e-01,9.119051298209185e-10
2.702444937068030e-01,9.117970315200529e-10
2.704574858991950e-01,9.116890218902987e-10
2.706704780915870e-01,9.115811020769456e-10
2.708834702839780e-01,9.114732732252839e-10
2.710964624763700e-01,9.113655364806020e-10
2.713094546687620e-01,9.112578929881906e-10
2.715224468611540e-01,9.111503438933392e-10
2.717354390535460e-01,9.110428903413375e-10
2.719484312459380e-01,9.109355332229910e-10
2.721614234383300e-01,9.108282724117286e-10
2.723744156307220e-01,9.107211075267753e-10
2.725874078231130e-01,9.106140381873559e-10
2.728004000155050e-01,9.105070640126943e-10
2.730133922078970e-01,9.104001846220156e-10
2.732263844002890e-01,9.102933996345443e-10
2.734393765926810e-01,9.101867086695052e-10
2.736523687850730e-01,9.100801113461230e-10
2.738653609774650e-01,9.099736072836223e-10
2.740783531698570e-01,9.098671960511593e-10
2.742913453622480e-01,9.097608770175069e-10
2.745043375546400e-01,9.096546495013135e-10
2.747173297470320e-01,9.095485128212283e-10
2.749303219394240e-01,9.094424662959005e-10
2.751433141318160e-01,9.093365092439791e-10
2.753563063242080e-01,9.092306409841131e-10
2.755692985166000e-01,9.091248608349518e-10
2.757822907089910e-01,9.090191681151443e-10
2.759952829013830e-01,9.089135621433391e-10
2.762082750937750e-01,9.088080427892602e-10
2.764212672861670e-01,9.087026121274622e-10
2.766342594785590e-01,9.085972727838394e-10
2.768472516709510e-01,9.084920273842863e-10
2.770602438633430e-01,9.083868785546978e-10
2.772732360557350e-01,9.082818289209682e-10
2.774862282481260e-01,9.081768811089926e-10
2.776992204405180e-01,9.080720377446649e-10
2.779122126329100e-01,9.079673014538796e-10
2.781252048253020e-01,9.078626748625317e-10
2.783381970176940e-01,9.077581582866025e-10
2.785511892100860e-01,9.076537428030483e-10
