7.791356504680618e-06,3.352748596503422e-09
8.610780621332552e-06,3.298136940869938e-09
9.516384324626089e-06,3.245691459696762e-09
1.051723120080771e-05,3.195224282168339e-09
1.162333806181051e-05,3.146551419033907e-09
1.284577519687474e-05,3.099497657462223e-09
1.419677716772344e-05,3.053901183035180e-09
1.568986525616830e-05,3.009614779452122e-09
1.733998278964274e-05,2.966507225075335e-09
1.916364469904539e-05,2.924462832023087e-09
2.117910280571951e-05,2.883380814468243e-09
2.340652849181556e-05,2.843173404266879e-09
2.586821458226360e-05,2.803765327339789e-09
2.858879845885812e-05,2.765090651734323e-09
3.159550863945590e-05,2.727092401229140e-09
3.491843729013453e-05,2.689720543199208e-09
3.859084139770492e-05,2.652931580368764e-09
4.264947561681323e-05,2.616688738759614e-09
4.713496012287843e-05,2.580962453219360e-09
5.209218715246060e-05,2.545731273720932e-09
5.757077029985334e-05,2.510981761991664e-09
6.362554106661115e-05,2.476706999496899e-09
7.031709763364645e-05,2.442902965644941e-09
7.771241134819200e-05,2.409563752792873e-09
8.588549699555374e-05,2.376679721427061e-09
9.491815356395940e-05,2.344241554560374e-09
1.049007829163263e-04,2.312245628248447e-09
1.159332945624905e-04,2.280691854165682e-09
1.281261055871622e-04,2.249576188429857e-09
1.416012457412214e-04,2.218892255729844e-09
1.564935787564811e-04,2.188638337087158e-09
1.729521521072439e-04,2.158811382819139e-09
1.911416887275217e-04,2.129406518296327e-09
2.112442356135248e-04,2.100421714004995e-09
2.334609858111876e-04,2.071851931923972e-09
2.580142920237960e-04,2.043694429264636e-09
2.851498919925769e-04,2.015944864178291e-09
3.151393679226079e-04,1.988599562565979e-09
3.482828645688079e-04,1.961654578880117e-09
3.849120931855259e-04,1.935106069720310e-09
4.253936514042669e-04,1.908949872237575e-09
4.701326922660057e-04,1.883182112857365e-09
5.195769791289974e-04,1.857798651216113e-09
5.742213670349657e-04,1.832795444570382e-09
6.346127553846864e-04,1.808168480421338e-09
7.013555614910102e-04,1.783913292236115e-09
7.751177697904812e-04,1.760022891954878e-09
8.566376172560946e-04,1.736489861114792e-09
9.467309819210534e-04,1.713306747541978e-09
1.046299548460350e-03,1.690466416791434e-09
1.156339832554060e-03,1.667961738886103e-09
1.277953154351212e-03,1.645672666360562e-09
1.405748469786333e-03,1.624726904588160e-09
1.533543785221454e-03,1.605958882610353e-09
1.661339100656575e-03,1.589002725118000e-09
1.789134416091696e-03,1.573492556801961e-09
1.916929731526817e-03,1.559112609559012e-09
2.000000000000000e-03,1.550313611774681e-09
2.044725046961939e-03,1.545747236706158e-09
2.172520362397060e-03,1.533314588730981e-09
2.300315677832181e-03,1.521708633656763e-09
2.428110993267302e-03,1.510821382382226e-09
2.555906308702423e-03,1.500554977887052e-09
2.683701624137544e-03,1.490852091481168e-09
2.811496939572665e-03,1.481665526558666e-09
2.939292255007787e-03,1.472948086513636e-09
3.067087570442908e-03,1.464652574740170e-09
3.194882885878029e-03,1.456735555183233e-09
3.322678201313150e-03,1.449168634142972e-09
3.450473516748271e-03,1.441927178546250e-09
3.578268832183392e-03,1.434986555319931e-09
3.706064147618514e-03,1.428322131390880e-09
3.833859463053635e-03,1.421910981693324e-09
3.961654778488756e-03,1.415737013167279e-09
4.089450093923877e-03,1.409785840748285e-09
4.217245409358998e-03,1.404043079371885e-09
4.345040724794119e-03,1.398494343973619e-09
4.472836040229241e-03,1.393126135232432e-09
4.600631355664362e-03,1.387928496823764e-09
4.728426671099482e-03,1.382892358177904e-09
4.856221986534604e-03,1.378008648725140e-09
4.984017301969726e-03,1.373268297895759e-09
5.111812617404846e-03,1.368662733890565e-09
5.239607932839968e-03,1.364185379978268e-09
5.367403248275089e-03,1.359830158191023e-09
5.495198563710209e-03,1.355590990560985e-09
5.622993879145331e-03,1.351461799120309e-09
5.750789194580453e-03,1.347436810927330e-09
5.878584510015573e-03,1.343511473148567e-09
6.006379825450694e-03,1.339681537978454e-09
6.134175140885816e-03,1.335942757611422e-09
6.261970456320937e-03,1.332290884241901e-09
6.389765771756058e-03,1.328721862909419e-09
6.517561087191179e-03,1.325232410025613e-09
6.645356402626300e-03,1.321819434843082e-09
6.773151718061422e-03,1.318479846614427e-09
6.900947033496543e-03,1.315210554592248e-09
7.028742348931663e-03,1.312008597995529e-09
7.156537664366785e-03,1.308871535908382e-09
7.284332979801906e-03,1.305797057381099e-09
7.412128295237027e-03,1.302782851463972e-09
7.539923610672148e-03,1.299826607207294e-09
7.667718926107269e-03,1.296926104525239e-09
7.795514241542391e-03,1.294079486790837e-09
7.923309556977513e-03,1.291284988242662e-09
8.051104872412632e-03,1.288540843119289e-09
8.178900187847754e-03,1.285845285659289e-09
8.306695503282877e-03,1.283196612347380e-09
8.434490818717996e-03,1.280593368651757e-09
8.562286134153118e-03,1.278034162286204e-09
8.690081449588239e-03,1.275517600964509e-09
8.817876765023359e-03,1.273042292400459e-09
8.945672080458482e-03,1.270606893995087e-09
9.073467395893601e-03,1.268210261899501e-09
9.201262711328723e-03,1.265851301952606e-09
9.329058026763846e-03,1.263528919993303e-09
9.456853342198965e-03,1.261242021860495e-09
9.584648657634087e-03,1.258989542061577e-09
9.712443973069206e-03,1.256770529776984e-09
9.840239288504329e-03,1.254584062855179e-09
9.968034603939451e-03,1.252429219144628e-09
1.009582991937457e-02,1.250305076493797e-09
1.022362523480969e-02,1.248210754284090e-09
1.035142055024482e-02,1.246145538028978e-09
1.047921586567993e-02,1.244108754775033e-09
1.060701118111506e-02,1.242099731568822e-09
1.073480649655018e-02,1.240117795456917e-09
1.086260181198530e-02,1.238162273485886e-09
1.099039712742042e-02,1.236232492702298e-09
1.111819244285554e-02,1.234327780152723e-09
1.124598775829066e-02,1.232447462883731e-09
1.137378307372578e-02,1.230590867941890e-09
1.150157838916090e-02,1.228757357294736e-09
1.162937370459603e-02,1.226946432583588e-09
1.175716902003114e-02,1.225157630365690e-09
1.188496433546627e-02,1.223390487198288e-09
1.201275965090139e-02,1.221644539638627e-09
1.214055496633651e-02,1.219919324243951e-09
1.226835028177163e-02,1.218214377571507e-09
1.239614559720675e-02,1.216529236178539e-09
1.252394091264187e-02,1.214863436622292e-09
1.265173622807700e-02,1.213216515460012e-09
1.277953154351211e-02,1.211588029757534e-09
1.290732685894724e-02,1.209977618622315e-09
1.303512217438236e-02,1.208384941674039e-09
1.316291748981748e-02,1.206809658532386e-09
1.329071280525260e-02,1.205251428817036e-09
1.341850812068772e-02,1.203709912147671e-09
1.354630343612284e-02,1.202184768143973e-09
1.367409875155796e-02,1.200675656425622e-09
1.380189406699308e-02,1.199182236612300e-09
1.392968938242821e-02,1.197704168323687e-09
1.405748469786333e-02,1.196241125457408e-09
1.418528001329845e-02,1.194792839023686e-09
1.431307532873357e-02,1.193359054311100e-09
1.444087064416869e-02,1.191939516608228e-09
1.456866595960381e-02,1.190533971203653e-09
1.469646127503893e-02,1.189142163385953e-09
1.482425659047405e-02,1.187763838443707e-09
1.495205190590917e-02,1.186398741665496e-09
1.507984722134430e-02,1.185046618339899e-09
1.520764253677942e-02,1.183707213755495e-09
1.533543785221454e-02,1.182380282942010e-09
1.546323316764966e-02,1.181065619891433e-09
1.559102848308478e-02,1.179763028335739e-09
1.571882379851990e-02,1.178472312006902e-09
1.584661911395502e-02,1.177193274636897e-09
1.597441442939014e-02,1.175925719957698e-09
1.610220974482527e-02,1.174669451701280e-09
1.623000506026039e-02,1.173424273599617e-09
1.635780037569551e-02,1.172189989384685e-09
1.648559569113063e-02,1.170966402788457e-09
1.661339100656575e-02,1.169753324662783e-09
1.674118632200087e-02,1.168550594341889e-09
1.686898163743599e-02,1.167358058281319e-09
1.699677695287111e-02,1.166175562936613e-09
1.712457226830624e-02,1.165002954763314e-09
1.725236758374135e-02,1.163840080216964e-09
1.738016289917648e-02,1.162686785753104e-09
1.750795821461160e-02,1.161542917827277e-09
1.763575353004672e-02,1.160408322895025e-09
1.776354884548184e-02,1.159282847411890e-09
1.789134416091696e-02,1.158166342900645e-09
1.801913947635208e-02,1.157058681153541e-09
1.814693479178720e-02,1.155959739030334e-09
1.827473010722232e-02,1.154869393390780e-09
1.840252542265745e-02,1.153787521094637e-09
1.853032073809257e-02,1.152713999001660e-09
1.865811605352769e-02,1.151648703971606e-09
1.878591136896281e-02,1.150591512864231e-09
1.891370668439793e-02,1.149542302539293e-09
1.904150199983305e-02,1.148500949856547e-09
1.916929731526817e-02,1.147467335668895e-09
1.929709263070329e-02,1.146441356801060e-09
1.942488794613842e-02,1.145422914070537e-09
1.955268326157353e-02,1.144411908294821e-09
1.968047857700866e-02,1.143408240291404e-09
1.980827389244378e-02,1.142411810877783e-09
1.993606920787890e-02,1.141422520871449e-09
2.006386452331402e-02,1.140440271089898e-09
2.019165983874914e-02,1.139464962350623e-09
2.031945515418426e-02,1.138496495471119e-09
2.044725046961939e-02,1.137534774106291e-09
2.057504578505450e-02,1.136579713261986e-09
2.070284110048963e-02,1.135631230782105e-09
2.083063641592475e-02,1.134689244510551e-09
2.095843173135987e-02,1.133753672291228e-09
2.108622704679499e-02,1.132824431968038e-09
2.121402236223011e-02,1.131901441384885e-09
2.134181767766523e-02,1.130984618385670e-09
2.146961299310035e-02,1.130073880814296e-09
2.159740830853547e-02,1.129169146514668e-09
2.172520362397060e-02,1.128270335757863e-09
2.185299893940572e-02,1.127377378524055e-09
2.198079425484084e-02,1.126490207220784e-09
2.210858957027596e-02,1.125608754255592e-09
2.223638488571108e-02,1.124732952036021e-09
2.236418020114620e-02,1.123862732969611e-09
2.249197551658132e-02,1.122998029463905e-09
2.261977083201644e-02,1.122138773926444e-09
2.274756614745157e-02,1.121284898764769e-09
2.287536146288669e-02,1.120436336386422e-09
2.300315677832181e-02,1.119593020922515e-09
2.313095209375693e-02,1.118754893398209e-09
2.325874740919205e-02,1.117921896562117e-09
2.338654272462717e-02,1.117093973162853e-09
2.351433804006229e-02,1.116271065949029e-09
2.364213335549741e-02,1.115453117669259e-09
2.376992867093253e-02,1.114640071072156e-09
2.389772398636766e-02,1.113831868906334e-09
2.402551930180278e-02,1.113028453920405e-09
2.415331461723790e-02,1.112229768862984e-09
2.428110993267302e-02,1.111435757974647e-09
2.440890524810814e-02,1.110646371463183e-09
2.453670056354326e-02,1.109861561028023e-09
2.466449587897838e-02,1.109081278368596e-09
2.479229119441350e-02,1.108305475184332e-09
2.492008650984863e-02,1.107534103174660e-09
2.504788182528375e-02,1.106767114039010e-09
2.517567714071887e-02,1.106004459476813e-09
2.530347245615399e-02,1.105246091187498e-09
2.543126777158911e-02,1.104491960870494e-09
2.555906308702423e-02,1.103742021372273e-09
2.568685840245935e-02,1.102996230127711e-09
2.581465371789447e-02,1.102254545718846e-09
2.594244903332960e-02,1.101516926727718e-09
2.607024434876471e-02,1.100783331736363e-09
2.619803966419984e-02,1.100053719326819e-09
2.632583497963496e-02,1.099328048081126e-09
2.645363029507008e-02,1.098606276581320e-09
2.658142561050520e-02,1.097888363409440e-09
2.670922092594032e-02,1.097174267147524e-09
2.683701624137544e-02,1.096463947388639e-09
2.696481155681056e-02,1.095757367769883e-09
2.709260687224568e-02,1.095054492939337e-09
2.722040218768081e-02,1.094355287545085e-09
2.734819750311593e-02,1.093659716235209e-09
2.747599281855105e-02,1.092967743657791e-09
2.760378813398617e-02,1.092279334460915e-09
2.773158344942129e-02,1.091594453292661e-09
2.785937876485641e-02,1.090913064801114e-09
2.798717408029153e-02,1.090235133634354e-09
2.811496939572665e-02,1.089560625122386e-09
2.824276471116178e-02,1.088889507322628e-09
2.837056002659689e-02,1.088221748974291e-09
2.849835534203202e-02,1.087557318816583e-09
2.862615065746714e-02,1.086896185588714e-09
2.875394597290226e-02,1.086238318029893e-09
2.888174128833738e-02,1.085583684879330e-09
2.900953660377250e-02,1.084932254876233e-09
2.913733191920762e-02,1.084283996759812e-09
2.926512723464274e-02,1.083638879269277e-09
2.939292255007787e-02,1.082996871951283e-09
2.952071786551299e-02,1.082357947582486e-09
2.964851318094811e-02,1.081722079747093e-09
2.977630849638323e-02,1.081089242029308e-09
2.990410381181835e-02,1.080459408013340e-09
3.003189912725347e-02,1.079832551283395e-09
3.015969444268859e-02,1.079208645423678e-09
3.028748975812371e-02,1.078587664018398e-09
3.041528507355883e-02,1.077969580651760e-09
3.054308038899396e-02,1.077354368907970e-09
3.067087570442908e-02,1.076742002772295e-09
3.079867101986420e-02,1.076132457834221e-09
3.092646633529932e-02,1.075525710084286e-09
3.105426165073444e-02,1.074921735513028e-09
3.118205696616956e-02,1.074320510110985e-09
3.130985228160468e-02,1.073722009868695e-09
3.143764759703981e-02,1.073126210776696e-09
3.156544291247493e-02,1.072533088825526e-09
3.169323822791005e-02,1.071942620005723e-09
3.182103354334517e-02,1.071354780307826e-09
3.194882885878029e-02,1.070769546269611e-09
3.207662417421541e-02,1.070186896617628e-09
3.220441948965053e-02,1.069606810625575e-09
3.233221480508566e-02,1.069029267567150e-09
3.246001012052077e-02,1.068454246716050e-09
3.258780543595589e-02,1.067881727345974e-09
3.271560075139102e-02,1.067311688730618e-09
3.284339606682614e-02,1.066744110143681e-09
3.297119138226126e-02,1.066178970858861e-09
3.309898669769638e-02,1.065616250149855e-09
3.322678201313150e-02,1.065055927682836e-09
3.335457732856662e-02,1.064497984693992e-09
3.348237264400174e-02,1.063942402812046e-09
3.361016795943687e-02,1.063389163665724e-09
3.373796327487198e-02,1.062838248883748e-09
3.386575859030710e-02,1.062289640094844e-09
3.399355390574223e-02,1.061743318927734e-09
3.412134922117735e-02,1.061199267011142e-09
3.424914453661247e-02,1.060657465973793e-09
3.437693985204759e-02,1.060117897444411e-09
3.450473516748271e-02,1.059580543354972e-09
3.463253048291783e-02,1.059045386850473e-09
3.476032579835295e-02,1.058512411379165e-09
3.488812111378808e-02,1.057981600389299e-09
3.501591642922319e-02,1.057452937329128e-09
3.514371174465832e-02,1.056926405646902e-09
3.527150706009344e-02,1.056401988790873e-09
3.539930237552856e-02,1.055879670209292e-09
3.552709769096368e-02,1.055359433350412e-09
3.565489300639881e-02,1.054841261662483e-09
3.578268832183392e-02,1.054325138919185e-09
3.591048363726904e-02,1.053811050195820e-09
3.603827895270417e-02,1.053298980893072e-09
3.616607426813929e-02,1.052788916411626e-09
3.629386958357441e-02,1.052280842152165e-09
3.642166489900953e-02,1.051774743515375e-09
3.654946021444465e-02,1.051270605901938e-09
3.667725552987977e-02,1.050768414712540e-09
3.680505084531489e-02,1.050268155347865e-09
3.693284616075002e-02,1.049769813208597e-09
3.706064147618514e-02,1.049273373921728e-09
3.718843679162025e-02,1.048778824019567e-09
3.731623210705538e-02,1.048286150260773e-09
3.744402742249050e-02,1.047795339404004e-09
3.757182273792562e-02,1.047306378207917e-09
3.769961805336074e-02,1.046819253431172e-09
3.782741336879586e-02,1.046333951832425e-09
3.795520868423098e-02,1.045850460170335e-09
3.808300399966610e-02,1.045368765203560e-09
3.821079931510123e-02,1.044888853690759e-09
3.833859463053635e-02,1.044410712595367e-09
3.846638994597146e-02,1.043934329699951e-09
3.859418526140659e-02,1.043459692991858e-09
3.872198057684171e-02,1.042986790458441e-09
3.884977589227683e-02,1.042515610087048e-09
3.897757120771195e-02,1.042046139865029e-09
3.910536652314707e-02,1.041578367779735e-09
3.923316183858219e-02,1.041112281818515e-09
3.936095715401731e-02,1.040647869968719e-09
3.948875246945244e-02,1.040185120217698e-09
3.961654778488756e-02,1.039724020819633e-09
3.974434310032268e-02,1.039264561095975e-09
3.987213841575780e-02,1.038806730634978e-09
3.999993373119292e-02,1.038350519024894e-09
4.012772904662804e-02,1.037895915853975e-09
4.025552436206317e-02,1.037442910710474e-09
4.038331967749829e-02,1.036991493182644e-09
4.051111499293340e-02,1.036541652858737e-09
4.063891030836853e-02,1.036093379327006e-09
4.076670562380365e-02,1.035646662175704e-09
4.089450093923877e-02,1.035201491042526e-09
4.102229625467389e-02,1.034757855762964e-09
4.115009157010902e-02,1.034315746221962e-09
4.127788688554413e-02,1.033875152304465e-09
4.140568220097925e-02,1.033436063895417e-09
4.153347751641438e-02,1.032998470879765e-09
4.166127283184950e-02,1.032562363142450e-09
4.178906814728462e-02,1.032127730568420e-09
4.191686346271974e-02,1.031694563042618e-09
4.204465877815486e-02,1.031262850449990e-09
4.217245409358998e-02,1.030832582920065e-09
4.230024940902510e-02,1.030403751560750e-09
4.242804472446023e-02,1.029976347724549e-09
4.255584003989534e-02,1.029550362763968e-09
4.268363535533046e-02,1.029125788031513e-09
4.281143067076559e-02,1.028702614879688e-09
4.293922598620071e-02,1.028280834660999e-09
4.306702130163583e-02,1.027860438727952e-09
4.319481661707095e-02,1.027441418433052e-09
4.332261193250607e-02,1.027023765128804e-09
4.345040724794119e-02,1.026607470254807e-09
4.357820256337631e-02,1.026192525599021e-09
4.370599787881144e-02,1.025778923036489e-09
4.383379319424656e-02,1.025366654442255e-09
4.396158850968167e-02,1.024955711691365e-09
4.408938382511680e-02,1.024546086658863e-09
4.421717914055192e-02,1.024137771219792e-09
4.434497445598704e-02,1.023730757249197e-09
4.447276977142216e-02,1.023325036622124e-09
4.460056508685728e-02,1.022920601213615e-09
4.472836040229240e-02,1.022517443008613e-09
4.485615571772752e-02,1.022115554431695e-09
4.498395103316265e-02,1.021714928017364e-09
4.511174634859777e-02,1.021315556300121e-09
4.523954166403289e-02,1.020917431814465e-09
4.536733697946801e-02,1.020520547094899e-09
4.549513229490313e-02,1.020124894675924e-09
4.562292761033825e-02,1.019730467092040e-09
4.575072292577338e-02,1.019337256877749e-09
4.587851824120850e-02,1.018945256567552e-09
4.600631355664361e-02,1.018554458824722e-09
4.613410887207874e-02,1.018164856827646e-09
4.626190418751386e-02,1.017776443883494e-09
4.638969950294898e-02,1.017389213299435e-09
4.651749481838410e-02,1.017003158382638e-09
4.664529013381922e-02,1.016618272440273e-09
4.677308544925434e-02,1.016234548779510e-09
4.690088076468946e-02,1.015851980707518e-09
4.702867608012459e-02,1.015470561531468e-09
4.715647139555971e-02,1.015090284558527e-09
4.728426671099482e-02,1.014711143197489e-09
4.741206202642995e-02,1.014333131263612e-09
4.753985734186507e-02,1.013956242673775e-09
4.766765265730019e-02,1.013580471344853e-09
4.779544797273531e-02,1.013205811193723e-09
4.792324328817044e-02,1.012832256137259e-09
4.805103860360555e-02,1.012459800092339e-09
4.817883391904067e-02,1.012088436975840e-09
4.830662923447580e-02,1.011718160704635e-09
4.843442454991092e-02,1.011348965195603e-09
4.856221986534604e-02,1.010980844315417e-09
4.869001518078116e-02,1.010613791729968e-09
4.881781049621628e-02,1.010247801054953e-09
4.894560581165140e-02,1.009882865906071e-09
4.907340112708652e-02,1.009518979899022e-09
4.920119644252165e-02,1.009156136649503e-09
4.932899175795677e-02,1.008794329773214e-09
4.945678707339188e-02,1.008433552885853e-09
4.958458238882701e-02,1.008073799603118e-09
4.971237770426213e-02,1.007715063540710e-09
4.984017301969725e-02,1.007357339344243e-09
4.996796833513237e-02,1.007000625779230e-09
5.000000000000000e-02,1.006911374547445e-09
5.009576365056749e-02,1.006644922207929e-09
5.022355896600261e-02,1.006290224213289e-09
5.035135428143774e-02,1.005936525428845e-09
5.047914959687286e-02,1.005583819471917e-09
5.060694491230798e-02,1.005232099959827e-09
5.073474022774310e-02,1.004881360509897e-09
5.086253554317822e-02,1.004531594739447e-09
5.099033085861334e-02,1.004182796265799e-09
5.111812617404846e-02,1.003834958990069e-09
5.124592148948359e-02,1.003488077948535e-09
5.137371680491870e-02,1.003142148461259e-09
5.150151212035382e-02,1.002797165848299e-09
5.162930743578895e-02,1.002453125429720e-09
5.175710275122407e-02,1.002110022525580e-09
5.188489806665919e-02,1.001767852455943e-09
5.201269338209431e-02,1.001426610540868e-09
5.214048869752943e-02,1.001086292100417e-09
5.226828401296455e-02,1.000746892454651e-09
5.239607932839967e-02,1.000408406940441e-09
5.252387464383480e-02,1.000070830961886e-09
5.265166995926992e-02,9.997341599398904e-10
5.277946527470503e-02,9.993983892953606e-10
5.290726059014016e-02,9.990635144492012e-10
5.303505590557528e-02,9.987295308223179e-10
5.316285122101040e-02,9.983964338356156e-10
5.329064653644552e-02,9.980642189099996e-10
5.341844185188065e-02,9.977328814663752e-10
5.354623716731576e-02,9.974024169256475e-10
5.367403248275088e-02,9.970728207812364e-10
5.380182779818601e-02,9.967440888166367e-10
5.392962311362113e-02,9.964162168878683e-10
5.405741842905625e-02,9.960892008509502e-10
5.418521374449137e-02,9.957630365619017e-10
5.431300905992649e-02,9.954377198767422e-10
5.444080437536161e-02,9.951132466514911e-10
5.456859969079673e-02,9.947896127421674e-10
5.469639500623186e-02,9.944668140047908e-10
5.482419032166697e-02,9.941448462953804e-10
5.495198563710210e-02,9.938237055067468e-10
5.507978095253722e-02,9.935033876788654e-10
5.520757626797234e-02,9.931838888885019e-10
5.533537158340746e-02,9.928652052124226e-10
5.546316689884258e-02,9.925473327273935e-10
5.559096221427770e-02,9.922302675101807e-10
5.571875752971282e-02,9.919140056375498e-10
5.584655284514795e-02,9.915985431862669e-10
5.597434816058307e-02,9.912838762330985e-10
5.610214347601819e-02,9.909700008548102e-10
5.622993879145331e-02,9.906569131701406e-10
5.635773410688843e-02,9.903446094657042e-10
5.648552942232355e-02,9.900330860700811e-10
5.661332473775867e-02,9.897223393118515e-10
5.674112005319380e-02,9.894123655195957e-10
5.686891536862891e-02,9.891031610218936e-10
5.699671068406403e-02,9.887947221473257e-10
5.712450599949916e-02,9.884870452244717e-10
5.725230131493428e-02,9.881801265819122e-10
5.738009663036940e-02,9.878739625482274e-10
5.750789194580452e-02,9.875685494687322e-10
5.763568726123964e-02,9.872638837556896e-10
5.776348257667476e-02,9.869599618380996e-10
5.789127789210988e-02,9.866567801449625e-10
5.801907320754501e-02,9.863543351052786e-10
5.814686852298013e-02,9.860526231480482e-10
5.827466383841524e-02,9.857516407022719e-10
5.840245915385037e-02,9.854513841969497e-10
5.853025446928549e-02,9.851518500610819e-10
5.865804978472061e-02,9.848530347236691e-10
5.878584510015573e-02,9.845549347431946e-10
5.891364041559085e-02,9.842575471960779e-10
5.904143573102597e-02,9.839608692882226e-10
5.916923104646109e-02,9.836648982255334e-10
5.929702636189622e-02,9.833696312139135e-10
5.942482167733134e-02,9.830750654592673e-10
5.955261699276646e-02,9.827811981674984e-10
5.968041230820158e-02,9.824880265445112e-10
5.980820762363670e-02,9.821955477962093e-10
5.993600293907182e-02,9.819037591284965e-10
6.006379825450694e-02,9.816126576587641e-10
6.019159356994207e-02,9.813222401503743e-10
6.031938888537718e-02,9.810325032781888e-10
6.044718420081231e-02,9.807434437170693e-10
6.057497951624743e-02,9.804550581418778e-10
6.070277483168255e-02,9.801673432274754e-10
6.083057014711767e-02,9.798802956487239e-10
6.095836546255279e-02,9.795939120804851e-10
6.108616077798791e-02,9.793081891976207e-10
6.121395609342303e-02,9.790231236749923e-10
6.134175140885816e-02,9.787387122921459e-10
6.146954672429328e-02,9.784549522474032e-10
6.159734203972840e-02,9.781718408437894e-10
6.172513735516352e-02,9.778893753843301e-10
6.185293267059864e-02,9.776075531720506e-10
6.198072798603376e-02,9.773263715099760e-10
6.210852330146888e-02,9.770458277011320e-10
6.223631861690401e-02,9.767659190485435e-10
6.236411393233912e-02,9.764866428552359e-10
6.249190924777424e-02,9.762079964242348e-10
6.261970456320937e-02,9.759299771014248e-10
6.274749987864449e-02,9.756525824041315e-10
6.287529519407961e-02,9.753758098925419e-10
6.300309050951473e-02,9.750996571268425e-10
6.313088582494986e-02,9.748241216672201e-10
6.325868114038498e-02,9.745492010738610e-10
6.338647645582010e-02,9.742748929069526e-10
6.351427177125522e-02,9.740011947266809e-10
6.364206708669033e-02,9.737281040932333e-10
6.376986240212545e-02,9.734556185667958e-10
6.389765771756058e-02,9.731837356666314e-10
6.402545303299570e-02,9.729124527483157e-10
6.415324834843082e-02,9.726417671265049e-10
6.428104366386594e-02,9.723716761158548e-10
6.440883897930107e-02,9.721021770310219e-10
6.453663429473619e-02,9.718332671866618e-10
6.466442961017131e-02,9.715649438974312e-10
6.479222492560642e-02,9.712972044779860e-10
6.492002024104154e-02,9.710300462429824e-10
6.504781555647667e-02,9.707634665070764e-10
6.517561087191179e-02,9.704974626591367e-10
6.530340618734691e-02,9.702320323849129e-10
6.543120150278203e-02,9.699671734443829e-10
6.555899681821716e-02,9.697028835975242e-10
6.568679213365228e-02,9.694391606043147e-10
6.581458744908740e-02,9.691760022247318e-10
6.594238276452252e-02,9.689134062187537e-10
6.607017807995763e-02,9.686513703463575e-10
6.619797339539275e-02,9.683898923675215e-10
6.632576871082788e-02,9.681289700422228e-10
6.645356402626300e-02,9.678686011665092e-10
6.658135934169812e-02,9.676087836807106e-10
6.670915465713324e-02,9.673495155612292e-10
6.683694997256837e-02,9.670907947844669e-10
6.696474528800349e-02,9.668326193268253e-10
6.709254060343861e-02,9.665749871647069e-10
6.722033591887373e-02,9.663178962745135e-10
6.734813123430886e-02,9.660613446326472e-10
6.747592654974396e-02,9.658053302155096e-10
6.760372186517909e-02,9.655498509995030e-10
6.773151718061421e-02,9.652949049101985e-10
6.785931249604933e-02,9.650404896698523e-10
6.798710781148445e-02,9.647866029498947e-10
6.811490312691958e-02,9.645332424217552e-10
6.824269844235470e-02,9.642804057568642e-10
6.837049375778982e-02,9.640280906266516e-10
6.849828907322494e-02,9.637762947025472e-10
6.862608438866007e-02,9.635250156559810e-10
6.875387970409517e-02,9.632742511583829e-10
6.888167501953030e-02,9.630239988811833e-10
6.900947033496542e-02,9.627742566081148e-10
6.913726565040054e-02,9.625250225721741e-10
6.926506096583566e-02,9.622762951186870e-10
6.939285628127079e-02,9.620280725929799e-10
6.952065159670591e-02,9.617803533403785e-10
6.964844691214103e-02,9.615331357062086e-10
6.977624222757615e-02,9.612864180357964e-10
6.990403754301128e-02,9.610401986744678e-10
7.003183285844640e-02,9.607944759675485e-10
7.015962817388151e-02,9.605492482603649e-10
7.028742348931663e-02,9.603045138390831e-10
7.041521880475175e-02,9.600602707532225e-10
7.054301412018688e-02,9.598165169931372e-10
7.067080943562200e-02,9.595732505491820e-10
7.079860475105712e-02,9.593304694117115e-10
7.092640006649224e-02,9.590881715710802e-10
7.105419538192737e-02,9.588463550176426e-10
7.118199069736249e-02,9.586050177417533e-10
7.130978601279761e-02,9.583641577337668e-10
7.152277820518949e-02,9.579637795241660e-10
7.173577039758135e-02,9.575647124361563e-10
7.194876258997322e-02,9.571669484842480e-10
7.216175478236508e-02,9.567704799466438e-10
7.237474697475696e-02,9.563752991015463e-10
7.258773916714882e-02,9.559813982271583e-10
7.280073135954070e-02,9.555887696016827e-10
7.301372355193256e-02,9.551974055033219e-10
7.322671574432443e-02,9.548072982102788e-10
7.343970793671629e-02,9.544184400007562e-10
7.365270012910817e-02,9.540308231529567e-10
7.386569232150003e-02,9.536444400554754e-10
7.407868451389191e-02,9.532592835384749e-10
7.429167670628377e-02,9.528753465425096e-10
7.450466889867564e-02,9.524926220081339e-10
7.471766109106751e-02,9.521111028759023e-10
7.493065328345938e-02,9.517307820863693e-10
7.514364547585124e-02,9.513516525800894e-10
7.535663766824312e-02,9.509737072976167e-10
7.556962986063498e-02,9.505969391795059e-10
7.578262205302685e-02,9.502213411663115e-10
7.599561424541872e-02,9.498469062434125e-10
7.620860643781059e-02,9.494736275754808e-10
7.642159863020245e-02,9.491014983720104e-10
7.663459082259433e-02,9.487305118424953e-10
7.684758301498619e-02,9.483606611964298e-10
7.706057520737807e-02,9.479919396433078e-10
7.727356739976993e-02,9.476243403926231e-10
7.748655959216180e-02,9.472578566538700e-10
7.769955178455366e-02,9.468924816365424e-10
7.791254397694554e-02,9.465282085501345e-10
7.812553616933740e-02,9.461650307844963e-10
7.833852836172928e-02,9.458029424508618e-10
7.855152055412114e-02,9.454419378408009e-10
7.876451274651301e-02,9.450820112458842e-10
7.897750493890487e-02,9.447231569576810e-10
7.919049713129675e-02,9.443653692677619e-10
7.940348932368861e-02,9.440086424676966e-10
7.961648151608049e-02,9.436529708490553e-10
7.982947370847235e-02,9.432983487034078e-10
8.004246590086422e-02,9.429447703223242e-10
8.025545809325609e-02,9.425922299820971e-10
8.046845028564796e-02,9.422407218979046e-10
8.068144247803982e-02,9.418902402696462e-10
8.089443467043170e-02,9.415407792972207e-10
8.110742686282357e-02,9.411923331805274e-10
8.132041905521543e-02,9.408448961194655e-10
8.153341124760730e-02,9.404984623139337e-10
8.174640343999917e-02,9.401530259638315e-10
8.195939563239105e-02,9.398085812690580e-10
8.217238782478291e-02,9.394651224295120e-10
8.238538001717477e-02,9.391226437627043e-10
8.259837220956665e-02,9.387811400566063e-10
8.281136440195852e-02,9.384406062168077e-10
8.302435659435038e-02,9.381010371488982e-10
8.323734878674224e-02,9.377624277584683e-10
8.345034097913412e-02,9.374247729511070e-10
8.366333317152599e-02,9.370880676324052e-10
8.387632536391786e-02,9.367523067079521e-10
8.408931755630973e-02,9.364174850833381e-10
8.430230974870159e-02,9.360835976641524e-10
8.451530194109347e-02,9.357506394352879e-10
8.472829413348533e-02,9.354186056988456e-10
8.494128632587720e-02,9.350874918362304e-10
8.515427851826907e-02,9.347572932288463e-10
8.536727071066094e-02,9.344280052580979e-10
8.558026290305280e-02,9.340996233053896e-10
8.579325509544468e-02,9.337721427521256e-10
8.600624728783654e-02,9.334455589797108e-10
8.621923948022842e-02,9.331198673695489e-10
8.643223167262028e-02,9.327950633030447e-10
8.664522386501215e-02,9.324711421835416e-10
8.685821605740401e-02,9.321480995021359e-10
8.707120824979589e-02,9.318259307718626e-10
8.728420044218775e-02,9.315046315057562e-10
8.749719263457963e-02,9.311841972168510e-10
8.771018482697149e-02,9.308646234181820e-10
8.792317701936336e-02,9.305459056227835e-10
8.813616921175522e-02,9.302280393436904e-10
8.834916140414710e-02,9.299110200939369e-10
8.856215359653896e-02,9.295948433865579e-10
8.877514578893084e-02,9.292795048201701e-10
8.898813798132270e-02,9.289650003357014e-10
8.920113017371457e-02,9.286513259596537e-10
8.941412236610644e-02,9.283384777185283e-10
8.962711455849831e-02,9.280264516388269e-10
8.984010675089017e-02,9.277152437470510e-10
9.005309894328205e-02,9.274048500697023e-10
9.026609113567391e-02,9.270952666332822e-10
9.047908332806578e-02,9.267864894642924e-10
9.069207552045766e-02,9.264785145892345e-10
9.090506771284952e-02,9.261713380539775e-10
9.111805990524138e-02,9.258649559818638e-10
9.133105209763326e-02,9.255593645156066e-10
9.154404429002513e-02,9.252545597979183e-10
9.175703648241700e-02,9.249505379715116e-10
9.197002867480886e-02,9.246472951790992e-10
9.218302086720073e-02,9.243448275633937e-10
9.239601305959261e-02,9.240431312671078e-10
9.260900525198447e-02,9.237422024329541e-10
9.282199744437633e-02,9.234420372036452e-10
9.303498963676821e-02,9.231426317768045e-10
9.324798182916008e-02,9.228439825697051e-10
9.346097402155194e-02,9.225460860545345e-10
9.367396621394380e-02,9.222489387034807e-10
9.388695840633568e-02,9.219525369887310e-10
9.409995059872756e-02,9.216568773824732e-10
9.431294279111942e-02,9.213619563568950e-10
9.452593498351128e-02,9.210677703841842e-10
9.473892717590315e-02,9.207743159365283e-10
9.495191936829503e-02,9.204815894861149e-10
9.516491156068689e-02,9.201895875551235e-10
9.537790375307875e-02,9.198983068657020e-10
9.559089594547063e-02,9.196077441899908e-10
9.580388813786250e-02,9.193178963001302e-10
9.601688033025436e-02,9.190287599682609e-10
9.622987252264624e-02,9.187403319665235e-10
9.644286471503810e-02,9.184526090670579e-10
9.665585690742998e-02,9.181655880420053e-10
9.686884909982184e-02,9.178792656635055e-10
9.708184129221371e-02,9.175936387036994e-10
9.729483348460558e-02,9.173087039350347e-10
9.750782567699745e-02,9.170244581311887e-10
9.772081786938931e-02,9.167408980661464e-10
9.793381006178119e-02,9.164580205138925e-10
9.814680225417305e-02,9.161758222484119e-10
9.835979444656492e-02,9.158943000436892e-10
9.857278663895679e-02,9.156134506737092e-10
9.878577883134866e-02,9.153332709124570e-10
9.899877102374052e-02,9.150537575339173e-10
9.921176321613240e-02,9.147749073120746e-10
9.942475540852426e-02,9.144967171144372e-10
9.963774760091614e-02,9.142191841825878e-10
9.985073979330800e-02,9.139423058516245e-10
1.000637319857000e-01,9.136660794566446e-10
1.002767241780920e-01,9.133905023327463e-10
1.004897163704840e-01,9.131155718150270e-10
1.007027085628750e-01,9.128412852385860e-10
1.009157007552670e-01,9.125676399385184e-10
1.011286929476590e-01,9.122946332499229e-10
1.013416851400510e-01,9.120222625078978e-10
1.015546773324430e-01,9.117505250290639e-10
1.017676695248350e-01,9.114794180561194e-10
1.019806617172270e-01,9.112089388132786e-10
1.021936539096190e-01,9.109390845247559e-10
1.024066461020100e-01,9.106698524147662e-10
1.026196382944020e-01,9.104012397075213e-10
1.028326304867940e-01,9.101332436272362e-10
1.030456226791860e-01,9.098658613981254e-10
1.032586148715780e-01,9.095990902444027e-10
1.034716070639700e-01,9.093329273902824e-10
1.036845992563620e-01,9.090673700941365e-10
1.038975914487540e-01,9.088024157509560e-10
1.041105836411450e-01,9.085380617898846e-10
1.043235758335370e-01,9.082743056400623e-10
1.045365680259290e-01,9.080111447306323e-10
1.047495602183210e-01,9.077485764907374e-10
1.049625524107130e-01,9.074865983495196e-10
1.051755446031050e-01,9.072252077361214e-10
1.053885367954970e-01,9.069644020796852e-10
1.056015289878880e-01,9.067041788093546e-10
1.058145211802800e-01,9.064445354013297e-10
1.060275133726720e-01,9.061854695199797e-10
1.062405055650640e-01,9.059269788766943e-10
1.064534977574560e-01,9.056690611828632e-10
1.066664899498480e-01,9.054117141498764e-10
1.068794821422400e-01,9.051549354891235e-10
1.070924743346320e-01,9.048987229119942e-10
1.073054665270230e-01,9.046430741298796e-10
1.075184587194150e-01,9.043879868541668e-10
1.077314509118070e-01,9.041334587962473e-10
1.079444431041990e-01,9.038794876631726e-10
1.081574352965910e-01,9.036260711446309e-10
1.083704274889830e-01,9.033732069259663e-10
1.085834196813750e-01,9.031208926925232e-10
1.087964118737660e-01,9.028691261296471e-10
1.090094040661580e-01,9.026179049226798e-10
1.092223962585500e-01,9.023672267569665e-10
1.094353884509420e-01,9.021170893178519e-10
1.096483806433340e-01,9.018674902906797e-10
1.098613728357260e-01,9.016184273607946e-10
1.100743650281180e-01,9.013698982447276e-10
1.102873572205100e-01,9.011219007838058e-10
1.105003494129010e-01,9.008744328505684e-10
1.107133416052930e-01,9.006274923175510e-10
1.109263337976850e-01,9.003810770572928e-10
1.111393259900770e-01,9.001351849423316e-10
1.113523181824690e-01,8.998898138452056e-10
1.115653103748610e-01,8.996449616384528e-10
1.117783025672530e-01,8.994006261946107e-10
1.119912947596450e-01,8.991568053862179e-10
1.122042869520360e-01,8.989134971347808e-10
1.124172791444280e-01,8.986706995576880e-10
1.126302713368200e-01,8.984284108213056e-10
1.128432635292120e-01,8.981866290919994e-10
1.130562557216040e-01,8.979453525361346e-10
1.132692479139960e-01,8.977045793200768e-10
1.134822401063880e-01,8.974643076101913e-10
1.136952322987790e-01,8.972245355728450e-10
1.139082244911710e-01,8.969852613744008e-10
1.141212166835630e-01,8.967464831812252e-10
1.143342088759550e-01,8.965081991272383e-10
1.145472010683470e-01,8.962704072166085e-10
1.147601932607390e-01,8.960331054210736e-10
1.149731854531310e-01,8.957962917123722e-10
1.151861776455230e-01,8.955599640622418e-10
1.153991698379140e-01,8.953241204424221e-10
1.156121620303060e-01,8.950887588246488e-10
1.158251542226980e-01,8.948538771806612e-10
1.160381464150900e-01,8.946194734821971e-10
1.162511386074820e-01,8.943855457009950e-10
1.164641307998740e-01,8.941520918542215e-10
1.166771229922660e-01,8.939191101406590e-10
1.168901151846570e-01,8.936865988044708e-10
1.171031073770490e-01,8.934545560898166e-10
1.173160995694410e-01,8.932229802408595e-10
1.175290917618330e-01,8.929918695017612e-10
1.177420839542250e-01,8.927612221166836e-10
1.179550761466170e-01,8.925310363297888e-10
1.181680683390090e-01,8.923013103852386e-10
1.183810605314010e-01,8.920720425271952e-10
1.185940527237920e-01,8.918432310359314e-10
1.188070449161840e-01,8.916148743362392e-10
1.190200371085760e-01,8.913869708890633e-10
1.192330293009680e-01,8.911595191553483e-10
1.194460214933600e-01,8.909325175960377e-10
1.196590136857520e-01,8.907059646720760e-10
1.198720058781440e-01,8.904798588444071e-10
1.200849980705360e-01,8.902541985739753e-10
1.202979902629270e-01,8.900289823217257e-10
1.205109824553190e-01,8.898042085486002e-10
1.207239746477110e-01,8.895798756817674e-10
1.209369668401030e-01,8.893559820132569e-10
1.211499590324950e-01,8.891325258013044e-10
1.213629512248870e-01,8.889095053041463e-10
1.215759434172790e-01,8.886869187800184e-10
1.217889356096700e-01,8.884647644871580e-10
1.220019278020620e-01,8.882430406837990e-10
1.222149199944540e-01,8.880217456281788e-10
1.224279121868460e-01,8.878008775785332e-10
1.226409043792380e-01,8.875804347930984e-10
1.228538965716300e-01,8.873604155801317e-10
1.230668887640220e-01,8.871408184479638e-10
1.232798809564140e-01,8.869216419549403e-10
1.234928731488050e-01,8.867028846594077e-10
1.237058653411970e-01,8.864845451197097e-10
1.239188575335890e-01,8.862666218941929e-10
1.241318497259810e-01,8.860491135412030e-10
1.243448419183730e-01,8.858320186190857e-10
1.245578341107650e-01,8.856153356861864e-10
1.247708263031570e-01,8.853990633008510e-10
1.249838184955480e-01,8.851832000413278e-10
1.251968106879400e-01,8.849677445654386e-10
1.254098028803320e-01,8.847526955508955e-10
1.256227950727240e-01,8.845380516754095e-10
1.258357872651160e-01,8.843238116166915e-10
1.260487794575080e-01,8.841099740524529e-10
1.262617716499000e-01,8.838965376604040e-10
1.264747638422920e-01,8.836835011182562e-10
1.266877560346830e-01,8.834708631037215e-10
1.269007482270750e-01,8.832586222945087e-10
1.271137404194670e-01,8.830467773311548e-10
1.273267326118590e-01,8.828353267055964e-10
1.275397248042510e-01,8.826242688726453e-10
1.277527169966430e-01,8.824136022871135e-10
1.279657091890350e-01,8.822033254038130e-10
1.281787013814270e-01,8.819934366775556e-10
1.283916935738180e-01,8.817839345631545e-10
1.286046857662100e-01,8.815748175154196e-10
1.288176779586020e-01,8.813660839891634e-10
1.290306701509940e-01,8.811577324391985e-10
1.292436623433860e-01,8.809497613787314e-10
1.294566545357780e-01,8.807421695546469e-10
1.296696467281700e-01,8.805349557722741e-10
1.298826389205610e-01,8.803281188369427e-10
1.300956311129530e-01,8.801216575539799e-10
1.303086233053450e-01,8.799155707287150e-10
1.305216154977370e-01,8.797098571664777e-10
1.307346076901290e-01,8.795045156725961e-10
1.309475998825210e-01,8.792995450523996e-10
1.311605920749130e-01,8.790949441112170e-10
1.313735842673050e-01,8.788907116613821e-10
1.315865764596960e-01,8.786868465432538e-10
1.317995686520880e-01,8.784833476041943e-10
1.320125608444800e-01,8.782802136915688e-10
1.322255530368720e-01,8.780774436527420e-10
1.324385452292640e-01,8.778750363350781e-10
1.326515374216560e-01,8.776729905859411e-10
1.328645296140480e-01,8.774713052526956e-10
1.330775218064400e-01,8.772699791827060e-10
1.332905139988310e-01,8.770690112233373e-10
1.335035061912230e-01,8.768684001846135e-10
1.337164983836150e-01,8.766681447272342e-10
1.339294905760070e-01,8.764682434745748e-10
1.341424827683990e-01,8.762686950500103e-10
1.343554749607910e-01,8.760694980769158e-10
1.345684671531830e-01,8.758706511786662e-10
1.347814593455740e-01,8.756721529786376e-10
1.349944515379660e-01,8.754740021002032e-10
1.352074437303580e-01,8.752761971667388e-10
1.354204359227500e-01,8.750787368016196e-10
1.356334281151420e-01,8.748816197118157e-10
1.358464203075340e-01,8.746848449385090e-10
1.360594124999260e-01,8.744884116063919e-10
1.362724046923180e-01,8.742923188401566e-10
1.364853968847090e-01,8.740965657644964e-10
1.366983890771010e-01,8.739011515041019e-10
1.369113812694930e-01,8.737060751836662e-10
1.371243734618850e-01,8.735113359278820e-10
1.373373656542770e-01,8.733169328614413e-10
1.375503578466690e-01,8.731228651090366e-10
1.377633500390610e-01,8.729291317455804e-10
1.379763422314520e-01,8.727357316467471e-10
1.381893344238440e-01,8.725426636383697e-10
1.384023266162360e-01,8.723499265462836e-10
1.386153188086280e-01,8.721575191963237e-10
1.388283110010200e-01,8.719654404143243e-10
1.390413031934120e-01,8.717736890261201e-10
1.392542953858040e-01,8.715822638575458e-10
1.394672875781960e-01,8.713911637344360e-10
1.396802797705870e-01,8.712003874826263e-10
1.398932719629790e-01,8.710099339583360e-10
1.401062641553710e-01,8.708198021393688e-10
1.403192563477630e-01,8.706299910339312e-10
1.405322485401550e-01,8.704404996502299e-10
1.407452407325470e-01,8.702513269964715e-10
1.409582329249390e-01,8.700624720808627e-10
1.411712251173300e-01,8.698739339116109e-10
1.413842173097220e-01,8.696857114969211e-10
1.415972095021140e-01,8.694978038450007e-10
1.418102016945060e-01,8.693102099640563e-10
1.420231938868980e-01,8.691229288678187e-10
1.422361860792900e-01,8.689359595921143e-10
1.424491782716820e-01,8.687493011782935e-10
1.426621704640740e-01,8.685629526677065e-10
1.428751626564650e-01,8.683769131017044e-10
1.430881548488570e-01,8.681911815216361e-10
1.433011470412490e-01,8.680057569688525e-10
1.435141392336410e-01,8.678206384847038e-10
1.437271314260330e-01,8.676358251105404e-10
1.439401236184250e-01,8.674513158877128e-10
1.441531158108170e-01,8.672671098560297e-10
1.443661080032090e-01,8.670832060491366e-10
1.445791001956000e-01,8.668996034991400e-10
1.447920923879920e-01,8.667163012381429e-10
1.450050845803840e-01,8.665332982982517e-10
1.452180767727760e-01,8.663505937115715e-10
1.454310689651680e-01,8.661681865102076e-10
1.456440611575600e-01,8.659860757262651e-10
1.458570533499520e-01,8.658042603918493e-10
1.460700455423430e-01,8.656227395390665e-10
1.462830377347350e-01,8.654415122238171e-10
1.464960299271270e-01,8.652605775971323e-10
1.467090221195190e-01,8.650799348338089e-10
1.469220143119110e-01,8.648995831086437e-10
1.471350065043030e-01,8.647195215964337e-10
1.473479986966950e-01,8.645397494719758e-10
1.475609908890870e-01,8.643602659100667e-10
1.477739830814780e-01,8.641810700855042e-10
1.479869752738700e-01,8.640021611730835e-10
1.481999674662620e-01,8.638235383476023e-10
1.484129596586540e-01,8.636452007839806e-10
1.486259518510460e-01,8.634671476576317e-10
1.488389440434380e-01,8.632893781440917e-10
1.490519362358300e-01,8.631118914188977e-10
1.492649284282220e-01,8.629346866575855e-10
1.494779206206130e-01,8.627577630356927e-10
1.496909128130050e-01,8.625811197287541e-10
1.499039050053970e-01,8.624047559123070e-10
1.501168971977890e-01,8.622286707618876e-10
1.503298893901810e-01,8.620528634530327e-10
1.505428815825730e-01,8.618773331543612e-10
1.507558737749650e-01,8.617020790068177e-10
1.509688659673560e-01,8.615271001444286e-10
1.511818581597480e-01,8.613523957012173e-10
1.513948503521400e-01,8.611779648112100e-10
1.516078425445320e-01,8.610038066084318e-10
1.518208347369240e-01,8.608299202269084e-10
1.520338269293160e-01,8.606563048006648e-10
1.522468191217080e-01,8.604829594637262e-10
1.524598113141000e-01,8.603098833501179e-10
1.526728035064910e-01,8.601370756061519e-10
1.528857956988830e-01,8.599645354272737e-10
1.530987878912750e-01,8.597922620212131e-10
1.533117800836670e-01,8.596202545956990e-10
1.535247722760590e-01,8.594485123584604e-10
1.537377644684510e-01,8.592770345172264e-10
1.539507566608430e-01,8.591058202797257e-10
1.541637488532340e-01,8.589348688536885e-10
1.543767410456260e-01,8.587641794468419e-10
1.545897332380180e-01,8.585937512669159e-10
1.548027254304100e-01,8.584235835426463e-10
1.550157176228020e-01,8.582536755867584e-10
1.552287098151940e-01,8.580840267329648e-10
1.554417020075860e-01,8.579146363149777e-10
1.556546941999780e-01,8.577455036665098e-10
1.558676863923690e-01,8.575766281212742e-10
1.560806785847610e-01,8.574080090129821e-10
1.562936707771530e-01,8.572396456753464e-10
1.565066629695450e-01,8.570715374420802e-10
1.567196551619370e-01,8.569036836468954e-10
1.569326473543290e-01,8.567360836003546e-10
1.571456395467210e-01,8.565687365203603e-10
1.573586317391130e-01,8.564016416016354e-10
1.575716239315040e-01,8.562347980389039e-10
1.577846161238960e-01,8.560682050268875e-10
1.579976083162880e-01,8.559018617603097e-10
1.582106005086800e-01,8.557357674338939e-10
1.584235927010720e-01,8.555699212423629e-10
1.586365848934640e-01,8.554043223804400e-10
1.588495770858560e-01,8.552389700428481e-10
1.590625692782470e-01,8.550738634576729e-10
1.592755614706390e-01,8.549090019864885e-10
1.594885536630310e-01,8.547443850242548e-10
1.597015458554230e-01,8.545800119659304e-10
1.599145380478150e-01,8.544158822064744e-10
1.601275302402070e-01,8.542519951408457e-10
1.603405224325990e-01,8.540883501640035e-10
1.605535146249910e-01,8.539249466709065e-10
1.607665068173820e-01,8.537617840565146e-10
1.609794990097740e-01,8.535988617157850e-10
1.611924912021660e-01,8.534361790680493e-10
1.614054833945580e-01,8.532737356301261e-10
1.616184755869500e-01,8.531115309432064e-10
1.618314677793420e-01,8.529495645484811e-10
1.620444599717340e-01,8.527878359871415e-10
1.622574521641260e-01,8.526263448003783e-10
1.624704443565170e-01,8.524650905293835e-10
1.626834365489090e-01,8.523040727153464e-10
1.628964287413010e-01,8.521432908994589e-10
1.631094209336930e-01,8.519827446229121e-10
1.633224131260850e-01,8.518224331894351e-10
1.635354053184770e-01,8.516623549531907e-10
1.637483975108690e-01,8.515025080310200e-10
1.639613897032600e-01,8.513428905397646e-10
1.641743818956520e-01,8.511835005962644e-10
1.643873740880440e-01,8.510243363173609e-10
1.646003662804360e-01,8.508653958198953e-10
1.648133584728280e-01,8.507066772207086e-10
1.650263506652200e-01,8.505481786366416e-10
1.652393428576120e-01,8.503898981845355e-10
1.654523350500040e-01,8.502318350547078e-10
1.656653272423950e-01,8.500739927287907e-10
1.658783194347870e-01,8.499163757605950e-10
1.660913116271790e-01,8.497589887039345e-10
1.663043038195710e-01,8.496018361126213e-10
1.665172960119630e-01,8.494449225404681e-10
1.667302882043550e-01,8.492882525412876e-10
1.669432803967470e-01,8.491318306688924e-10
1.671562725891380e-01,8.489756614770956e-10
1.673692647815300e-01,8.488197495197084e-10
1.675822569739220e-01,8.486640952018614e-10
1.677952491663140e-01,8.485086823257193e-10
1.680082413587060e-01,8.483534905406461e-10
1.682212335510980e-01,8.481984994960058e-10
1.684342257434900e-01,8.480436888411622e-10
1.686472179358820e-01,8.478890382254794e-10
1.688602101282730e-01,8.477345272983223e-10
1.690732023206650e-01,8.475801357090531e-10
1.692861945130570e-01,8.474258431070367e-10
1.694991867054490e-01,8.472716291416370e-10
1.697121788978410e-01,8.471174891540818e-10
1.699251710902330e-01,8.469634812648087e-10
1.701381632826250e-01,8.468096792919967e-10
1.703511554750170e-01,8.466561570538248e-10
1.705641476674080e-01,8.465029883684730e-10
1.707771398598000e-01,8.463502470541188e-10
1.709901320521920e-01,8.461980069289423e-10
1.712031242445840e-01,8.460463418111223e-10
1.714161164369760e-01,8.458953255188382e-10
1.716291086293680e-01,8.457450318702688e-10
1.718421008217600e-01,8.455954759253898e-10
1.720550930141510e-01,8.454464377399285e-10
1.722680852065430e-01,8.452976386256883e-10
1.724810773989350e-01,8.451487998944748e-10
1.726940695913270e-01,8.449996428580926e-10
1.729070617837190e-01,8.448498888283467e-10
1.731200539761110e-01,8.446992591170419e-10
1.733330461685030e-01,8.445474750359830e-10
1.735460383608950e-01,8.443942578969747e-10
1.737590305532860e-01,8.442393290118227e-10
1.739720227456780e-01,8.440826292329154e-10
1.741850149380700e-01,8.439249771971531e-10
1.743980071304620e-01,8.437674108931461e-10
1.746109993228540e-01,8.436109683095047e-10
1.748239915152460e-01,8.434566874348387e-10
1.750369837076380e-01,8.433056062577589e-10
1.752499759000290e-01,8.431587627668756e-10
1.754629680924210e-01,8.430171949507979e-10
1.756759602848130e-01,8.428819407981368e-10
1.758889524772050e-01,8.427540382975022e-10
1.761019446695970e-01,8.426337068431117e-10
1.763149368619890e-01,8.425178892591410e-10
1.765279290543810e-01,8.424027086787709e-10
1.767409212467730e-01,8.422842882351824e-10
1.769539134391640e-01,8.421587510615569e-10
1.771669056315560e-01,8.420222202910742e-10
1.773798978239480e-01,8.418708190569157e-10
1.775928900163400e-01,8.417006704922623e-10
1.778058822087320e-01,8.415078977302950e-10
1.780188744011240e-01,8.412886239041944e-10
1.782318665935160e-01,8.410420282711201e-10
1.784448587859070e-01,8.407795189926155e-10
1.786578509782990e-01,8.405155625588301e-10
1.788708431706910e-01,8.402646254599171e-10
1.790838353630830e-01,8.400411741860287e-10
1.792968275554750e-01,8.398596752273170e-10
1.795098197478670e-01,8.397345950739343e-10
1.797228119402590e-01,8.396804002160326e-10
1.799358041326510e-01,8.397115571437640e-10
1.801487963250420e-01,8.398425323472797e-10
1.803617885174340e-01,8.400763831609159e-10
1.805747807098260e-01,8.403705279334391e-10
1.807877729022180e-01,8.406709746766194e-10
1.810007650946100e-01,8.409237314022272e-10
1.812137572870020e-01,8.410748061220323e-10
1.814267494793940e-01,8.410702068478050e-10
1.816397416717860e-01,8.408559415913153e-10
1.818527338641770e-01,8.403780183643365e-10
1.820657260565690e-01,8.395824451786341e-10
1.822787182489610e-01,8.384152300459804e-10
1.824917104413530e-01,8.368461934841107e-10
1.827047026337450e-01,8.349403815549868e-10
1.829176948261370e-01,8.327866405882894e-10
1.831306870185290e-01,8.304738169137004e-10
1.833436792109200e-01,8.280907568609106e-10
1.835566714033120e-01,8.257263067595800e-10
1.837696635957040e-01,8.234693129393994e-10
1.839826557880960e-01,8.214086217300504e-10
1.841956479804880e-01,8.196330794612141e-10
1.844086401728800e-01,8.182315324625709e-10
1.846216323652720e-01,8.172681848658864e-10
1.848346245576640e-01,8.167087277692482e-10
1.850476167500550e-01,8.164942379439384e-10
1.852606089424470e-01,8.165657921612367e-10
1.854736011348390e-01,8.168644671924263e-10
1.856865933272310e-01,8.173313398087889e-10
1.858995855196230e-01,8.179074867816058e-10
1.861125777120150e-01,8.185339848821587e-10
1.863255699044070e-01,8.191519108817290e-10
1.865385620967990e-01,8.197023415515982e-10
1.867515542891900e-01,8.201387970001016e-10
1.869645464815820e-01,8.204645972632685e-10
1.871775386739740e-01,8.206955190074591e-10
1.873905308663660e-01,8.208473388990355e-10
1.876035230587580e-01,8.209358336043598e-10
1.878165152511500e-01,8.209767797897945e-10
1.880295074435420e-01,8.209859541217016e-10
1.882424996359330e-01,8.209791332664436e-10
1.884554918283250e-01,8.209720938903825e-10
1.886684840207170e-01,8.209806126598807e-10
1.888814762131090e-01,8.210171311472339e-10
1.890944684055010e-01,8.210807475456358e-10
1.893074605978930e-01,8.211672234526255e-10
1.895204527902850e-01,8.212723204657428e-10
1.897334449826770e-01,8.213918001825269e-10
1.899464371750680e-01,8.215214242005167e-10
1.901594293674600e-01,8.216569541172530e-10
1.903724215598520e-01,8.217941515302745e-10
1.905854137522440e-01,8.219287780371206e-10
1.907984059446360e-01,8.220565952353308e-10
1.910113981370280e-01,8.221742588585217e-10
1.912243903294200e-01,8.222820008851657e-10
1.914373825218110e-01,8.223809472800913e-10
1.916503747142030e-01,8.224722240081290e-10
1.918633669065950e-01,8.225569570341075e-10
1.920763590989870e-01,8.226362723228562e-10
1.922893512913790e-01,8.227112958392044e-10
1.925023434837710e-01,8.227831535479813e-10
1.927153356761630e-01,8.228529714140164e-10
1.929283278685550e-01,8.229218754021387e-10
1.931413200609460e-01,8.229907520592447e-10
1.933543122533380e-01,8.230595306363409e-10
1.935673044457300e-01,8.231279011543838e-10
1.937802966381220e-01,8.231955536343297e-10
1.939932888305140e-01,8.232621780971355e-10
1.942062810229060e-01,8.233274645637578e-10
1.944192732152980e-01,8.233911030551533e-10
1.946322654076900e-01,8.234527835922784e-10
1.948452576000810e-01,8.235121961960896e-10
1.950582497924730e-01,8.235690308875440e-10
1.952712419848650e-01,8.236230420800803e-10
1.954842341772570e-01,8.236742415764882e-10
1.956972263696490e-01,8.237227054817832e-10
1.959102185620410e-01,8.237685099009803e-10
1.961232107544330e-01,8.238117309390945e-10
1.963362029468240e-01,8.238524447011404e-10
1.965491951392160e-01,8.238907272921341e-10
1.967621873316080e-01,8.239266548170898e-10
1.969751795240000e-01,8.239603033810231e-10
1.971881717163920e-01,8.239917490889489e-10
1.974011639087840e-01,8.240210510950774e-10
1.976141561011760e-01,8.240482007233841e-10
1.978271482935680e-01,8.240731723335286e-10
1.980401404859590e-01,8.240959402851703e-10
1.982531326783510e-01,8.241164789379690e-10
1.984661248707430e-01,8.241347626515843e-10
1.986791170631350e-01,8.241507657856758e-10
1.988921092555270e-01,8.241644626999030e-10
1.991051014479190e-01,8.241758277539256e-10
1.993180936403110e-01,8.241848353074034e-10
1.995310858327020e-01,8.241914644125956e-10
1.997440780250940e-01,8.241957128938429e-10
1.999570702174860e-01,8.241975832689262e-10
2.001700624098780e-01,8.241970780556267e-10
2.003830546022700e-01,8.241941997717255e-10
2.005960467946620e-01,8.241889509350038e-10
2.008090389870540e-01,8.241813340632425e-10
2.010220311794460e-01,8.241713516742228e-10
2.012350233718370e-01,8.241590062857261e-10
2.014480155642290e-01,8.241443004155330e-10
2.016610077566210e-01,8.241272355865682e-10
2.018739999490130e-01,8.241078093432018e-10
2.020869921414050e-01,8.240860182353831e-10
2.022999843337970e-01,8.240618588130620e-10
2.025129765261890e-01,8.240353276261874e-10
2.027259687185810e-01,8.240064212247093e-10
2.029389609109720e-01,8.239751361585770e-10
2.031519531033640e-01,8.239414689777400e-10
2.033649452957560e-01,8.239054162321477e-10
2.035779374881480e-01,8.238669744717497e-10
2.037909296805400e-01,8.238261407257804e-10
2.040039218729320e-01,8.237829139396018e-10
2.042169140653240e-01,8.237372935373553e-10
2.044299062577150e-01,8.236892789431819e-10
2.046428984501070e-01,8.236388695812226e-10
2.048558906424990e-01,8.235860648756188e-10
2.050688828348910e-01,8.235308642505115e-10
2.052818750272830e-01,8.234732671300419e-10
2.054948672196750e-01,8.234132729383512e-10
2.057078594120670e-01,8.233508810995805e-10
2.059208516044590e-01,8.232860911290846e-10
2.061338437968500e-01,8.232189029072824e-10
2.063468359892420e-01,8.231493164059094e-10
2.065598281816340e-01,8.230773315967027e-10
2.067728203740260e-01,8.230029484513983e-10
2.069858125664180e-01,8.229261669417331e-10
2.071988047588100e-01,8.228469870394432e-10
2.074117969512020e-01,8.227654087162651e-10
2.076247891435940e-01,8.226814319439351e-10
2.078377813359850e-01,8.225950566941904e-10
2.080507735283770e-01,8.225062830501618e-10
2.082637657207690e-01,8.224151115406816e-10
2.084767579131610e-01,8.223215428060349e-10
2.086897501055530e-01,8.222255774865077e-10
2.089027422979450e-01,8.221272162223857e-10
2.091157344903370e-01,8.220264596539543e-10
2.093287266827280e-01,8.219233084214999e-10
2.095417188751200e-01,8.218177631653068e-10
2.097547110675120e-01,8.217098245256614e-10
2.099677032599040e-01,8.215994931428493e-10
2.101806954522960e-01,8.214867698763396e-10
2.103936876446880e-01,8.213716564622957e-10
2.106066798370800e-01,8.212541548560440e-10
2.108196720294720e-01,8.211342670129116e-10
2.110326642218630e-01,8.210119948882253e-10
2.112456564142550e-01,8.208873404373108e-10
2.114586486066470e-01,8.207603056154953e-10
2.116716407990390e-01,8.206308923781055e-10
2.118846329914310e-01,8.204991026804680e-10
2.120976251838230e-01,8.203649384779094e-10
2.123106173762150e-01,8.202284018400989e-10
2.125236095686060e-01,8.200894952939132e-10
2.127366017609980e-01,8.199482214804884e-10
2.129495939533900e-01,8.198045830409624e-10
2.131625861457820e-01,8.196585826164726e-10
2.133755783381740e-01,8.195102228481565e-10
2.135885705305660e-01,8.193595063771514e-10
2.138015627229580e-01,8.192064358445949e-10
2.140145549153500e-01,8.190510138916239e-10
2.142275471077410e-01,8.188932431593770e-10
2.144405393001330e-01,8.187331264034940e-10
2.146535314925250e-01,8.185706668373307e-10
2.148665236849170e-01,8.184058677885943e-10
2.150795158773090e-01,8.182387325849919e-10
2.152925080697010e-01,8.180692645542309e-10
2.155055002620930e-01,8.178974670240183e-10
2.157184924544850e-01,8.177233433220618e-10
2.159314846468760e-01,8.175468967760691e-10
2.161444768392680e-01,8.173681307137458e-10
2.163574690316600e-01,8.171870484628001e-10
2.165704612240520e-01,8.170036535044552e-10
2.167834534164440e-01,8.168179499342660e-10
2.169964456088360e-01,8.166299420014378e-10
2.172094378012280e-01,8.164396339551753e-10
2.174224299936190e-01,8.162470300446849e-10
2.176354221860110e-01,8.160521345191694e-10
2.178484143784030e-01,8.158549516278348e-10
2.180614065707950e-01,8.156554856198866e-10
2.182743987631870e-01,8.154537407445292e-10
2.184873909555790e-01,8.152497212509678e-10
2.187003831479710e-01,8.150434315198818e-10
2.189133753403630e-01,8.148348764579138e-10
2.191263675327540e-01,8.146240611032149e-10
2.193393597251460e-01,8.144109904939337e-10
2.195523519175380e-01,8.141956696682215e-10
2.197653441099300e-01,8.139781036642283e-10
2.199783363023220e-01,8.137582975201047e-10
2.201913284947140e-01,8.135362562740009e-10
2.204043206871060e-01,8.133119849640674e-10
2.206173128794970e-01,8.130854886284552e-10
2.208303050718890e-01,8.128567723773015e-10
2.210432972642810e-01,8.126258416086483e-10
2.212562894566730e-01,8.123927017924991e-10
2.214692816490650e-01,8.121573583988574e-10
2.216822738414570e-01,8.119198168977271e-10
2.218952660338490e-01,8.116800827591115e-10
2.221082582262410e-01,8.114381614530142e-10
2.223212504186320e-01,8.111940584494400e-10
2.225342426110240e-01,8.109477792183901e-10
2.227472348034160e-01,8.106993292298693e-10
2.229602269958080e-01,8.104487141037254e-10
2.231732191882000e-01,8.101959400588902e-10
2.233862113805920e-01,8.099410134639923e-10
2.235992035729840e-01,8.096839406876611e-10
2.238121957653760e-01,8.094247280985256e-10
2.240251879577670e-01,8.091633820652160e-10
2.242381801501590e-01,8.088999089563590e-10
2.244511723425510e-01,8.086343151405847e-10
2.246641645349430e-01,8.083666069865223e-10
2.248771567273350e-01,8.080967908628006e-10
2.250901489197270e-01,8.078248732081391e-10
2.253031411121190e-01,8.075508607417894e-10
2.255161333045100e-01,8.072747602531798e-10
2.257291254969020e-01,8.069965785317349e-10
2.259421176892940e-01,8.067163223668834e-10
2.261551098816860e-01,8.064339985480523e-10
2.263681020740780e-01,8.061496138646689e-10
2.265810942664700e-01,8.058631751061604e-10
2.267940864588620e-01,8.055746890619540e-10
2.270070786512540e-01,8.052841625214770e-10
2.272200708436450e-01,8.049916023863790e-10
2.274330630360370e-01,8.046970160073244e-10
2.276460552284290e-01,8.044004108472707e-10
2.278590474208210e-01,8.041017943691737e-10
2.280720396132130e-01,8.038011740359894e-10
2.282850318056050e-01,8.034985573106734e-10
2.284980239979970e-01,8.031939516561819e-10
2.287110161903880e-01,8.028873645354720e-10
2.289240083827800e-01,8.025788034114969e-10
2.291370005751720e-01,8.022682757472137e-10
2.293499927675640e-01,8.019557890621704e-10
2.295629849599560e-01,8.016413511022806e-10
2.297759771523480e-01,8.013249696700489e-10
2.299889693447400e-01,8.010066525679802e-10
2.302019615371320e-01,8.006864075985790e-10
2.304149537295230e-01,8.003642425643513e-10
2.306279459219150e-01,8.000401652677992e-10
2.308409381143070e-01,7.997141835114283e-10
2.310539303066990e-01,7.993863050977438e-10
2.312669224990910e-01,7.990565378292502e-10
2.314799146914830e-01,7.987248896424713e-10
2.316929068838750e-01,7.983913690098384e-10
2.319058990762670e-01,7.980559845377171e-10
2.321188912686580e-01,7.977187448324743e-10
2.323318834610500e-01,7.973796585004727e-10
2.325448756534420e-01,7.970387341480791e-10
2.327578678458340e-01,7.966959803816591e-10
2.329708600382260e-01,7.963514058075785e-10
2.331838522306180e-01,7.960050190322026e-10
2.333968444230100e-01,7.956568286618969e-10
2.336098366154010e-01,7.953068433038091e-10
2.338228288077930e-01,7.949550715682012e-10
2.340358210001850e-01,7.946015220661199e-10
2.342488131925770e-01,7.942462034086099e-10
2.344618053849690e-01,7.938891242067162e-10
2.346747975773610e-01,7.935302930714834e-10
2.348877897697530e-01,7.931697186139565e-10
2.351007819621450e-01,7.928074094451803e-10
2.353137741545360e-01,7.924433741762014e-10
2.355267663469280e-01,7.920776214180611e-10
2.357397585393200e-01,7.917101598868056e-10
2.359527507317120e-01,7.913409987186762e-10
2.361657429241040e-01,7.909701471550129e-10
2.363787351164960e-01,7.905976144371564e-10
2.365917273088880e-01,7.902234098064470e-10
2.368047195012800e-01,7.898475425042249e-10
2.370177116936710e-01,7.894700217718321e-10
2.372307038860630e-01,7.890908568506056e-10
2.374436960784550e-01,7.887100569818874e-10
2.376566882708470e-01,7.883276314070180e-10
2.378696804632390e-01,7.879435894241589e-10
2.380826726556310e-01,7.875579405587951e-10
2.382956648480230e-01,7.871706943932518e-10
2.385086570404140e-01,7.867818605098561e-10
2.387216492328060e-01,7.863914484909292e-10
2.389346414251980e-01,7.859994679187983e-10
2.391476336175900e-01,7.856059283757883e-10
2.393606258099820e-01,7.852108394442245e-10
2.395736180023740e-01,7.848142107064320e-10
2.397866101947660e-01,7.844160517447359e-10
2.399996023871580e-01,7.840163721739011e-10
2.402125945795490e-01,7.836151817384343e-10
2.404255867719410e-01,7.832124902152671e-10
2.406385789643330e-01,7.828083073813367e-10
2.408515711567250e-01,7.824026430135782e-10
2.410645633491170e-01,7.819955068889269e-10
2.412775555415090e-01,7.815869087843183e-10
2.414905477339010e-01,7.811768584766877e-10
2.417035399262920e-01,7.807653657429719e-10
2.419165321186840e-01,7.803524403601028e-10
2.421295243110760e-01,7.799380921713517e-10
2.423425165034680e-01,7.795223312852051e-10
2.425555086958600e-01,7.791051678764246e-10
2.427685008882520e-01,7.786866121197708e-10
2.429814930806440e-01,7.782666741900049e-10
2.431944852730360e-01,7.778453642618878e-10
2.434074774654270e-01,7.774226925101826e-10
2.436204696578190e-01,7.769986691096468e-10
2.438334618502110e-01,7.765733042350427e-10
2.440464540426030e-01,7.761466080611317e-10
2.442594462349950e-01,7.757185907559848e-10
2.444724384273870e-01,7.752892624608947e-10
2.446854306197790e-01,7.748586333104564e-10
2.448984228121710e-01,7.744267134392640e-10
2.451114150045620e-01,7.739935129819136e-10
2.453244071969540e-01,7.735590420729957e-10
2.455373993893460e-01,7.731233108471069e-10
2.457503915817380e-01,7.726863294388410e-10
2.459633837741300e-01,7.722481079827930e-10
2.461763759665220e-01,7.718086566135568e-10
2.463893681589140e-01,7.713679855415655e-10
2.466023603513050e-01,7.709261052807115e-10
2.468153525436970e-01,7.704830264207706e-10
2.470283447360890e-01,7.700387595515253e-10
2.472413369284810e-01,7.695933152627558e-10
2.474543291208730e-01,7.691467041442422e-10
2.476673213132650e-01,7.686989367857649e-10
2.478803135056570e-01,7.682500237771037e-10
2.480933056980490e-01,7.677999757080392e-10
2.483062978904400e-01,7.673488031683536e-10
2.485192900828320e-01,7.668965167484185e-10
2.487322822752240e-01,7.664431270409944e-10
2.489452744676160e-01,7.659886446394359e-10
2.491582666600080e-01,7.655330801370968e-10
2.493712588524000e-01,7.650764441273316e-10
2.495842510447920e-01,7.646187472034945e-10
2.497972432371830e-01,7.641599999589417e-10
2.500102354295750e-01,7.637002129870232e-10
2.502232276219670e-01,7.632393968810954e-10
2.504362198143590e-01,7.627775622345127e-10
2.506492120067510e-01,7.623147196637122e-10
2.508622041991430e-01,7.618508798774383e-10
2.510751963915350e-01,7.613860536075055e-10
2.512881885839270e-01,7.609202515857288e-10
2.515011807763180e-01,7.604534845439244e-10
2.517141729687100e-01,7.599857632139029e-10
2.519271651611020e-01,7.595170983274809e-10
2.521401573534940e-01,7.590475006164731e-10
2.523531495458860e-01,7.585769808126941e-10
2.525661417382780e-01,7.581055496479584e-10
2.527791339306700e-01,7.576332178770577e-10
2.529921261230620e-01,7.571599963466375e-10
2.532051183154530e-01,7.566858959262958e-10
2.534181105078450e-01,7.562109274856240e-10
2.536311027002370e-01,7.557351018942199e-10
2.538440948926290e-01,7.552584300216791e-10
2.540570870850210e-01,7.547809227375974e-10
2.542700792774130e-01,7.543025909115704e-10
2.544830714698050e-01,7.538234454131941e-10
2.546960636621960e-01,7.533434971120661e-10
2.549090558545880e-01,7.528627568448279e-10
2.551220480469800e-01,7.523812353162620e-10
2.553350402393720e-01,7.518989431981649e-10
2.555480324317640e-01,7.514158911623331e-10
2.557610246241560e-01,7.509320898805632e-10
2.559740168165480e-01,7.504475500246519e-10
2.561870090089400e-01,7.499622822663957e-10
2.564000012013310e-01,7.494762972775935e-10
2.566129933937230e-01,7.489896057300373e-10
2.568259855861150e-01,7.485022182955259e-10
2.570389777785070e-01,7.480141457029098e-10
2.572519699708990e-01,7.475253989092990e-10
2.574649621632910e-01,7.470359889288804e-10
2.576779543556830e-01,7.465459267758415e-10
2.578909465480740e-01,7.460552234643718e-10
2.581039387404660e-01,7.455638900086535e-10
2.583169309328580e-01,7.450719374228759e-10
2.585299231252500e-01,7.445793767212264e-10
2.587429153176420e-01,7.440862189178920e-10
2.589559075100340e-01,7.435924750270596e-10
2.591688997024260e-01,7.430981560077700e-10
2.593818918948180e-01,7.426032725985004e-10
2.595948840872090e-01,7.421078354825960e-10
2.598078762796010e-01,7.416118553433946e-10
2.600208684719930e-01,7.411153428642409e-10
2.602338606643850e-01,7.406183087284779e-10
2.604468528567770e-01,7.401207636194478e-10
2.606598450491690e-01,7.396227182204933e-10
2.608728372415610e-01,7.391241832149568e-10
2.610858294339530e-01,7.386251692861814e-10
2.612988216263440e-01,7.381256871273784e-10
2.615118138187360e-01,7.376257474712045e-10
2.617248060111280e-01,7.371253610601819e-10
2.619377982035200e-01,7.366245386368307e-10
2.621507903959120e-01,7.361232909436703e-10
2.623637825883040e-01,7.356216287232211e-10
2.625767747806960e-01,7.351195627180027e-10
2.627897669730870e-01,7.346171036705377e-10
2.630027591654790e-01,7.341142623233407e-10
2.632157513578710e-01,7.336110494189344e-10
2.634287435502630e-01,7.331074757104380e-10
2.636417357426550e-01,7.326035519933974e-10
2.638547279350470e-01,7.320992890739722e-10
2.640677201274390e-01,7.315946977583221e-10
2.642807123198310e-01,7.310897888526069e-10
2.644937045122220e-01,7.305845731629890e-10
2.647066967046140e-01,7.300790614956230e-10
2.649196888970060e-01,7.295732646566710e-10
2.651326810893980e-01,7.290671934522930e-10
2.653456732817900e-01,7.285608586886489e-10
2.655586654741820e-01,7.280542711001448e-10
2.657716576665740e-01,7.275474411340681e-10
2.659846498589660e-01,7.270403791658988e-10
2.661976420513570e-01,7.265330955711192e-10
2.664106342437490e-01,7.260256007252042e-10
2.666236264361410e-01,7.255179050036363e-10
2.668366186285330e-01,7.250100187818955e-10
2.670496108209250e-01,7.245019524354616e-10
2.672626030133170e-01,7.239937163398145e-10
2.674755952057090e-01,7.234853208704342e-10
2.676885873981000e-01,7.229767764456102e-10
2.679015795904920e-01,7.224680936548638e-10
2.681145717828840e-01,7.219592831305365e-10
2.683275639752760e-01,7.214503555049679e-10
2.685405561676680e-01,7.209413214104969e-10
2.687535483600600e-01,7.204321914794623e-10
2.689665405524520e-01,7.199229763442036e-10
2.691795327448440e-01,7.194136866370599e-10
2.693925249372350e-01,7.189043329903727e-10
2.696055171296270e-01,7.183949260364763e-10
2.698185093220190e-01,7.178854762678809e-10
2.700315015144110e-01,7.173759936179034e-10
2.702444937068030e-01,7.168664878800968e-10
2.704574858991950e-01,7.163569688480140e-10
2.706704780915870e-01,7.158474463152080e-10
2.708834702839780e-01,7.153379300752342e-10
2.710964624763700e-01,7.148284299216410e-10
2.713094546687620e-01,7.143189556479832e-10
2.715224468611540e-01,7.138095170478141e-10
2.717354390535460e-01,7.133001239146867e-10
2.719484312459380e-01,7.127907862933903e-10
2.721614234383300e-01,7.122815152331070e-10
2.723744156307220e-01,7.117723220339788e-10
2.725874078231130e-01,7.112632179961503e-10
2.728004000155050e-01,7.107542144197591e-10
2.730133922078970e-01,7.102453226049495e-10
2.732263844002890e-01,7.097365538518637e-10
2.734393765926810e-01,7.092279194606439e-10
2.736523687850730e-01,7.087194307314324e-10
2.738653609774650e-01,7.082110989643712e-10
2.740783531698570e-01,7.077029345268439e-10
2.742913453622480e-01,7.071949440531512e-10
2.745043375546400e-01,7.066871332438018e-10
2.747173297470320e-01,7.061795077993120e-10
2.749303219394240e-01,7.056720734201950e-10
2.751433141318160e-01,7.051648358069650e-10
2.753563063242080e-01,7.046578006601356e-10
2.755692985166000e-01,7.041509736802201e-10
2.757822907089910e-01,7.036443605677347e-10
2.759952829013830e-01,7.031379670231887e-10
2.762082750937750e-01,7.026318019499168e-10
2.764212672861670e-01,7.021258870656149e-10
2.766342594785590e-01,7.016202472923410e-10
2.768472516709510e-01,7.011149075521528e-10
2.770602438633430e-01,7.006098927671079e-10
2.772732360557350e-01,7.001052278592644e-10
2.774862282481260e-01,6.996009377506826e-10
2.776992204405180e-01,6.990970473634158e-10
2.779122126329100e-01,6.985935816195238e-10
2.781252048253020e-01,6.980905654410647e-10
2.783381970176940e-01,6.975880116874035e-10
2.785511892100860e-01,6.970858849704124e-10
