7.791356504680618e-06,4.576522858366317e-09
8.610780621332552e-06,4.505124928609100e-09
9.516384324626089e-06,4.434641609110675e-09
1.051723120080771e-05,4.365066824258111e-09
1.162333806181051e-05,4.296395207174239e-09
1.284577519687474e-05,4.228621169183186e-09
1.419677716772344e-05,4.161738466809368e-09
1.568986525616830e-05,4.095740647825723e-09
1.733998278964274e-05,4.030621381929315e-09
1.916364469904539e-05,3.966373507237909e-09
2.117910280571951e-05,3.902989633727538e-09
2.340652849181556e-05,3.840462478258460e-09
2.586821458226360e-05,3.778784047807996e-09
2.858879845885812e-05,3.717945481815109e-09
3.159550863945590e-05,3.657937617714495e-09
3.491843729013453e-05,3.598751622073071e-09
3.859084139770492e-05,3.540376461716810e-09
4.264947561681323e-05,3.482801241682483e-09
4.713496012287843e-05,3.426014185180761e-09
5.209218715246060e-05,3.370003063841385e-09
5.757077029985334e-05,3.314755052185358e-09
6.362554106661115e-05,3.260257709766157e-09
7.031709763364645e-05,3.206499455272222e-09
7.771241134819200e-05,3.153469377358431e-09
8.588549699555374e-05,3.101158818722609e-09
9.491815356395940e-05,3.049560366406997e-09
1.049007829163263e-04,2.998666093232985e-09
1.159332945624905e-04,2.948467674715706e-09
1.281261055871622e-04,2.898955580207258e-09
1.416012457412214e-04,2.850120397732131e-09
1.564935787564811e-04,2.801954340903994e-09
1.729521521072439e-04,2.754451018363593e-09
1.911416887275217e-04,2.707602423768613e-09
2.112442356135248e-04,2.661400355887008e-09
2.334609858111876e-04,2.615838139512724e-09
2.580142920237960e-04,2.570909299860119e-09
2.851498919925769e-04,2.526606190939131e-09
3.151393679226079e-04,2.482922480697215e-09
3.482828645688079e-04,2.439851752859592e-09
3.849120931855259e-04,2.397387447359702e-09
4.253936514042669e-04,2.355523184886870e-09
4.701326922660057e-04,2.314252943124010e-09
5.195769791289974e-04,2.273570530364569e-09
5.742213670349657e-04,2.233469893822456e-09
6.346127553846864e-04,2.193944908489900e-09
7.013555614910102e-04,2.154990168139435e-09
7.751177697904812e-04,2.116599389149536e-09
8.566376172560946e-04,2.078766878700917e-09
9.467309819210534e-04,2.041486846678948e-09
1.046299548460350e-03,2.004753501784885e-09
1.156339832554060e-03,1.968560181814438e-09
1.277953154351212e-03,1.932719850603659e-09
1.405748469786333e-03,1.899048795958512e-09
1.533543785221454e-03,1.868889134147492e-09
1.661339100656575e-03,1.841652691585176e-09
1.789134416091696e-03,1.816751294686139e-09
1.916929731526817e-03,1.793677091515154e-09
2.000000000000000e-03,1.779564742446899e-09
2.044725046961939e-03,1.772243027551710e-09
2.172520362397060e-03,1.752316416178084e-09
2.300315677832181e-03,1.733726089848725e-09
2.428110993267302e-03,1.716297766696566e-09
2.555906308702423e-03,1.699873486039329e-09
2.683701624137544e-03,1.684360571944210e-09
2.811496939572665e-03,1.669682669668356e-09
2.939292255007787e-03,1.655763424468910e-09
3.067087570442908e-03,1.642526481603018e-09
3.194882885878029e-03,1.629901565848361e-09
3.322678201313150e-03,1.617842720309978e-09
3.450473516748271e-03,1.606310067736056e-09
3.578268832183392e-03,1.595263730874783e-09
3.706064147618514e-03,1.584663832474345e-09
3.833859463053635e-03,1.574473261002507e-09
3.961654778488756e-03,1.564665967767015e-09
4.089450093923877e-03,1.555218669776022e-09
4.217245409358998e-03,1.546108084037684e-09
4.345040724794119e-03,1.537310927560154e-09
4.472836040229241e-03,1.528805347864562e-09
4.600631355664362e-03,1.520575214560889e-09
4.728426671099482e-03,1.512605827790573e-09
4.856221986534604e-03,1.504882487695055e-09
4.984017301969726e-03,1.497390494415772e-09
5.111812617404846e-03,1.490115960531478e-09
5.239607932839968e-03,1.483048248347142e-09
5.367403248275089e-03,1.476177532593528e-09
5.495198563710209e-03,1.469493988001403e-09
5.622993879145331e-03,1.462987789301531e-09
5.750789194580453e-03,1.456649600831204e-09
5.878584510015573e-03,1.450472045359375e-09
6.006379825450694e-03,1.444448235264301e-09
6.134175140885816e-03,1.438571282924238e-09
6.261970456320937e-03,1.432834300717446e-09
6.389765771756058e-03,1.427230716282044e-09
6.517561087191179e-03,1.421755218282100e-09
6.645356402626300e-03,1.416402810634793e-09
6.773151718061422e-03,1.411168497257301e-09
6.900947033496543e-03,1.406047282066801e-09
7.028742348931663e-03,1.401034378852834e-09
7.156537664366785e-03,1.396125840893730e-09
7.284332979801906e-03,1.391317931339851e-09
7.412128295237027e-03,1.386606913341562e-09
7.539923610672148e-03,1.381989050049223e-09
7.667718926107269e-03,1.377460750509419e-09
7.795514241542391e-03,1.373019007358939e-09
7.923309556977513e-03,1.368660959133464e-09
8.051104872412632e-03,1.364383744368673e-09
8.178900187847754e-03,1.360184501600243e-09
8.306695503282877e-03,1.356060471850428e-09
8.434490818717996e-03,1.352009306085974e-09
8.562286134153118e-03,1.348028757759295e-09
8.690081449588239e-03,1.344116580322808e-09
8.817876765023359e-03,1.340270527228929e-09
8.945672080458482e-03,1.336488431434379e-09
9.073467395893601e-03,1.332768443914847e-09
9.201262711328723e-03,1.329108795151206e-09
9.329058026763846e-03,1.325507715624328e-09
9.456853342198965e-03,1.321963435815086e-09
9.584648657634087e-03,1.318474232766860e-09
9.712443973069206e-03,1.315038569771564e-09
9.840239288504329e-03,1.311654956682872e-09
9.968034603939451e-03,1.308321903354460e-09
1.009582991937457e-02,1.305037919640001e-09
1.022362523480969e-02,1.301801582914460e-09
1.035142055024482e-02,1.298611740638475e-09
1.047921586567993e-02,1.295467307794230e-09
1.060701118111506e-02,1.292367199363909e-09
1.073480649655018e-02,1.289310330329694e-09
1.086260181198530e-02,1.286295615673771e-09
1.099039712742042e-02,1.283321970378322e-09
1.111819244285554e-02,1.280388309425532e-09
1.124598775829066e-02,1.277493547797584e-09
1.137378307372578e-02,1.274636600476662e-09
1.150157838916090e-02,1.271816439018010e-09
1.162937370459603e-02,1.269032261252786e-09
1.175716902003114e-02,1.266283321577046e-09
1.188496433546627e-02,1.263568874386843e-09
1.201275965090139e-02,1.260888174078233e-09
1.214055496633651e-02,1.258240475047271e-09
1.226835028177163e-02,1.255625031690011e-09
1.239614559720675e-02,1.253041098402509e-09
1.252394091264187e-02,1.250487929580820e-09
1.265173622807700e-02,1.247964779620998e-09
1.277953154351211e-02,1.245470935996845e-09
1.290732685894724e-02,1.243005818504867e-09
1.303512217438236e-02,1.240568880025174e-09
1.316291748981748e-02,1.238159573437878e-09
1.329071280525260e-02,1.235777351623089e-09
1.341850812068772e-02,1.233421667460917e-09
1.354630343612284e-02,1.231091973831475e-09
1.367409875155796e-02,1.228787723614872e-09
1.380189406699308e-02,1.226508369691220e-09
1.392968938242821e-02,1.224253364940628e-09
1.405748469786333e-02,1.222022185396714e-09
1.418528001329845e-02,1.219814399708457e-09
1.431307532873357e-02,1.217629599679013e-09
1.444087064416869e-02,1.215467377111538e-09
1.456866595960381e-02,1.213327323809189e-09
1.469646127503893e-02,1.211209031575122e-09
1.482425659047405e-02,1.209112092212493e-09
1.495205190590917e-02,1.207036097524459e-09
1.507984722134430e-02,1.204980639314175e-09
1.520764253677942e-02,1.202945309384798e-09
1.533543785221454e-02,1.200929715134523e-09
1.546323316764966e-02,1.198933526337986e-09
1.559102848308478e-02,1.196956428363003e-09
1.571882379851990e-02,1.194998106577393e-09
1.584661911395502e-02,1.193058246348971e-09
1.597441442939014e-02,1.191136533045556e-09
1.610220974482527e-02,1.189232652034963e-09
1.623000506026039e-02,1.187346288685011e-09
1.635780037569551e-02,1.185477128363517e-09
1.648559569113063e-02,1.183624856438297e-09
1.661339100656575e-02,1.181789169712900e-09
1.674118632200087e-02,1.179969810738428e-09
1.686898163743599e-02,1.178166533504027e-09
1.699677695287111e-02,1.176379091998845e-09
1.712457226830624e-02,1.174607240212027e-09
1.725236758374135e-02,1.172850732132722e-09
1.738016289917648e-02,1.171109321750074e-09
1.750795821461160e-02,1.169382763053232e-09
1.763575353004672e-02,1.167670810031342e-09
1.776354884548184e-02,1.165973216673551e-09
1.789134416091696e-02,1.164289745333698e-09
1.801913947635208e-02,1.162620191825302e-09
1.814693479178720e-02,1.160964360327029e-09
1.827473010722232e-02,1.159322055017543e-09
1.840252542265745e-02,1.157693080075510e-09
1.853032073809257e-02,1.156077239679595e-09
1.865811605352769e-02,1.154474338008463e-09
1.878591136896281e-02,1.152884179240778e-09
1.891370668439793e-02,1.151306567555208e-09
1.904150199983305e-02,1.149741307130416e-09
1.916929731526817e-02,1.148188208263286e-09
1.929709263070329e-02,1.146647105722431e-09
1.942488794613842e-02,1.145117840394106e-09
1.955268326157353e-02,1.143600253164568e-09
1.968047857700866e-02,1.142094184920073e-09
1.980827389244378e-02,1.140599476546877e-09
1.993606920787890e-02,1.139115968931236e-09
2.006386452331402e-02,1.137643502959407e-09
2.019165983874914e-02,1.136181919517645e-09
2.031945515418426e-02,1.134731059492208e-09
2.044725046961939e-02,1.133290768737476e-09
2.057504578505450e-02,1.131860912982597e-09
2.070284110048963e-02,1.130441362925975e-09
2.083063641592475e-02,1.129031989266012e-09
2.095843173135987e-02,1.127632662701112e-09
2.108622704679499e-02,1.126243253929678e-09
2.121402236223011e-02,1.124863633650114e-09
2.134181767766523e-02,1.123493672560823e-09
2.146961299310035e-02,1.122133241360208e-09
2.159740830853547e-02,1.120782210746672e-09
2.172520362397060e-02,1.119440454589156e-09
2.185299893940572e-02,1.118107859439247e-09
2.198079425484084e-02,1.116784315019323e-09
2.210858957027596e-02,1.115469711051760e-09
2.223638488571108e-02,1.114163937258935e-09
2.236418020114620e-02,1.112866883363225e-09
2.249197551658132e-02,1.111578439087006e-09
2.261977083201644e-02,1.110298494152656e-09
2.274756614745157e-02,1.109026938282550e-09
2.287536146288669e-02,1.107763661199066e-09
2.300315677832181e-02,1.106508557228198e-09
2.313095209375693e-02,1.105261539109774e-09
2.325874740919205e-02,1.104022524186927e-09
2.338654272462717e-02,1.102791429802785e-09
2.351433804006229e-02,1.101568173300479e-09
2.364213335549741e-02,1.100352672023141e-09
2.376992867093253e-02,1.099144843313899e-09
2.389772398636766e-02,1.097944604515886e-09
2.402551930180278e-02,1.096751872972231e-09
2.415331461723790e-02,1.095566566026065e-09
2.428110993267302e-02,1.094388597164365e-09
2.440890524810814e-02,1.093217864451175e-09
2.453670056354326e-02,1.092054262095217e-09
2.466449587897838e-02,1.090897684305219e-09
2.479229119441350e-02,1.089748025289904e-09
2.492008650984863e-02,1.088605179257998e-09
2.504788182528375e-02,1.087469040418227e-09
2.517567714071887e-02,1.086339502979314e-09
2.530347245615399e-02,1.085216461149986e-09
2.543126777158911e-02,1.084099809138967e-09
2.555906308702423e-02,1.082989465867967e-09
2.568685840245935e-02,1.081885449115796e-09
2.581465371789447e-02,1.080787801376838e-09
2.594244903332960e-02,1.079696565145475e-09
2.607024434876471e-02,1.078611782916087e-09
2.619803966419984e-02,1.077533497183057e-09
2.632583497963496e-02,1.076461750440767e-09
2.645363029507008e-02,1.075396585183598e-09
2.658142561050520e-02,1.074338043905933e-09
2.670922092594032e-02,1.073286169102152e-09
2.683701624137544e-02,1.072240919917446e-09
2.696481155681056e-02,1.071201922107482e-09
2.709260687224568e-02,1.070168718082360e-09
2.722040218768081e-02,1.069140850252178e-09
2.734819750311593e-02,1.068117861027035e-09
2.747599281855105e-02,1.067099292817030e-09
2.760378813398617e-02,1.066084688032263e-09
2.773158344942129e-02,1.065073589082832e-09
2.785937876485641e-02,1.064065538378836e-09
2.798717408029153e-02,1.063060078330374e-09
2.811496939572665e-02,1.062056928012361e-09
2.824276471116178e-02,1.061056513091297e-09
2.837056002659689e-02,1.060059435864653e-09
2.849835534203202e-02,1.059066298629905e-09
2.862615065746714e-02,1.058077703684526e-09
2.875394597290226e-02,1.057094253325989e-09
2.888174128833738e-02,1.056116549851770e-09
2.900953660377250e-02,1.055145195559342e-09
2.913733191920762e-02,1.054180792746179e-09
2.926512723464274e-02,1.053223943709754e-09
2.939292255007787e-02,1.052275072287448e-09
2.952071786551299e-02,1.051333888429922e-09
2.964851318094811e-02,1.050399923604574e-09
2.977630849638323e-02,1.049472709278799e-09
2.990410381181835e-02,1.048551776919995e-09
3.003189912725347e-02,1.047636657995556e-09
3.015969444268859e-02,1.046726883972881e-09
3.028748975812371e-02,1.045821986319365e-09
3.041528507355883e-02,1.044921496502405e-09
3.054308038899396e-02,1.044024945989397e-09
3.067087570442908e-02,1.043131957184784e-09
3.079867101986420e-02,1.042242516237874e-09
3.092646633529932e-02,1.041356700233359e-09
3.105426165073444e-02,1.040474586255933e-09
3.118205696616956e-02,1.039596251390288e-09
3.130985228160468e-02,1.038721772721118e-09
3.143764759703981e-02,1.037851227333115e-09
3.156544291247493e-02,1.036984692310973e-09
3.169323822791005e-02,1.036122244739384e-09
3.182103354334517e-02,1.035263961703041e-09
3.194882885878029e-02,1.034409896959908e-09
3.207662417421541e-02,1.033560010968787e-09
3.220441948965053e-02,1.032714240865629e-09
3.233221480508566e-02,1.031872523786388e-09
3.246001012052077e-02,1.031034796867015e-09
3.258780543595589e-02,1.030200997243463e-09
3.271560075139102e-02,1.029371062051685e-09
3.284339606682614e-02,1.028544928427632e-09
3.297119138226126e-02,1.027722533507257e-09
3.309898669769638e-02,1.026903814426513e-09
3.322678201313150e-02,1.026088715287339e-09
3.335457732856662e-02,1.025277208057787e-09
3.348237264400174e-02,1.024469271672977e-09
3.361016795943687e-02,1.023664885068027e-09
3.373796327487198e-02,1.022864027178058e-09
3.386575859030710e-02,1.022066676938188e-09
3.399355390574223e-02,1.021272813283536e-09
3.412134922117735e-02,1.020482415149222e-09
3.424914453661247e-02,1.019695461470366e-09
3.437693985204759e-02,1.018911931182086e-09
3.450473516748271e-02,1.018131802166863e-09
3.463253048291783e-02,1.017355048096602e-09
3.476032579835295e-02,1.016581641590563e-09
3.488812111378808e-02,1.015811555268004e-09
3.501591642922319e-02,1.015044761748186e-09
3.514371174465832e-02,1.014281233650367e-09
3.527150706009344e-02,1.013520943593807e-09
3.539930237552856e-02,1.012763864197765e-09
3.552709769096368e-02,1.012009968081499e-09
3.565489300639881e-02,1.011259227864270e-09
3.578268832183392e-02,1.010511616935719e-09
3.591048363726904e-02,1.009767111766806e-09
3.603827895270417e-02,1.009025689598763e-09
3.616607426813929e-02,1.008287327672825e-09
3.629386958357441e-02,1.007552003230223e-09
3.642166489900953e-02,1.006819693512192e-09
3.654946021444465e-02,1.006090375759965e-09
3.667725552987977e-02,1.005364027214775e-09
3.680505084531489e-02,1.004640625117856e-09
3.693284616075002e-02,1.003920146710439e-09
3.706064147618514e-02,1.003202569639767e-09
3.718843679162025e-02,1.002487873177254e-09
3.731623210705538e-02,1.001776037000395e-09
3.744402742249050e-02,1.001067040786686e-09
3.757182273792562e-02,1.000360864213620e-09
3.769961805336074e-02,9.996574869586956e-10
3.782741336879586e-02,9.989568886994053e-10
3.795520868423098e-02,9.982590491132458e-10
3.808300399966610e-02,9.975639478777116e-10
3.821079931510123e-02,9.968715646702981e-10
3.833859463053635e-02,9.961818794503230e-10
3.846638994597146e-02,9.954948733044100e-10
3.859418526140659e-02,9.948105276010136e-10
3.872198057684171e-02,9.941288237085895e-10
3.884977589227683e-02,9.934497429955926e-10
3.897757120771195e-02,9.927732668304777e-10
3.910536652314707e-02,9.920993765817002e-10
3.923316183858219e-02,9.914280536177145e-10
3.936095715401731e-02,9.907592793069764e-10
3.948875246945244e-02,9.900930350179403e-10
3.961654778488756e-02,9.894293024416922e-10
3.974434310032268e-02,9.887680645597625e-10
3.987213841575780e-02,9.881093046762762e-10
3.999993373119292e-02,9.874530060953569e-10
4.012772904662804e-02,9.867991521211292e-10
4.025552436206317e-02,9.861477260577171e-10
4.038331967749829e-02,9.854987112092448e-10
4.051111499293340e-02,9.848520908798362e-10
4.063891030836853e-02,9.842078483736157e-10
4.076670562380365e-02,9.835659669947076e-10
4.089450093923877e-02,9.829264303094113e-10
4.102229625467389e-02,9.822892229328362e-10
4.115009157010902e-02,9.816543297423207e-10
4.127788688554413e-02,9.810217356152033e-10
4.140568220097925e-02,9.803914254288226e-10
4.153347751641438e-02,9.797633840605172e-10
4.166127283184950e-02,9.791375963876256e-10
4.178906814728462e-02,9.785140472874864e-10
4.191686346271974e-02,9.778927216374379e-10
4.204465877815486e-02,9.772736043148189e-10
4.217245409358998e-02,9.766566804345140e-10
4.230024940902510e-02,9.760419360616207e-10
4.242804472446023e-02,9.754293574987959e-10
4.255584003989534e-02,9.748189310486972e-10
4.268363535533046e-02,9.742106430139813e-10
4.281143067076559e-02,9.736044796973060e-10
4.293922598620071e-02,9.730004274013278e-10
4.306702130163583e-02,9.723984724287043e-10
4.319481661707095e-02,9.717986010820927e-10
4.332261193250607e-02,9.712007996641500e-10
4.345040724794119e-02,9.706050546699672e-10
4.357820256337631e-02,9.700113533643330e-10
4.370599787881144e-02,9.694196832044534e-10
4.383379319424656e-02,9.688300316475335e-10
4.396158850968167e-02,9.682423861507784e-10
4.408938382511680e-02,9.676567341713939e-10
4.421717914055192e-02,9.670730631665849e-10
4.434497445598704e-02,9.664913605935572e-10
4.447276977142216e-02,9.659116139095159e-10
4.460056508685728e-02,9.653338105716660e-10
4.472836040229240e-02,9.647579382161643e-10
4.485615571772752e-02,9.641839851950524e-10
4.498395103316265e-02,9.636119400393648e-10
4.511174634859777e-02,9.630417912801355e-10
4.523954166403289e-02,9.624735274483988e-10
4.536733697946801e-02,9.619071370751887e-10
4.549513229490313e-02,9.613426086915396e-10
4.562292761033825e-02,9.607799308284855e-10
4.575072292577338e-02,9.602190920170608e-10
4.587851824120850e-02,9.596600807882995e-10
4.600631355664361e-02,9.591028858628894e-10
4.613410887207874e-02,9.585474967201637e-10
4.626190418751386e-02,9.579939030291248e-10
4.638969950294898e-02,9.574420944587752e-10
4.651749481838410e-02,9.568920606781172e-10
4.664529013381922e-02,9.563437913561535e-10
4.677308544925434e-02,9.557972761618863e-10
4.690088076468946e-02,9.552525047643183e-10
4.702867608012459e-02,9.547094668324517e-10
4.715647139555971e-02,9.541681520352889e-10
4.728426671099482e-02,9.536285501539308e-10
4.741206202642995e-02,9.530906514178575e-10
4.753985734186507e-02,9.525544461686406e-10
4.766765265730019e-02,9.520199247478503e-10
4.779544797273531e-02,9.514870774970584e-10
4.792324328817044e-02,9.509558947578361e-10
4.805103860360555e-02,9.504263668717543e-10
4.817883391904067e-02,9.498984841803841e-10
4.830662923447580e-02,9.493722370252969e-10
4.843442454991092e-02,9.488476157480636e-10
4.856221986534604e-02,9.483246107750250e-10
4.869001518078116e-02,9.478032128715616e-10
4.881781049621628e-02,9.472834128878058e-10
4.894560581165140e-02,9.467652016738899e-10
4.907340112708652e-02,9.462485700799455e-10
4.920119644252165e-02,9.457335089561054e-10
4.932899175795677e-02,9.452200091525014e-10
4.945678707339188e-02,9.447080615192657e-10
4.958458238882701e-02,9.441976569065304e-10
4.971237770426213e-02,9.436887861644279e-10
4.984017301969725e-02,9.431814405139822e-10
4.996796833513237e-02,9.426756126598667e-10
5.000000000000000e-02,9.425490649019941e-10
5.009576365056749e-02,9.421712956072045e-10
5.022355896600261e-02,9.416684817463381e-10
5.035135428143774e-02,9.411671631504974e-10
5.047914959687286e-02,9.406673318902762e-10
5.060694491230798e-02,9.401689800362670e-10
5.073474022774310e-02,9.396720996590628e-10
5.086253554317822e-02,9.391766828292569e-10
5.099033085861334e-02,9.386827216174423e-10
5.111812617404846e-02,9.381902081025779e-10
5.124592148948359e-02,9.376991343970876e-10
5.137371680491870e-02,9.372094926217600e-10
5.150151212035382e-02,9.367212748973852e-10
5.162930743578895e-02,9.362344733447518e-10
5.175710275122407e-02,9.357490800846492e-10
5.188489806665919e-02,9.352650872378666e-10
5.201269338209431e-02,9.347824869251933e-10
5.214048869752943e-02,9.343012712674188e-10
5.226828401296455e-02,9.338214323853318e-10
5.239607932839967e-02,9.333429626025048e-10
5.252387464383480e-02,9.328658550535624e-10
5.265166995926992e-02,9.323901030758748e-10
5.277946527470503e-02,9.319157000068121e-10
5.290726059014016e-02,9.314426391837436e-10
5.303505590557528e-02,9.309709139440391e-10
5.316285122101040e-02,9.305005176250687e-10
5.329064653644552e-02,9.300314435642018e-10
5.341844185188065e-02,9.295636850988083e-10
5.354623716731576e-02,9.290972355662582e-10
5.367403248275088e-02,9.286320882968824e-10
5.380182779818601e-02,9.281682365928567e-10
5.392962311362113e-02,9.277056737493175e-10
5.405741842905625e-02,9.272443930614006e-10
5.418521374449137e-02,9.267843878242423e-10
5.431300905992649e-02,9.263256513329788e-10
5.444080437536161e-02,9.258681768827464e-10
5.456859969079673e-02,9.254119577686810e-10
5.469639500623186e-02,9.249569872859189e-10
5.482419032166697e-02,9.245032587295967e-10
5.495198563710210e-02,9.240507655313730e-10
5.507978095253722e-02,9.235995016689952e-10
5.520757626797234e-02,9.231494612567319e-10
5.533537158340746e-02,9.227006384088512e-10
5.546316689884258e-02,9.222530272396213e-10
5.559096221427770e-02,9.218066218633103e-10
5.571875752971282e-02,9.213614163941868e-10
5.584655284514795e-02,9.209174049465188e-10
5.597434816058307e-02,9.204745816345746e-10
5.610214347601819e-02,9.200329405726226e-10
5.622993879145331e-02,9.195924759142711e-10
5.635773410688843e-02,9.191531819704752e-10
5.648552942232355e-02,9.187150530915242e-10
5.661332473775867e-02,9.182780836277069e-10
5.674112005319380e-02,9.178422679293123e-10
5.686891536862891e-02,9.174076003466296e-10
5.699671068406403e-02,9.169740752299477e-10
5.712450599949916e-02,9.165416869295553e-10
5.725230131493428e-02,9.161104297957418e-10
5.738009663036940e-02,9.156802981787959e-10
5.750789194580452e-02,9.152512865039072e-10
5.763568726123964e-02,9.148233894958904e-10
5.776348257667476e-02,9.143966019544728e-10
5.789127789210988e-02,9.139709186793813e-10
5.801907320754501e-02,9.135463344703430e-10
5.814686852298013e-02,9.131228441270854e-10
5.827466383841524e-02,9.127004424493352e-10
5.840245915385037e-02,9.122791242368194e-10
5.853025446928549e-02,9.118588842892656e-10
5.865804978472061e-02,9.114397174064006e-10
5.878584510015573e-02,9.110216184513361e-10
5.891364041559085e-02,9.106045825407235e-10
5.904143573102597e-02,9.101886048545995e-10
5.916923104646109e-02,9.097736805730004e-10
5.929702636189622e-02,9.093598048759631e-10
5.942482167733134e-02,9.089469729435243e-10
5.955261699276646e-02,9.085351799557201e-10
5.968041230820158e-02,9.081244210925876e-10
5.980820762363670e-02,9.077146915341633e-10
5.993600293907182e-02,9.073059864604834e-10
6.006379825450694e-02,9.068983010861930e-10
6.019159356994207e-02,9.064916307643579e-10
6.031938888537718e-02,9.060859708826481e-10
6.044718420081231e-02,9.056813168287330e-10
6.057497951624743e-02,9.052776639902819e-10
6.070277483168255e-02,9.048750077549647e-10
6.083057014711767e-02,9.044733435104507e-10
6.095836546255279e-02,9.040726666444094e-10
6.108616077798791e-02,9.036729725445103e-10
6.121395609342303e-02,9.032742565984231e-10
6.134175140885816e-02,9.028765142540350e-10
6.146954672429328e-02,9.024797412001256e-10
6.159734203972840e-02,9.020839331857038e-10
6.172513735516352e-02,9.016890859597782e-10
6.185293267059864e-02,9.012951952713571e-10
6.198072798603376e-02,9.009022568694496e-10
6.210852330146888e-02,9.005102665030638e-10
6.223631861690401e-02,9.001192199212085e-10
6.236411393233912e-02,8.997291128728925e-10
6.249190924777424e-02,8.993399411071241e-10
6.261970456320937e-02,8.989517004284981e-10
6.274749987864449e-02,8.985643868639575e-10
6.287529519407961e-02,8.981779964960328e-10
6.300309050951473e-02,8.977925254072555e-10
6.313088582494986e-02,8.974079696801564e-10
6.325868114038498e-02,8.970243253972662e-10
6.338647645582010e-02,8.966415886411159e-10
6.351427177125522e-02,8.962597554942367e-10
6.364206708669033e-02,8.958788220391591e-10
6.376986240212545e-02,8.954987843584142e-10
6.389765771756058e-02,8.951196385427331e-10
6.402545303299570e-02,8.947413807156445e-10
6.415324834843082e-02,8.943640070088762e-10
6.428104366386594e-02,8.939875135541564e-10
6.440883897930107e-02,8.936118964832127e-10
6.453663429473619e-02,8.932371519277735e-10
6.466442961017131e-02,8.928632760195663e-10
6.479222492560642e-02,8.924902648903193e-10
6.492002024104154e-02,8.921181146717603e-10
6.504781555647667e-02,8.917468214956171e-10
6.517561087191179e-02,8.913763815968561e-10
6.530340618734691e-02,8.910067916234407e-10
6.543120150278203e-02,8.906380483265939e-10
6.555899681821716e-02,8.902701484575389e-10
6.568679213365228e-02,8.899030887674987e-10
6.581458744908740e-02,8.895368660076963e-10
6.594238276452252e-02,8.891714769293555e-10
6.607017807995763e-02,8.888069182836985e-10
6.619797339539275e-02,8.884431868219491e-10
6.632576871082788e-02,8.880802792953304e-10
6.645356402626300e-02,8.877181923881811e-10
6.658135934169812e-02,8.873569225172958e-10
6.670915465713324e-02,8.869964660325813e-10
6.683694997256837e-02,8.866368192839435e-10
6.696474528800349e-02,8.862779786212888e-10
6.709254060343861e-02,8.859199403945239e-10
6.722033591887373e-02,8.855627009535549e-10
6.734813123430886e-02,8.852062566482885e-10
6.747592654974396e-02,8.848506038286308e-10
6.760372186517909e-02,8.844957388444881e-10
6.773151718061421e-02,8.841416581429814e-10
6.785931249604933e-02,8.837883585600731e-10
6.798710781148445e-02,8.834358370289313e-10
6.811490312691958e-02,8.830840904827241e-10
6.824269844235470e-02,8.827331158546199e-10
6.837049375778982e-02,8.823829100777867e-10
6.849828907322494e-02,8.820334700853930e-10
6.862608438866007e-02,8.816847928106069e-10
6.875387970409517e-02,8.813368751865966e-10
6.888167501953030e-02,8.809897141465304e-10
6.900947033496542e-02,8.806433066913065e-10
6.913726565040054e-02,8.802976500927763e-10
6.926506096583566e-02,8.799527416905364e-10
6.939285628127079e-02,8.796085788241838e-10
6.952065159670591e-02,8.792651588333158e-10
6.964844691214103e-02,8.789224790575290e-10
6.977624222757615e-02,8.785805368364209e-10
6.990403754301128e-02,8.782393295095883e-10
7.003183285844640e-02,8.778988544166281e-10
7.015962817388151e-02,8.775591088971372e-10
7.028742348931663e-02,8.772200902219636e-10
7.041521880475175e-02,8.768817953869448e-10
7.054301412018688e-02,8.765442213191638e-10
7.067080943562200e-02,8.762073649457032e-10
7.079860475105712e-02,8.758712231936454e-10
7.092640006649224e-02,8.755357929900736e-10
7.105419538192737e-02,8.752010712620698e-10
7.118199069736249e-02,8.748670549367174e-10
7.130978601279761e-02,8.745337409410986e-10
7.152277820518949e-02,8.739797700016134e-10
7.173577039758135e-02,8.734277276696395e-10
7.194876258997322e-02,8.728776019884277e-10
7.216175478236508e-02,8.723293814551868e-10
7.237474697475696e-02,8.717830545671255e-10
7.258773916714882e-02,8.712386098214524e-10
7.280073135954070e-02,8.706960357153768e-10
7.301372355193256e-02,8.701553207461069e-10
7.322671574432443e-02,8.696164534108518e-10
7.343970793671629e-02,8.690794222068202e-10
7.365270012910817e-02,8.685442156312206e-10
7.386569232150003e-02,8.680108222724786e-10
7.407868451389191e-02,8.674792310838851e-10
7.429167670628377e-02,8.669494311099474e-10
7.450466889867564e-02,8.664214113951722e-10
7.471766109106751e-02,8.658951609840673e-10
7.493065328345938e-02,8.653706689211397e-10
7.514364547585124e-02,8.648479242508964e-10
7.535663766824312e-02,8.643269160178448e-10
7.556962986063498e-02,8.638076332664919e-10
7.578262205302685e-02,8.632900650413451e-10
7.599561424541872e-02,8.627742005595274e-10
7.620860643781059e-02,8.622600297286055e-10
7.642159863020245e-02,8.617475426287521e-10
7.663459082259433e-02,8.612367293401400e-10
7.684758301498619e-02,8.607275799429420e-10
7.706057520737807e-02,8.602200845173303e-10
7.727356739976993e-02,8.597142331434782e-10
7.748655959216180e-02,8.592100159015580e-10
7.769955178455366e-02,8.587074228717426e-10
7.791254397694554e-02,8.582064441342044e-10
7.812553616933740e-02,8.577070698991171e-10
7.833852836172928e-02,8.572092908966269e-10
7.855152055412114e-02,8.567130979868669e-10
7.876451274651301e-02,8.562184820299693e-10
7.897750493890487e-02,8.557254338860670e-10
7.919049713129675e-02,8.552339444152926e-10
7.940348932368861e-02,8.547440044777789e-10
7.961648151608049e-02,8.542556049336582e-10
7.982947370847235e-02,8.537687366430634e-10
8.004246590086422e-02,8.532833904661270e-10
8.025545809325609e-02,8.527995574133631e-10
8.046845028564796e-02,8.523172290968456e-10
8.068144247803982e-02,8.518363972790472e-10
8.089443467043170e-02,8.513570537224401e-10
8.110742686282357e-02,8.508791901894973e-10
8.132041905521543e-02,8.504027984426912e-10
8.153341124760730e-02,8.499278702444946e-10
8.174640343999917e-02,8.494543973573800e-10
8.195939563239105e-02,8.489823715438197e-10
8.217238782478291e-02,8.485117845662868e-10
8.238538001717477e-02,8.480426282447457e-10
8.259837220956665e-02,8.475748946291369e-10
8.281136440195852e-02,8.471085758268962e-10
8.302435659435038e-02,8.466436639454599e-10
8.323734878674224e-02,8.461801510922638e-10
8.345034097913412e-02,8.457180293747439e-10
8.366333317152599e-02,8.452572909003363e-10
8.387632536391786e-02,8.447979277764770e-10
8.408931755630973e-02,8.443399321106020e-10
8.430230974870159e-02,8.438832960101471e-10
8.451530194109347e-02,8.434280117477631e-10
8.472829413348533e-02,8.429740722569613e-10
8.494128632587720e-02,8.425214706364686e-10
8.515427851826907e-02,8.420701999850118e-10
8.536727071066094e-02,8.416202534013183e-10
8.558026290305280e-02,8.411716239841147e-10
8.579325509544468e-02,8.407243048321284e-10
8.600624728783654e-02,8.402782890440860e-10
8.621923948022842e-02,8.398335697187147e-10
8.643223167262028e-02,8.393901399547417e-10
8.664522386501215e-02,8.389479928608872e-10
8.685821605740401e-02,8.385071215858471e-10
8.707120824979589e-02,8.380675192883096e-10
8.728420044218775e-02,8.376291791269633e-10
8.749719263457963e-02,8.371920942604967e-10
8.771018482697149e-02,8.367562578475985e-10
8.792317701936336e-02,8.363216630469568e-10
8.813616921175522e-02,8.358883030172608e-10
8.834916140414710e-02,8.354561709171988e-10
8.856215359653896e-02,8.350252599054592e-10
8.877514578893084e-02,8.345955633245595e-10
8.898813798132270e-02,8.341670752522967e-10
8.920113017371457e-02,8.337397899502771e-10
8.941412236610644e-02,8.333137016801078e-10
8.962711455849831e-02,8.328888047033955e-10
8.984010675089017e-02,8.324650932817475e-10
9.005309894328205e-02,8.320425616767704e-10
9.026609113567391e-02,8.316212041500708e-10
9.047908332806578e-02,8.312010149632561e-10
9.069207552045766e-02,8.307819883779328e-10
9.090506771284952e-02,8.303641185883391e-10
9.111805990524138e-02,8.299473995192214e-10
9.133105209763326e-02,8.295318250279487e-10
9.154404429002513e-02,8.291173889718899e-10
9.175703648241700e-02,8.287040852084143e-10
9.197002867480886e-02,8.282919075948908e-10
9.218302086720073e-02,8.278808499886883e-10
9.239601305959261e-02,8.274709062471759e-10
9.260900525198447e-02,8.270620702277229e-10
9.282199744437633e-02,8.266543357876983e-10
9.303498963676821e-02,8.262476970103033e-10
9.324798182916008e-02,8.258421488821036e-10
9.346097402155194e-02,8.254376866155124e-10
9.367396621394380e-02,8.250343054229440e-10
9.388695840633568e-02,8.246320005168118e-10
9.409995059872756e-02,8.242307671095300e-10
9.431294279111942e-02,8.238306004135124e-10
9.452593498351128e-02,8.234314956411728e-10
9.473892717590315e-02,8.230334480049250e-10
9.495191936829503e-02,8.226364527171828e-10
9.516491156068689e-02,8.222405049156933e-10
9.537790375307875e-02,8.218455994395336e-10
9.559089594547063e-02,8.214517310531127e-10
9.580388813786250e-02,8.210588945208393e-10
9.601688033025436e-02,8.206670846071228e-10
9.622987252264624e-02,8.202762960763715e-10
9.644286471503810e-02,8.198865236929948e-10
9.665585690742998e-02,8.194977622214017e-10
9.686884909982184e-02,8.191100064260006e-10
9.708184129221371e-02,8.187232510712010e-10
9.729483348460558e-02,8.183374910515044e-10
9.750782567699745e-02,8.179527217817750e-10
9.772081786938931e-02,8.175689388069646e-10
9.793381006178119e-02,8.171861376720252e-10
9.814680225417305e-02,8.168043139219091e-10
9.835979444656492e-02,8.164234631015684e-10
9.857278663895679e-02,8.160435807559551e-10
9.878577883134866e-02,8.156646624300209e-10
9.899877102374052e-02,8.152867036687184e-10
9.921176321613240e-02,8.149097000169995e-10
9.942475540852426e-02,8.145336470475097e-10
9.963774760091614e-02,8.141585404436653e-10
9.985073979330800e-02,8.137843759165733e-10
1.000637319857000e-01,8.134111491773404e-10
1.002767241780920e-01,8.130388559370739e-10
1.004897163704840e-01,8.126674919068813e-10
1.007027085628750e-01,8.122970527978711e-10
1.009157007552670e-01,8.119275343211469e-10
1.011286929476590e-01,8.115589321878176e-10
1.013416851400510e-01,8.111912421089906e-10
1.015546773324430e-01,8.108244598444605e-10
1.017676695248350e-01,8.104585813488146e-10
1.019806617172270e-01,8.100936026253481e-10
1.021936539096190e-01,8.097295196773568e-10
1.024066461020100e-01,8.093663285081378e-10
1.026196382944020e-01,8.090040251209831e-10
1.028326304867940e-01,8.086426055191894e-10
1.030456226791860e-01,8.082820657060526e-10
1.032586148715780e-01,8.079224016848680e-10
1.034716070639700e-01,8.075636094589311e-10
1.036845992563620e-01,8.072056850678908e-10
1.038975914487540e-01,8.068486246967967e-10
1.041105836411450e-01,8.064924245670460e-10
1.043235758335370e-01,8.061370809000311e-10
1.045365680259290e-01,8.057825899171497e-10
1.047495602183210e-01,8.054289478397977e-10
1.049625524107130e-01,8.050761508893704e-10
1.051755446031050e-01,8.047241952872637e-10
1.053885367954970e-01,8.043730772548737e-10
1.056015289878880e-01,8.040227930135974e-10
1.058145211802800e-01,8.036733388304426e-10
1.060275133726720e-01,8.033247111548068e-10
1.062405055650640e-01,8.029769064816637e-10
1.064534977574560e-01,8.026299213059870e-10
1.066664899498480e-01,8.022837521227507e-10
1.068794821422400e-01,8.019383954269281e-10
1.070924743346320e-01,8.015938477134933e-10
1.073054665270230e-01,8.012501054774216e-10
1.075184587194150e-01,8.009071652136835e-10
1.077314509118070e-01,8.005650234172541e-10
1.079444431041990e-01,8.002236766153893e-10
1.081574352965910e-01,7.998831214645613e-10
1.083704274889830e-01,7.995433546535685e-10
1.085834196813750e-01,7.992043728712097e-10
1.087964118737660e-01,7.988661728062851e-10
1.090094040661580e-01,7.985287511475906e-10
1.092223962585500e-01,7.981921045839261e-10
1.094353884509420e-01,7.978562298040903e-10
1.096483806433340e-01,7.975211234968819e-10
1.098613728357260e-01,7.971867823510997e-10
1.100743650281180e-01,7.968532030963527e-10
1.102873572205100e-01,7.965203826255545e-10
1.105003494129010e-01,7.961883178724610e-10
1.107133416052930e-01,7.958570057708244e-10
1.109263337976850e-01,7.955264432544009e-10
1.111393259900770e-01,7.951966272569457e-10
1.113523181824690e-01,7.948675547122136e-10
1.115653103748610e-01,7.945392225539593e-10
1.117783025672530e-01,7.942116277159381e-10
1.119912947596450e-01,7.938847671319047e-10
1.122042869520360e-01,7.935586377578622e-10
1.124172791444280e-01,7.932332366388027e-10
1.126302713368200e-01,7.929085608419725e-10
1.128432635292120e-01,7.925846074346170e-10
1.130562557216040e-01,7.922613734839808e-10
1.132692479139960e-01,7.919388560573093e-10
1.134822401063880e-01,7.916170522218472e-10
1.136952322987790e-01,7.912959590448413e-10
1.139082244911710e-01,7.909755735935333e-10
1.141212166835630e-01,7.906558929351699e-10
1.143342088759550e-01,7.903369141536134e-10
1.145472010683470e-01,7.900186343991795e-10
1.147601932607390e-01,7.897010508387936e-10
1.149731854531310e-01,7.893841606393810e-10
1.151861776455230e-01,7.890679609678668e-10
1.153991698379140e-01,7.887524489911781e-10
1.156121620303060e-01,7.884376218762369e-10
1.158251542226980e-01,7.881234767899702e-10
1.160381464150900e-01,7.878100108993031e-10
1.162511386074820e-01,7.874972213711610e-10
1.164641307998740e-01,7.871851054240757e-10
1.166771229922660e-01,7.868736604828927e-10
1.168901151846570e-01,7.865628840240091e-10
1.171031073770490e-01,7.862527735238181e-10
1.173160995694410e-01,7.859433264587170e-10
1.175290917618330e-01,7.856345403051014e-10
1.177420839542250e-01,7.853264125393675e-10
1.179550761466170e-01,7.850189406379109e-10
1.181680683390090e-01,7.847121220771278e-10
1.183810605314010e-01,7.844059543334137e-10
1.185940527237920e-01,7.841004348788146e-10
1.188070449161840e-01,7.837955611679566e-10
1.190200371085760e-01,7.834913306511139e-10
1.192330293009680e-01,7.831877407785591e-10
1.194460214933600e-01,7.828847890005647e-10
1.196590136857520e-01,7.825824727674037e-10
1.198720058781440e-01,7.822807895293486e-10
1.200849980705360e-01,7.819797367366721e-10
1.202979902629270e-01,7.816793118396484e-10
1.205109824553190e-01,7.813795122885472e-10
1.207239746477110e-01,7.810803356065002e-10
1.209369668401030e-01,7.807817796081399e-10
1.211499590324950e-01,7.804838421809923e-10
1.213629512248870e-01,7.801865212125834e-10
1.215759434172790e-01,7.798898145904393e-10
1.217889356096700e-01,7.795937202020875e-10
1.220019278020620e-01,7.792982359350512e-10
1.222149199944540e-01,7.790033596768577e-10
1.224279121868460e-01,7.787090893150333e-10
1.226409043792380e-01,7.784154227371038e-10
1.228538965716300e-01,7.781223577629841e-10
1.230668887640220e-01,7.778298919421605e-10
1.232798809564140e-01,7.775380227565164e-10
1.234928731488050e-01,7.772467476879366e-10
1.237058653411970e-01,7.769560642183017e-10
1.239188575335890e-01,7.766659698294967e-10
1.241318497259810e-01,7.763764620034048e-10
1.243448419183730e-01,7.760875382219094e-10
1.245578341107650e-01,7.757991959668939e-10
1.247708263031570e-01,7.755114327202419e-10
1.249838184955480e-01,7.752242460803299e-10
1.251968106879400e-01,7.749376341113250e-10
1.254098028803320e-01,7.746515949938044e-10
1.256227950727240e-01,7.743661269083435e-10
1.258357872651160e-01,7.740812280355180e-10
1.260487794575080e-01,7.737968965559032e-10
1.262617716499000e-01,7.735131306500751e-10
1.264747638422920e-01,7.732299284986089e-10
1.266877560346830e-01,7.729472882820817e-10
1.269007482270750e-01,7.726652081810663e-10
1.271137404194670e-01,7.723836863415450e-10
1.273267326118590e-01,7.721027207712149e-10
1.275397248042510e-01,7.718223094432252e-10
1.277527169966430e-01,7.715424503307253e-10
1.279657091890350e-01,7.712631414068645e-10
1.281787013814270e-01,7.709843806447921e-10
1.283916935738180e-01,7.707061660176588e-10
1.286046857662100e-01,7.704284954986114e-10
1.288176779586020e-01,7.701513670608003e-10
1.290306701509940e-01,7.698747786773752e-10
1.292436623433860e-01,7.695987283220129e-10
1.294566545357780e-01,7.693232139705031e-10
1.296696467281700e-01,7.690482335991635e-10
1.298826389205610e-01,7.687737851843130e-10
1.300956311129530e-01,7.684998667022671e-10
1.303086233053450e-01,7.682264761293445e-10
1.305216154977370e-01,7.679536114418630e-10
1.307346076901290e-01,7.676812706161405e-10
1.309475998825210e-01,7.674094516284946e-10
1.311605920749130e-01,7.671381524552431e-10
1.313735842673050e-01,7.668673711442866e-10
1.315865764596960e-01,7.665971060298905e-10
1.317995686520880e-01,7.663273555179150e-10
1.320125608444800e-01,7.660581180142241e-10
1.322255530368720e-01,7.657893919246810e-10
1.324385452292640e-01,7.655211756551483e-10
1.326515374216560e-01,7.652534676114890e-10
1.328645296140480e-01,7.649862661995657e-10
1.330775218064400e-01,7.647195698252417e-10
1.332905139988310e-01,7.644533768943808e-10
1.335035061912230e-01,7.641876857742768e-10
1.337164983836150e-01,7.639224946779909e-10
1.339294905760070e-01,7.636578017800320e-10
1.341424827683990e-01,7.633936052549084e-10
1.343554749607910e-01,7.631299032771288e-10
1.345684671531830e-01,7.628666940212018e-10
1.347814593455740e-01,7.626039756616372e-10
1.349944515379660e-01,7.623417463729412e-10
1.352074437303580e-01,7.620800043296236e-10
1.354204359227500e-01,7.618187477061930e-10
1.356334281151420e-01,7.615579747236260e-10
1.358464203075340e-01,7.612976837886773e-10
1.360594124999260e-01,7.610378733545226e-10
1.362724046923180e-01,7.607785418743374e-10
1.364853968847090e-01,7.605196878012988e-10
1.366983890771010e-01,7.602613095885799e-10
1.369113812694930e-01,7.600034056893576e-10
1.371243734618850e-01,7.597459745568075e-10
1.373373656542770e-01,7.594890146441055e-10
1.375503578466690e-01,7.592325244044270e-10
1.377633500390610e-01,7.589765022884401e-10
1.379763422314520e-01,7.587209467367767e-10
1.381893344238440e-01,7.584658561875544e-10
1.384023266162360e-01,7.582112290788946e-10
1.386153188086280e-01,7.579570638489172e-10
1.388283110010200e-01,7.577033589357423e-10
1.390413031934120e-01,7.574501127774901e-10
1.392542953858040e-01,7.571973238122804e-10
1.394672875781960e-01,7.569449904782333e-10
1.396802797705870e-01,7.566931112134702e-10
1.398932719629790e-01,7.564416844739549e-10
1.401062641553710e-01,7.561907087870594e-10
1.403192563477630e-01,7.559401826980114e-10
1.405322485401550e-01,7.556901047520381e-10
1.407452407325470e-01,7.554404734943667e-10
1.409582329249390e-01,7.551912874702249e-10
1.411712251173300e-01,7.549425452248409e-10
1.413842173097220e-01,7.546942453034399e-10
1.415972095021140e-01,7.544463862512506e-10
1.418102016945060e-01,7.541989666135001e-10
1.420231938868980e-01,7.539519849447544e-10
1.422361860792900e-01,7.537054398369326e-10
1.424491782716820e-01,7.534593298912920e-10
1.426621704640740e-01,7.532136537090898e-10
1.428751626564650e-01,7.529684098915845e-10
1.430881548488570e-01,7.527235970400309e-10
1.433011470412490e-01,7.524792137556874e-10
1.435141392336410e-01,7.522352586398112e-10
1.437271314260330e-01,7.519917302936597e-10
1.439401236184250e-01,7.517486273184898e-10
1.441531158108170e-01,7.515059483236160e-10
1.443661080032090e-01,7.512636919505688e-10
1.445791001956000e-01,7.510218568489313e-10
1.447920923879920e-01,7.507804416682837e-10
1.450050845803840e-01,7.505394450582089e-10
1.452180767727760e-01,7.502988656682893e-10
1.454310689651680e-01,7.500587021481072e-10
1.456440611575600e-01,7.498189531472444e-10
1.458570533499520e-01,7.495796173152831e-10
1.460700455423430e-01,7.493406933018069e-10
1.462830377347350e-01,7.491021797823663e-10
1.464960299271270e-01,7.488640755363328e-10
1.467090221195190e-01,7.486263793690145e-10
1.469220143119110e-01,7.483890900857190e-10
1.471350065043030e-01,7.481522064917544e-10
1.473479986966950e-01,7.479157273924288e-10
1.475609908890870e-01,7.476796515930497e-10
1.477739830814780e-01,7.474439778989266e-10
1.479869752738700e-01,7.472087051153649e-10
1.481999674662620e-01,7.469738320476737e-10
1.484129596586540e-01,7.467393574821344e-10
1.486259518510460e-01,7.465052801288875e-10
1.488389440434380e-01,7.462715986790290e-10
1.490519362358300e-01,7.460383118236555e-10
1.492649284282220e-01,7.458054182538633e-10
1.494779206206130e-01,7.455729166607497e-10
1.496909128130050e-01,7.453408057354092e-10
1.499039050053970e-01,7.451090841689388e-10
1.501168971977890e-01,7.448777506524350e-10
1.503298893901810e-01,7.446468038769944e-10
1.505428815825730e-01,7.444162425626990e-10
1.507558737749650e-01,7.441860655455926e-10
1.509688659673560e-01,7.439562716907143e-10
1.511818581597480e-01,7.437268598631002e-10
1.513948503521400e-01,7.434978289277896e-10
1.516078425445320e-01,7.432691777498209e-10
1.518208347369240e-01,7.430409051942321e-10
1.520338269293160e-01,7.428130101260615e-10
1.522468191217080e-01,7.425854914103473e-10
1.524598113141000e-01,7.423583479121277e-10
1.526728035064910e-01,7.421315785106629e-10
1.528857956988830e-01,7.419051821420841e-10
1.530987878912750e-01,7.416791577567422e-10
1.533117800836670e-01,7.414535043049871e-10
1.535247722760590e-01,7.412282207371684e-10
1.537377644684510e-01,7.410033060036361e-10
1.539507566608430e-01,7.407787590547397e-10
1.541637488532340e-01,7.405545788408304e-10
1.543767410456260e-01,7.403307643122555e-10
1.545897332380180e-01,7.401073144193660e-10
1.548027254304100e-01,7.398842281223278e-10
1.550157176228020e-01,7.396615044205520e-10
1.552287098151940e-01,7.394391423232569e-10
1.554417020075860e-01,7.392171408396604e-10
1.556546941999780e-01,7.389954989789809e-10
1.558676863923690e-01,7.387742157504375e-10
1.560806785847610e-01,7.385532901632459e-10
1.562936707771530e-01,7.383327212266257e-10
1.565066629695450e-01,7.381125079497949e-10
1.567196551619370e-01,7.378926493419716e-10
1.569326473543290e-01,7.376731442301347e-10
1.571456395467210e-01,7.374539907118467e-10
1.573586317391130e-01,7.372351867022002e-10
1.575716239315040e-01,7.370167301162892e-10
1.577846161238960e-01,7.367986188692045e-10
1.579976083162880e-01,7.365808508760401e-10
1.582106005086800e-01,7.363634240518885e-10
1.584235927010720e-01,7.361463363118428e-10
1.586365848934640e-01,7.359295855709958e-10
1.588495770858560e-01,7.357131697444403e-10
1.590625692782470e-01,7.354970877176227e-10
1.592755614706390e-01,7.352813422586502e-10
1.594885536630310e-01,7.350659371066119e-10
1.597015458554230e-01,7.348508760005960e-10
1.599145380478150e-01,7.346361626796906e-10
1.601275302402070e-01,7.344218008829841e-10
1.603405224325990e-01,7.342077943495645e-10
1.605535146249910e-01,7.339941468185201e-10
1.607665068173820e-01,7.337808620289402e-10
1.609794990097740e-01,7.335679437199106e-10
1.611924912021660e-01,7.333553919260778e-10
1.614054833945580e-01,7.331431918641076e-10
1.616184755869500e-01,7.329313250461191e-10
1.618314677793420e-01,7.327197729842317e-10
1.620444599717340e-01,7.325085171905649e-10
1.622574521641260e-01,7.322975391772380e-10
1.624704443565170e-01,7.320868204563712e-10
1.626834365489090e-01,7.318763425400821e-10
1.628964287413010e-01,7.316660869404908e-10
1.631094209336930e-01,7.314560351697168e-10
1.633224131260850e-01,7.312461824723141e-10
1.635354053184770e-01,7.310365790063821e-10
1.637483975108690e-01,7.308272886543589e-10
1.639613897032600e-01,7.306183752986839e-10
1.641743818956520e-01,7.304099028217934e-10
1.643873740880440e-01,7.302019351061267e-10
1.646003662804360e-01,7.299945360341221e-10
1.648133584728280e-01,7.297877694882179e-10
1.650263506652200e-01,7.295816993508525e-10
1.652393428576120e-01,7.293763895044641e-10
1.654523350500040e-01,7.291718528986132e-10
1.656653272423950e-01,7.289678988742956e-10
1.658783194347870e-01,7.287642859010808e-10
1.660913116271790e-01,7.285607724485409e-10
1.663043038195710e-01,7.283571169862473e-10
1.665172960119630e-01,7.281530779837711e-10
1.667302882043550e-01,7.279484139106839e-10
1.669432803967470e-01,7.277428832365568e-10
1.671562725891380e-01,7.275362444309619e-10
1.673692647815300e-01,7.273282559634686e-10
1.675822569739220e-01,7.271188658146931e-10
1.677952491663140e-01,7.269087803855484e-10
1.680082413587060e-01,7.266988957760999e-10
1.682212335510980e-01,7.264901080864128e-10
1.684342257434900e-01,7.262833134165521e-10
1.686472179358820e-01,7.260794078665835e-10
1.688602101282730e-01,7.258792875365729e-10
1.690732023206650e-01,7.256838485265838e-10
1.692861945130570e-01,7.254939869366823e-10
1.694991867054490e-01,7.253105988669337e-10
1.697121788978410e-01,7.251338733240276e-10
1.699251710902330e-01,7.249611704114773e-10
1.701381632826250e-01,7.247891428745581e-10
1.703511554750170e-01,7.246144434585459e-10
1.705641476674080e-01,7.244337249087172e-10
1.707771398598000e-01,7.242436399703459e-10
1.709901320521920e-01,7.240408413887086e-10
1.712031242445840e-01,7.238219819090809e-10
1.714161164369760e-01,7.235837142767384e-10
1.716291086293680e-01,7.233226912369569e-10
1.718421008217600e-01,7.230382050824409e-10
1.720550930141510e-01,7.227401050123970e-10
1.722680852065430e-01,7.224408791318877e-10
1.724810773989350e-01,7.221530155459794e-10
1.726940695913270e-01,7.218890023597376e-10
1.729070617837190e-01,7.216613276782274e-10
1.731200539761110e-01,7.214824796065141e-10
1.733330461685030e-01,7.213649462496629e-10
1.735460383608950e-01,7.213212157127392e-10
1.737590305532860e-01,7.213637761008078e-10
1.739720227456780e-01,7.214952621651402e-10
1.741850149380700e-01,7.216789121994992e-10
1.743980071304620e-01,7.218681196208634e-10
1.746109993228540e-01,7.220162778462112e-10
1.748239915152460e-01,7.220767802925211e-10
1.750369837076380e-01,7.220030203767717e-10
1.752499759000290e-01,7.217483915159432e-10
1.754629680924210e-01,7.212662871270117e-10
1.756759602848130e-01,7.205101006269570e-10
1.758889524772050e-01,7.194332254327566e-10
1.761019446695970e-01,7.180090832652852e-10
1.763149368619890e-01,7.162912627035041e-10
1.765279290543810e-01,7.143534074605036e-10
1.767409212467730e-01,7.122691612493731e-10
1.769539134391640e-01,7.101121677832134e-10
1.771669056315560e-01,7.079560707750936e-10
1.773798978239480e-01,7.058745139381139e-10
1.775928900163400e-01,7.039411409853645e-10
1.778058822087320e-01,7.022295956299349e-10
1.780188744011240e-01,7.008135215849152e-10
1.782318665935160e-01,6.997465012511845e-10
1.784448587859070e-01,6.990018428422740e-10
1.786578509782990e-01,6.985327787876321e-10
1.788708431706910e-01,6.982925415167190e-10
1.790838353630830e-01,6.982343634589904e-10
1.792968275554750e-01,6.983114770439017e-10
1.795098197478670e-01,6.984771147009085e-10
1.797228119402590e-01,6.986845088594665e-10
1.799358041326510e-01,6.988868919490314e-10
1.801487963250420e-01,6.990374963990582e-10
1.803617885174340e-01,6.990994371185134e-10
1.805747807098260e-01,6.990753609805927e-10
1.807877729022180e-01,6.989777983611263e-10
1.810007650946100e-01,6.988192796359442e-10
1.812137572870020e-01,6.986123351808765e-10
1.814267494793940e-01,6.983694953717532e-10
1.816397416717860e-01,6.981032905844044e-10
1.818527338641770e-01,6.978262511946615e-10
1.820657260565690e-01,6.975509075783519e-10
1.822787182489610e-01,6.972897901113069e-10
1.824917104413530e-01,6.970527803596881e-10
1.827047026337450e-01,6.968391673740013e-10
1.829176948261370e-01,6.966455927564185e-10
1.831306870185290e-01,6.964686981091115e-10
1.833436792109200e-01,6.963051250342530e-10
1.835566714033120e-01,6.961515151340131e-10
1.837696635957040e-01,6.960045100105648e-10
1.839826557880960e-01,6.958607512660796e-10
1.841956479804880e-01,6.957168805027296e-10
1.844086401728800e-01,6.955695393226866e-10
1.846216323652720e-01,6.954160792870124e-10
1.848346245576640e-01,6.952566901859024e-10
1.850476167500550e-01,6.950922709654567e-10
1.852606089424470e-01,6.949237205717730e-10
1.854736011348390e-01,6.947519379509515e-10
1.856865933272310e-01,6.945778220490914e-10
1.858995855196230e-01,6.944022718122920e-10
1.861125777120150e-01,6.942261861866525e-10
1.863255699044070e-01,6.940504641182723e-10
1.865385620967990e-01,6.938760045532508e-10
1.867515542891900e-01,6.937035164257732e-10
1.869645464815820e-01,6.935329482164907e-10
1.871775386739740e-01,6.933640581911515e-10
1.873905308663660e-01,6.931966046155027e-10
1.876035230587580e-01,6.930303457552917e-10
1.878165152511500e-01,6.928650398762657e-10
1.880295074435420e-01,6.927004452441722e-10
1.882424996359330e-01,6.925363201247591e-10
1.884554918283250e-01,6.923724227837722e-10
1.886684840207170e-01,6.922085114869596e-10
1.888814762131090e-01,6.920443954359106e-10
1.890944684055010e-01,6.918800876214435e-10
1.893074605978930e-01,6.917156519931521e-10
1.895204527902850e-01,6.915511525006300e-10
1.897334449826770e-01,6.913866530934708e-10
1.899464371750680e-01,6.912222177212691e-10
1.901594293674600e-01,6.910579103336169e-10
1.903724215598520e-01,6.908937948801088e-10
1.905854137522440e-01,6.907299353103383e-10
1.907984059446360e-01,6.905663955738990e-10
1.910113981370280e-01,6.904032259713063e-10
1.912243903294200e-01,6.902404222113323e-10
1.914373825218110e-01,6.900779663559573e-10
1.916503747142030e-01,6.899158404671587e-10
1.918633669065950e-01,6.897540266069168e-10
1.920763590989870e-01,6.895925068372106e-10
1.922893512913790e-01,6.894312632200196e-10
1.925023434837710e-01,6.892702778173230e-10
1.927153356761630e-01,6.891095326911001e-10
1.929283278685550e-01,6.889490099033301e-10
1.931413200609460e-01,6.887886951861638e-10
1.933543122533380e-01,6.886285889466712e-10
1.935673044457300e-01,6.884686952592147e-10
1.937802966381220e-01,6.883090181981567e-10
1.939932888305140e-01,6.881495618378588e-10
1.942062810229060e-01,6.879903302526831e-10
1.944192732152980e-01,6.878313275169916e-10
1.946322654076900e-01,6.876725577051463e-10
1.948452576000810e-01,6.875140248915098e-10
1.950582497924730e-01,6.873557331504426e-10
1.952712419848650e-01,6.871976855611194e-10
1.954842341772570e-01,6.870398812247531e-10
1.956972263696490e-01,6.868823182487633e-10
1.959102185620410e-01,6.867249947405696e-10
1.961232107544330e-01,6.865679088075919e-10
1.963362029468240e-01,6.864110585572504e-10
1.965491951392160e-01,6.862544420969636e-10
1.967621873316080e-01,6.860980575341516e-10
1.969751795240000e-01,6.859419029762343e-10
1.971881717163920e-01,6.857859765306315e-10
1.974011639087840e-01,6.856302765911678e-10
1.976141561011760e-01,6.854748026977453e-10
1.978271482935680e-01,6.853195546768994e-10
1.980401404859590e-01,6.851645323551663e-10
1.982531326783510e-01,6.850097355590797e-10
1.984661248707430e-01,6.848551641151761e-10
1.986791170631350e-01,6.847008178499906e-10
1.988921092555270e-01,6.845466965900587e-10
1.991051014479190e-01,6.843928001619159e-10
1.993180936403110e-01,6.842391283920974e-10
1.995310858327020e-01,6.840856810275611e-10
1.997440780250940e-01,6.839324574969207e-10
1.999570702174860e-01,6.837794571491993e-10
2.001700624098780e-01,6.836266793334193e-10
2.003830546022700e-01,6.834741233986033e-10
2.005960467946620e-01,6.833217886937736e-10
2.008090389870540e-01,6.831696745679530e-10
2.010220311794460e-01,6.830177803701637e-10
2.012350233718370e-01,6.828661054494289e-10
2.014480155642290e-01,6.827146491547696e-10
2.016610077566210e-01,6.825634108597062e-10
2.018739999490130e-01,6.824123900357260e-10
2.020869921414050e-01,6.822615861788019e-10
2.022999843337970e-01,6.821109987849076e-10
2.025129765261890e-01,6.819606273500167e-10
2.027259687185810e-01,6.818104713701023e-10
2.029389609109720e-01,6.816605303411389e-10
2.031519531033640e-01,6.815108037590983e-10
2.033649452957560e-01,6.813612911199546e-10
2.035779374881480e-01,6.812119919196815e-10
2.037909296805400e-01,6.810629056521819e-10
2.040039218729320e-01,6.809140318030820e-10
2.042169140653240e-01,6.807653698559402e-10
2.044299062577150e-01,6.806169192943147e-10
2.046428984501070e-01,6.804686796017628e-10
2.048558906424990e-01,6.803206502618431e-10
2.050688828348910e-01,6.801728307581134e-10
2.052818750272830e-01,6.800252205741322e-10
2.054948672196750e-01,6.798778191934574e-10
2.057078594120670e-01,6.797306260996470e-10
2.059208516044590e-01,6.795836407802454e-10
2.061338437968500e-01,6.794368627387509e-10
2.063468359892420e-01,6.792902914826506e-10
2.065598281816340e-01,6.791439265194337e-10
2.067728203740260e-01,6.789977673565887e-10
2.069858125664180e-01,6.788518135016038e-10
2.071988047588100e-01,6.787060644619677e-10
2.074117969512020e-01,6.785605197451687e-10
2.076247891435940e-01,6.784151788586953e-10
2.078377813359850e-01,6.782700413100367e-10
2.080507735283770e-01,6.781251066078540e-10
2.082637657207690e-01,6.779803742655086e-10
2.084767579131610e-01,6.778358437975356e-10
2.086897501055530e-01,6.776915147184707e-10
2.089027422979450e-01,6.775473865428491e-10
2.091157344903370e-01,6.774034587852062e-10
2.093287266827280e-01,6.772597309600781e-10
2.095417188751200e-01,6.771162025819986e-10
2.097547110675120e-01,6.769728731655039e-10
2.099677032599040e-01,6.768297422251294e-10
2.101806954522960e-01,6.766868092828842e-10
2.103936876446880e-01,6.765440738906705e-10
2.106066798370800e-01,6.764015356078643e-10
2.108196720294720e-01,6.762591939938409e-10
2.110326642218630e-01,6.761170486079767e-10
2.112456564142550e-01,6.759750990096457e-10
2.114586486066470e-01,6.758333447582243e-10
2.116716407990390e-01,6.756917854130880e-10
2.118846329914310e-01,6.755504205336123e-10
2.120976251838230e-01,6.754092496791728e-10
2.123106173762150e-01,6.752682723995151e-10
2.125236095686060e-01,6.751274882058793e-10
2.127366017609980e-01,6.749868965998798e-10
2.129495939533900e-01,6.748464970831335e-10
2.131625861457820e-01,6.747062891572566e-10
2.133755783381740e-01,6.745662723238650e-10
2.135885705305660e-01,6.744264460845750e-10
2.138015627229580e-01,6.742868099410026e-10
2.140145549153500e-01,6.741473633947638e-10
2.142275471077410e-01,6.740081059474755e-10
2.144405393001330e-01,6.738690371185803e-10
2.146535314925250e-01,6.737301564987862e-10
2.148665236849170e-01,6.735914636966053e-10
2.150795158773090e-01,6.734529583205492e-10
2.152925080697010e-01,6.733146399791296e-10
2.155055002620930e-01,6.731765082808585e-10
2.157184924544850e-01,6.730385628342476e-10
2.159314846468760e-01,6.729008032478094e-10
2.161444768392680e-01,6.727632291300541e-10
2.163574690316600e-01,6.726258400894944e-10
2.165704612240520e-01,6.724886357266503e-10
2.167834534164440e-01,6.723516156100621e-10
2.169964456088360e-01,6.722147793002711e-10
2.172094378012280e-01,6.720781263578189e-10
2.174224299936190e-01,6.719416563432476e-10
2.176354221860110e-01,6.718053688170976e-10
2.178484143784030e-01,6.716692633399109e-10
2.180614065707950e-01,6.715333394722291e-10
2.182743987631870e-01,6.713975967745937e-10
2.184873909555790e-01,6.712620348075461e-10
2.187003831479710e-01,6.711266531327146e-10
2.189133753403630e-01,6.709914513160740e-10
2.191263675327540e-01,6.708564289246867e-10
2.193393597251460e-01,6.707215855256133e-10
2.195523519175380e-01,6.705869206859161e-10
2.197653441099300e-01,6.704524339726572e-10
2.199783363023220e-01,6.703181249528980e-10
2.201913284947140e-01,6.701839931937006e-10
2.204043206871060e-01,6.700500382621266e-10
2.206173128794970e-01,6.699162597252385e-10
2.208303050718890e-01,6.697826571619308e-10
2.210432972642810e-01,6.696492301984268e-10
2.212562894566730e-01,6.695159784727793e-10
2.214692816490650e-01,6.693829016230407e-10
2.216822738414570e-01,6.692499992872633e-10
2.218952660338490e-01,6.691172711034998e-10
2.221082582262410e-01,6.689847167098026e-10
2.223212504186320e-01,6.688523357442250e-10
2.225342426110240e-01,6.687201278448180e-10
2.227472348034160e-01,6.685880926496350e-10
2.229602269958080e-01,6.684562297889193e-10
2.231732191882000e-01,6.683245388616937e-10
2.233862113805920e-01,6.681930194591794e-10
2.235992035729840e-01,6.680616711725981e-10
2.238121957653760e-01,6.679304935931710e-10
2.240251879577670e-01,6.677994863121201e-10
2.242381801501590e-01,6.676686489206656e-10
2.244511723425510e-01,6.675379810100294e-10
2.246641645349430e-01,6.674074821714329e-10
2.248771567273350e-01,6.672771519960976e-10
2.250901489197270e-01,6.671469900811287e-10
2.253031411121190e-01,6.670169960471821e-10
2.255161333045100e-01,6.668871695208053e-10
2.257291254969020e-01,6.667575101285441e-10
2.259421176892940e-01,6.666280174969459e-10
2.261551098816860e-01,6.664986912525577e-10
2.263681020740780e-01,6.663695310219266e-10
2.265810942664700e-01,6.662405364315993e-10
2.267940864588620e-01,6.661117071081228e-10
2.270070786512540e-01,6.659830426780441e-10
2.272200708436450e-01,6.658545427672956e-10
2.274330630360370e-01,6.657262069993461e-10
2.276460552284290e-01,6.655980349970509e-10
2.278590474208210e-01,6.654700263832644e-10
2.280720396132130e-01,6.653421807808415e-10
2.282850318056050e-01,6.652144978126366e-10
2.284980239979970e-01,6.650869771015041e-10
2.287110161903880e-01,6.649596182702996e-10
2.289240083827800e-01,6.648324209418761e-10
2.291370005751720e-01,6.647053847390890e-10
2.293499927675640e-01,6.645785092939493e-10
2.295629849599560e-01,6.644517942750939e-10
2.297759771523480e-01,6.643252393603163e-10
2.299889693447400e-01,6.641988442274097e-10
2.302019615371320e-01,6.640726085541673e-10
2.304149537295230e-01,6.639465320183832e-10
2.306279459219150e-01,6.638206142978493e-10
2.308409381143070e-01,6.636948550703598e-10
2.310539303066990e-01,6.635692540137078e-10
2.312669224990910e-01,6.634438108056867e-10
2.314799146914830e-01,6.633185251138829e-10
2.316929068838750e-01,6.631933965650688e-10
2.319058990762670e-01,6.630684247758166e-10
2.321188912686580e-01,6.629436093626985e-10
2.323318834610500e-01,6.628189499422857e-10
2.325448756534420e-01,6.626944461311506e-10
2.327578678458340e-01,6.625700975458654e-10
2.329708600382260e-01,6.624459038030018e-10
2.331838522306180e-01,6.623218645191321e-10
2.333968444230100e-01,6.621979793108282e-10
2.336098366154010e-01,6.620742477967406e-10
2.338228288077930e-01,6.619506696038246e-10
2.340358210001850e-01,6.618272443611125e-10
2.342488131925770e-01,6.617039716976361e-10
2.344618053849690e-01,6.615808512424273e-10
2.346747975773610e-01,6.614578826245176e-10
2.348877897697530e-01,6.613350654729390e-10
2.351007819621450e-01,6.612123994167231e-10
2.353137741545360e-01,6.610898840849023e-10
2.355267663469280e-01,6.609675191065074e-10
2.357397585393200e-01,6.608453041349673e-10
2.359527507317120e-01,6.607232389213449e-10
2.361657429241040e-01,6.606013232411233e-10
2.363787351164960e-01,6.604795568697851e-10
2.365917273088880e-01,6.603579395828130e-10
2.368047195012800e-01,6.602364711556901e-10
2.370177116936710e-01,6.601151513638996e-10
2.372307038860630e-01,6.599939799829234e-10
2.374436960784550e-01,6.598729567882447e-10
2.376566882708470e-01,6.597520815553464e-10
2.378696804632390e-01,6.596313540339932e-10
2.380826726556310e-01,6.595107738710607e-10
2.382956648480230e-01,6.593903406876974e-10
2.385086570404140e-01,6.592700541050527e-10
2.387216492328060e-01,6.591499137442744e-10
2.389346414251980e-01,6.590299192265117e-10
2.391476336175900e-01,6.589100701729135e-10
2.393606258099820e-01,6.587903662046284e-10
2.395736180023740e-01,6.586708069428052e-10
2.397866101947660e-01,6.585513920085929e-10
2.399996023871580e-01,6.584321210344868e-10
2.402125945795490e-01,6.583129936983628e-10
2.404255867719410e-01,6.581940096894388e-10
2.406385789643330e-01,6.580751686969341e-10
2.408515711567250e-01,6.579564704100677e-10
2.410645633491170e-01,6.578379145180583e-10
2.412775555415090e-01,6.577195007101247e-10
2.414905477339010e-01,6.576012286754858e-10
2.417035399262920e-01,6.574830981033611e-10
2.419165321186840e-01,6.573651086829683e-10
2.421295243110760e-01,6.572472601030098e-10
2.423425165034680e-01,6.571295520501205e-10
2.425555086958600e-01,6.570119842104184e-10
2.427685008882520e-01,6.568945562700222e-10
2.429814930806440e-01,6.567772679150499e-10
2.431944852730360e-01,6.566601188316201e-10
2.434074774654270e-01,6.565431087058514e-10
2.436204696578190e-01,6.564262372238612e-10
2.438334618502110e-01,6.563095040717683e-10
2.440464540426030e-01,6.561929089356908e-10
2.442594462349950e-01,6.560764515108700e-10
2.444724384273870e-01,6.559601315290622e-10
2.446854306197790e-01,6.558439487311580e-10
2.448984228121710e-01,6.557279028580483e-10
2.451114150045620e-01,6.556119936506246e-10
2.453244071969540e-01,6.554962208497763e-10
2.455373993893460e-01,6.553805841963950e-10
2.457503915817380e-01,6.552650834313716e-10
2.459633837741300e-01,6.551497182955966e-10
2.461763759665220e-01,6.550344885299611e-10
2.463893681589140e-01,6.549193938692754e-10
2.466023603513050e-01,6.548044340240206e-10
2.468153525436970e-01,6.546896086985918e-10
2.470283447360890e-01,6.545749175973857e-10
2.472413369284810e-01,6.544603604247983e-10
2.474543291208730e-01,6.543459368852257e-10
2.476673213132650e-01,6.542316466830640e-10
2.478803135056570e-01,6.541174895227093e-10
2.480933056980490e-01,6.540034651085577e-10
2.483062978904400e-01,6.538895731450058e-10
2.485192900828320e-01,6.537758133307030e-10
2.487322822752240e-01,6.536621853413171e-10
2.489452744676160e-01,6.535486888467691e-10
2.491582666600080e-01,6.534353235169805e-10
2.493712588524000e-01,6.533220890218721e-10
2.495842510447920e-01,6.532089850313655e-10
2.497972432371830e-01,6.530960112153823e-10
2.500102354295750e-01,6.529831672438425e-10
2.502232276219670e-01,6.528704527866680e-10
2.504362198143590e-01,6.527578675137799e-10
2.506492120067510e-01,6.526454111249074e-10
2.508622041991430e-01,6.525330834389788e-10
2.510751963915350e-01,6.524208843047140e-10
2.512881885839270e-01,6.523088135708325e-10
2.515011807763180e-01,6.521968710860546e-10
2.517141729687100e-01,6.520850566990988e-10
2.519271651611020e-01,6.519733702586855e-10
2.521401573534940e-01,6.518618116135343e-10
2.523531495458860e-01,6.517503806123650e-10
2.525661417382780e-01,6.516390771038972e-10
2.527791339306700e-01,6.515279008977535e-10
2.529921261230620e-01,6.514168516472594e-10
2.532051183154530e-01,6.513059289666898e-10
2.534181105078450e-01,6.511951324703180e-10
2.536311027002370e-01,6.510844617724190e-10
2.538440948926290e-01,6.509739164872672e-10
2.540570870850210e-01,6.508634962291366e-10
2.542700792774130e-01,6.507532006123020e-10
2.544830714698050e-01,6.506430292510375e-10
2.546960636621960e-01,6.505329817596181e-10
2.549090558545880e-01,6.504230577822810e-10
2.551220480469800e-01,6.503132570831823e-10
2.553350402393720e-01,6.502035794564722e-10
2.555480324317640e-01,6.500940246963007e-10
2.557610246241560e-01,6.499845925968179e-10
2.559740168165480e-01,6.498752829521741e-10
2.561870090089400e-01,6.497660955565194e-10
2.564000012013310e-01,6.496570302040044e-10
2.566129933937230e-01,6.495480866887782e-10
2.568259855861150e-01,6.494392648049915e-10
2.570389777785070e-01,6.493305643419921e-10
2.572519699708990e-01,6.492219850699140e-10
2.574649621632910e-01,6.491135267540870e-10
2.576779543556830e-01,6.490051891598408e-10
2.578909465480740e-01,6.488969720525055e-10
2.581039387404660e-01,6.487888751974101e-10
2.583169309328580e-01,6.486808983598846e-10
2.585299231252500e-01,6.485730413052590e-10
2.587429153176420e-01,6.484653037988628e-10
2.589559075100340e-01,6.483576856060259e-10
2.591688997024260e-01,6.482501864823908e-10
2.593818918948180e-01,6.481428061448565e-10
2.595948840872090e-01,6.480355443006375e-10
2.598078762796010e-01,6.479284006569465e-10
2.600208684719930e-01,6.478213749209980e-10
2.602338606643850e-01,6.477144668000060e-10
2.604468528567770e-01,6.476076760011842e-10
2.606598450491690e-01,6.475010022317466e-10
2.608728372415610e-01,6.473944451989071e-10
2.610858294339530e-01,6.472880046098797e-10
2.612988216263440e-01,6.471816801990205e-10
2.615118138187360e-01,6.470754718092071e-10
2.617248060111280e-01,6.469693793104383e-10
2.619377982035200e-01,6.468634025727120e-10
2.621507903959120e-01,6.467575414660260e-10
2.623637825883040e-01,6.466517958603785e-10
2.625767747806960e-01,6.465461656257676e-10
2.627897669730870e-01,6.464406506321917e-10
2.630027591654790e-01,6.463352507496479e-10
2.632157513578710e-01,6.462299658481348e-10
2.634287435502630e-01,6.461247957563519e-10
2.636417357426550e-01,6.460197401376940e-10
2.638547279350470e-01,6.459147986142005e-10
2.640677201274390e-01,6.458099708079109e-10
2.642807123198310e-01,6.457052563408647e-10
2.644937045122220e-01,6.456006548351022e-10
2.647066967046140e-01,6.454961659126618e-10
2.649196888970060e-01,6.453917891955837e-10
2.651326810893980e-01,6.452875243059073e-10
2.653456732817900e-01,6.451833708656723e-10
2.655586654741820e-01,6.450793285323573e-10
2.657716576665740e-01,6.449753971052510e-10
2.659846498589660e-01,6.448715764191080e-10
2.661976420513570e-01,6.447678663086830e-10
2.664106342437490e-01,6.446642666087296e-10
2.666236264361410e-01,6.445607771540026e-10
2.668366186285330e-01,6.444573977792569e-10
2.670496108209250e-01,6.443541283192464e-10
2.672626030133170e-01,6.442509686087258e-10
2.674755952057090e-01,6.441479184824496e-10
2.676885873981000e-01,6.440449777714862e-10
2.679015795904920e-01,6.439421462921552e-10
2.681145717828840e-01,6.438394238570905e-10
2.683275639752760e-01,6.437368102789260e-10
2.685405561676680e-01,6.436343053702949e-10
2.687535483600600e-01,6.435319089438309e-10
2.689665405524520e-01,6.434296208121676e-10
2.691795327448440e-01,6.433274407879385e-10
2.693925249372350e-01,6.432253686837777e-10
2.696055171296270e-01,6.431234043123177e-10
2.698185093220190e-01,6.430215474717428e-10
2.700315015144110e-01,6.429197979024516e-10
2.702444937068030e-01,6.428181553303996e-10
2.704574858991950e-01,6.427166194815426e-10
2.706704780915870e-01,6.426151900818362e-10
2.708834702839780e-01,6.425138668572365e-10
2.710964624763700e-01,6.424126495336983e-10
2.713094546687620e-01,6.423115378371778e-10
2.715224468611540e-01,6.422105314936306e-10
2.717354390535460e-01,6.421096302290124e-10
2.719484312459380e-01,6.420088338025088e-10
2.721614234383300e-01,6.419081421061528e-10
2.723744156307220e-01,6.418075550651705e-10
2.725874078231130e-01,6.417070726047889e-10
2.728004000155050e-01,6.416066946502330e-10
2.730133922078970e-01,6.415064211267299e-10
2.732263844002890e-01,6.414062519595058e-10
2.734393765926810e-01,6.413061870737869e-10
2.736523687850730e-01,6.412062263947996e-10
2.738653609774650e-01,6.411063698477702e-10
2.740783531698570e-01,6.410066172176732e-10
2.742913453622480e-01,6.409069677281687e-10
2.745043375546400e-01,6.408074204625090e-10
2.747173297470320e-01,6.407079745039484e-10
2.749303219394240e-01,6.406086289357402e-10
2.751433141318160e-01,6.405093828411381e-10
2.753563063242080e-01,6.404102353033953e-10
2.755692985166000e-01,6.403111854057655e-10
2.757822907089910e-01,6.402122322315027e-10
2.759952829013830e-01,6.401133748638595e-10
2.762082750937750e-01,6.400146130385568e-10
2.764212672861670e-01,6.399159491018120e-10
2.766342594785590e-01,6.398173860526236e-10
2.768472516709510e-01,6.397189268899907e-10
2.770602438633430e-01,6.396205746129115e-10
2.772732360557350e-01,6.395223322203850e-10
2.774862282481260e-01,6.394242027114102e-10
2.776992204405180e-01,6.393261890849851e-10
2.779122126329100e-01,6.392282943401086e-10
2.781252048253020e-01,6.391305214757795e-10
2.783381970176940e-01,6.390328709096419e-10
2.785511892100860e-01,6.389353327346232e-10
