7.791356504680618e-06,3.794585951210154e-09
8.610780621332552e-06,3.748431104489238e-09
9.516384324626089e-06,3.702703876876928e-09
1.051723120080771e-05,3.657401712273877e-09
1.162333806181051e-05,3.612522456327016e-09
1.284577519687474e-05,3.568063335921753e-09
1.419677716772344e-05,3.524021899141640e-09
1.568986525616830e-05,3.480395693676954e-09
1.733998278964274e-05,3.437182298088624e-09
1.916364469904539e-05,3.394379074251820e-09
2.117910280571951e-05,3.351983440781468e-09
2.340652849181556e-05,3.309992986004239e-09
2.586821458226360e-05,3.268405184634249e-09
2.858879845885812e-05,3.227217449998066e-09
3.159550863945590e-05,3.186427242576592e-09
3.491843729013453e-05,3.146032006976485e-09
3.859084139770492e-05,3.106029242491036e-09
4.264947561681323e-05,3.066416391780487e-09
4.713496012287843e-05,3.027190907712144e-09
5.209218715246060e-05,2.988350159041272e-09
5.757077029985334e-05,2.949891866141814e-09
6.362554106661115e-05,2.911813171894282e-09
7.031709763364645e-05,2.874111580278927e-09
7.771241134819200e-05,2.836784709480075e-09
8.588549699555374e-05,2.799829915668643e-09
9.491815356395940e-05,2.763244574081175e-09
1.049007829163263e-04,2.727026383499439e-09
1.159332945624905e-04,2.691172606653962e-09
1.281261055871622e-04,2.655680705900546e-09
1.416012457412214e-04,2.620548302124938e-09
1.564935787564811e-04,2.585772767229971e-09
1.729521521072439e-04,2.551351653823749e-09
1.911416887275217e-04,2.517282291888007e-09
2.112442356135248e-04,2.483562493405131e-09
2.334609858111876e-04,2.450189601361485e-09
2.580142920237960e-04,2.417161152006800e-09
2.851498919925769e-04,2.384474695498157e-09
3.151393679226079e-04,2.352127837239718e-09
3.482828645688079e-04,2.320118086309870e-09
3.849120931855259e-04,2.288443048802181e-09
4.253936514042669e-04,2.257100276073906e-09
4.701326922660057e-04,2.226087389640169e-09
5.195769791289974e-04,2.195401977938529e-09
5.742213670349657e-04,2.165041655313195e-09
6.346127553846864e-04,2.135003999694924e-09
7.013555614910102e-04,2.105286807207950e-09
7.751177697904812e-04,2.075887542796716e-09
8.566376172560946e-04,2.046803852835690e-09
9.467309819210534e-04,2.018033594896861e-09
1.046299548460350e-03,1.989574261535269e-09
1.156339832554060e-03,1.961423539601205e-09
1.277953154351212e-03,1.933446289861727e-09
1.405748469786333e-03,1.907062186040473e-09
1.533543785221454e-03,1.883337011517895e-09
1.661339100656575e-03,1.861832571403011e-09
1.789134416091696e-03,1.842110670804839e-09
1.916929731526817e-03,1.823792373947013e-09
2.000000000000000e-03,1.812566801712708e-09
2.044725046961939e-03,1.806735428093285e-09
2.172520362397060e-03,1.790838091566822e-09
2.300315677832181e-03,1.775970825486120e-09
2.428110993267302e-03,1.762001841298542e-09
2.555906308702423e-03,1.748811573084070e-09
2.683701624137544e-03,1.736329345460899e-09
2.811496939572665e-03,1.724496705683711e-09
2.939292255007787e-03,1.713255201007184e-09
3.067087570442908e-03,1.702546378686001e-09
3.194882885878029e-03,1.692316402835281e-09
3.322678201313150e-03,1.682529905198130e-09
3.450473516748271e-03,1.673156134471207e-09
3.578268832183392e-03,1.664164339351170e-09
3.706064147618514e-03,1.655523768534678e-09
3.833859463053635e-03,1.647205782198431e-09
3.961654778488756e-03,1.639190186410027e-09
4.089450093923877e-03,1.631458898702472e-09
4.217245409358998e-03,1.623993836608770e-09
4.345040724794119e-03,1.616776917661927e-09
4.472836040229241e-03,1.609791160146680e-09
4.600631355664362e-03,1.603023985383139e-09
4.728426671099482e-03,1.596463915457367e-09
4.856221986534604e-03,1.590099472455428e-09
4.984017301969726e-03,1.583919178463386e-09
5.111812617404846e-03,1.577912183287162e-09
5.239607932839968e-03,1.572070147594305e-09
5.367403248275089e-03,1.566385359763320e-09
5.495198563710209e-03,1.560850108172716e-09
5.622993879145331e-03,1.555456681200997e-09
5.750789194580453e-03,1.550197747776925e-09
5.878584510015573e-03,1.545067499034603e-09
6.006379825450694e-03,1.540060506660547e-09
6.134175140885816e-03,1.535171342341272e-09
6.261970456320937e-03,1.530394577763296e-09
6.389765771756058e-03,1.525725030556790e-09
6.517561087191179e-03,1.521158502116016e-09
6.645356402626300e-03,1.516691039773618e-09
6.773151718061422e-03,1.512318690862246e-09
6.900947033496543e-03,1.508037502714546e-09
7.028742348931663e-03,1.503843687469313e-09
7.156537664366785e-03,1.499734116489418e-09
7.284332979801906e-03,1.495705825943622e-09
7.412128295237027e-03,1.491755852000684e-09
7.539923610672148e-03,1.487881230829365e-09
7.667718926107269e-03,1.484079112571173e-09
7.795514241542391e-03,1.480347103262783e-09
7.923309556977513e-03,1.476682922915701e-09
8.051104872412632e-03,1.473084291541434e-09
8.178900187847754e-03,1.469548929151488e-09
8.306695503282877e-03,1.466074637292511e-09
8.434490818717996e-03,1.462659543650279e-09
8.562286134153118e-03,1.459301857444990e-09
8.690081449588239e-03,1.455999787896841e-09
8.817876765023359e-03,1.452751544226030e-09
8.945672080458482e-03,1.449555397796440e-09
9.073467395893601e-03,1.446409868548072e-09
9.201262711328723e-03,1.443313538565295e-09
9.329058026763846e-03,1.440264989932481e-09
9.456853342198965e-03,1.437262804733998e-09
9.584648657634087e-03,1.434305602420177e-09
9.712443973069206e-03,1.431392151903979e-09
9.840239288504329e-03,1.428521259463723e-09
9.968034603939451e-03,1.425691731377729e-09
1.009582991937457e-02,1.422902373924316e-09
1.022362523480969e-02,1.420152046620252e-09
1.035142055024482e-02,1.417439821936500e-09
1.047921586567993e-02,1.414764825582673e-09
1.060701118111506e-02,1.412126183268382e-09
1.073480649655018e-02,1.409523020703242e-09
1.086260181198530e-02,1.406954463596863e-09
1.099039712742042e-02,1.404419637658859e-09
1.111819244285554e-02,1.401917668598843e-09
1.124598775829066e-02,1.399447682126426e-09
1.137378307372578e-02,1.397008803951222e-09
1.150157838916090e-02,1.394600204920278e-09
1.162937370459603e-02,1.392221236417354e-09
1.175716902003114e-02,1.389871294957130e-09
1.188496433546627e-02,1.387549777054289e-09
1.201275965090139e-02,1.385256079223511e-09
1.214055496633651e-02,1.382989597979477e-09
1.226835028177163e-02,1.380749729836868e-09
1.239614559720675e-02,1.378535871310367e-09
1.252394091264187e-02,1.376347418914653e-09
1.265173622807700e-02,1.374183769164408e-09
1.277953154351211e-02,1.372044345067093e-09
1.290732685894724e-02,1.369928675610669e-09
1.303512217438236e-02,1.367836316280570e-09
1.316291748981748e-02,1.365766822562230e-09
1.329071280525260e-02,1.363719749941082e-09
1.341850812068772e-02,1.361694653902559e-09
1.354630343612284e-02,1.359691089932095e-09
1.367409875155796e-02,1.357708613515124e-09
1.380189406699308e-02,1.355746780137079e-09
1.392968938242821e-02,1.353805145283393e-09
1.405748469786333e-02,1.351883282946256e-09
1.418528001329845e-02,1.349980841145954e-09
1.431307532873357e-02,1.348097486410067e-09
1.444087064416869e-02,1.346232885266172e-09
1.456866595960381e-02,1.344386704241850e-09
1.469646127503893e-02,1.342558609864679e-09
1.482425659047405e-02,1.340748268662239e-09
1.495205190590917e-02,1.338955347162107e-09
1.507984722134430e-02,1.337179511891864e-09
1.520764253677942e-02,1.335420429379088e-09
1.533543785221454e-02,1.333677778898823e-09
1.546323316764966e-02,1.331951290712937e-09
1.559102848308478e-02,1.330240707829244e-09
1.571882379851990e-02,1.328545773255560e-09
1.584661911395502e-02,1.326866229999697e-09
1.597441442939014e-02,1.325201821069472e-09
1.610220974482527e-02,1.323552289472699e-09
1.623000506026039e-02,1.321917378217191e-09
1.635780037569551e-02,1.320296830310764e-09
1.648559569113063e-02,1.318690388761233e-09
1.661339100656575e-02,1.317097805735284e-09
1.674118632200087e-02,1.315518870038809e-09
1.686898163743599e-02,1.313953379638423e-09
1.699677695287111e-02,1.312401132500744e-09
1.712457226830624e-02,1.310861926592387e-09
1.725236758374135e-02,1.309335559879969e-09
1.738016289917648e-02,1.307821830330107e-09
1.750795821461160e-02,1.306320535909416e-09
1.763575353004672e-02,1.304831474584514e-09
1.776354884548184e-02,1.303354444322017e-09
1.789134416091696e-02,1.301889249908317e-09
1.801913947635208e-02,1.300435723409648e-09
1.814693479178720e-02,1.298993703712388e-09
1.827473010722232e-02,1.297563029702917e-09
1.840252542265745e-02,1.296143540267614e-09
1.853032073809257e-02,1.294735074292858e-09
1.865811605352769e-02,1.293337470665027e-09
1.878591136896281e-02,1.291950568270502e-09
1.891370668439793e-02,1.290574205995660e-09
1.904150199983305e-02,1.289208222726882e-09
1.916929731526817e-02,1.287852462311135e-09
1.929709263070329e-02,1.286506788436817e-09
1.942488794613842e-02,1.285171069752447e-09
1.955268326157353e-02,1.283845174906549e-09
1.968047857700866e-02,1.282528972547642e-09
1.980827389244378e-02,1.281222331324247e-09
1.993606920787890e-02,1.279925119884886e-09
2.006386452331402e-02,1.278637206878078e-09
2.019165983874914e-02,1.277358460952345e-09
2.031945515418426e-02,1.276088750756209e-09
2.044725046961939e-02,1.274827948912475e-09
2.057504578505450e-02,1.273575943942899e-09
2.070284110048963e-02,1.272332628344429e-09
2.083063641592475e-02,1.271097894614010e-09
2.095843173135987e-02,1.269871635248589e-09
2.108622704679499e-02,1.268653742745112e-09
2.121402236223011e-02,1.267444109600526e-09
2.134181767766523e-02,1.266242628311776e-09
2.146961299310035e-02,1.265049191375810e-09
2.159740830853547e-02,1.263863691289572e-09
2.172520362397060e-02,1.262686023522235e-09
2.185299893940572e-02,1.261516095432341e-09
2.198079425484084e-02,1.260353817350893e-09
2.210858957027596e-02,1.259199099608895e-09
2.223638488571108e-02,1.258051852537350e-09
2.236418020114620e-02,1.256911986467260e-09
2.249197551658132e-02,1.255779411729629e-09
2.261977083201644e-02,1.254654038655461e-09
2.274756614745157e-02,1.253535777575758e-09
2.287536146288669e-02,1.252424538821525e-09
2.300315677832181e-02,1.251320235133494e-09
2.313095209375693e-02,1.250222788890986e-09
2.325874740919205e-02,1.249132124882889e-09
2.338654272462717e-02,1.248048167898088e-09
2.351433804006229e-02,1.246970842725469e-09
2.364213335549741e-02,1.245900074153918e-09
2.376992867093253e-02,1.244835786972322e-09
2.389772398636766e-02,1.243777905969567e-09
2.402551930180278e-02,1.242726355934539e-09
2.415331461723790e-02,1.241681061656123e-09
2.428110993267302e-02,1.240641949783214e-09
2.440890524810814e-02,1.239608954403926e-09
2.453670056354326e-02,1.238582011465977e-09
2.466449587897838e-02,1.237561056917086e-09
2.479229119441350e-02,1.236546026704972e-09
2.492008650984863e-02,1.235536856777353e-09
2.504788182528375e-02,1.234533483081948e-09
2.517567714071887e-02,1.233535841566476e-09
2.530347245615399e-02,1.232543868178655e-09
2.543126777158911e-02,1.231557498866204e-09
2.555906308702423e-02,1.230576671184701e-09
2.568685840245935e-02,1.229601329121497e-09
2.581465371789447e-02,1.228631418271973e-09
2.594244903332960e-02,1.227666884231508e-09
2.607024434876471e-02,1.226707672595482e-09
2.619803966419984e-02,1.225753728959275e-09
2.632583497963496e-02,1.224804998918265e-09
2.645363029507008e-02,1.223861428067834e-09
2.658142561050520e-02,1.222922962003359e-09
2.670922092594032e-02,1.221989546320222e-09
2.683701624137544e-02,1.221061127846274e-09
2.696481155681056e-02,1.220137658339150e-09
2.709260687224568e-02,1.219219090788902e-09
2.722040218768081e-02,1.218305378185583e-09
2.734819750311593e-02,1.217396473519248e-09
2.747599281855105e-02,1.216492329779948e-09
2.760378813398617e-02,1.215592899957737e-09
2.773158344942129e-02,1.214698137042668e-09
2.785937876485641e-02,1.213807994024794e-09
2.798717408029153e-02,1.212922423894169e-09
2.811496939572665e-02,1.212041380631983e-09
2.824276471116178e-02,1.211164822183604e-09
2.837056002659689e-02,1.210292707485346e-09
2.849835534203202e-02,1.209424995473525e-09
2.862615065746714e-02,1.208561645084456e-09
2.875394597290226e-02,1.207702615254454e-09
2.888174128833738e-02,1.206847864919834e-09
2.900953660377250e-02,1.205997353016912e-09
2.913733191920762e-02,1.205151038482002e-09
2.926512723464274e-02,1.204308880251421e-09
2.939292255007787e-02,1.203470838209541e-09
2.952071786551299e-02,1.202636876033219e-09
2.964851318094811e-02,1.201806958347493e-09
2.977630849638323e-02,1.200981049777400e-09
2.990410381181835e-02,1.200159114947978e-09
3.003189912725347e-02,1.199341118484264e-09
3.015969444268859e-02,1.198527025011297e-09
3.028748975812371e-02,1.197716799154114e-09
3.041528507355883e-02,1.196910405537754e-09
3.054308038899396e-02,1.196107808787253e-09
3.067087570442908e-02,1.195308974192692e-09
3.079867101986420e-02,1.194513869704299e-09
3.092646633529932e-02,1.193722463937332e-09
3.105426165073444e-02,1.192934725507049e-09
3.118205696616956e-02,1.192150623028708e-09
3.130985228160468e-02,1.191370125117567e-09
3.143764759703981e-02,1.190593200388884e-09
3.156544291247493e-02,1.189819817457918e-09
3.169323822791005e-02,1.189049944939926e-09
3.182103354334517e-02,1.188283551450167e-09
3.194882885878029e-02,1.187520606242128e-09
3.207662417421541e-02,1.186761081121999e-09
3.220441948965053e-02,1.186004948534096e-09
3.233221480508566e-02,1.185252180922732e-09
3.246001012052077e-02,1.184502750732221e-09
3.258780543595589e-02,1.183756630406878e-09
3.271560075139102e-02,1.183013792391017e-09
3.284339606682614e-02,1.182274209128951e-09
3.297119138226126e-02,1.181537853064996e-09
3.309898669769638e-02,1.180804696643464e-09
3.322678201313150e-02,1.180074712818692e-09
3.335457732856662e-02,1.179347876585256e-09
3.348237264400174e-02,1.178624163447834e-09
3.361016795943687e-02,1.177903548911103e-09
3.373796327487198e-02,1.177186008479740e-09
3.386575859030710e-02,1.176471517658422e-09
3.399355390574223e-02,1.175760051951827e-09
3.412134922117735e-02,1.175051586864632e-09
3.424914453661247e-02,1.174346097901514e-09
3.437693985204759e-02,1.173643560567151e-09
3.450473516748271e-02,1.172943950844754e-09
3.463253048291783e-02,1.172247246631689e-09
3.476032579835295e-02,1.171553426303856e-09
3.488812111378808e-02,1.170862468237159e-09
3.501591642922319e-02,1.170174350807499e-09
3.514371174465832e-02,1.169489052390780e-09
3.527150706009344e-02,1.168806551362902e-09
3.539930237552856e-02,1.168126826099769e-09
3.552709769096368e-02,1.167449854977283e-09
3.565489300639881e-02,1.166775616371346e-09
3.578268832183392e-02,1.166104088967669e-09
3.591048363726904e-02,1.165435252691105e-09
3.603827895270417e-02,1.164769087776273e-09
3.616607426813929e-02,1.164105574457791e-09
3.629386958357441e-02,1.163444692970277e-09
3.642166489900953e-02,1.162786423548351e-09
3.654946021444465e-02,1.162130746426630e-09
3.667725552987977e-02,1.161477641839732e-09
3.680505084531489e-02,1.160827090022276e-09
3.693284616075002e-02,1.160179071208880e-09
3.706064147618514e-02,1.159533566067378e-09
3.718843679162025e-02,1.158890556998626e-09
3.731623210705538e-02,1.158250026836774e-09
3.744402742249050e-02,1.157611958415970e-09
3.757182273792562e-02,1.156976334570363e-09
3.769961805336074e-02,1.156343138134105e-09
3.782741336879586e-02,1.155712351941343e-09
3.795520868423098e-02,1.155083958826227e-09
3.808300399966610e-02,1.154457941622908e-09
3.821079931510123e-02,1.153834283165533e-09
3.833859463053635e-02,1.153212966480308e-09
3.846638994597146e-02,1.152593975361668e-09
3.859418526140659e-02,1.151977293796111e-09
3.872198057684171e-02,1.151362905770134e-09
3.884977589227683e-02,1.150750795270234e-09
3.897757120771195e-02,1.150140946282907e-09
3.910536652314707e-02,1.149533342794652e-09
3.923316183858219e-02,1.148927968791965e-09
3.936095715401731e-02,1.148324808261343e-09
3.948875246945244e-02,1.147723845189284e-09
3.961654778488756e-02,1.147125063874428e-09
3.974434310032268e-02,1.146528449863913e-09
3.987213841575780e-02,1.145933989016986e-09
3.999993373119292e-02,1.145341667192894e-09
4.012772904662804e-02,1.144751470250881e-09
4.025552436206317e-02,1.144163384050194e-09
4.038331967749829e-02,1.143577394450080e-09
4.051111499293340e-02,1.142993487309784e-09
4.063891030836853e-02,1.142411648488552e-09
4.076670562380365e-02,1.141831863845630e-09
4.089450093923877e-02,1.141254119447773e-09
4.102229625467389e-02,1.140678402191846e-09
4.115009157010902e-02,1.140104699182268e-09
4.127788688554413e-02,1.139532997523455e-09
4.140568220097925e-02,1.138963284319825e-09
4.153347751641438e-02,1.138395546675795e-09
4.166127283184950e-02,1.137829771695783e-09
4.178906814728462e-02,1.137265946484205e-09
4.191686346271974e-02,1.136704058145479e-09
4.204465877815486e-02,1.136144093784022e-09
4.217245409358998e-02,1.135586040685040e-09
4.230024940902510e-02,1.135029886856910e-09
4.242804472446023e-02,1.134475620488810e-09
4.255584003989534e-02,1.133923229769915e-09
4.268363535533046e-02,1.133372702889403e-09
4.281143067076559e-02,1.132824028036449e-09
4.293922598620071e-02,1.132277193400231e-09
4.306702130163583e-02,1.131732187169925e-09
4.319481661707095e-02,1.131188997534708e-09
4.332261193250607e-02,1.130647612683756e-09
4.345040724794119e-02,1.130108020993796e-09
4.357820256337631e-02,1.129570211591721e-09
4.370599787881144e-02,1.129034173791958e-09
4.383379319424656e-02,1.128499896908932e-09
4.396158850968167e-02,1.127967370257071e-09
4.408938382511680e-02,1.127436583150800e-09
4.421717914055192e-02,1.126907524904547e-09
4.434497445598704e-02,1.126380184832737e-09
4.447276977142216e-02,1.125854552249796e-09
4.460056508685728e-02,1.125330616470152e-09
4.472836040229240e-02,1.124808366960434e-09
4.485615571772752e-02,1.124287793796151e-09
4.498395103316265e-02,1.123768887205053e-09
4.511174634859777e-02,1.123251637414887e-09
4.523954166403289e-02,1.122736034653403e-09
4.536733697946801e-02,1.122222069148349e-09
4.549513229490313e-02,1.121709731127473e-09
4.562292761033825e-02,1.121199010818524e-09
4.575072292577338e-02,1.120689898449250e-09
4.587851824120850e-02,1.120182384247399e-09
4.600631355664361e-02,1.119676458549491e-09
4.613410887207874e-02,1.119172112127141e-09
4.626190418751386e-02,1.118669335860746e-09
4.638969950294898e-02,1.118168120630699e-09
4.651749481838410e-02,1.117668457317397e-09
4.664529013381922e-02,1.117170336801235e-09
4.677308544925434e-02,1.116673749962608e-09
4.690088076468946e-02,1.116178687681912e-09
4.702867608012459e-02,1.115685140839542e-09
4.715647139555971e-02,1.115193100315893e-09
4.728426671099482e-02,1.114702557153606e-09
4.741206202642995e-02,1.114213503044284e-09
4.753985734186507e-02,1.113725929841765e-09
4.766765265730019e-02,1.113239829399887e-09
4.779544797273531e-02,1.112755193572488e-09
4.792324328817044e-02,1.112272014213405e-09
4.805103860360555e-02,1.111790283176477e-09
4.817883391904067e-02,1.111309992315541e-09
4.830662923447580e-02,1.110831133484436e-09
4.843442454991092e-02,1.110353698536997e-09
4.856221986534604e-02,1.109877679468625e-09
4.869001518078116e-02,1.109403068840890e-09
4.881781049621628e-02,1.108929859356893e-09
4.894560581165140e-02,1.108458043719738e-09
4.907340112708652e-02,1.107987614632524e-09
4.920119644252165e-02,1.107518564798354e-09
4.932899175795677e-02,1.107050886920329e-09
4.945678707339188e-02,1.106584573701551e-09
4.958458238882701e-02,1.106119617845121e-09
4.971237770426213e-02,1.105656012054140e-09
4.984017301969725e-02,1.105193748534006e-09
4.996796833513237e-02,1.104732817499195e-09
5.000000000000000e-02,1.104617493608015e-09
5.009576365056749e-02,1.104273208931968e-09
5.022355896600261e-02,1.103814915130794e-09
5.035135428143774e-02,1.103357929588873e-09
5.047914959687286e-02,1.102902245809340e-09
5.060694491230798e-02,1.102447857295329e-09
5.073474022774310e-02,1.101994757549975e-09
5.086253554317822e-02,1.101542940076415e-09
5.099033085861334e-02,1.101092398377782e-09
5.111812617404846e-02,1.100643125978794e-09
5.124592148948359e-02,1.100195116490493e-09
5.137371680491870e-02,1.099748363545503e-09
5.150151212035382e-02,1.099302860776447e-09
5.162930743578895e-02,1.098858601815949e-09
5.175710275122407e-02,1.098415580296632e-09
5.188489806665919e-02,1.097973789851119e-09
5.201269338209431e-02,1.097533224112034e-09
5.214048869752943e-02,1.097093876712001e-09
5.226828401296455e-02,1.096655741283642e-09
5.239607932839967e-02,1.096218811489489e-09
5.252387464383480e-02,1.095783081111699e-09
5.265166995926992e-02,1.095348543962327e-09
5.277946527470503e-02,1.094915193853433e-09
5.290726059014016e-02,1.094483024597072e-09
5.303505590557528e-02,1.094052030005304e-09
5.316285122101040e-02,1.093622203890186e-09
5.329064653644552e-02,1.093193540063775e-09
5.341844185188065e-02,1.092766032338129e-09
5.354623716731576e-02,1.092339674525307e-09
5.367403248275088e-02,1.091914460543589e-09
5.380182779818601e-02,1.091490384736183e-09
5.392962311362113e-02,1.091067441552534e-09
5.405741842905625e-02,1.090645625442088e-09
5.418521374449137e-02,1.090224930854290e-09
5.431300905992649e-02,1.089805352238585e-09
5.444080437536161e-02,1.089386884044420e-09
5.456859969079673e-02,1.088969520721239e-09
5.469639500623186e-02,1.088553256718487e-09
5.482419032166697e-02,1.088138086485611e-09
5.495198563710210e-02,1.087724004528685e-09
5.507978095253722e-02,1.087311005580302e-09
5.520757626797234e-02,1.086899084429681e-09
5.533537158340746e-02,1.086488235866044e-09
5.546316689884258e-02,1.086078454678611e-09
5.559096221427770e-02,1.085669735656604e-09
5.571875752971282e-02,1.085262073589242e-09
5.584655284514795e-02,1.084855463265748e-09
5.597434816058307e-02,1.084449899475341e-09
5.610214347601819e-02,1.084045377007241e-09
5.622993879145331e-02,1.083641890735524e-09
5.635773410688843e-02,1.083239435873642e-09
5.648552942232355e-02,1.082838007719890e-09
5.661332473775867e-02,1.082437601572562e-09
5.674112005319380e-02,1.082038212729951e-09
5.686891536862891e-02,1.081639836490350e-09
5.699671068406403e-02,1.081242468152053e-09
5.712450599949916e-02,1.080846103013353e-09
5.725230131493428e-02,1.080450736372544e-09
5.738009663036940e-02,1.080056363527920e-09
5.750789194580452e-02,1.079662979777320e-09
5.763568726123964e-02,1.079270580416764e-09
5.776348257667476e-02,1.078879160741819e-09
5.789127789210988e-02,1.078488716048052e-09
5.801907320754501e-02,1.078099241631028e-09
5.814686852298013e-02,1.077710732786316e-09
5.827466383841524e-02,1.077323184809481e-09
5.840245915385037e-02,1.076936592996089e-09
5.853025446928549e-02,1.076550952641708e-09
5.865804978472061e-02,1.076166259041903e-09
5.878584510015573e-02,1.075782507597319e-09
5.891364041559085e-02,1.075399694128910e-09
5.904143573102597e-02,1.075017814562708e-09
5.916923104646109e-02,1.074636864824747e-09
5.929702636189622e-02,1.074256840841060e-09
5.942482167733134e-02,1.073877738537678e-09
5.955261699276646e-02,1.073499553840635e-09
5.968041230820158e-02,1.073122282675964e-09
5.980820762363670e-02,1.072745920969698e-09
5.993600293907182e-02,1.072370464647869e-09
6.006379825450694e-02,1.071995909648604e-09
6.019159356994207e-02,1.071622251958404e-09
6.031938888537718e-02,1.071249487575864e-09
6.044718420081231e-02,1.070877612499576e-09
6.057497951624743e-02,1.070506622728135e-09
6.070277483168255e-02,1.070136514260133e-09
6.083057014711767e-02,1.069767283094165e-09
6.095836546255279e-02,1.069398925228824e-09
6.108616077798791e-02,1.069031436662704e-09
6.121395609342303e-02,1.068664813394398e-09
6.134175140885816e-02,1.068299051472327e-09
6.146954672429328e-02,1.067934147144236e-09
6.159734203972840e-02,1.067570096707705e-09
6.172513735516352e-02,1.067206896460314e-09
6.185293267059864e-02,1.066844542699646e-09
6.198072798603376e-02,1.066483031723279e-09
6.210852330146888e-02,1.066122359828796e-09
6.223631861690401e-02,1.065762523313775e-09
6.236411393233912e-02,1.065403518475800e-09
6.249190924777424e-02,1.065045341612448e-09
6.261970456320937e-02,1.064687989065196e-09
6.274749987864449e-02,1.064331457351089e-09
6.287529519407961e-02,1.063975743031069e-09
6.300309050951473e-02,1.063620842666079e-09
6.313088582494986e-02,1.063266752817060e-09
6.325868114038498e-02,1.062913470044955e-09
6.338647645582010e-02,1.062560990910704e-09
6.351427177125522e-02,1.062209311975250e-09
6.364206708669033e-02,1.061858429799535e-09
6.376986240212545e-02,1.061508340944500e-09
6.389765771756058e-02,1.061159041999253e-09
6.402545303299570e-02,1.060810529665556e-09
6.415324834843082e-02,1.060462800673335e-09
6.428104366386594e-02,1.060115851752513e-09
6.440883897930107e-02,1.059769679633017e-09
6.453663429473619e-02,1.059424281044771e-09
6.466442961017131e-02,1.059079652717701e-09
6.479222492560642e-02,1.058735791381729e-09
6.492002024104154e-02,1.058392693766783e-09
6.504781555647667e-02,1.058050356602787e-09
6.517561087191179e-02,1.057708776656414e-09
6.530340618734691e-02,1.057367950841348e-09
6.543120150278203e-02,1.057027876108032e-09
6.555899681821716e-02,1.056688549406905e-09
6.568679213365228e-02,1.056349967688408e-09
6.581458744908740e-02,1.056012127902982e-09
6.594238276452252e-02,1.055675027001068e-09
6.607017807995763e-02,1.055338661933107e-09
6.619797339539275e-02,1.055003029649539e-09
6.632576871082788e-02,1.054668127100806e-09
6.645356402626300e-02,1.054333951268032e-09
6.658135934169812e-02,1.054000499255083e-09
6.670915465713324e-02,1.053667768196511e-09
6.683694997256837e-02,1.053335755226867e-09
6.696474528800349e-02,1.053004457480704e-09
6.709254060343861e-02,1.052673872092573e-09
6.722033591887373e-02,1.052343996197025e-09
6.734813123430886e-02,1.052014826928613e-09
6.747592654974396e-02,1.051686361421889e-09
6.760372186517909e-02,1.051358596811403e-09
6.773151718061421e-02,1.051031530249622e-09
6.785931249604933e-02,1.050705158960662e-09
6.798710781148445e-02,1.050379480186552e-09
6.811490312691958e-02,1.050054491169320e-09
6.824269844235470e-02,1.049730189150997e-09
6.837049375778982e-02,1.049406571373609e-09
6.849828907322494e-02,1.049083635079186e-09
6.862608438866007e-02,1.048761377509757e-09
6.875387970409517e-02,1.048439795907350e-09
6.888167501953030e-02,1.048118887513995e-09
6.900947033496542e-02,1.047798649592582e-09
6.913726565040054e-02,1.047479079489465e-09
6.926506096583566e-02,1.047160174571861e-09
6.939285628127079e-02,1.046841932206992e-09
6.952065159670591e-02,1.046524349762077e-09
6.964844691214103e-02,1.046207424604335e-09
6.977624222757615e-02,1.045891154100985e-09
6.990403754301128e-02,1.045575535619249e-09
7.003183285844640e-02,1.045260566526345e-09
7.015962817388151e-02,1.044946244189493e-09
7.028742348931663e-02,1.044632566032053e-09
7.041521880475175e-02,1.044319529701953e-09
7.054301412018688e-02,1.044007132903267e-09
7.067080943562200e-02,1.043695373340068e-09
7.079860475105712e-02,1.043384248716430e-09
7.092640006649224e-02,1.043073756736427e-09
7.105419538192737e-02,1.042763895104132e-09
7.118199069736249e-02,1.042454661523619e-09
7.130978601279761e-02,1.042146053698961e-09
7.152277820518949e-02,1.041633091657248e-09
7.173577039758135e-02,1.041121850819754e-09
7.194876258997322e-02,1.040612320559057e-09
7.216175478236508e-02,1.040104490248104e-09
7.237474697475696e-02,1.039598349259848e-09
7.258773916714882e-02,1.039093886967236e-09
7.280073135954070e-02,1.038591092743218e-09
7.301372355193256e-02,1.038089955960745e-09
7.322671574432443e-02,1.037590465992766e-09
7.343970793671629e-02,1.037092612212231e-09
7.365270012910817e-02,1.036596383992089e-09
7.386569232150003e-02,1.036101770887055e-09
7.407868451389191e-02,1.035608763178904e-09
7.429167670628377e-02,1.035117351331175e-09
7.450466889867564e-02,1.034627525807406e-09
7.471766109106751e-02,1.034139277071138e-09
7.493065328345938e-02,1.033652595585909e-09
7.514364547585124e-02,1.033167471815258e-09
7.535663766824312e-02,1.032683896222724e-09
7.556962986063498e-02,1.032201859271847e-09
7.578262205302685e-02,1.031721351426166e-09
7.599561424541872e-02,1.031242363321801e-09
7.620860643781059e-02,1.030764886285185e-09
7.642159863020245e-02,1.030288911815320e-09
7.663459082259433e-02,1.029814431411211e-09
7.684758301498619e-02,1.029341436571861e-09
7.706057520737807e-02,1.028869918796274e-09
7.727356739976993e-02,1.028399869583454e-09
7.748655959216180e-02,1.027931280432404e-09
7.769955178455366e-02,1.027464142842127e-09
7.791254397694554e-02,1.026998448311628e-09
7.812553616933740e-02,1.026534188403397e-09
7.833852836172928e-02,1.026071354933860e-09
7.855152055412114e-02,1.025609939782921e-09
7.876451274651301e-02,1.025149934830485e-09
7.897750493890487e-02,1.024691331956458e-09
7.919049713129675e-02,1.024234123040745e-09
7.940348932368861e-02,1.023778299963250e-09
7.961648151608049e-02,1.023323854603879e-09
7.982947370847235e-02,1.022870778842536e-09
8.004246590086422e-02,1.022419064559128e-09
8.025545809325609e-02,1.021968703776742e-09
8.046845028564796e-02,1.021519689091235e-09
8.068144247803982e-02,1.021072013241663e-09
8.089443467043170e-02,1.020625668967083e-09
8.110742686282357e-02,1.020180649006550e-09
8.132041905521543e-02,1.019736946099121e-09
8.153341124760730e-02,1.019294552983853e-09
8.174640343999917e-02,1.018853462399802e-09
8.195939563239105e-02,1.018413667086023e-09
8.217238782478291e-02,1.017975159781574e-09
8.238538001717477e-02,1.017537933282801e-09
8.259837220956665e-02,1.017101980615212e-09
8.281136440195852e-02,1.016667294861610e-09
8.302435659435038e-02,1.016233869104797e-09
8.323734878674224e-02,1.015801696427578e-09
8.345034097913412e-02,1.015370769912753e-09
8.366333317152599e-02,1.014941082643125e-09
8.387632536391786e-02,1.014512627701497e-09
8.408931755630973e-02,1.014085398170671e-09
8.430230974870159e-02,1.013659387133450e-09
8.451530194109347e-02,1.013234587833344e-09
8.472829413348533e-02,1.012810994156699e-09
8.494128632587720e-02,1.012388600150568e-09
8.515427851826907e-02,1.011967399862004e-09
8.536727071066094e-02,1.011547387338063e-09
8.558026290305280e-02,1.011128556625799e-09
8.579325509544468e-02,1.010710901772264e-09
8.600624728783654e-02,1.010294416824514e-09
8.621923948022842e-02,1.009879095829602e-09
8.643223167262028e-02,1.009464932834582e-09
8.664522386501215e-02,1.009051921781477e-09
8.685821605740401e-02,1.008640056192194e-09
8.707120824979589e-02,1.008229329483613e-09
8.728420044218775e-02,1.007819735072615e-09
8.749719263457963e-02,1.007411266376080e-09
8.771018482697149e-02,1.007003916810888e-09
8.792317701936336e-02,1.006597679793920e-09
8.813616921175522e-02,1.006192548742057e-09
8.834916140414710e-02,1.005788517072178e-09
8.856215359653896e-02,1.005385578201164e-09
8.877514578893084e-02,1.004983726227604e-09
8.898813798132270e-02,1.004582957976784e-09
8.920113017371457e-02,1.004183270955626e-09
8.941412236610644e-02,1.003784662671056e-09
8.962711455849831e-02,1.003387130629998e-09
8.984010675089017e-02,1.002990672339377e-09
9.005309894328205e-02,1.002595285306116e-09
9.026609113567391e-02,1.002200967037140e-09
9.047908332806578e-02,1.001807715039373e-09
9.069207552045766e-02,1.001415526819740e-09
9.090506771284952e-02,1.001024398718024e-09
9.111805990524138e-02,1.000634322405149e-09
9.133105209763326e-02,1.000245288384750e-09
9.154404429002513e-02,9.998572871604633e-10
9.175703648241700e-02,9.994703092359246e-10
9.197002867480886e-02,9.990843451147695e-10
9.218302086720073e-02,9.986993853006335e-10
9.239601305959261e-02,9.983154202971524e-10
9.260900525198447e-02,9.979324406079620e-10
9.282199744437633e-02,9.975504367366977e-10
9.303498963676821e-02,9.971694004537266e-10
9.324798182916008e-02,9.967893285965234e-10
9.346097402155194e-02,9.964102192693859e-10
9.367396621394380e-02,9.960320705766115e-10
9.388695840633568e-02,9.956548806224972e-10
9.409995059872756e-02,9.952786475113412e-10
9.431294279111942e-02,9.949033693474402e-10
9.452593498351128e-02,9.945290442350921e-10
9.473892717590315e-02,9.941556702785942e-10
9.495191936829503e-02,9.937832455822441e-10
9.516491156068689e-02,9.934117677531215e-10
9.537790375307875e-02,9.930412324094194e-10
9.559089594547063e-02,9.926716346721037e-10
9.580388813786250e-02,9.923029696621412e-10
9.601688033025436e-02,9.919352325004978e-10
9.622987252264624e-02,9.915684183081401e-10
9.644286471503810e-02,9.912025222060346e-10
9.665585690742998e-02,9.908375393151473e-10
9.686884909982184e-02,9.904734647564443e-10
9.708184129221371e-02,9.901102936508926e-10
9.729483348460558e-02,9.897480212399401e-10
9.750782567699745e-02,9.893866432469527e-10
9.772081786938931e-02,9.890261555157742e-10
9.793381006178119e-02,9.886665538902480e-10
9.814680225417305e-02,9.883078342142180e-10
9.835979444656492e-02,9.879499923315273e-10
9.857278663895679e-02,9.875930240860196e-10
9.878577883134866e-02,9.872369253215386e-10
9.899877102374052e-02,9.868816918819280e-10
9.921176321613240e-02,9.865273196110311e-10
9.942475540852426e-02,9.861738044442531e-10
9.963774760091614e-02,9.858211426832301e-10
9.985073979330800e-02,9.854693307211512e-10
1.000637319857000e-01,9.851183649512051e-10
1.002767241780920e-01,9.847682417665818e-10
1.004897163704840e-01,9.844189575604700e-10
1.007027085628750e-01,9.840705087260605e-10
1.009157007552670e-01,9.837228916565396e-10
1.011286929476590e-01,9.833761027450979e-10
1.013416851400510e-01,9.830301383849250e-10
1.015546773324430e-01,9.826849949576270e-10
1.017676695248350e-01,9.823406687984716e-10
1.019806617172270e-01,9.819971562311386e-10
1.021936539096190e-01,9.816544535793079e-10
1.024066461020100e-01,9.813125571666612e-10
1.026196382944020e-01,9.809714633168750e-10
1.028326304867940e-01,9.806311683536308e-10
1.030456226791860e-01,9.802916686006089e-10
1.032586148715780e-01,9.799529603814885e-10
1.034716070639700e-01,9.796150400199504e-10
1.036845992563620e-01,9.792779039174820e-10
1.038975914487540e-01,9.789415487867726e-10
1.041105836411450e-01,9.786059714183052e-10
1.043235758335370e-01,9.782711686025586e-10
1.045365680259290e-01,9.779371371300157e-10
1.047495602183210e-01,9.776038737911585e-10
1.049625524107130e-01,9.772713753764684e-10
1.051755446031050e-01,9.769396386764273e-10
1.053885367954970e-01,9.766086604815165e-10
1.056015289878880e-01,9.762784375822195e-10
1.058145211802800e-01,9.759489667700290e-10
1.060275133726720e-01,9.756202448404986e-10
1.062405055650640e-01,9.752922685901939e-10
1.064534977574560e-01,9.749650348156805e-10
1.066664899498480e-01,9.746385403135238e-10
1.068794821422400e-01,9.743127818802896e-10
1.070924743346320e-01,9.739877563125432e-10
1.073054665270230e-01,9.736634604068519e-10
1.075184587194150e-01,9.733398909597779e-10
1.077314509118070e-01,9.730170447678886e-10
1.079444431041990e-01,9.726949186786611e-10
1.081574352965910e-01,9.723735097433610e-10
1.083704274889830e-01,9.720528150642353e-10
1.085834196813750e-01,9.717328317435318e-10
1.087964118737660e-01,9.714135568834994e-10
1.090094040661580e-01,9.710949875863826e-10
1.092223962585500e-01,9.707771209544304e-10
1.094353884509420e-01,9.704599540898905e-10
1.096483806433340e-01,9.701434840950099e-10
1.098613728357260e-01,9.698277080720367e-10
1.100743650281180e-01,9.695126231430977e-10
1.102873572205100e-01,9.691982265098705e-10
1.105003494129010e-01,9.688845153939293e-10
1.107133416052930e-01,9.685714870168431e-10
1.109263337976850e-01,9.682591386001863e-10
1.111393259900770e-01,9.679474673655313e-10
1.113523181824690e-01,9.676364705344507e-10
1.115653103748610e-01,9.673261453285167e-10
1.117783025672530e-01,9.670164889693018e-10
1.119912947596450e-01,9.667074986783787e-10
1.122042869520360e-01,9.663991717046643e-10
1.124172791444280e-01,9.660915054064527e-10
1.126302713368200e-01,9.657844971693887e-10
1.128432635292120e-01,9.654781443791161e-10
1.130562557216040e-01,9.651724444212791e-10
1.132692479139960e-01,9.648673946815213e-10
1.134822401063880e-01,9.645629925454865e-10
1.136952322987790e-01,9.642592353988201e-10
1.139082244911710e-01,9.639561206271629e-10
1.141212166835630e-01,9.636536456161601e-10
1.143342088759550e-01,9.633518077853548e-10
1.145472010683470e-01,9.630506046898553e-10
1.147601932607390e-01,9.627500339186529e-10
1.149731854531310e-01,9.624500930607390e-10
1.151861776455230e-01,9.621507797051053e-10
1.153991698379140e-01,9.618520914407445e-10
1.156121620303060e-01,9.615540258566451e-10
1.158251542226980e-01,9.612565805418003e-10
1.160381464150900e-01,9.609597530852014e-10
1.162511386074820e-01,9.606635410758397e-10
1.164641307998740e-01,9.603679421053070e-10
1.166771229922660e-01,9.600729537755880e-10
1.168901151846570e-01,9.597785736912674e-10
1.171031073770490e-01,9.594847994569247e-10
1.173160995694410e-01,9.591916286771435e-10
1.175290917618330e-01,9.588990589565067e-10
1.177420839542250e-01,9.586070878995969e-10
1.179550761466170e-01,9.583157131109963e-10
1.181680683390090e-01,9.580249321952877e-10
1.183810605314010e-01,9.577347427570533e-10
1.185940527237920e-01,9.574451424479237e-10
1.188070449161840e-01,9.571561291078123e-10
1.190200371085760e-01,9.568677006237357e-10
1.192330293009680e-01,9.565798548827094e-10
1.194460214933600e-01,9.562925897717484e-10
1.196590136857520e-01,9.560059031778679e-10
1.198720058781440e-01,9.557197929880830e-10
1.200849980705360e-01,9.554342570894089e-10
1.202979902629270e-01,9.551492933688621e-10
1.205109824553190e-01,9.548648997134552e-10
1.207239746477110e-01,9.545810740091662e-10
1.209369668401030e-01,9.542978141378168e-10
1.211499590324950e-01,9.540151179801899e-10
1.213629512248870e-01,9.537329834170684e-10
1.215759434172790e-01,9.534514083292353e-10
1.217889356096700e-01,9.531703905974746e-10
1.220019278020620e-01,9.528899281025669e-10
1.222149199944540e-01,9.526100187252960e-10
1.224279121868460e-01,9.523306603464450e-10
1.226409043792380e-01,9.520518508467966e-10
1.228538965716300e-01,9.517735881425655e-10
1.230668887640220e-01,9.514958702916861e-10
1.232798809564140e-01,9.512186953875193e-10
1.234928731488050e-01,9.509420615234284e-10
1.237058653411970e-01,9.506659667927718e-10
1.239188575335890e-01,9.503904092889126e-10
1.241318497259810e-01,9.501153871052119e-10
1.243448419183730e-01,9.498408983350316e-10
1.245578341107650e-01,9.495669410717327e-10
1.247708263031570e-01,9.492935134086774e-10
1.249838184955480e-01,9.490206134319642e-10
1.251968106879400e-01,9.487482391986455e-10
1.254098028803320e-01,9.484763887585192e-10
1.256227950727240e-01,9.482050601613818e-10
1.258357872651160e-01,9.479342514570302e-10
1.260487794575080e-01,9.476639606952605e-10
1.262617716499000e-01,9.473941859258698e-10
1.264747638422920e-01,9.471249251986543e-10
1.266877560346830e-01,9.468561765634119e-10
1.269007482270750e-01,9.465879380699369e-10
1.271137404194670e-01,9.463202077978363e-10
1.273267326118590e-01,9.460529839458737e-10
1.275397248042510e-01,9.457862647425809e-10
1.277527169966430e-01,9.455200484164906e-10
1.279657091890350e-01,9.452543331961346e-10
1.281787013814270e-01,9.449891173100453e-10
1.283916935738180e-01,9.447243989867563e-10
1.286046857662100e-01,9.444601764547970e-10
1.288176779586020e-01,9.441964479427009e-10
1.290306701509940e-01,9.439332116790006e-10
1.292436623433860e-01,9.436704659294501e-10
1.294566545357780e-01,9.434082091087572e-10
1.296696467281700e-01,9.431464396688819e-10
1.298826389205610e-01,9.428851560617867e-10
1.300956311129530e-01,9.426243567394292e-10
1.303086233053450e-01,9.423640401537715e-10
1.305216154977370e-01,9.421042047567747e-10
1.307346076901290e-01,9.418448490003992e-10
1.309475998825210e-01,9.415859713366055e-10
1.311605920749130e-01,9.413275702173546e-10
1.313735842673050e-01,9.410696440642808e-10
1.315865764596960e-01,9.408121911777025e-10
1.317995686520880e-01,9.405552098276010e-10
1.320125608444800e-01,9.402986982839610e-10
1.322255530368720e-01,9.400426548167670e-10
1.324385452292640e-01,9.397870776960027e-10
1.326515374216560e-01,9.395319651916519e-10
1.328645296140480e-01,9.392773155736988e-10
1.330775218064400e-01,9.390231271121270e-10
1.332905139988310e-01,9.387693980769216e-10
1.335035061912230e-01,9.385161267818879e-10
1.337164983836150e-01,9.382633117160926e-10
1.339294905760070e-01,9.380109514124087e-10
1.341424827683990e-01,9.377590444037077e-10
1.343554749607910e-01,9.375075892228624e-10
1.345684671531830e-01,9.372565844027451e-10
1.347814593455740e-01,9.370060284762286e-10
1.349944515379660e-01,9.367559199761836e-10
1.352074437303580e-01,9.365062574354830e-10
1.354204359227500e-01,9.362570393869995e-10
1.356334281151420e-01,9.360082643635509e-10
1.358464203075340e-01,9.357599308977418e-10
1.360594124999260e-01,9.355120375221215e-10
1.362724046923180e-01,9.352645827692403e-10
1.364853968847090e-01,9.350175651716494e-10
1.366983890771010e-01,9.347709832618967e-10
1.369113812694930e-01,9.345248355725330e-10
1.371243734618850e-01,9.342791206361085e-10
1.373373656542770e-01,9.340338369851732e-10
1.375503578466690e-01,9.337889831522769e-10
1.377633500390610e-01,9.335445576933851e-10
1.379763422314520e-01,9.333005592581793e-10
1.381893344238440e-01,9.330569865197810e-10
1.384023266162360e-01,9.328138381513146e-10
1.386153188086280e-01,9.325711128259035e-10
1.388283110010200e-01,9.323288092166718e-10
1.390413031934120e-01,9.320869259967426e-10
1.392542953858040e-01,9.318454618392395e-10
1.394672875781960e-01,9.316044154172860e-10
1.396802797705870e-01,9.313637854040070e-10
1.398932719629790e-01,9.311235704597677e-10
1.401062641553710e-01,9.308837691939006e-10
1.403192563477630e-01,9.306443802029737e-10
1.405322485401550e-01,9.304054020835551e-10
1.407452407325470e-01,9.301668334322128e-10
1.409582329249390e-01,9.299286728455150e-10
1.411712251173300e-01,9.296909189200310e-10
1.413842173097220e-01,9.294535702523264e-10
1.415972095021140e-01,9.292166254389707e-10
1.418102016945060e-01,9.289800830765318e-10
1.420231938868980e-01,9.287439418024099e-10
1.422361860792900e-01,9.285082004173288e-10
1.424491782716820e-01,9.282728577628429e-10
1.426621704640740e-01,9.280379126805062e-10
1.428751626564650e-01,9.278033640118738e-10
1.430881548488570e-01,9.275692105984973e-10
1.433011470412490e-01,9.273354512819322e-10
1.435141392336410e-01,9.271020849037323e-10
1.437271314260330e-01,9.268691103054519e-10
1.439401236184250e-01,9.266365263286451e-10
1.441531158108170e-01,9.264043318009443e-10
1.443661080032090e-01,9.261725254943156e-10
1.445791001956000e-01,9.259411061668139e-10
1.447920923879920e-01,9.257100725764906e-10
1.450050845803840e-01,9.254794234814009e-10
1.452180767727760e-01,9.252491576395984e-10
1.454310689651680e-01,9.250192738091369e-10
1.456440611575600e-01,9.247897707480701e-10
1.458570533499520e-01,9.245606472144519e-10
1.460700455423430e-01,9.243319019663371e-10
1.462830377347350e-01,9.241035337795788e-10
1.464960299271270e-01,9.238755415011931e-10
1.467090221195190e-01,9.236479239959733e-10
1.469220143119110e-01,9.234206801287131e-10
1.471350065043030e-01,9.231938087642057e-10
1.473479986966950e-01,9.229673087672450e-10
1.475609908890870e-01,9.227411790026241e-10
1.477739830814780e-01,9.225154183351381e-10
1.479869752738700e-01,9.222900256295780e-10
1.481999674662620e-01,9.220649997507384e-10
1.484129596586540e-01,9.218403395697609e-10
1.486259518510460e-01,9.216160439831911e-10
1.488389440434380e-01,9.213921118939281e-10
1.490519362358300e-01,9.211685422048716e-10
1.492649284282220e-01,9.209453338189206e-10
1.494779206206130e-01,9.207224856389758e-10
1.496909128130050e-01,9.204999965679345e-10
1.499039050053970e-01,9.202778655086967e-10
1.501168971977890e-01,9.200560913641621e-10
1.503298893901810e-01,9.198346730372300e-10
1.505428815825730e-01,9.196136094389774e-10
1.507558737749650e-01,9.193928995131971e-10
1.509688659673560e-01,9.191725422118626e-10
1.511818581597480e-01,9.189525364869450e-10
1.513948503521400e-01,9.187328812904176e-10
1.516078425445320e-01,9.185135755742537e-10
1.518208347369240e-01,9.182946182904257e-10
1.520338269293160e-01,9.180760083909064e-10
1.522468191217080e-01,9.178577448276688e-10
1.524598113141000e-01,9.176398265526854e-10
1.526728035064910e-01,9.174222525255920e-10
1.528857956988830e-01,9.172050217366635e-10
1.530987878912750e-01,9.169881331838377e-10
1.533117800836670e-01,9.167715858650508e-10
1.535247722760590e-01,9.165553787782392e-10
1.537377644684510e-01,9.163395109213398e-10
1.539507566608430e-01,9.161239812922885e-10
1.541637488532340e-01,9.159087888890232e-10
1.543767410456260e-01,9.156939327094784e-10
1.545897332380180e-01,9.154794117515915e-10
1.548027254304100e-01,9.152652250231839e-10
1.550157176228020e-01,9.150513715715996e-10
1.552287098151940e-01,9.148378504540581e-10
1.554417020075860e-01,9.146246607277789e-10
1.556546941999780e-01,9.144118014499818e-10
1.558676863923690e-01,9.141992716778870e-10
1.560806785847610e-01,9.139870704687126e-10
1.562936707771530e-01,9.137751968796789e-10
1.565066629695450e-01,9.135636499680055e-10
1.567196551619370e-01,9.133524287909121e-10
1.569326473543290e-01,9.131415324047471e-10
1.571456395467210e-01,9.129309598623734e-10
1.573586317391130e-01,9.127207102157811e-10
1.575716239315040e-01,9.125107825169619e-10
1.577846161238960e-01,9.123011758179043e-10
1.579976083162880e-01,9.120918891705994e-10
1.582106005086800e-01,9.118829216270381e-10
1.584235927010720e-01,9.116742722392105e-10
1.586365848934640e-01,9.114659400591075e-10
1.588495770858560e-01,9.112579241387190e-10
1.590625692782470e-01,9.110502235454304e-10
1.592755614706390e-01,9.108428374082175e-10
1.594885536630310e-01,9.106357648714624e-10
1.597015458554230e-01,9.104290050795464e-10
1.599145380478150e-01,9.102225571768508e-10
1.601275302402070e-01,9.100164203077569e-10
1.603405224325990e-01,9.098105936166459e-10
1.605535146249910e-01,9.096050762478993e-10
1.607665068173820e-01,9.093998673458991e-10
1.609794990097740e-01,9.091949660550246e-10
1.611924912021660e-01,9.089903715193021e-10
1.614054833945580e-01,9.087860828813316e-10
1.616184755869500e-01,9.085820992833567e-10
1.618314677793420e-01,9.083784198676218e-10
1.620444599717340e-01,9.081750437763702e-10
1.622574521641260e-01,9.079719701518464e-10
1.624704443565170e-01,9.077691981362948e-10
1.626834365489090e-01,9.075667268719575e-10
1.628964287413010e-01,9.073645555010795e-10
1.631094209336930e-01,9.071626831659044e-10
1.633224131260850e-01,9.069611090193031e-10
1.635354053184770e-01,9.067598322566408e-10
1.637483975108690e-01,9.065588520839031e-10
1.639613897032600e-01,9.063581677070771e-10
1.641743818956520e-01,9.061577783321467e-10
1.643873740880440e-01,9.059576831650983e-10
1.646003662804360e-01,9.057578814119181e-10
1.648133584728280e-01,9.055583722785916e-10
1.650263506652200e-01,9.053591549711047e-10
1.652393428576120e-01,9.051602286954434e-10
1.654523350500040e-01,9.049615926575616e-10
1.656653272423950e-01,9.047632460632876e-10
1.658783194347870e-01,9.045651881184152e-10
1.660913116271790e-01,9.043674180287412e-10
1.663043038195710e-01,9.041699350000610e-10
1.665172960119630e-01,9.039727382381706e-10
1.667302882043550e-01,9.037758269488654e-10
1.669432803967470e-01,9.035792003379413e-10
1.671562725891380e-01,9.033828576111948e-10
1.673692647815300e-01,9.031867979744198e-10
1.675822569739220e-01,9.029910206452803e-10
1.677952491663140e-01,9.027955248889324e-10
1.680082413587060e-01,9.026003099824116e-10
1.682212335510980e-01,9.024053752027532e-10
1.684342257434900e-01,9.022107198269924e-10
1.686472179358820e-01,9.020163431321649e-10
1.688602101282730e-01,9.018222443953067e-10
1.690732023206650e-01,9.016284228934514e-10
1.692861945130570e-01,9.014348779036354e-10
1.694991867054490e-01,9.012416087028939e-10
1.697121788978410e-01,9.010486145595234e-10
1.699251710902330e-01,9.008558947068573e-10
1.701381632826250e-01,9.006634483694873e-10
1.703511554750170e-01,9.004712747720046e-10
1.705641476674080e-01,9.002793731390016e-10
1.707771398598000e-01,9.000877426950680e-10
1.709901320521920e-01,8.998963826647959e-10
1.712031242445840e-01,8.997052922727765e-10
1.714161164369760e-01,8.995144707436019e-10
1.716291086293680e-01,8.993239173018627e-10
1.718421008217600e-01,8.991336311861818e-10
1.720550930141510e-01,8.989436116912978e-10
1.722680852065430e-01,8.987538581259753e-10
1.724810773989350e-01,8.985643697989809e-10
1.726940695913270e-01,8.983751460190803e-10
1.729070617837190e-01,8.981861860950396e-10
1.731200539761110e-01,8.979974893356244e-10
1.733330461685030e-01,8.978090550496005e-10
1.735460383608950e-01,8.976208825457340e-10
1.737590305532860e-01,8.974329711327913e-10
1.739720227456780e-01,8.972453201384160e-10
1.741850149380700e-01,8.970579289657383e-10
1.743980071304620e-01,8.968707970367511e-10
1.746109993228540e-01,8.966839237734466e-10
1.748239915152460e-01,8.964973085978177e-10
1.750369837076380e-01,8.963109509318568e-10
1.752499759000290e-01,8.961248501975573e-10
1.754629680924210e-01,8.959390058169103e-10
1.756759602848130e-01,8.957534172119090e-10
1.758889524772050e-01,8.955680838045461e-10
1.761019446695970e-01,8.953830049835347e-10
1.763149368619890e-01,8.951981800043817e-10
1.765279290543810e-01,8.950136080892700e-10
1.767409212467730e-01,8.948292884603823e-10
1.769539134391640e-01,8.946452203399025e-10
1.771669056315560e-01,8.944614029500115e-10
1.773798978239480e-01,8.942778355128932e-10
1.775928900163400e-01,8.940945172507303e-10
1.778058822087320e-01,8.939114473857060e-10
1.780188744011240e-01,8.937286251400026e-10
1.782318665935160e-01,8.935460497887798e-10
1.784448587859070e-01,8.933637208191799e-10
1.786578509782990e-01,8.931816377713573e-10
1.788708431706910e-01,8.929998001854693e-10
1.790838353630830e-01,8.928182076016715e-10
1.792968275554750e-01,8.926368595601206e-10
1.795098197478670e-01,8.924557556009724e-10
1.797228119402590e-01,8.922748952643833e-10
1.799358041326510e-01,8.920942780905094e-10
1.801487963250420e-01,8.919139036195079e-10
1.803617885174340e-01,8.917337713476187e-10
1.805747807098260e-01,8.915538805954179e-10
1.807877729022180e-01,8.913742306395621e-10
1.810007650946100e-01,8.911948207567075e-10
1.812137572870020e-01,8.910156502235104e-10
1.814267494793940e-01,8.908367183166273e-10
1.816397416717860e-01,8.906580243127146e-10
1.818527338641770e-01,8.904795674884294e-10
1.820657260565690e-01,8.903013471204264e-10
1.822787182489610e-01,8.901233624853629e-10
1.824917104413530e-01,8.899456128898531e-10
1.827047026337450e-01,8.897680977603110e-10
1.829176948261370e-01,8.895908165530935e-10
1.831306870185290e-01,8.894137687245575e-10
1.833436792109200e-01,8.892369537310601e-10
1.835566714033120e-01,8.890603710289565e-10
1.837696635957040e-01,8.888840200746042e-10
1.839826557880960e-01,8.887079003243600e-10
1.841956479804880e-01,8.885320112345805e-10
1.844086401728800e-01,8.883563522616224e-10
1.846216323652720e-01,8.881809228700520e-10
1.848346245576640e-01,8.880057225572553e-10
1.850476167500550e-01,8.878307508288195e-10
1.852606089424470e-01,8.876560071903294e-10
1.854736011348390e-01,8.874814911473721e-10
1.856865933272310e-01,8.873072022055340e-10
1.858995855196230e-01,8.871331398704017e-10
1.861125777120150e-01,8.869593036475613e-10
1.863255699044070e-01,8.867856930425991e-10
1.865385620967990e-01,8.866123075611018e-10
1.867515542891900e-01,8.864391466817832e-10
1.869645464815820e-01,8.862662097758050e-10
1.871775386739740e-01,8.860934961874292e-10
1.873905308663660e-01,8.859210052609173e-10
1.876035230587580e-01,8.857487363405304e-10
1.878165152511500e-01,8.855766887705299e-10
1.880295074435420e-01,8.854048618951774e-10
1.882424996359330e-01,8.852332550587347e-10
1.884554918283250e-01,8.850618676054616e-10
1.886684840207170e-01,8.848906988796204e-10
1.888814762131090e-01,8.847197482708077e-10
1.890944684055010e-01,8.845490153500027e-10
1.893074605978930e-01,8.843784997335408e-10
1.895204527902850e-01,8.842082010377567e-10
1.897334449826770e-01,8.840381188789859e-10
1.899464371750680e-01,8.838682528735641e-10
1.901594293674600e-01,8.836986026378249e-10
1.903724215598520e-01,8.835291677881041e-10
1.905854137522440e-01,8.833599479407369e-10
1.907984059446360e-01,8.831909427120583e-10
1.910113981370280e-01,8.830221516799323e-10
1.912243903294200e-01,8.828535742683495e-10
1.914373825218110e-01,8.826852098628365e-10
1.916503747142030e-01,8.825170578489181e-10
1.918633669065950e-01,8.823491176121204e-10
1.920763590989870e-01,8.821813885379700e-10
1.922893512913790e-01,8.820138700119922e-10
1.925023434837710e-01,8.818465614197133e-10
1.927153356761630e-01,8.816794621466591e-10
1.929283278685550e-01,8.815125715783554e-10
1.931413200609460e-01,8.813458891372650e-10
1.933543122533380e-01,8.811794143935339e-10
1.935673044457300e-01,8.810131469542169e-10
1.937802966381220e-01,8.808470864263687e-10
1.939932888305140e-01,8.806812324170435e-10
1.942062810229060e-01,8.805155845332959e-10
1.944192732152980e-01,8.803501423821798e-10
1.946322654076900e-01,8.801849055707502e-10
1.948452576000810e-01,8.800198737060619e-10
1.950582497924730e-01,8.798550463951679e-10
1.952712419848650e-01,8.796904232268594e-10
1.954842341772570e-01,8.795260037169235e-10
1.956972263696490e-01,8.793617873629087e-10
1.959102185620410e-01,8.791977736623636e-10
1.961232107544330e-01,8.790339621128369e-10
1.963362029468240e-01,8.788703522118783e-10
1.965491951392160e-01,8.787069434570346e-10
1.967621873316080e-01,8.785437353458553e-10
1.969751795240000e-01,8.783807273758892e-10
1.971881717163920e-01,8.782179190446849e-10
1.974011639087840e-01,8.780553098586561e-10
1.976141561011760e-01,8.778928993596899e-10
1.978271482935680e-01,8.777306870985458e-10
1.980401404859590e-01,8.775686726259838e-10
1.982531326783510e-01,8.774068554927618e-10
1.984661248707430e-01,8.772452352496396e-10
1.986791170631350e-01,8.770838114473768e-10
1.988921092555270e-01,8.769225836367326e-10
1.991051014479190e-01,8.767615513684663e-10
1.993180936403110e-01,8.766007141933373e-10
1.995310858327020e-01,8.764400716656250e-10
1.997440780250940e-01,8.762796233536857e-10
1.999570702174860e-01,8.761193688293976e-10
2.001700624098780e-01,8.759593076646389e-10
2.003830546022700e-01,8.757994394312869e-10
2.005960467946620e-01,8.756397637012195e-10
2.008090389870540e-01,8.754802800463145e-10
2.010220311794460e-01,8.753209880384495e-10
2.012350233718370e-01,8.751618872495032e-10
2.014480155642290e-01,8.750029772513517e-10
2.016610077566210e-01,8.748442576144820e-10
2.018739999490130e-01,8.746857279038167e-10
2.020869921414050e-01,8.745273876828873e-10
2.022999843337970e-01,8.743692365152253e-10
2.025129765261890e-01,8.742112739643622e-10
2.027259687185810e-01,8.740534995938298e-10
2.029389609109720e-01,8.738959129671602e-10
2.031519531033640e-01,8.737385136478837e-10
2.033649452957560e-01,8.735813011995324e-10
2.035779374881480e-01,8.734242751856381e-10
2.037909296805400e-01,8.732674351788101e-10
2.040039218729320e-01,8.731107807879498e-10
2.042169140653240e-01,8.729543116310271e-10
2.044299062577150e-01,8.727980273260123e-10
2.046428984501070e-01,8.726419274908739e-10
2.048558906424990e-01,8.724860117435820e-10
2.050688828348910e-01,8.723302797021067e-10
2.052818750272830e-01,8.721747309844174e-10
2.054948672196750e-01,8.720193652084841e-10
2.057078594120670e-01,8.718641819922762e-10
2.059208516044590e-01,8.717091809527324e-10
2.061338437968500e-01,8.715543617026635e-10
2.063468359892420e-01,8.713997238538457e-10
2.065598281816340e-01,8.712452670180577e-10
2.067728203740260e-01,8.710909908070769e-10
2.069858125664180e-01,8.709368948326811e-10
2.071988047588100e-01,8.707829787066482e-10
2.074117969512020e-01,8.706292420407557e-10
2.076247891435940e-01,8.704756844467814e-10
2.078377813359850e-01,8.703223055365035e-10
2.080507735283770e-01,8.701691048685348e-10
2.082637657207690e-01,8.700160817887775e-10
2.084767579131610e-01,8.698632355899418e-10
2.086897501055530e-01,8.697105655647379e-10
2.089027422979450e-01,8.695580710058757e-10
2.091157344903370e-01,8.694057512060653e-10
2.093287266827280e-01,8.692536054580175e-10
2.095417188751200e-01,8.691016330544410e-10
2.097547110675120e-01,8.689498332880462e-10
2.099677032599040e-01,8.687982054515436e-10
2.101806954522960e-01,8.686467491760482e-10
2.103936876446880e-01,8.684954654462336e-10
2.106066798370800e-01,8.683443555851472e-10
2.108196720294720e-01,8.681934209158371e-10
2.110326642218630e-01,8.680426627613514e-10
2.112456564142550e-01,8.678920824447363e-10
2.114586486066470e-01,8.677416812890403e-10
2.116716407990390e-01,8.675914606173108e-10
2.118846329914310e-01,8.674414217525956e-10
2.120976251838230e-01,8.672915660179424e-10
2.123106173762150e-01,8.671418933170873e-10
2.125236095686060e-01,8.669923978785344e-10
2.127366017609980e-01,8.668430725124812e-10
2.129495939533900e-01,8.666939100291266e-10
2.131625861457820e-01,8.665449032386693e-10
2.133755783381740e-01,8.663960449513080e-10
2.135885705305660e-01,8.662473279772413e-10
2.138015627229580e-01,8.660987451266676e-10
2.140145549153500e-01,8.659502892097856e-10
2.142275471077410e-01,8.658019530367946e-10
2.144405393001330e-01,8.656537348782935e-10
2.146535314925250e-01,8.655056548320038e-10
2.148665236849170e-01,8.653577384488065e-10
2.150795158773090e-01,8.652100112795826e-10
2.152925080697010e-01,8.650624988752135e-10
2.155055002620930e-01,8.649152267865803e-10
2.157184924544850e-01,8.647682205645640e-10
2.159314846468760e-01,8.646215057600466e-10
2.161444768392680e-01,8.644751079239078e-10
2.163574690316600e-01,8.643290526070294e-10
2.165704612240520e-01,8.641833449021858e-10
2.167834534164440e-01,8.640379080340225e-10
2.169964456088360e-01,8.638926447512229e-10
2.172094378012280e-01,8.637474578024707e-10
2.174224299936190e-01,8.636022499364502e-10
2.176354221860110e-01,8.634569239018436e-10
2.178484143784030e-01,8.633113824473351e-10
2.180614065707950e-01,8.631655283216084e-10
2.182743987631870e-01,8.630192642733472e-10
2.184873909555790e-01,8.628724930512348e-10
2.187003831479710e-01,8.627251938735411e-10
2.189133753403630e-01,8.625776518758470e-10
2.191263675327540e-01,8.624302286828063e-10
2.193393597251460e-01,8.622832859190701e-10
2.195523519175380e-01,8.621371852092922e-10
2.197653441099300e-01,8.619922881781251e-10
2.199783363023220e-01,8.618489564502217e-10
2.201913284947140e-01,8.617075516502348e-10
2.204043206871060e-01,8.615684354028172e-10
2.206173128794970e-01,8.614319693326221e-10
2.208303050718890e-01,8.612982294724237e-10
2.210432972642810e-01,8.611661496947041e-10
2.212562894566730e-01,8.610343783836660e-10
2.214692816490650e-01,8.609015639235117e-10
2.216822738414570e-01,8.607663546984442e-10
2.218952660338490e-01,8.606273990926657e-10
2.221082582262410e-01,8.604833454903790e-10
2.223212504186320e-01,8.603328422757874e-10
2.225342426110240e-01,8.601745378330919e-10
2.227472348034160e-01,8.600070805464959e-10
2.229602269958080e-01,8.598296992916731e-10
2.231732191882000e-01,8.596439437722162e-10
2.233862113805920e-01,8.594519436143462e-10
2.235992035729840e-01,8.592558284442838e-10
2.238121957653760e-01,8.590577278882501e-10
2.240251879577670e-01,8.588597715724669e-10
2.242381801501590e-01,8.586640891231531e-10
2.244511723425510e-01,8.584728101665307e-10
2.246641645349430e-01,8.582880643288205e-10
2.248771567273350e-01,8.581119812362433e-10
2.250901489197270e-01,8.579461110164401e-10
2.253031411121190e-01,8.577896843894923e-10
2.255161333045100e-01,8.576413518700660e-10
2.257291254969020e-01,8.574997639728258e-10
2.259421176892940e-01,8.573635712124381e-10
2.261551098816860e-01,8.572314241035686e-10
2.263681020740780e-01,8.571019731608833e-10
2.265810942664700e-01,8.569738688990479e-10
2.267940864588620e-01,8.568457618327280e-10
2.270070786512540e-01,8.567163024765895e-10
2.272200708436450e-01,8.565844263322255e-10
2.274330630360370e-01,8.564502091917655e-10
2.276460552284290e-01,8.563140120057087e-10
2.278590474208210e-01,8.561761957245540e-10
2.280720396132130e-01,8.560371212988000e-10
2.282850318056050e-01,8.558971496789453e-10
2.284980239979970e-01,8.557566418154887e-10
2.287110161903880e-01,8.556159586589299e-10
2.289240083827800e-01,8.554754611597657e-10
2.291370005751720e-01,8.553355102684960e-10
2.293499927675640e-01,8.551963906097120e-10
2.295629849599560e-01,8.550580815068497e-10
2.297759771523480e-01,8.549204859586745e-10
2.299889693447400e-01,8.547835069639521e-10
2.302019615371320e-01,8.546470475214478e-10
2.304149537295230e-01,8.545110106299275e-10
2.306279459219150e-01,8.543752992881556e-10
2.308409381143070e-01,8.542398164948982e-10
2.310539303066990e-01,8.541044652489205e-10
2.312669224990910e-01,8.539691485489881e-10
2.314799146914830e-01,8.538337898384761e-10
2.316929068838750e-01,8.536983943132865e-10
2.319058990762670e-01,8.535629876009774e-10
2.321188912686580e-01,8.534275953291075e-10
2.323318834610500e-01,8.532922431252335e-10
2.325448756534420e-01,8.531569566169142e-10
2.327578678458340e-01,8.530217614317077e-10
2.329708600382260e-01,8.528866831971717e-10
2.331838522306180e-01,8.527517475408645e-10
2.333968444230100e-01,8.526169800903441e-10
2.336098366154010e-01,8.524824010069176e-10
2.338228288077930e-01,8.523480086005601e-10
2.340358210001850e-01,8.522137957218333e-10
2.342488131925770e-01,8.520797552212981e-10
2.344618053849690e-01,8.519458799495154e-10
2.346747975773610e-01,8.518121627570463e-10
2.348877897697530e-01,8.516785964944519e-10
2.351007819621450e-01,8.515451740122930e-10
2.353137741545360e-01,8.514118881611313e-10
2.355267663469280e-01,8.512787317915264e-10
2.357397585393200e-01,8.511456991925298e-10
2.359527507317120e-01,8.510127904098796e-10
2.361657429241040e-01,8.508800069291678e-10
2.363787351164960e-01,8.507473502359865e-10
2.365917273088880e-01,8.506148218159279e-10
2.368047195012800e-01,8.504824231545841e-10
2.370177116936710e-01,8.503501557375481e-10
2.372307038860630e-01,8.502180210504104e-10
2.374436960784550e-01,8.500860205787639e-10
2.376566882708470e-01,8.499541558082008e-10
2.378696804632390e-01,8.498224278719600e-10
2.380826726556310e-01,8.496908364936348e-10
2.382956648480230e-01,8.495593810443485e-10
2.385086570404140e-01,8.494280608952257e-10
2.387216492328060e-01,8.492968754173883e-10
2.389346414251980e-01,8.491658239819607e-10
2.391476336175900e-01,8.490349059600665e-10
2.393606258099820e-01,8.489041207228292e-10
2.395736180023740e-01,8.487734676413722e-10
2.397866101947660e-01,8.486429460868195e-10
2.399996023871580e-01,8.485125555040154e-10
2.402125945795490e-01,8.483822956326472e-10
2.404255867719410e-01,8.482521662861004e-10
2.406385789643330e-01,8.481221672777621e-10
2.408515711567250e-01,8.479922984210187e-10
2.410645633491170e-01,8.478625595292568e-10
2.412775555415090e-01,8.477329504158633e-10
2.414905477339010e-01,8.476034708942244e-10
2.417035399262920e-01,8.474741207777274e-10
2.419165321186840e-01,8.473448998797576e-10
2.421295243110760e-01,8.472158080022573e-10
2.423425165034680e-01,8.470868449014092e-10
2.425555086958600e-01,8.469580103219614e-10
2.427685008882520e-01,8.468293040086619e-10
2.429814930806440e-01,8.467007257062590e-10
2.431944852730360e-01,8.465722751595008e-10
2.434074774654270e-01,8.464439521131360e-10
2.436204696578190e-01,8.463157563119114e-10
2.438334618502110e-01,8.461876875005759e-10
2.440464540426030e-01,8.460597454238774e-10
2.442594462349950e-01,8.459319298337482e-10
2.444724384273870e-01,8.458042405108743e-10
2.446854306197790e-01,8.456766772431354e-10
2.448984228121710e-01,8.455492398184107e-10
2.451114150045620e-01,8.454219280245803e-10
2.453244071969540e-01,8.452947416495224e-10
2.455373993893460e-01,8.451676804811173e-10
2.457503915817380e-01,8.450407443072443e-10
2.459633837741300e-01,8.449139329157827e-10
2.461763759665220e-01,8.447872460946120e-10
2.463893681589140e-01,8.446606836289747e-10
2.466023603513050e-01,8.445342452935616e-10
2.468153525436970e-01,8.444079308604234e-10
2.470283447360890e-01,8.442817401016120e-10
2.472413369284810e-01,8.441556727891789e-10
2.474543291208730e-01,8.440297286951759e-10
2.476673213132650e-01,8.439039075916543e-10
2.478803135056570e-01,8.437782092506659e-10
2.480933056980490e-01,8.436526334442620e-10
2.483062978904400e-01,8.435271799444949e-10
2.485192900828320e-01,8.434018485240230e-10
2.487322822752240e-01,8.432766389579382e-10
2.489452744676160e-01,8.431515510219402e-10
2.491582666600080e-01,8.430265844917281e-10
2.493712588524000e-01,8.429017391430020e-10
2.495842510447920e-01,8.427770147514609e-10
2.497972432371830e-01,8.426524110928050e-10
2.500102354295750e-01,8.425279279427327e-10
2.502232276219670e-01,8.424035650769440e-10
2.504362198143590e-01,8.422793222711384e-10
2.506492120067510e-01,8.421551993028283e-10
2.508622041991430e-01,8.420311959567756e-10
2.510751963915350e-01,8.419073120195539e-10
2.512881885839270e-01,8.417835472777370e-10
2.515011807763180e-01,8.416599015178991e-10
2.517141729687100e-01,8.415363745266129e-10
2.519271651611020e-01,8.414129660904526e-10
2.521401573534940e-01,8.412896759959919e-10
2.523531495458860e-01,8.411665040298048e-10
2.525661417382780e-01,8.410434499784646e-10
2.527791339306700e-01,8.409205136258822e-10
2.529921261230620e-01,8.407976947453227e-10
2.532051183154530e-01,8.406749931073916e-10
2.534181105078450e-01,8.405524084826927e-10
2.536311027002370e-01,8.404299406418321e-10
2.538440948926290e-01,8.403075893554144e-10
2.540570870850210e-01,8.401853543940449e-10
2.542700792774130e-01,8.400632355283286e-10
2.544830714698050e-01,8.399412325288706e-10
2.546960636621960e-01,8.398193451662766e-10
2.549090558545880e-01,8.396975732205984e-10
2.551220480469800e-01,8.395759165097005e-10
2.553350402393720e-01,8.394543748609045e-10
2.555480324317640e-01,8.393329481015316e-10
2.557610246241560e-01,8.392116360589036e-10
2.559740168165480e-01,8.390904385603417e-10
2.561870090089400e-01,8.389693554331675e-10
2.564000012013310e-01,8.388483865047031e-10
2.566129933937230e-01,8.387275316022687e-10
2.568259855861150e-01,8.386067905531866e-10
2.570389777785070e-01,8.384861631778475e-10
2.572519699708990e-01,8.383656492689152e-10
2.574649621632910e-01,8.382452486121197e-10
2.576779543556830e-01,8.381249609931912e-10
2.578909465480740e-01,8.380047861978605e-10
2.581039387404660e-01,8.378847240118568e-10
2.583169309328580e-01,8.377647742209108e-10
2.585299231252500e-01,8.376449366107527e-10
2.587429153176420e-01,8.375252109671125e-10
2.589559075100340e-01,8.374055970757209e-10
2.591688997024260e-01,8.372860947257022e-10
2.593818918948180e-01,8.371667037197580e-10
2.595948840872090e-01,8.370474238639844e-10
2.598078762796010e-01,8.369282549644754e-10
2.600208684719930e-01,8.368091968273270e-10
2.602338606643850e-01,8.366902492586347e-10
2.604468528567770e-01,8.365714120644935e-10
2.606598450491690e-01,8.364526850509990e-10
2.608728372415610e-01,8.363340680242464e-10
2.610858294339530e-01,8.362155607903313e-10
2.612988216263440e-01,8.360971631591102e-10
2.615118138187360e-01,8.359788749554759e-10
2.617248060111280e-01,8.358606960080803e-10
2.619377982035200e-01,8.357426261455750e-10
2.621507903959120e-01,8.356246651966116e-10
2.623637825883040e-01,8.355068129898416e-10
2.625767747806960e-01,8.353890693539164e-10
2.627897669730870e-01,8.352714341174881e-10
2.630027591654790e-01,8.351539071092071e-10
2.632157513578710e-01,8.350364881577255e-10
2.634287435502630e-01,8.349191770858485e-10
2.636417357426550e-01,8.348019736929794e-10
2.638547279350470e-01,8.346848777726675e-10
2.640677201274390e-01,8.345678891184616e-10
2.642807123198310e-01,8.344510075239109e-10
2.644937045122220e-01,8.343342327825651e-10
2.647066967046140e-01,8.342175646879721e-10
2.649196888970060e-01,8.341010030336815e-10
2.651326810893980e-01,8.339845476132426e-10
2.653456732817900e-01,8.338681982202042e-10
2.655586654741820e-01,8.337519546560818e-10
2.657716576665740e-01,8.336358167542690e-10
2.659846498589660e-01,8.335197843561317e-10
2.661976420513570e-01,8.334038573030362e-10
2.664106342437490e-01,8.332880354363471e-10
2.666236264361410e-01,8.331723185974311e-10
2.668366186285330e-01,8.330567066276539e-10
2.670496108209250e-01,8.329411993683813e-10
2.672626030133170e-01,8.328257966609793e-10
2.674755952057090e-01,8.327104983468137e-10
2.676885873981000e-01,8.325953042628377e-10
2.679015795904920e-01,8.324802142283490e-10
2.681145717828840e-01,8.323652280582328e-10
2.683275639752760e-01,8.322503455673743e-10
2.685405561676680e-01,8.321355665706583e-10
2.687535483600600e-01,8.320208908829696e-10
2.689665405524520e-01,8.319063183191932e-10
2.691795327448440e-01,8.317918486942139e-10
2.693925249372350e-01,8.316774818229173e-10
2.696055171296270e-01,8.315632175201872e-10
2.698185093220190e-01,8.314490555972140e-10
2.700315015144110e-01,8.313349958504124e-10
2.702444937068030e-01,8.312210380725037e-10
2.704574858991950e-01,8.311071820562092e-10
2.706704780915870e-01,8.309934275942503e-10
2.708834702839780e-01,8.308797744793489e-10
2.710964624763700e-01,8.307662225042253e-10
2.713094546687620e-01,8.306527714616014e-10
2.715224468611540e-01,8.305394211441987e-10
2.717354390535460e-01,8.304261713447384e-10
2.719484312459380e-01,8.303130218961341e-10
2.721614234383300e-01,8.301999727919779e-10
2.723744156307220e-01,8.300870240660103e-10
2.725874078231130e-01,8.299741757519718e-10
2.728004000155050e-01,8.298614278836018e-10
2.730133922078970e-01,8.297487804946411e-10
2.732263844002890e-01,8.296362336188298e-10
2.734393765926810e-01,8.295237872899081e-10
2.736523687850730e-01,8.294114415416162e-10
2.738653609774650e-01,8.292991964076946e-10
2.740783531698570e-01,8.291870517589775e-10
2.742913453622480e-01,8.290750068143198e-10
2.745043375546400e-01,8.289630606294893e-10
2.747173297470320e-01,8.288512122602557e-10
2.749303219394240e-01,8.287394607623879e-10
2.751433141318160e-01,8.286278051916554e-10
2.753563063242080e-01,8.285162446038271e-10
2.755692985166000e-01,8.284047780546720e-10
2.757822907089910e-01,8.282934045999600e-10
2.759952829013830e-01,8.281821232954591e-10
2.762082750937750e-01,8.280709338416591e-10
2.764212672861670e-01,8.279598385185515e-10
2.766342594785590e-01,8.278488402511587e-10
2.768472516709510e-01,8.277379419645032e-10
2.770602438633430e-01,8.276271465836071e-10
2.772732360557350e-01,8.275164570334929e-10
2.774862282481260e-01,8.274058762391834e-10
2.776992204405180e-01,8.272954071257000e-10
2.779122126329100e-01,8.271850526180656e-10
2.781252048253020e-01,8.270748156413025e-10
2.783381970176940e-01,8.269646966251419e-10
2.785511892100860e-01,8.268546860188291e-10
