7.791356504680618e-06,4.599574779208729e-09
8.610780621332552e-06,4.525599889856293e-09
9.516384324626089e-06,4.452588332638419e-09
1.051723120080771e-05,4.380535782091391e-09
1.162333806181051e-05,4.309439495208413e-09
1.284577519687474e-05,4.239295536857883e-09
1.419677716772344e-05,4.170101337853506e-09
1.568986525616830e-05,4.101853802000300e-09
1.733998278964274e-05,4.034550032799737e-09
1.916364469904539e-05,3.968185537247350e-09
2.117910280571951e-05,3.902749149171110e-09
2.340652849181556e-05,3.838229890268136e-09
2.586821458226360e-05,3.774616440893636e-09
2.858879845885812e-05,3.711898859832148e-09
3.159550863945590e-05,3.650065922045522e-09
3.491843729013453e-05,3.589106760253714e-09
3.859084139770492e-05,3.529011140361054e-09
4.264947561681323e-05,3.469768254488755e-09
4.713496012287843e-05,3.411367997880940e-09
5.209218715246060e-05,3.353800096518418e-09
5.757077029985334e-05,3.297054165085425e-09
6.362554106661115e-05,3.241120673112547e-09
7.031709763364645e-05,3.185988838759706e-09
7.771241134819200e-05,3.131649026077828e-09
8.588549699555374e-05,3.078092211676755e-09
9.491815356395940e-05,3.025307644091205e-09
1.049007829163263e-04,2.973286384399886e-09
1.159332945624905e-04,2.922019076904575e-09
1.281261055871622e-04,2.871495819144363e-09
1.416012457412214e-04,2.821707461553593e-09
1.564935787564811e-04,2.772644831607476e-09
1.729521521072439e-04,2.724299479513139e-09
1.911416887275217e-04,2.676661403042212e-09
2.112442356135248e-04,2.629722543913011e-09
2.334609858111876e-04,2.583473844046264e-09
2.580142920237960e-04,2.537906398928534e-09
2.851498919925769e-04,2.493012033227538e-09
3.151393679226079e-04,2.448781960375181e-09
3.482828645688079e-04,2.405208347604751e-09
3.849120931855259e-04,2.362283027849970e-09
4.253936514042669e-04,2.319997649729577e-09
4.701326922660057e-04,2.278344308166125e-09
5.195769791289974e-04,2.237315321067542e-09
5.742213670349657e-04,2.196903719662047e-09
6.346127553846864e-04,2.157101324998933e-09
7.013555614910102e-04,2.117900969186229e-09
7.751177697904812e-04,2.079296028103650e-09
8.566376172560946e-04,2.041278723542675e-09
9.467309819210534e-04,2.003842587822560e-09
1.046299548460350e-03,1.966980205613211e-09
1.156339832554060e-03,1.930684570241799e-09
1.277953154351212e-03,1.894765435103408e-09
1.405748469786333e-03,1.861042582598409e-09
1.533543785221454e-03,1.830857222341543e-09
1.661339100656575e-03,1.803615406448949e-09
1.789134416091696e-03,1.778723187036764e-09
1.916929731526817e-03,1.755667817703272e-09
2.000000000000000e-03,1.741572183136378e-09
2.044725046961939e-03,1.734260862647166e-09
2.172520362397060e-03,1.714368807667575e-09
2.300315677832181e-03,1.695819174081439e-09
2.428110993267302e-03,1.678436329749372e-09
2.555906308702423e-03,1.662061113391422e-09
2.683701624137544e-03,1.646600247175791e-09
2.811496939572665e-03,1.631976924135319e-09
2.939292255007787e-03,1.618114337302848e-09
3.067087570442908e-03,1.604935679711220e-09
3.194882885878029e-03,1.592370267174691e-09
3.322678201313150e-03,1.580371906880151e-09
3.450473516748271e-03,1.568900528919388e-09
3.578268832183392e-03,1.557916063384190e-09
3.706064147618514e-03,1.547378440366346e-09
3.833859463053635e-03,1.537250372319874e-09
3.961654778488756e-03,1.527505701109151e-09
4.089450093923877e-03,1.518121050941497e-09
4.217245409358998e-03,1.509073046024235e-09
4.345040724794119e-03,1.500338310564685e-09
4.472836040229241e-03,1.491894910069923e-09
4.600631355664362e-03,1.483726675283281e-09
4.728426671099482e-03,1.475818878266468e-09
4.856221986534604e-03,1.468156791081192e-09
4.984017301969726e-03,1.460725685789161e-09
5.111812617404846e-03,1.453511647152440e-09
5.239607932839968e-03,1.446504010711480e-09
5.367403248275089e-03,1.439692924695561e-09
5.495198563710209e-03,1.433068537333970e-09
5.622993879145331e-03,1.426620996855988e-09
5.750789194580453e-03,1.420340945552680e-09
5.878584510015573e-03,1.414221001967833e-09
6.006379825450694e-03,1.408254278709818e-09
6.134175140885816e-03,1.402433888387007e-09
6.261970456320937e-03,1.396752943607770e-09
6.389765771756058e-03,1.391204872217762e-09
6.517561087191179e-03,1.385784362998264e-09
6.645356402626300e-03,1.380486419961084e-09
6.773151718061422e-03,1.375306047118034e-09
6.900947033496543e-03,1.370238248480924e-09
7.028742348931663e-03,1.365278238601417e-09
7.156537664366785e-03,1.360422074189930e-09
7.284332979801906e-03,1.355666022496404e-09
7.412128295237027e-03,1.351006350770780e-09
7.539923610672148e-03,1.346439326262996e-09
7.667718926107269e-03,1.341961362602668e-09
7.795514241542391e-03,1.337569458943456e-09
7.923309556977513e-03,1.333260760821372e-09
8.051104872412632e-03,1.329032413772428e-09
8.178900187847754e-03,1.324881563332633e-09
8.306695503282877e-03,1.320805457769997e-09
8.434490818717996e-03,1.316801756278700e-09
8.562286134153118e-03,1.312868220784013e-09
8.690081449588239e-03,1.309002613211209e-09
8.817876765023359e-03,1.305202695485559e-09
8.945672080458482e-03,1.301466308650197e-09
9.073467395893601e-03,1.297791610221450e-09
9.201262711328723e-03,1.294176836834378e-09
9.329058026763846e-03,1.290620225124043e-09
9.456853342198965e-03,1.287120011725507e-09
9.584648657634087e-03,1.283674479956660e-09
9.712443973069206e-03,1.280282099865211e-09
9.840239288504329e-03,1.276941388180946e-09
9.968034603939451e-03,1.273650861633655e-09
1.009582991937457e-02,1.270409036953125e-09
1.022362523480969e-02,1.267214498148285e-09
1.035142055024482e-02,1.264066098345146e-09
1.047921586567993e-02,1.260962757949116e-09
1.060701118111506e-02,1.257903397365600e-09
1.073480649655018e-02,1.254886937000006e-09
1.086260181198530e-02,1.251912297257742e-09
1.099039712742042e-02,1.248978398544215e-09
1.111819244285554e-02,1.246084161264830e-09
1.124598775829066e-02,1.243228505824997e-09
1.137378307372578e-02,1.240410352630121e-09
1.150157838916090e-02,1.237628678403739e-09
1.162937370459603e-02,1.234882685125648e-09
1.175716902003114e-02,1.232171631085646e-09
1.188496433546627e-02,1.229494774573534e-09
1.201275965090139e-02,1.226851373879109e-09
1.214055496633651e-02,1.224240687292172e-09
1.226835028177163e-02,1.221661973102520e-09
1.239614559720675e-02,1.219114489599954e-09
1.252394091264187e-02,1.216597495074272e-09
1.265173622807700e-02,1.214110247815274e-09
1.277953154351211e-02,1.211652039188789e-09
1.290732685894724e-02,1.209222292876488e-09
1.303512217438236e-02,1.206820465641933e-09
1.316291748981748e-02,1.204446014248682e-09
1.329071280525260e-02,1.202098395460297e-09
1.341850812068772e-02,1.199777066040337e-09
1.354630343612284e-02,1.197481482752362e-09
1.367409875155796e-02,1.195211102359933e-09
1.380189406699308e-02,1.192965381626611e-09
1.392968938242821e-02,1.190743777315953e-09
1.405748469786333e-02,1.188545768930216e-09
1.418528001329845e-02,1.186370926927746e-09
1.431307532873357e-02,1.184218844506242e-09
1.444087064416869e-02,1.182089114863405e-09
1.456866595960381e-02,1.179981331196934e-09
1.469646127503893e-02,1.177895086704530e-09
1.482425659047405e-02,1.175829974583892e-09
1.495205190590917e-02,1.173785588032720e-09
1.507984722134430e-02,1.171761520248714e-09
1.520764253677942e-02,1.169757364429575e-09
1.533543785221454e-02,1.167772729890922e-09
1.546323316764966e-02,1.165807290416220e-09
1.559102848308478e-02,1.163860735904937e-09
1.571882379851990e-02,1.161932756256539e-09
1.584661911395502e-02,1.160023041370491e-09
1.597441442939014e-02,1.158131281146260e-09
1.610220974482527e-02,1.156257165483313e-09
1.623000506026039e-02,1.154400384281115e-09
1.635780037569551e-02,1.152560627439134e-09
1.648559569113063e-02,1.150737584856836e-09
1.661339100656575e-02,1.148930957162145e-09
1.674118632200087e-02,1.147140487901162e-09
1.686898163743599e-02,1.145365931350618e-09
1.699677695287111e-02,1.143607041787242e-09
1.712457226830624e-02,1.141863573487765e-09
1.725236758374135e-02,1.140135280728917e-09
1.738016289917648e-02,1.138421917787428e-09
1.750795821461160e-02,1.136723238940028e-09
1.763575353004672e-02,1.135038998463447e-09
1.776354884548184e-02,1.133368950634415e-09
1.789134416091696e-02,1.131712858473645e-09
1.801913947635208e-02,1.130070519978726e-09
1.814693479178720e-02,1.128441741891703e-09
1.827473010722232e-02,1.126826330954622e-09
1.840252542265745e-02,1.125224093909529e-09
1.853032073809257e-02,1.123634837498468e-09
1.865811605352769e-02,1.122058368463485e-09
1.878591136896281e-02,1.120494493546626e-09
1.891370668439793e-02,1.118943019489937e-09
1.904150199983305e-02,1.117403753035463e-09
1.916929731526817e-02,1.115876506866573e-09
1.929709263070329e-02,1.114361117430821e-09
1.942488794613842e-02,1.112857427116525e-09
1.955268326157353e-02,1.111365278312006e-09
1.968047857700866e-02,1.109884513405581e-09
1.980827389244378e-02,1.108414974785571e-09
1.993606920787890e-02,1.106956504840295e-09
2.006386452331402e-02,1.105508945958071e-09
2.019165983874914e-02,1.104072140527220e-09
2.031945515418426e-02,1.102645930936060e-09
2.044725046961939e-02,1.101230164326224e-09
2.057504578505450e-02,1.099824706854755e-09
2.070284110048963e-02,1.098429429433090e-09
2.083063641592475e-02,1.097044202972670e-09
2.095843173135987e-02,1.095668898384930e-09
2.108622704679499e-02,1.094303386581310e-09
2.121402236223011e-02,1.092947538473247e-09
2.134181767766523e-02,1.091601224972180e-09
2.146961299310035e-02,1.090264316989546e-09
2.159740830853547e-02,1.088936685436784e-09
2.172520362397060e-02,1.087618204968867e-09
2.185299893940572e-02,1.086308765215506e-09
2.198079425484084e-02,1.085008259550247e-09
2.210858957027596e-02,1.083716581346634e-09
2.223638488571108e-02,1.082433623978212e-09
2.236418020114620e-02,1.081159280818525e-09
2.249197551658132e-02,1.079893445241118e-09
2.261977083201644e-02,1.078636010619535e-09
2.274756614745157e-02,1.077386870327322e-09
2.287536146288669e-02,1.076145917738022e-09
2.300315677832181e-02,1.074913049034784e-09
2.313095209375693e-02,1.073688171638780e-09
2.325874740919205e-02,1.072471195780592e-09
2.338654272462717e-02,1.071262031690803e-09
2.351433804006229e-02,1.070060589599997e-09
2.364213335549741e-02,1.068866779738755e-09
2.376992867093253e-02,1.067680512337660e-09
2.389772398636766e-02,1.066501697627295e-09
2.402551930180278e-02,1.065330245838243e-09
2.415331461723790e-02,1.064166067201086e-09
2.428110993267302e-02,1.063009074257265e-09
2.440890524810814e-02,1.061859188790649e-09
2.453670056354326e-02,1.060716334895464e-09
2.466449587897838e-02,1.059580436665938e-09
2.479229119441350e-02,1.058451418196296e-09
2.492008650984863e-02,1.057329203580765e-09
2.504788182528375e-02,1.056213716913571e-09
2.517567714071887e-02,1.055104882288941e-09
2.530347245615399e-02,1.054002623801101e-09
2.543126777158911e-02,1.052906865544278e-09
2.555906308702423e-02,1.051817533510224e-09
2.568685840245935e-02,1.050734561281200e-09
2.581465371789447e-02,1.049657884337188e-09
2.594244903332960e-02,1.048587438158174e-09
2.607024434876471e-02,1.047523158224141e-09
2.619803966419984e-02,1.046464980015074e-09
2.632583497963496e-02,1.045412839010957e-09
2.645363029507008e-02,1.044366670691775e-09
2.658142561050520e-02,1.043326410537511e-09
2.670922092594032e-02,1.042291994028150e-09
2.683701624137544e-02,1.041263358107398e-09
2.696481155681056e-02,1.040240445573715e-09
2.709260687224568e-02,1.039223200689223e-09
2.722040218768081e-02,1.038211567716041e-09
2.734819750311593e-02,1.037205490916288e-09
2.747599281855105e-02,1.036204914552083e-09
2.760378813398617e-02,1.035209782885547e-09
2.773158344942129e-02,1.034220040178800e-09
2.785937876485641e-02,1.033235630693960e-09
2.798717408029153e-02,1.032256498693147e-09
2.811496939572665e-02,1.031282589718164e-09
2.824276471116178e-02,1.030313854429048e-09
2.837056002659689e-02,1.029350244765276e-09
2.849835534203202e-02,1.028391712666324e-09
2.862615065746714e-02,1.027438210071668e-09
2.875394597290226e-02,1.026489688920783e-09
2.888174128833738e-02,1.025546101153146e-09
2.900953660377250e-02,1.024607398708233e-09
2.913733191920762e-02,1.023673533525518e-09
2.926512723464274e-02,1.022744457544479e-09
2.939292255007787e-02,1.021820123729912e-09
2.952071786551299e-02,1.020900489148162e-09
2.964851318094811e-02,1.019985511891027e-09
2.977630849638323e-02,1.019075150050308e-09
2.990410381181835e-02,1.018169361717802e-09
3.003189912725347e-02,1.017268104985308e-09
3.015969444268859e-02,1.016371337944626e-09
3.028748975812371e-02,1.015479018687555e-09
3.041528507355883e-02,1.014591105305893e-09
3.054308038899396e-02,1.013707555891439e-09
3.067087570442908e-02,1.012828329401720e-09
3.079867101986420e-02,1.011953388257144e-09
3.092646633529932e-02,1.011082695743832e-09
3.105426165073444e-02,1.010216215147902e-09
3.118205696616956e-02,1.009353909755476e-09
3.130985228160468e-02,1.008495742852674e-09
3.143764759703981e-02,1.007641677725614e-09
3.156544291247493e-02,1.006791677660419e-09
3.169323822791005e-02,1.005945705943207e-09
3.182103354334517e-02,1.005103725860098e-09
3.194882885878029e-02,1.004265701455979e-09
3.207662417421541e-02,1.003431599810549e-09
3.220441948965053e-02,1.002601388762146e-09
3.233221480508566e-02,1.001775036149107e-09
3.246001012052077e-02,1.000952509809771e-09
3.258780543595589e-02,1.000133777582477e-09
3.271560075139102e-02,9.993188073055629e-10
3.284339606682614e-02,9.985075668173666e-10
3.297119138226126e-02,9.977000239562265e-10
3.309898669769638e-02,9.968961465604812e-10
3.322678201313150e-02,9.960959029909075e-10
3.335457732856662e-02,9.952992636981982e-10
3.348237264400174e-02,9.945061996555665e-10
3.361016795943687e-02,9.937166818362252e-10
3.373796327487198e-02,9.929306812133868e-10
3.386575859030710e-02,9.921481687602643e-10
3.399355390574223e-02,9.913691154500704e-10
3.412134922117735e-02,9.905934922560179e-10
3.424914453661247e-02,9.898212701513197e-10
3.437693985204759e-02,9.890524201091885e-10
3.450473516748271e-02,9.882869137494891e-10
3.463253048291783e-02,9.875247252787032e-10
3.476032579835295e-02,9.867658295499690e-10
3.488812111378808e-02,9.860102014164246e-10
3.501591642922319e-02,9.852578157312083e-10
3.514371174465832e-02,9.845086473474583e-10
3.527150706009344e-02,9.837626711183129e-10
3.539930237552856e-02,9.830198618969098e-10
3.552709769096368e-02,9.822801945363878e-10
3.565489300639881e-02,9.815436438898846e-10
3.578268832183392e-02,9.808101851967817e-10
3.591048363726904e-02,9.800797952413219e-10
3.603827895270417e-02,9.793524511939363e-10
3.616607426813929e-02,9.786281302250567e-10
3.629386958357441e-02,9.779068095051144e-10
3.642166489900953e-02,9.771884662045407e-10
3.654946021444465e-02,9.764730774937669e-10
3.667725552987977e-02,9.757606205432244e-10
3.680505084531489e-02,9.750510725233449e-10
3.693284616075002e-02,9.743444106045594e-10
3.706064147618514e-02,9.736406123925223e-10
3.718843679162025e-02,9.729396572339377e-10
3.731623210705538e-02,9.722415249108101e-10
3.744402742249050e-02,9.715461952051449e-10
3.757182273792562e-02,9.708536478989471e-10
3.769961805336074e-02,9.701638627742220e-10
3.782741336879586e-02,9.694768196129747e-10
3.795520868423098e-02,9.687924981972102e-10
3.808300399966610e-02,9.681108783089335e-10
3.821079931510123e-02,9.674319397301499e-10
3.833859463053635e-02,9.667556625165115e-10
3.846638994597146e-02,9.660820278182768e-10
3.859418526140659e-02,9.654110170593598e-10
3.872198057684171e-02,9.647426116636744e-10
3.884977589227683e-02,9.640767930551354e-10
3.897757120771195e-02,9.634135426576562e-10
3.910536652314707e-02,9.627528418951515e-10
3.923316183858219e-02,9.620946721915355e-10
3.936095715401731e-02,9.614390149707221e-10
3.948875246945244e-02,9.607858516566255e-10
3.961654778488756e-02,9.601351640794295e-10
3.974434310032268e-02,9.594869356943024e-10
3.987213841575780e-02,9.588411503626347e-10
3.999993373119292e-02,9.581977919458168e-10
4.012772904662804e-02,9.575568443052397e-10
4.025552436206317e-02,9.569182913022936e-10
4.038331967749829e-02,9.562821167983694e-10
4.051111499293340e-02,9.556483046548578e-10
4.063891030836853e-02,9.550168387331490e-10
4.076670562380365e-02,9.543877028946341e-10
4.089450093923877e-02,9.537608811218937e-10
4.102229625467389e-02,9.531363578823211e-10
4.115009157010902e-02,9.525141177645239e-10
4.127788688554413e-02,9.518941453571107e-10
4.140568220097925e-02,9.512764252486895e-10
4.153347751641438e-02,9.506609420278684e-10
4.166127283184950e-02,9.500476802832556e-10
4.178906814728462e-02,9.494366246034593e-10
4.191686346271974e-02,9.488277595770872e-10
4.204465877815486e-02,9.482210697927483e-10
4.217245409358998e-02,9.476165401995240e-10
4.230024940902510e-02,9.470141571884337e-10
4.242804472446023e-02,9.464139075109917e-10
4.255584003989534e-02,9.458157779187120e-10
4.268363535533046e-02,9.452197551631085e-10
4.281143067076559e-02,9.446258259956949e-10
4.293922598620071e-02,9.440339771679855e-10
4.306702130163583e-02,9.434441954314944e-10
4.319481661707095e-02,9.428564675377354e-10
4.332261193250607e-02,9.422707802382225e-10
4.345040724794119e-02,9.416871203908411e-10
4.357820256337631e-02,9.411054752789415e-10
4.370599787881144e-02,9.405258322922365e-10
4.383379319424656e-02,9.399481788204382e-10
4.396158850968167e-02,9.393725022532590e-10
4.408938382511680e-02,9.387987899804110e-10
4.421717914055192e-02,9.382270293916066e-10
4.434497445598704e-02,9.376572078765581e-10
4.447276977142216e-02,9.370893128249779e-10
4.460056508685728e-02,9.365233316265782e-10
4.472836040229240e-02,9.359592519520330e-10
4.485615571772752e-02,9.353970625959920e-10
4.498395103316265e-02,9.348367526341311e-10
4.511174634859777e-02,9.342783111421269e-10
4.523954166403289e-02,9.337217271956553e-10
4.536733697946801e-02,9.331669898703924e-10
4.549513229490313e-02,9.326140882420145e-10
4.562292761033825e-02,9.320630113861977e-10
4.575072292577338e-02,9.315137483786182e-10
4.587851824120850e-02,9.309662882949522e-10
4.600631355664361e-02,9.304206202072831e-10
4.613410887207874e-02,9.298767331733233e-10
4.626190418751386e-02,9.293346162471922e-10
4.638969950294898e-02,9.287942584830092e-10
4.651749481838410e-02,9.282556489348936e-10
4.664529013381922e-02,9.277187766569651e-10
4.677308544925434e-02,9.271836307033428e-10
4.690088076468946e-02,9.266502001281462e-10
4.702867608012459e-02,9.261184739854945e-10
4.715647139555971e-02,9.255884413295077e-10
4.728426671099482e-02,9.250600915379669e-10
4.741206202642995e-02,9.245334152832600e-10
4.753985734186507e-02,9.240084035614157e-10
4.766765265730019e-02,9.234850473684631e-10
4.779544797273531e-02,9.229633377004306e-10
4.792324328817044e-02,9.224432655533474e-10
4.805103860360555e-02,9.219248219232420e-10
4.817883391904067e-02,9.214079978061433e-10
4.830662923447580e-02,9.208927841980800e-10
4.843442454991092e-02,9.203791720950811e-10
4.856221986534604e-02,9.198671525084865e-10
4.869001518078116e-02,9.193567165108743e-10
4.881781049621628e-02,9.188478551901310e-10
4.894560581165140e-02,9.183405596341427e-10
4.907340112708652e-02,9.178348209307957e-10
4.920119644252165e-02,9.173306301679760e-10
4.932899175795677e-02,9.168279784335700e-10
4.945678707339188e-02,9.163268568154640e-10
4.958458238882701e-02,9.158272564015440e-10
4.971237770426213e-02,9.153291682796965e-10
4.984017301969725e-02,9.148325835209840e-10
4.996796833513237e-02,9.143374931291713e-10
5.000000000000000e-02,9.142136327789791e-10
5.009576365056749e-02,9.138438881780958e-10
5.022355896600261e-02,9.133517604995638e-10
5.035135428143774e-02,9.128611023163506e-10
5.047914959687286e-02,9.123719058544837e-10
5.060694491230798e-02,9.118841633399901e-10
5.073474022774310e-02,9.113978669988973e-10
5.086253554317822e-02,9.109130090572327e-10
5.099033085861334e-02,9.104295817410231e-10
5.111812617404846e-02,9.099475773351122e-10
5.124592148948359e-02,9.094669883596015e-10
5.137371680491870e-02,9.089878073934068e-10
5.150151212035382e-02,9.085100270154436e-10
5.162930743578895e-02,9.080336398046270e-10
5.175710275122407e-02,9.075586383398729e-10
5.188489806665919e-02,9.070850152000966e-10
5.201269338209431e-02,9.066127629642135e-10
5.214048869752943e-02,9.061418742111393e-10
5.226828401296455e-02,9.056723415197893e-10
5.239607932839967e-02,9.052041575519289e-10
5.252387464383480e-02,9.047373153006923e-10
5.265166995926992e-02,9.042718078420478e-10
5.277946527470503e-02,9.038076282519638e-10
5.290726059014016e-02,9.033447696064086e-10
5.303505590557528e-02,9.028832249813505e-10
5.316285122101040e-02,9.024229874527581e-10
5.329064653644552e-02,9.019640500965996e-10
5.341844185188065e-02,9.015064059888433e-10
5.354623716731576e-02,9.010500482054578e-10
5.367403248275088e-02,9.005949699036340e-10
5.380182779818601e-02,9.001411645654748e-10
5.392962311362113e-02,8.996886257543165e-10
5.405741842905625e-02,8.992373470334959e-10
5.418521374449137e-02,8.987873219663490e-10
5.431300905992649e-02,8.983385441162124e-10
5.444080437536161e-02,8.978910070464224e-10
5.456859969079673e-02,8.974447043203154e-10
5.469639500623186e-02,8.969996295012281e-10
5.482419032166697e-02,8.965557761524964e-10
5.495198563710210e-02,8.961131379498563e-10
5.507978095253722e-02,8.956717090186368e-10
5.520757626797234e-02,8.952314835965650e-10
5.533537158340746e-02,8.947924559213676e-10
5.546316689884258e-02,8.943546202307714e-10
5.559096221427770e-02,8.939179707625032e-10
5.571875752971282e-02,8.934825017542898e-10
5.584655284514795e-02,8.930482074438580e-10
5.597434816058307e-02,8.926150820689348e-10
5.610214347601819e-02,8.921831198672468e-10
5.622993879145331e-02,8.917523150816044e-10
5.635773410688843e-02,8.913226619751506e-10
5.648552942232355e-02,8.908941548161107e-10
5.661332473775867e-02,8.904667878727104e-10
5.674112005319380e-02,8.900405554131750e-10
5.686891536862891e-02,8.896154517057304e-10
5.699671068406403e-02,8.891914710186018e-10
5.712450599949916e-02,8.887686076200148e-10
5.725230131493428e-02,8.883468557781952e-10
5.738009663036940e-02,8.879262097613680e-10
5.750789194580452e-02,8.875066639659681e-10
5.763568726123964e-02,8.870882133013051e-10
5.776348257667476e-02,8.866708528049181e-10
5.789127789210988e-02,8.862545775143463e-10
5.801907320754501e-02,8.858393824671284e-10
5.814686852298013e-02,8.854252627008037e-10
5.827466383841524e-02,8.850122132529113e-10
5.840245915385037e-02,8.846002291609899e-10
5.853025446928549e-02,8.841893054625788e-10
5.865804978472061e-02,8.837794371952170e-10
5.878584510015573e-02,8.833706194004579e-10
5.891364041559085e-02,8.829628471359128e-10
5.904143573102597e-02,8.825561154632074e-10
5.916923104646109e-02,8.821504194439676e-10
5.929702636189622e-02,8.817457541398191e-10
5.942482167733134e-02,8.813421146123879e-10
5.955261699276646e-02,8.809394959232993e-10
5.968041230820158e-02,8.805378931341795e-10
5.980820762363670e-02,8.801373013066541e-10
5.993600293907182e-02,8.797377155023487e-10
6.006379825450694e-02,8.793391308753215e-10
6.019159356994207e-02,8.789415429493324e-10
6.031938888537718e-02,8.785449473405616e-10
6.044718420081231e-02,8.781493396651883e-10
6.057497951624743e-02,8.777547155393924e-10
6.070277483168255e-02,8.773610705793534e-10
6.083057014711767e-02,8.769684004012512e-10
6.095836546255279e-02,8.765767006212652e-10
6.108616077798791e-02,8.761859668555753e-10
6.121395609342303e-02,8.757961947203609e-10
6.134175140885816e-02,8.754073798404167e-10
6.146954672429328e-02,8.750195178749998e-10
6.159734203972840e-02,8.746326044919835e-10
6.172513735516352e-02,8.742466353592415e-10
6.185293267059864e-02,8.738616061446471e-10
6.198072798603376e-02,8.734775125160739e-10
6.210852330146888e-02,8.730943501413954e-10
6.223631861690401e-02,8.727121146884850e-10
6.236411393233912e-02,8.723308018252164e-10
6.249190924777424e-02,8.719504072194628e-10
6.261970456320937e-02,8.715709266400412e-10
6.274749987864449e-02,8.711923562595480e-10
6.287529519407961e-02,8.708146923515270e-10
6.300309050951473e-02,8.704379311895214e-10
6.313088582494986e-02,8.700620690470748e-10
6.325868114038498e-02,8.696871021977307e-10
6.338647645582010e-02,8.693130269150326e-10
6.351427177125522e-02,8.689398394725238e-10
6.364206708669033e-02,8.685675361437481e-10
6.376986240212545e-02,8.681961132022486e-10
6.389765771756058e-02,8.678255668855348e-10
6.402545303299570e-02,8.674558932869860e-10
6.415324834843082e-02,8.670870884639521e-10
6.428104366386594e-02,8.667191484737821e-10
6.440883897930107e-02,8.663520693738257e-10
6.453663429473619e-02,8.659858472214321e-10
6.466442961017131e-02,8.656204780739510e-10
6.479222492560642e-02,8.652559579887315e-10
6.492002024104154e-02,8.648922830231233e-10
6.504781555647667e-02,8.645294492344754e-10
6.517561087191179e-02,8.641674527946946e-10
6.530340618734691e-02,8.638062903339615e-10
6.543120150278203e-02,8.634459585970384e-10
6.555899681821716e-02,8.630864543286868e-10
6.568679213365228e-02,8.627277742736687e-10
6.581458744908740e-02,8.623699151767460e-10
6.594238276452252e-02,8.620128737826803e-10
6.607017807995763e-02,8.616566468362336e-10
6.619797339539275e-02,8.613012310821676e-10
6.632576871082788e-02,8.609466232652443e-10
6.645356402626300e-02,8.605928201191706e-10
6.658135934169812e-02,8.602398183334329e-10
6.670915465713324e-02,8.598876145864618e-10
6.683694997256837e-02,8.595362055566881e-10
6.696474528800349e-02,8.591855879225425e-10
6.709254060343861e-02,8.588357583624558e-10
6.722033591887373e-02,8.584867135548586e-10
6.734813123430886e-02,8.581384501781820e-10
6.747592654974396e-02,8.577909649108563e-10
6.760372186517909e-02,8.574442544313125e-10
6.773151718061421e-02,8.570983154208297e-10
6.785931249604933e-02,8.567531445720796e-10
6.798710781148445e-02,8.564087385805825e-10
6.811490312691958e-02,8.560650941418580e-10
6.824269844235470e-02,8.557222079514261e-10
6.837049375778982e-02,8.553800767048072e-10
6.849828907322494e-02,8.550386970975208e-10
6.862608438866007e-02,8.546980658250870e-10
6.875387970409517e-02,8.543581795830259e-10
6.888167501953030e-02,8.540190350668574e-10
6.900947033496542e-02,8.536806291200148e-10
6.913726565040054e-02,8.533429591776547e-10
6.926506096583566e-02,8.530060228228813e-10
6.939285628127079e-02,8.526698176387993e-10
6.952065159670591e-02,8.523343412085130e-10
6.964844691214103e-02,8.519995911151269e-10
6.977624222757615e-02,8.516655649417454e-10
6.990403754301128e-02,8.513322602714730e-10
7.003183285844640e-02,8.509996746874140e-10
7.015962817388151e-02,8.506678057726731e-10
7.028742348931663e-02,8.503366509978614e-10
7.041521880475175e-02,8.500062073835988e-10
7.054301412018688e-02,8.496764718380022e-10
7.067080943562200e-02,8.493474412691887e-10
7.079860475105712e-02,8.490191125852755e-10
7.092640006649224e-02,8.486914826943793e-10
7.105419538192737e-02,8.483645485046174e-10
7.118199069736249e-02,8.480383069241066e-10
7.130978601279761e-02,8.477127548609640e-10
7.152277820518949e-02,8.471716919521711e-10
7.173577039758135e-02,8.466325219343696e-10
7.194876258997322e-02,8.460952328323598e-10
7.216175478236508e-02,8.455598131387716e-10
7.237474697475696e-02,8.450262513462342e-10
7.258773916714882e-02,8.444945359473774e-10
7.280073135954070e-02,8.439646554348307e-10
7.301372355193256e-02,8.434365983012234e-10
7.322671574432443e-02,8.429103530391852e-10
7.343970793671629e-02,8.423859081413458e-10
7.365270012910817e-02,8.418632521003345e-10
7.386569232150003e-02,8.413423735658159e-10
7.407868451389191e-02,8.408232618155922e-10
7.429167670628377e-02,8.403059062845002e-10
7.450466889867564e-02,8.397902964073765e-10
7.471766109106751e-02,8.392764216190581e-10
7.493065328345938e-02,8.387642713543814e-10
7.514364547585124e-02,8.382538350481832e-10
7.535663766824312e-02,8.377451021353002e-10
7.556962986063498e-02,8.372380620505690e-10
7.578262205302685e-02,8.367327042288264e-10
7.599561424541872e-02,8.362290182219604e-10
7.620860643781059e-02,8.357269940500504e-10
7.642159863020245e-02,8.352266218502206e-10
7.663459082259433e-02,8.347278917595946e-10
7.684758301498619e-02,8.342307939152968e-10
7.706057520737807e-02,8.337353184544511e-10
7.727356739976993e-02,8.332414555141813e-10
7.748655959216180e-02,8.327491952316117e-10
7.769955178455366e-02,8.322585277438662e-10
7.791254397694554e-02,8.317694431880687e-10
7.812553616933740e-02,8.312819318309736e-10
7.833852836172928e-02,8.307959844578267e-10
7.855152055412114e-02,8.303115919834898e-10
7.876451274651301e-02,8.298287453228244e-10
7.897750493890487e-02,8.293474353906924e-10
7.919049713129675e-02,8.288676531019552e-10
7.940348932368861e-02,8.283893893714746e-10
7.961648151608049e-02,8.279126351141123e-10
7.982947370847235e-02,8.274373812447298e-10
8.004246590086422e-02,8.269636186781890e-10
8.025545809325609e-02,8.264913385383329e-10
8.046845028564796e-02,8.260205327849784e-10
8.068144247803982e-02,8.255511935869486e-10
8.089443467043170e-02,8.250833131130659e-10
8.110742686282357e-02,8.246168835321532e-10
8.132041905521543e-02,8.241518970130331e-10
8.153341124760730e-02,8.236883457245283e-10
8.174640343999917e-02,8.232262218354616e-10
8.195939563239105e-02,8.227655175146558e-10
8.217238782478291e-02,8.223062249309333e-10
8.238538001717477e-02,8.218483362441805e-10
8.259837220956665e-02,8.213918435785360e-10
8.281136440195852e-02,8.209367390492010e-10
8.302435659435038e-02,8.204830147713774e-10
8.323734878674224e-02,8.200306628602666e-10
8.345034097913412e-02,8.195796754310701e-10
8.366333317152599e-02,8.191300445989893e-10
8.387632536391786e-02,8.186817624792256e-10
8.408931755630973e-02,8.182348211869809e-10
8.430230974870159e-02,8.177892128374564e-10
8.451530194109347e-02,8.173449296926626e-10
8.472829413348533e-02,8.169019646018478e-10
8.494128632587720e-02,8.164603105610702e-10
8.515427851826907e-02,8.160199605663879e-10
8.536727071066094e-02,8.155809076138593e-10
8.558026290305280e-02,8.151431446995425e-10
8.579325509544468e-02,8.147066648194956e-10
8.600624728783654e-02,8.142714609697773e-10
8.621923948022842e-02,8.138375261464452e-10
8.643223167262028e-02,8.134048533455578e-10
8.664522386501215e-02,8.129734356741699e-10
8.685821605740401e-02,8.125432666833117e-10
8.707120824979589e-02,8.121143400350045e-10
8.728420044218775e-02,8.116866493912700e-10
8.749719263457963e-02,8.112601884141297e-10
8.771018482697149e-02,8.108349507656049e-10
8.792317701936336e-02,8.104109301077172e-10
8.813616921175522e-02,8.099881201024883e-10
8.834916140414710e-02,8.095665144119394e-10
8.856215359653896e-02,8.091461066980923e-10
8.877514578893084e-02,8.087268906509519e-10
8.898813798132270e-02,8.083088600724530e-10
8.920113017371457e-02,8.078920087925112e-10
8.941412236610644e-02,8.074763306410419e-10
8.962711455849831e-02,8.070618194479606e-10
8.984010675089017e-02,8.066484690431828e-10
9.005309894328205e-02,8.062362732566242e-10
9.026609113567391e-02,8.058252259182001e-10
9.047908332806578e-02,8.054153208578261e-10
9.069207552045766e-02,8.050065519054179e-10
9.090506771284952e-02,8.045989130348868e-10
9.111805990524138e-02,8.041923987961648e-10
9.133105209763326e-02,8.037870038831980e-10
9.154404429002513e-02,8.033827229899324e-10
9.175703648241700e-02,8.029795508103142e-10
9.197002867480886e-02,8.025774820382895e-10
9.218302086720073e-02,8.021765113678044e-10
9.239601305959261e-02,8.017766334928051e-10
9.260900525198447e-02,8.013778431072376e-10
9.282199744437633e-02,8.009801349050479e-10
9.303498963676821e-02,8.005835035309299e-10
9.324798182916008e-02,8.001879434325605e-10
9.346097402155194e-02,7.997934490083610e-10
9.367396621394380e-02,7.994000146567528e-10
9.388695840633568e-02,7.990076347761567e-10
9.409995059872756e-02,7.986163037649942e-10
9.431294279111942e-02,7.982260160216862e-10
9.452593498351128e-02,7.978367659446542e-10
9.473892717590315e-02,7.974485479323191e-10
9.495191936829503e-02,7.970613563831023e-10
9.516491156068689e-02,7.966751859130851e-10
9.537790375307875e-02,7.962900320089979e-10
9.559089594547063e-02,7.959058903752349e-10
9.580388813786250e-02,7.955227567161906e-10
9.601688033025436e-02,7.951406267362594e-10
9.622987252264624e-02,7.947594961398359e-10
9.644286471503810e-02,7.943793606313143e-10
9.665585690742998e-02,7.940002159150889e-10
9.686884909982184e-02,7.936220576955543e-10
9.708184129221371e-02,7.932448816771047e-10
9.729483348460558e-02,7.928686834832177e-10
9.750782567699745e-02,7.924934584137079e-10
9.772081786938931e-02,7.921192016874758e-10
9.793381006178119e-02,7.917459085234219e-10
9.814680225417305e-02,7.913735741404471e-10
9.835979444656492e-02,7.910021937574517e-10
9.857278663895679e-02,7.906317625933364e-10
9.878577883134866e-02,7.902622758670017e-10
9.899877102374052e-02,7.898937287973484e-10
9.921176321613240e-02,7.895261166032769e-10
9.942475540852426e-02,7.891594345855603e-10
9.963774760091614e-02,7.887936783724484e-10
9.985073979330800e-02,7.884288436740553e-10
1.000637319857000e-01,7.880649262004958e-10
1.002767241780920e-01,7.877019216618844e-10
1.004897163704840e-01,7.873398257683357e-10
1.007027085628750e-01,7.869786342299662e-10
1.009157007552670e-01,7.866183427568871e-10
1.011286929476590e-01,7.862589470592144e-10
1.013416851400510e-01,7.859004428470629e-10
1.015546773324430e-01,7.855428259410902e-10
1.017676695248350e-01,7.851860926042182e-10
1.019806617172270e-01,7.848302392099578e-10
1.021936539096190e-01,7.844752621318203e-10
1.024066461020100e-01,7.841211577433185e-10
1.026196382944020e-01,7.837679224179601e-10
1.028326304867940e-01,7.834155525292580e-10
1.030456226791860e-01,7.830640444507230e-10
1.032586148715780e-01,7.827133945558668e-10
1.034716070639700e-01,7.823635992182001e-10
1.036845992563620e-01,7.820146547278304e-10
1.038975914487540e-01,7.816665570412834e-10
1.041105836411450e-01,7.813193020316996e-10
1.043235758335370e-01,7.809728855722143e-10
1.045365680259290e-01,7.806273035359677e-10
1.047495602183210e-01,7.802825517960984e-10
1.049625524107130e-01,7.799386262257453e-10
1.051755446031050e-01,7.795955226980467e-10
1.053885367954970e-01,7.792532370861417e-10
1.056015289878880e-01,7.789117652631702e-10
1.058145211802800e-01,7.785711033018053e-10
1.060275133726720e-01,7.782312480725492e-10
1.062405055650640e-01,7.778921966452772e-10
1.064534977574560e-01,7.775539460898646e-10
1.066664899498480e-01,7.772164934761866e-10
1.068794821422400e-01,7.768798358741185e-10
1.070924743346320e-01,7.765439703535355e-10
1.073054665270230e-01,7.762088939843146e-10
1.075184587194150e-01,7.758746038363280e-10
1.077314509118070e-01,7.755410969794523e-10
1.079444431041990e-01,7.752083703763517e-10
1.081574352965910e-01,7.748764205605484e-10
1.083704274889830e-01,7.745452439582055e-10
1.085834196813750e-01,7.742148369954855e-10
1.087964118737660e-01,7.738851960985529e-10
1.090094040661580e-01,7.735563176935674e-10
1.092223962585500e-01,7.732281982066933e-10
1.094353884509420e-01,7.729008340640934e-10
1.096483806433340e-01,7.725742216919305e-10
1.098613728357260e-01,7.722483575163674e-10
1.100743650281180e-01,7.719232380498909e-10
1.102873572205100e-01,7.715988601504155e-10
1.105003494129010e-01,7.712752207622477e-10
1.107133416052930e-01,7.709523168296891e-10
1.109263337976850e-01,7.706301452970456e-10
1.111393259900770e-01,7.703087031086224e-10
1.113523181824690e-01,7.699879872087238e-10
1.115653103748610e-01,7.696679945416548e-10
1.117783025672530e-01,7.693487220517200e-10
1.119912947596450e-01,7.690301666832241e-10
1.122042869520360e-01,7.687123254254138e-10
1.124172791444280e-01,7.683951954473059e-10
1.126302713368200e-01,7.680787739628689e-10
1.128432635292120e-01,7.677630581860695e-10
1.130562557216040e-01,7.674480453308747e-10
1.132692479139960e-01,7.671337326112515e-10
1.134822401063880e-01,7.668201172411666e-10
1.136952322987790e-01,7.665071964345887e-10
1.139082244911710e-01,7.661949674054815e-10
1.141212166835630e-01,7.658834273678134e-10
1.143342088759550e-01,7.655725735408202e-10
1.145472010683470e-01,7.652624031648079e-10
1.147601932607390e-01,7.649529134853487e-10
1.149731854531310e-01,7.646441017480151e-10
1.151861776455230e-01,7.643359651983791e-10
1.153991698379140e-01,7.640285010820150e-10
1.156121620303060e-01,7.637217066444919e-10
1.158251542226980e-01,7.634155791313836e-10
1.160381464150900e-01,7.631101157882624e-10
1.162511386074820e-01,7.628053138607009e-10
1.164641307998740e-01,7.625011706677190e-10
1.166771229922660e-01,7.621976838219685e-10
1.168901151846570e-01,7.618948510094707e-10
1.171031073770490e-01,7.615926699162427e-10
1.173160995694410e-01,7.612911382283057e-10
1.175290917618330e-01,7.609902536316793e-10
1.177420839542250e-01,7.606900138123836e-10
1.179550761466170e-01,7.603904164564382e-10
1.181680683390090e-01,7.600914592498632e-10
1.183810605314010e-01,7.597931398786781e-10
1.185940527237920e-01,7.594954559362934e-10
1.188070449161840e-01,7.591984046454654e-10
1.190200371085760e-01,7.589019831362407e-10
1.192330293009680e-01,7.586061885386646e-10
1.194460214933600e-01,7.583110179827823e-10
1.196590136857520e-01,7.580164685986390e-10
1.198720058781440e-01,7.577225375162799e-10
1.200849980705360e-01,7.574292218657503e-10
1.202979902629270e-01,7.571365187770968e-10
1.205109824553190e-01,7.568444253803618e-10
1.207239746477110e-01,7.565529389991698e-10
1.209369668401030e-01,7.562620577316462e-10
1.211499590324950e-01,7.559717798695899e-10
1.213629512248870e-01,7.556821037048002e-10
1.215759434172790e-01,7.553930275290756e-10
1.217889356096700e-01,7.551045496342168e-10
1.220019278020620e-01,7.548166683120199e-10
1.222149199944540e-01,7.545293818542853e-10
1.224279121868460e-01,7.542426885528119e-10
1.226409043792380e-01,7.539565866993988e-10
1.228538965716300e-01,7.536710743067871e-10
1.230668887640220e-01,7.533861482715551e-10
1.232798809564140e-01,7.531018052112578e-10
1.234928731488050e-01,7.528180417434516e-10
1.237058653411970e-01,7.525348544856890e-10
1.239188575335890e-01,7.522522400555262e-10
1.241318497259810e-01,7.519701950705181e-10
1.243448419183730e-01,7.516887161482199e-10
1.245578341107650e-01,7.514077999061866e-10
1.247708263031570e-01,7.511274429619729e-10
1.249838184955480e-01,7.508476428555909e-10
1.251968106879400e-01,7.505684008155035e-10
1.254098028803320e-01,7.502897189919498e-10
1.256227950727240e-01,7.500115995351674e-10
1.258357872651160e-01,7.497340445953943e-10
1.260487794575080e-01,7.494570563228680e-10
1.262617716499000e-01,7.491806368678267e-10
1.264747638422920e-01,7.489047883805078e-10
1.266877560346830e-01,7.486295130111507e-10
1.269007482270750e-01,7.483548129099902e-10
1.271137404194670e-01,7.480806869806425e-10
1.273267326118590e-01,7.478071211490481e-10
1.275397248042510e-01,7.475340980989319e-10
1.277527169966430e-01,7.472616005140190e-10
1.279657091890350e-01,7.469896110780343e-10
1.281787013814270e-01,7.467181124747031e-10
1.283916935738180e-01,7.464470873877514e-10
1.286046857662100e-01,7.461765185009020e-10
1.288176779586020e-01,7.459063884978811e-10
1.290306701509940e-01,7.456366800624137e-10
1.292436623433860e-01,7.453673880216022e-10
1.294566545357780e-01,7.450985557964841e-10
1.296696467281700e-01,7.448302389616889e-10
1.298826389205610e-01,7.445624930918481e-10
1.300956311129530e-01,7.442953737615890e-10
1.303086233053450e-01,7.440289365455422e-10
1.305216154977370e-01,7.437632370183380e-10
1.307346076901290e-01,7.434983307546060e-10
1.309475998825210e-01,7.432342733289760e-10
1.311605920749130e-01,7.429711203160779e-10
1.313735842673050e-01,7.427088820010867e-10
1.315865764596960e-01,7.424473874911367e-10
1.317995686520880e-01,7.421864205937916e-10
1.320125608444800e-01,7.419257651166189e-10
1.322255530368720e-01,7.416652048671851e-10
1.324385452292640e-01,7.414045236530561e-10
1.326515374216560e-01,7.411435052817985e-10
1.328645296140480e-01,7.408819335609785e-10
1.330775218064400e-01,7.406195922981621e-10
1.332905139988310e-01,7.403562653009171e-10
1.335035061912230e-01,7.400919054752710e-10
1.337164983836150e-01,7.398271419877573e-10
1.339294905760070e-01,7.395627730367012e-10
1.341424827683990e-01,7.392995968204284e-10
1.343554749607910e-01,7.390384115372642e-10
1.345684671531830e-01,7.387800153855342e-10
1.347814593455740e-01,7.385252065635650e-10
1.349944515379660e-01,7.382747832696797e-10
1.352074437303580e-01,7.380295437022050e-10
1.354204359227500e-01,7.377902860594664e-10
1.356334281151420e-01,7.375574658800627e-10
1.358464203075340e-01,7.373301687570181e-10
1.360594124999260e-01,7.371071379702073e-10
1.362724046923180e-01,7.368871167995049e-10
1.364853968847090e-01,7.366688485247872e-10
1.366983890771010e-01,7.364510764259270e-10
1.369113812694930e-01,7.362325437828001e-10
1.371243734618850e-01,7.360119938752815e-10
1.373373656542770e-01,7.357881699832462e-10
1.375503578466690e-01,7.355598153865689e-10
1.377633500390610e-01,7.353260143595188e-10
1.379763422314520e-01,7.350872159640198e-10
1.381893344238440e-01,7.348442106615441e-10
1.384023266162360e-01,7.345977889135678e-10
1.386153188086280e-01,7.343487411815656e-10
1.388283110010200e-01,7.340978579270127e-10
1.390413031934120e-01,7.338459296113837e-10
1.392542953858040e-01,7.335937466961536e-10
1.394672875781960e-01,7.333420996427971e-10
1.396802797705870e-01,7.330917789127903e-10
1.398932719629790e-01,7.328434075884822e-10
1.401062641553710e-01,7.325969390449377e-10
1.403192563477630e-01,7.323521591826868e-10
1.405322485401550e-01,7.321088539022590e-10
1.407452407325470e-01,7.318668091041843e-10
1.409582329249390e-01,7.316258106889924e-10
1.411712251173300e-01,7.313856445572144e-10
1.413842173097220e-01,7.311460966093777e-10
1.415972095021140e-01,7.309069527460133e-10
1.418102016945060e-01,7.306679988676509e-10
1.420231938868980e-01,7.304290659106699e-10
1.422361860792900e-01,7.301901649505480e-10
1.424491782716820e-01,7.299513520964628e-10
1.426621704640740e-01,7.297126834575915e-10
1.428751626564650e-01,7.294742151431131e-10
1.430881548488570e-01,7.292360032622026e-10
1.433011470412490e-01,7.289981039240388e-10
1.435141392336410e-01,7.287605732377990e-10
1.437271314260330e-01,7.285234673126609e-10
1.439401236184250e-01,7.282868422578020e-10
1.441531158108170e-01,7.280507419851206e-10
1.443661080032090e-01,7.278151616336283e-10
1.445791001956000e-01,7.275800841531705e-10
1.447920923879920e-01,7.273454924935899e-10
1.450050845803840e-01,7.271113696047325e-10
1.452180767727760e-01,7.268776984364426e-10
1.454310689651680e-01,7.266444619385654e-10
1.456440611575600e-01,7.264116430609454e-10
1.458570533499520e-01,7.261792247534274e-10
1.460700455423430e-01,7.259471899658573e-10
1.462830377347350e-01,7.257155249912108e-10
1.464960299271270e-01,7.254842294864240e-10
1.467090221195190e-01,7.252533064472789e-10
1.469220143119110e-01,7.250227588695577e-10
1.471350065043030e-01,7.247925897490422e-10
1.473479986966950e-01,7.245628020815145e-10
1.475609908890870e-01,7.243333988627565e-10
1.477739830814780e-01,7.241043830885515e-10
1.479869752738700e-01,7.238757577546790e-10
1.481999674662620e-01,7.236475258569225e-10
1.484129596586540e-01,7.234196895613695e-10
1.486259518510460e-01,7.231922477138093e-10
1.488389440434380e-01,7.229651983295764e-10
1.490519362358300e-01,7.227385394240051e-10
1.492649284282220e-01,7.225122690124298e-10
1.494779206206130e-01,7.222863851101858e-10
1.496909128130050e-01,7.220608857326054e-10
1.499039050053970e-01,7.218357688950241e-10
1.501168971977890e-01,7.216110326127758e-10
1.503298893901810e-01,7.213866749011954e-10
1.505428815825730e-01,7.211626938698709e-10
1.507558737749650e-01,7.209390880054628e-10
1.509688659673560e-01,7.207158558889140e-10
1.511818581597480e-01,7.204929961011650e-10
1.513948503521400e-01,7.202705072231592e-10
1.516078425445320e-01,7.200483878358388e-10
1.518208347369240e-01,7.198266365201461e-10
1.520338269293160e-01,7.196052518570236e-10
1.522468191217080e-01,7.193842324274133e-10
1.524598113141000e-01,7.191635768122578e-10
1.526728035064910e-01,7.189432837346705e-10
1.528857956988830e-01,7.187233524863511e-10
1.530987878912750e-01,7.185037825011278e-10
1.533117800836670e-01,7.182845732128273e-10
1.535247722760590e-01,7.180657240552764e-10
1.537377644684510e-01,7.178472344623020e-10
1.539507566608430e-01,7.176291038677309e-10
1.541637488532340e-01,7.174113317053910e-10
1.543767410456260e-01,7.171939174091069e-10
1.545897332380180e-01,7.169768604127067e-10
1.548027254304100e-01,7.167601599988469e-10
1.550157176228020e-01,7.165438148457863e-10
1.552287098151940e-01,7.163278234807548e-10
1.554417020075860e-01,7.161121844309826e-10
1.556546941999780e-01,7.158968962236997e-10
1.558676863923690e-01,7.156819573861371e-10
1.560806785847610e-01,7.154673664455227e-10
1.562936707771530e-01,7.152531219290877e-10
1.565066629695450e-01,7.150392223640620e-10
1.567196551619370e-01,7.148256662776757e-10
1.569326473543290e-01,7.146124523072675e-10
1.571456395467210e-01,7.143995795308884e-10
1.573586317391130e-01,7.141870471368373e-10
1.575716239315040e-01,7.139748543134143e-10
1.577846161238960e-01,7.137630002489164e-10
1.579976083162880e-01,7.135514841316430e-10
1.582106005086800e-01,7.133403051498937e-10
1.584235927010720e-01,7.131294624919668e-10
1.586365848934640e-01,7.129189553461617e-10
1.588495770858560e-01,7.127087829007771e-10
1.590625692782470e-01,7.124989443288727e-10
1.592755614706390e-01,7.122894387425246e-10
1.594885536630310e-01,7.120802652385616e-10
1.597015458554230e-01,7.118714229138117e-10
1.599145380478150e-01,7.116629108651030e-10
1.601275302402070e-01,7.114547281892633e-10
1.603405224325990e-01,7.112468739831204e-10
1.605535146249910e-01,7.110393473435027e-10
1.607665068173820e-01,7.108321473672388e-10
1.609794990097740e-01,7.106252731511547e-10
1.611924912021660e-01,7.104187237547766e-10
1.614054833945580e-01,7.102124980884169e-10
1.616184755869500e-01,7.100065950250839e-10
1.618314677793420e-01,7.098010134377862e-10
1.620444599717340e-01,7.095957521995324e-10
1.622574521641260e-01,7.093908101833307e-10
1.624704443565170e-01,7.091861862621908e-10
1.626834365489090e-01,7.089818793091192e-10
1.628964287413010e-01,7.087778881971253e-10
1.631094209336930e-01,7.085742117992177e-10
1.633224131260850e-01,7.083708490656070e-10
1.635354053184770e-01,7.081677992552223e-10
1.637483975108690e-01,7.079650617041486e-10
1.639613897032600e-01,7.077626357484728e-10
1.641743818956520e-01,7.075605207242784e-10
1.643873740880440e-01,7.073587159676520e-10
1.646003662804360e-01,7.071572208146789e-10
1.648133584728280e-01,7.069560346014449e-10
1.650263506652200e-01,7.067551566640353e-10
1.652393428576120e-01,7.065545863385356e-10
1.654523350500040e-01,7.063543229457724e-10
1.656653272423950e-01,7.061543657455737e-10
1.658783194347870e-01,7.059547139825233e-10
1.660913116271790e-01,7.057553669012089e-10
1.663043038195710e-01,7.055563237462162e-10
1.665172960119630e-01,7.053575837621318e-10
1.667302882043550e-01,7.051591461935417e-10
1.669432803967470e-01,7.049610102850321e-10
1.671562725891380e-01,7.047631752811904e-10
1.673692647815300e-01,7.045656404266006e-10
1.675822569739220e-01,7.043684048930184e-10
1.677952491663140e-01,7.041714675607280e-10
1.680082413587060e-01,7.039748272371094e-10
1.682212335510980e-01,7.037784827295432e-10
1.684342257434900e-01,7.035824328454093e-10
1.686472179358820e-01,7.033866763920882e-10
1.688602101282730e-01,7.031912121769610e-10
1.690732023206650e-01,7.029960390074059e-10
1.692861945130570e-01,7.028011556908042e-10
1.694991867054490e-01,7.026065610345364e-10
1.697121788978410e-01,7.024122539862844e-10
1.699251710902330e-01,7.022182340550433e-10
1.701381632826250e-01,7.020245008901626e-10
1.703511554750170e-01,7.018310541409919e-10
1.705641476674080e-01,7.016378934568817e-10
1.707771398598000e-01,7.014450184871798e-10
1.709901320521920e-01,7.012524288812362e-10
1.712031242445840e-01,7.010601242884008e-10
1.714161164369760e-01,7.008681043580232e-10
1.716291086293680e-01,7.006763687394527e-10
1.718421008217600e-01,7.004849169287880e-10
1.720550930141510e-01,7.002937478091995e-10
1.722680852065430e-01,7.001028601106406e-10
1.724810773989350e-01,6.999122525630681e-10
1.726940695913270e-01,6.997219238964377e-10
1.729070617837190e-01,6.995318728407049e-10
1.731200539761110e-01,6.993420981258254e-10
1.733330461685030e-01,6.991525984817547e-10
1.735460383608950e-01,6.989633726384484e-10
1.737590305532860e-01,6.987744193258632e-10
1.739720227456780e-01,6.985857374955029e-10
1.741850149380700e-01,6.983973269846924e-10
1.743980071304620e-01,6.982091878521152e-10
1.746109993228540e-01,6.980213201564550e-10
1.748239915152460e-01,6.978337239563952e-10
1.750369837076380e-01,6.976463993106194e-10
1.752499759000290e-01,6.974593462778119e-10
1.754629680924210e-01,6.972725649166546e-10
1.756759602848130e-01,6.970860552858317e-10
1.758889524772050e-01,6.968998174440268e-10
1.761019446695970e-01,6.967138511748304e-10
1.763149368619890e-01,6.965281551607248e-10
1.765279290543810e-01,6.963427278087306e-10
1.767409212467730e-01,6.961575675258684e-10
1.769539134391640e-01,6.959726727191595e-10
1.771669056315560e-01,6.957880417956232e-10
1.773798978239480e-01,6.956036731622806e-10
1.775928900163400e-01,6.954195652261528e-10
1.778058822087320e-01,6.952357163942599e-10
1.780188744011240e-01,6.950521250736230e-10
1.782318665935160e-01,6.948687899572754e-10
1.784448587859070e-01,6.946857108827158e-10
1.786578509782990e-01,6.945028879736597e-10
1.788708431706910e-01,6.943203213538247e-10
1.790838353630830e-01,6.941380111469281e-10
1.792968275554750e-01,6.939559574766867e-10
1.795098197478670e-01,6.937741604668177e-10
1.797228119402590e-01,6.935926202410381e-10
1.799358041326510e-01,6.934113369230649e-10
1.801487963250420e-01,6.932303106366161e-10
1.803617885174340e-01,6.930495412588603e-10
1.805747807098260e-01,6.928690276807320e-10
1.807877729022180e-01,6.926887685465922e-10
1.810007650946100e-01,6.925087625008023e-10
1.812137572870020e-01,6.923290081877235e-10
1.814267494793940e-01,6.921495042517172e-10
1.816397416717860e-01,6.919702493371446e-10
1.818527338641770e-01,6.917912420883679e-10
1.820657260565690e-01,6.916124811497466e-10
1.822787182489610e-01,6.914339651656430e-10
1.824917104413530e-01,6.912556930229042e-10
1.827047026337450e-01,6.910776645780727e-10
1.829176948261370e-01,6.908998799300524e-10
1.831306870185290e-01,6.907223391777473e-10
1.833436792109200e-01,6.905450424200617e-10
1.835566714033120e-01,6.903679897558980e-10
1.837696635957040e-01,6.901911812841607e-10
1.839826557880960e-01,6.900146171037538e-10
1.841956479804880e-01,6.898382973135813e-10
1.844086401728800e-01,6.896622220125467e-10
1.846216323652720e-01,6.894863910921086e-10
1.848346245576640e-01,6.893108036144131e-10
1.850476167500550e-01,6.891354584343961e-10
1.852606089424470e-01,6.889603544069914e-10
1.854736011348390e-01,6.887854903871350e-10
1.856865933272310e-01,6.886108652297622e-10
1.858995855196230e-01,6.884364777898084e-10
1.861125777120150e-01,6.882623269222087e-10
1.863255699044070e-01,6.880884114818984e-10
1.865385620967990e-01,6.879147303238129e-10
1.867515542891900e-01,6.877412824433026e-10
1.869645464815820e-01,6.875680673976737e-10
1.871775386739740e-01,6.873950848847992e-10
1.873905308663660e-01,6.872223346025515e-10
1.876035230587580e-01,6.870498162488027e-10
1.878165152511500e-01,6.868775295214249e-10
1.880295074435420e-01,6.867054741182907e-10
1.882424996359330e-01,6.865336497372728e-10
1.884554918283250e-01,6.863620560762421e-10
1.886684840207170e-01,6.861906928330714e-10
1.888814762131090e-01,6.860195596281966e-10
1.890944684055010e-01,6.858486557722369e-10
1.893074605978930e-01,6.856779804983406e-10
1.895204527902850e-01,6.855075330396557e-10
1.897334449826770e-01,6.853373126293301e-10
1.899464371750680e-01,6.851673185005130e-10
1.901594293674600e-01,6.849975498863505e-10
1.903724215598520e-01,6.848280060199915e-10
1.905854137522440e-01,6.846586861345840e-10
1.907984059446360e-01,6.844895894632764e-10
1.910113981370280e-01,6.843207153352074e-10
1.912243903294200e-01,6.841520634634489e-10
1.914373825218110e-01,6.839836336570479e-10
1.916503747142030e-01,6.838154257250496e-10
1.918633669065950e-01,6.836474394765012e-10
1.920763590989870e-01,6.834796747204491e-10
1.922893512913790e-01,6.833121312659401e-10
1.925023434837710e-01,6.831448089220207e-10
1.927153356761630e-01,6.829777074977375e-10
1.929283278685550e-01,6.828108268021366e-10
1.931413200609460e-01,6.826441665272640e-10
1.933543122533380e-01,6.824777258973392e-10
1.935673044457300e-01,6.823115040196742e-10
1.937802966381220e-01,6.821455000015804e-10
1.939932888305140e-01,6.819797129503689e-10
1.942062810229060e-01,6.818141419733511e-10
1.944192732152980e-01,6.816487861778383e-10
1.946322654076900e-01,6.814836446711415e-10
1.948452576000810e-01,6.813187165605731e-10
1.950582497924730e-01,6.811540009534425e-10
1.952712419848650e-01,6.809894970596796e-10
1.954842341772570e-01,6.808252044993962e-10
1.956972263696490e-01,6.806611229951781e-10
1.959102185620410e-01,6.804972522696112e-10
1.961232107544330e-01,6.803335920452809e-10
1.963362029468240e-01,6.801701420447739e-10
1.965491951392160e-01,6.800069019906743e-10
1.967621873316080e-01,6.798438716055688e-10
1.969751795240000e-01,6.796810506120430e-10
1.971881717163920e-01,6.795184387326827e-10
1.974011639087840e-01,6.793560356613849e-10
1.976141561011760e-01,6.791938409772467e-10
1.978271482935680e-01,6.790318542306536e-10
1.980401404859590e-01,6.788700749719916e-10
1.982531326783510e-01,6.787085027516447e-10
1.984661248707430e-01,6.785471371199993e-10
1.986791170631350e-01,6.783859776274407e-10
1.988921092555270e-01,6.782250238243545e-10
1.991051014479190e-01,6.780642752611260e-10
1.993180936403110e-01,6.779037314881407e-10
1.995310858327020e-01,6.777433920222831e-10
1.997440780250940e-01,6.775832562464157e-10
1.999570702174860e-01,6.774233235098960e-10
2.001700624098780e-01,6.772635931620801e-10
2.003830546022700e-01,6.771040645523247e-10
2.005960467946620e-01,6.769447370299861e-10
2.008090389870540e-01,6.767856099444206e-10
2.010220311794460e-01,6.766266826449847e-10
2.012350233718370e-01,6.764679544810357e-10
2.014480155642290e-01,6.763094248019283e-10
2.016610077566210e-01,6.761510930093818e-10
2.018739999490130e-01,6.759929587145168e-10
2.020869921414050e-01,6.758350215807930e-10
2.022999843337970e-01,6.756772812716702e-10
2.025129765261890e-01,6.755197374506082e-10
2.027259687185810e-01,6.753623897810664e-10
2.029389609109720e-01,6.752052379265056e-10
2.031519531033640e-01,6.750482815503838e-10
2.033649452957560e-01,6.748915203161615e-10
2.035779374881480e-01,6.747349538872986e-10
2.037909296805400e-01,6.745785819109650e-10
2.040039218729320e-01,6.744224039692077e-10
2.042169140653240e-01,6.742664196278011e-10
2.044299062577150e-01,6.741106284525201e-10
2.046428984501070e-01,6.739550300091378e-10
2.048558906424990e-01,6.737996238634293e-10
2.050688828348910e-01,6.736444095811691e-10
2.052818750272830e-01,6.734893867281313e-10
2.054948672196750e-01,6.733345548700907e-10
2.057078594120670e-01,6.731799135728215e-10
2.059208516044590e-01,6.730254623750648e-10
2.061338437968500e-01,6.728712007073660e-10
2.063468359892420e-01,6.727171279732046e-10
2.065598281816340e-01,6.725632435760617e-10
2.067728203740260e-01,6.724095469194182e-10
2.069858125664180e-01,6.722560374067544e-10
2.071988047588100e-01,6.721027144415510e-10
2.074117969512020e-01,6.719495774272889e-10
2.076247891435940e-01,6.717966257674484e-10
2.078377813359850e-01,6.716438588655109e-10
2.080507735283770e-01,6.714912762226955e-10
2.082637657207690e-01,6.713388777312857e-10
2.084767579131610e-01,6.711866633813554e-10
2.086897501055530e-01,6.710346331629787e-10
2.089027422979450e-01,6.708827870662295e-10
2.091157344903370e-01,6.707311250811818e-10
2.093287266827280e-01,6.705796471979106e-10
2.095417188751200e-01,6.704283534064884e-10
2.097547110675120e-01,6.702772436969897e-10
2.099677032599040e-01,6.701263180594887e-10
2.101806954522960e-01,6.699755763634223e-10
2.103936876446880e-01,6.698250179957018e-10
2.106066798370800e-01,6.696746422226122e-10
2.108196720294720e-01,6.695244483104388e-10
2.110326642218630e-01,6.693744355254676e-10
2.112456564142550e-01,6.692246031339822e-10
2.114586486066470e-01,6.690749504022687e-10
2.116716407990390e-01,6.689254765966122e-10
2.118846329914310e-01,6.687761809832979e-10
2.120976251838230e-01,6.686270628286109e-10
2.123106173762150e-01,6.684781214750398e-10
2.125236095686060e-01,6.683293565697778e-10
2.127366017609980e-01,6.681807678361651e-10
2.129495939533900e-01,6.680323549975444e-10
2.131625861457820e-01,6.678841177772573e-10
2.133755783381740e-01,6.677360558986455e-10
2.135885705305660e-01,6.675881690850510e-10
2.138015627229580e-01,6.674404570598152e-10
2.140145549153500e-01,6.672929195462800e-10
2.142275471077410e-01,6.671455562677878e-10
2.144405393001330e-01,6.669983669163582e-10
2.146535314925250e-01,6.668513510588128e-10
2.148665236849170e-01,6.667045082306927e-10
2.150795158773090e-01,6.665578379675399e-10
2.152925080697010e-01,6.664113398048955e-10
2.155055002620930e-01,6.662650132783014e-10
2.157184924544850e-01,6.661188579232987e-10
2.159314846468760e-01,6.659728732754299e-10
2.161444768392680e-01,6.658270588702349e-10
2.163574690316600e-01,6.656814142432559e-10
2.165704612240520e-01,6.655359389823410e-10
2.167834534164440e-01,6.653906328846542e-10
2.169964456088360e-01,6.652454957997119e-10
2.172094378012280e-01,6.651005275770301e-10
2.174224299936190e-01,6.649557280661257e-10
2.176354221860110e-01,6.648110971165138e-10
2.178484143784030e-01,6.646666345777110e-10
2.180614065707950e-01,6.645223402992338e-10
2.182743987631870e-01,6.643782141305983e-10
2.184873909555790e-01,6.642342559213206e-10
2.187003831479710e-01,6.640904654328432e-10
2.189133753403630e-01,6.639468420742677e-10
2.191263675327540e-01,6.638033851666004e-10
2.193393597251460e-01,6.636600940308451e-10
2.195523519175380e-01,6.635169679880082e-10
2.197653441099300e-01,6.633740063590951e-10
2.199783363023220e-01,6.632312084651111e-10
2.201913284947140e-01,6.630885736270615e-10
2.204043206871060e-01,6.629461011659522e-10
2.206173128794970e-01,6.628037904027888e-10
2.208303050718890e-01,6.626616407882196e-10
2.210432972642810e-01,6.625196522913753e-10
2.212562894566730e-01,6.623778250109836e-10
2.214692816490650e-01,6.622361590457714e-10
2.216822738414570e-01,6.620946544944661e-10
2.218952660338490e-01,6.619533114557948e-10
2.221082582262410e-01,6.618121300284850e-10
2.223212504186320e-01,6.616711103112643e-10
2.225342426110240e-01,6.615302524028587e-10
2.227472348034160e-01,6.613895564019962e-10
2.229602269958080e-01,6.612490222844155e-10
2.231732191882000e-01,6.611086495341429e-10
2.233862113805920e-01,6.609684375123366e-10
2.235992035729840e-01,6.608283855801551e-10
2.238121957653760e-01,6.606884930987566e-10
2.240251879577670e-01,6.605487594293003e-10
2.242381801501590e-01,6.604091839329428e-10
2.244511723425510e-01,6.602697659708434e-10
2.246641645349430e-01,6.601305049041602e-10
2.248771567273350e-01,6.599914000940518e-10
2.250901489197270e-01,6.598524509480493e-10
2.253031411121190e-01,6.597136570592884e-10
2.255161333045100e-01,6.595750180673349e-10
2.257291254969020e-01,6.594365336117530e-10
2.259421176892940e-01,6.592982033321086e-10
2.261551098816860e-01,6.591600268679668e-10
2.263681020740780e-01,6.590220038588930e-10
2.265810942664700e-01,6.588841339444522e-10
2.267940864588620e-01,6.587464167642099e-10
2.270070786512540e-01,6.586088519577312e-10
2.272200708436450e-01,6.584714392149642e-10
2.274330630360370e-01,6.583341784274449e-10
2.276460552284290e-01,6.581970695371237e-10
2.278590474208210e-01,6.580601124859504e-10
2.280720396132130e-01,6.579233072158743e-10
2.282850318056050e-01,6.577866536688456e-10
2.284980239979970e-01,6.576501517868137e-10
2.287110161903880e-01,6.575138015117291e-10
2.289240083827800e-01,6.573776027855402e-10
2.291370005751720e-01,6.572415555501976e-10
2.293499927675640e-01,6.571056596961829e-10
2.295629849599560e-01,6.569699149081082e-10
2.297759771523480e-01,6.568343208191189e-10
2.299889693447400e-01,6.566988770623601e-10
2.302019615371320e-01,6.565635832709769e-10
2.304149537295230e-01,6.564284390781151e-10
2.306279459219150e-01,6.562934441169189e-10
2.308409381143070e-01,6.561585980205335e-10
2.310539303066990e-01,6.560239004221047e-10
2.312669224990910e-01,6.558893509547771e-10
2.314799146914830e-01,6.557549492115243e-10
2.316929068838750e-01,6.556206946246823e-10
2.319058990762670e-01,6.554865865864409e-10
2.321188912686580e-01,6.553526244889903e-10
2.323318834610500e-01,6.552188077245190e-10
2.325448756534420e-01,6.550851356852173e-10
2.327578678458340e-01,6.549516077632750e-10
2.329708600382260e-01,6.548182233508815e-10
2.331838522306180e-01,6.546849818402269e-10
2.333968444230100e-01,6.545518826235005e-10
2.336098366154010e-01,6.544189252388804e-10
2.338228288077930e-01,6.542861098081283e-10
2.340358210001850e-01,6.541534365988126e-10
2.342488131925770e-01,6.540209058785010e-10
2.344618053849690e-01,6.538885179147619e-10
2.346747975773610e-01,6.537562729751628e-10
2.348877897697530e-01,6.536241713272715e-10
2.351007819621450e-01,6.534922132386561e-10
2.353137741545360e-01,6.533603989768852e-10
2.355267663469280e-01,6.532287288095254e-10
2.357397585393200e-01,6.530972028334312e-10
2.359527507317120e-01,6.529658204622767e-10
2.361657429241040e-01,6.528345809388602e-10
2.363787351164960e-01,6.527034835059799e-10
2.365917273088880e-01,6.525725274064342e-10
2.368047195012800e-01,6.524417118830213e-10
2.370177116936710e-01,6.523110361785400e-10
2.372307038860630e-01,6.521804995357875e-10
2.374436960784550e-01,6.520501011975625e-10
2.376566882708470e-01,6.519198404066634e-10
2.378696804632390e-01,6.517897165179268e-10
2.380826726556310e-01,6.516597293344173e-10
2.382956648480230e-01,6.515298787712746e-10
2.385086570404140e-01,6.514001647436395e-10
2.387216492328060e-01,6.512705871666504e-10
2.389346414251980e-01,6.511411459554479e-10
2.391476336175900e-01,6.510118410251721e-10
2.393606258099820e-01,6.508826722909629e-10
2.395736180023740e-01,6.507536396679599e-10
2.397866101947660e-01,6.506247430713033e-10
2.399996023871580e-01,6.504959824293545e-10
2.402125945795490e-01,6.503673577233542e-10
2.404255867719410e-01,6.502388689477591e-10
2.406385789643330e-01,6.501105160970274e-10
2.408515711567250e-01,6.499822991656171e-10
2.410645633491170e-01,6.498542181479861e-10
2.412775555415090e-01,6.497262730385921e-10
2.414905477339010e-01,6.495984638318931e-10
2.417035399262920e-01,6.494707905223473e-10
2.419165321186840e-01,6.493432531044116e-10
2.421295243110760e-01,6.492158512908263e-10
2.423425165034680e-01,6.490885836679691e-10
2.425555086958600e-01,6.489614485407549e-10
2.427685008882520e-01,6.488344442140979e-10
2.429814930806440e-01,6.487075689929130e-10
2.431944852730360e-01,6.485808211821146e-10
2.434074774654270e-01,6.484541990866179e-10
2.436204696578190e-01,6.483277010113363e-10
2.438334618502110e-01,6.482013252611851e-10
2.440464540426030e-01,6.480750701410786e-10
2.442594462349950e-01,6.479489351511393e-10
2.444724384273870e-01,6.478229245754153e-10
2.446854306197790e-01,6.476970438947110e-10
2.448984228121710e-01,6.475712985898309e-10
2.451114150045620e-01,6.474456941415797e-10
2.453244071969540e-01,6.473202360307604e-10
2.455373993893460e-01,6.471949297381782e-10
2.457503915817380e-01,6.470697807446371e-10
2.459633837741300e-01,6.469447945309415e-10
2.461763759665220e-01,6.468199765778960e-10
2.463893681589140e-01,6.466953278787936e-10
2.466023603513050e-01,6.465708314708076e-10
2.468153525436970e-01,6.464464659005595e-10
2.470283447360890e-01,6.463222097146721e-10
2.472413369284810e-01,6.461980414597681e-10
2.474543291208730e-01,6.460739396824700e-10
2.476673213132650e-01,6.459498829294000e-10
2.478803135056570e-01,6.458258497471808e-10
2.480933056980490e-01,6.457018186824349e-10
2.483062978904400e-01,6.455777682817856e-10
2.485192900828320e-01,6.454536937312961e-10
2.487322822752240e-01,6.453296567767800e-10
2.489452744676160e-01,6.452057358044811e-10
2.491582666600080e-01,6.450820092006430e-10
2.493712588524000e-01,6.449585553515100e-10
2.495842510447920e-01,6.448354526433255e-10
2.497972432371830e-01,6.447127794623340e-10
2.500102354295750e-01,6.445906141947784e-10
2.502232276219670e-01,6.444690352269030e-10
2.504362198143590e-01,6.443481209449516e-10
2.506492120067510e-01,6.442278878007339e-10
2.508622041991430e-01,6.441081045774529e-10
2.510751963915350e-01,6.439884781584372e-10
2.512881885839270e-01,6.438687154270162e-10
2.515011807763180e-01,6.437485232665192e-10
2.517141729687100e-01,6.436276085602743e-10
2.519271651611020e-01,6.435056781916109e-10
2.521401573534940e-01,6.433824390438581e-10
2.523531495458860e-01,6.432575980003448e-10
2.525661417382780e-01,6.431308619444002e-10
2.527791339306700e-01,6.430021688122715e-10
2.529921261230620e-01,6.428723802087093e-10
2.532051183154530e-01,6.427425885198778e-10
2.534181105078450e-01,6.426138861319395e-10
2.536311027002370e-01,6.424873654310588e-10
2.538440948926290e-01,6.423641188033992e-10
2.540570870850210e-01,6.422452386351243e-10
2.542700792774130e-01,6.421318173123978e-10
2.544830714698050e-01,6.420249472213834e-10
2.546960636621960e-01,6.419257207482453e-10
2.549090558545880e-01,6.418343690140295e-10
2.551220480469800e-01,6.417476763156207e-10
2.553350402393720e-01,6.416615648027115e-10
2.555480324317640e-01,6.415719566249944e-10
2.557610246241560e-01,6.414747739321621e-10
2.559740168165480e-01,6.413659388739073e-10
2.561870090089400e-01,6.412413735999228e-10
2.564000012013310e-01,6.410970002599017e-10
2.566129933937230e-01,6.409287410035357e-10
2.568259855861150e-01,6.407325179805178e-10
2.570389777785070e-01,6.405074686053994e-10
2.572519699708990e-01,6.402655939634813e-10
2.574649621632910e-01,6.400221117107135e-10
2.576779543556830e-01,6.397922395030462e-10
2.578909465480740e-01,6.395911949964303e-10
2.581039387404660e-01,6.394341958468139e-10
2.583169309328580e-01,6.393364597101478e-10
2.585299231252500e-01,6.393132042423824e-10
2.587429153176420e-01,6.393796470994677e-10
2.589559075100340e-01,6.395510059373536e-10
2.591688997024260e-01,6.398304952164166e-10
2.593818918948180e-01,6.401733216932150e-10
2.595948840872090e-01,6.405226914678352e-10
2.598078762796010e-01,6.408218106403689e-10
2.600208684719930e-01,6.410138853109024e-10
2.602338606643850e-01,6.410421215795240e-10
2.604468528567770e-01,6.408497255463217e-10
2.606598450491690e-01,6.403799033113836e-10
2.608728372415610e-01,6.395758609747978e-10
2.610858294339530e-01,6.383808046366527e-10
2.612988216263440e-01,6.367654517295622e-10
2.615118138187360e-01,6.348105194032813e-10
2.617248060111280e-01,6.326242133383766e-10
2.619377982035200e-01,6.303147392154097e-10
2.621507903959120e-01,6.279903027149391e-10
2.623637825883040e-01,6.257591095175270e-10
2.625767747806960e-01,6.237293653037335e-10
2.627897669730870e-01,6.220092757541267e-10
2.630027591654790e-01,6.207070465492496e-10
2.632157513578710e-01,6.199308833696723e-10
2.634287435502630e-01,6.197557292456055e-10
2.636417357426550e-01,6.201233854182638e-10
2.638547279350470e-01,6.209423448690898e-10
2.640677201274390e-01,6.221211005795265e-10
2.642807123198310e-01,6.235681455310165e-10
2.644937045122220e-01,6.251919727049942e-10
2.647066967046140e-01,6.269010750829188e-10
2.649196888970060e-01,6.286039456462247e-10
2.651326810893980e-01,6.302090773763551e-10
2.653456732817900e-01,6.316249632547520e-10
2.655586654741820e-01,6.327794110280258e-10
2.657716576665740e-01,6.336775165835635e-10
2.659846498589660e-01,6.343437051167120e-10
2.661976420513570e-01,6.348024018228167e-10
2.664106342437490e-01,6.350780318972283e-10
2.666236264361410e-01,6.351950205352911e-10
2.668366186285330e-01,6.351777929323521e-10
2.670496108209250e-01,6.350507742837577e-10
2.672626030133170e-01,6.348383897848551e-10
2.674755952057090e-01,6.345650646309910e-10
2.676885873981000e-01,6.342501225621629e-10
2.679015795904920e-01,6.338924801189561e-10
2.681145717828840e-01,6.334859516975836e-10
2.683275639752760e-01,6.330243516942576e-10
2.685405561676680e-01,6.325014945051897e-10
2.687535483600600e-01,6.319111945265915e-10
2.689665405524520e-01,6.312472661546748e-10
2.691795327448440e-01,6.305035237856515e-10
2.693925249372350e-01,6.296737818157379e-10
2.696055171296270e-01,6.287518546411372e-10
2.698185093220190e-01,6.277329983942773e-10
2.700315015144110e-01,6.266182347612005e-10
2.702444937068030e-01,6.254100264686301e-10
2.704574858991950e-01,6.241108362432891e-10
2.706704780915870e-01,6.227231268119008e-10
2.708834702839780e-01,6.212493609011955e-10
2.710964624763700e-01,6.196920012378833e-10
2.713094546687620e-01,6.180535105486932e-10
2.715224468611540e-01,6.163363515603487e-10
2.717354390535460e-01,6.145429869995729e-10
2.719484312459380e-01,6.126755432970775e-10
2.721614234383300e-01,6.107348024392630e-10
2.723744156307220e-01,6.087212104862885e-10
2.725874078231130e-01,6.066352134983224e-10
2.728004000155050e-01,6.044772575355046e-10
2.730133922078970e-01,6.022477886580021e-10
2.732263844002890e-01,5.999472529259740e-10
2.734393765926810e-01,5.975760963995788e-10
2.736523687850730e-01,5.951347651389758e-10
2.738653609774650e-01,5.926237052043223e-10
2.740783531698570e-01,5.900435522470911e-10
2.742913453622480e-01,5.873957007009570e-10
2.745043375546400e-01,5.846817347993962e-10
2.747173297470320e-01,5.819032387759224e-10
2.749303219394240e-01,5.790617968640374e-10
2.751433141318160e-01,5.761589932972433e-10
2.753563063242080e-01,5.731964123090405e-10
2.755692985166000e-01,5.701756381329309e-10
2.757822907089910e-01,5.670982550024307e-10
2.759952829013830e-01,5.639658471510137e-10
2.762082750937750e-01,5.607798127239172e-10
2.764212672861670e-01,5.575408053339778e-10
2.766342594785590e-01,5.542492924160992e-10
2.768472516709510e-01,5.509057414051866e-10
2.770602438633430e-01,5.475106197361417e-10
2.772732360557350e-01,5.440643948438706e-10
2.774862282481260e-01,5.405675341632941e-10
2.776992204405180e-01,5.370205051292833e-10
2.779122126329100e-01,5.334237751767579e-10
2.781252048253020e-01,5.297778117406229e-10
2.783381970176940e-01,5.260838171759321e-10
2.785511892100860e-01,5.223459333185530e-10
