7.791356504680618e-06,8.571673275876569e-09
8.610780621332552e-06,8.425695427006176e-09
9.516384324626089e-06,8.282307490464462e-09
1.051723120080771e-05,8.141461260164316e-09
1.162333806181051e-05,8.003110115184266e-09
1.284577519687474e-05,7.867209485866085e-09
1.419677716772344e-05,7.733714118997045e-09
1.568986525616830e-05,7.602580140962006e-09
1.733998278964274e-05,7.473765199646977e-09
1.916364469904539e-05,7.347226581704520e-09
2.117910280571951e-05,7.222923017002871e-09
2.340652849181556e-05,7.100814521655954e-09
2.586821458226360e-05,6.980860580695110e-09
2.858879845885812e-05,6.863022222666522e-09
3.159550863945590e-05,6.747261938122645e-09
3.491843729013453e-05,6.633541387609230e-09
3.859084139770492e-05,6.521823499184708e-09
4.264947561681323e-05,6.412072965535054e-09
4.713496012287843e-05,6.304253779848679e-09
5.209218715246060e-05,6.198330713425358e-09
5.757077029985334e-05,6.094270395203696e-09
6.362554106661115e-05,5.992038829443269e-09
7.031709763364645e-05,5.891602787483272e-09
7.771241134819200e-05,5.792930569282039e-09
8.588549699555374e-05,5.695990019583186e-09
9.491815356395940e-05,5.600750023437917e-09
1.049007829163263e-04,5.507180282659895e-09
1.159332945624905e-04,5.415250427141813e-09
1.281261055871622e-04,5.324931121400354e-09
1.416012457412214e-04,5.236192990415504e-09
1.564935787564811e-04,5.149008496845902e-09
1.729521521072439e-04,5.063349035054210e-09
1.911416887275217e-04,4.979187091988439e-09
2.112442356135248e-04,4.896496277668858e-09
2.334609858111876e-04,4.815249807754766e-09
2.580142920237960e-04,4.735421535328012e-09
2.851498919925769e-04,4.656986645933641e-09
3.151393679226079e-04,4.579919461475236e-09
3.482828645688079e-04,4.504195577766732e-09
3.849120931855259e-04,4.429791086699953e-09
4.253936514042669e-04,4.356682110860655e-09
4.701326922660057e-04,4.284845242768040e-09
5.195769791289974e-04,4.214257986068824e-09
5.742213670349657e-04,4.144897823553030e-09
6.346127553846864e-04,4.076742310739143e-09
7.013555614910102e-04,4.009770511996083e-09
7.751177697904812e-04,3.943960778875531e-09
8.566376172560946e-04,3.879292150795313e-09
9.467309819210534e-04,3.815744541692042e-09
1.046299548460350e-03,3.753297708883254e-09
1.156339832554060e-03,3.691931741171052e-09
1.277953154351212e-03,3.631308675567932e-09
1.405748469786333e-03,3.574495337869111e-09
1.533543785221454e-03,3.523734865510603e-09
1.661339100656575e-03,3.478001375544166e-09
1.789134416091696e-03,3.436268985021555e-09
1.916929731526817e-03,3.397652941379660e-09
2.000000000000000e-03,3.374062214624914e-09
2.044725046961939e-03,3.361832140738706e-09
2.172520362397060e-03,3.328580295679571e-09
2.300315677832181e-03,3.297602450300978e-09
2.428110993267302e-03,3.268598091254274e-09
2.555906308702423e-03,3.241295043670802e-09
2.683701624137544e-03,3.215534486619810e-09
2.811496939572665e-03,3.191185937659503e-09
2.939292255007787e-03,3.168118914348086e-09
3.067087570442908e-03,3.146202934243762e-09
3.194882885878029e-03,3.125317958215088e-09
3.322678201313150e-03,3.105385720793258e-09
3.450473516748271e-03,3.086338400030437e-09
3.578268832183392e-03,3.068108173978790e-09
3.706064147618514e-03,3.050627220690483e-09
3.833859463053635e-03,3.033832454650052e-09
3.961654778488756e-03,3.017679736005856e-09
4.089450093923877e-03,3.002129661305801e-09
4.217245409358998e-03,2.987142827097790e-09
4.345040724794119e-03,2.972679829929727e-09
4.472836040229241e-03,2.958703703450046e-09
4.600631355664362e-03,2.945187229772280e-09
4.728426671099482e-03,2.932105628141981e-09
4.856221986534604e-03,2.919434117804701e-09
4.984017301969726e-03,2.907147918005991e-09
5.111812617404846e-03,2.895223625122803e-09
5.239607932839968e-03,2.883643344018629e-09
5.367403248275089e-03,2.872390556668834e-09
5.495198563710209e-03,2.861448745048784e-09
5.622993879145331e-03,2.850801391133844e-09
5.750789194580453e-03,2.840432807751758e-09
5.878584510015573e-03,2.830330631149206e-09
6.006379825450694e-03,2.820483328429956e-09
6.134175140885816e-03,2.810879366697780e-09
6.261970456320937e-03,2.801507213056448e-09
6.389765771756058e-03,2.792355864659794e-09
6.517561087191179e-03,2.783416438839197e-09
6.645356402626300e-03,2.774680582964744e-09
6.773151718061422e-03,2.766139944406522e-09
6.900947033496543e-03,2.757786170534618e-09
7.028742348931663e-03,2.749611263279312e-09
7.156537664366785e-03,2.741608642810543e-09
7.284332979801906e-03,2.733772083857887e-09
7.412128295237027e-03,2.726095361150920e-09
7.539923610672148e-03,2.718572249419216e-09
7.667718926107269e-03,2.711196767617017e-09
7.795514241542391e-03,2.703963911606152e-09
7.923309556977513e-03,2.696868921477585e-09
8.051104872412632e-03,2.689907037322275e-09
8.178900187847754e-03,2.683073499231183e-09
8.306695503282877e-03,2.676363720154091e-09
8.434490818717996e-03,2.669773804473006e-09
8.562286134153118e-03,2.663300029427230e-09
8.690081449588239e-03,2.656938672256066e-09
8.817876765023359e-03,2.650686010198817e-09
8.945672080458482e-03,2.644538451722091e-09
9.073467395893601e-03,2.638492930204624e-09
9.201262711328723e-03,2.632546510253902e-09
9.329058026763846e-03,2.626696256477415e-09
9.456853342198965e-03,2.620939233482650e-09
9.584648657634087e-03,2.615272584980325e-09
9.712443973069206e-03,2.609693771091527e-09
9.840239288504329e-03,2.604200331039300e-09
9.968034603939451e-03,2.598789804046691e-09
1.009582991937457e-02,2.593459729336746e-09
1.022362523480969e-02,2.588207757612707e-09
1.035142055024482e-02,2.583031985499460e-09
1.047921586567993e-02,2.577930621102512e-09
1.060701118111506e-02,2.572901872527370e-09
1.073480649655018e-02,2.567943947879539e-09
1.086260181198530e-02,2.563055055264527e-09
1.099039712742042e-02,2.558233402787840e-09
1.111819244285554e-02,2.553477198554984e-09
1.124598775829066e-02,2.548784650671466e-09
1.137378307372578e-02,2.544153967242793e-09
1.150157838916090e-02,2.539583450438818e-09
1.162937370459603e-02,2.535071778659634e-09
1.175716902003114e-02,2.530617724356110e-09
1.188496433546627e-02,2.526220059979113e-09
1.201275965090139e-02,2.521877557979511e-09
1.214055496633651e-02,2.517588990808171e-09
1.226835028177163e-02,2.513353130915960e-09
1.239614559720675e-02,2.509168750753746e-09
1.252394091264187e-02,2.505034622772396e-09
1.265173622807700e-02,2.500949519422778e-09
1.277953154351211e-02,2.496912267740084e-09
1.290732685894724e-02,2.492921913116142e-09
1.303512217438236e-02,2.488977555536771e-09
1.316291748981748e-02,2.485078294987789e-09
1.329071280525260e-02,2.481223231455018e-09
1.341850812068772e-02,2.477411464924275e-09
1.354630343612284e-02,2.473642095381380e-09
1.367409875155796e-02,2.469914222812153e-09
1.380189406699308e-02,2.466226947202413e-09
1.392968938242821e-02,2.462579368537980e-09
1.405748469786333e-02,2.458970625131253e-09
1.418528001329845e-02,2.455400008603178e-09
1.431307532873357e-02,2.451866848902392e-09
1.444087064416869e-02,2.448370475977533e-09
1.456866595960381e-02,2.444910219777238e-09
1.469646127503893e-02,2.441485410250144e-09
1.482425659047405e-02,2.438095377344889e-09
1.495205190590917e-02,2.434739451010110e-09
1.507984722134430e-02,2.431416961194444e-09
1.520764253677942e-02,2.428127237846529e-09
1.533543785221454e-02,2.424869636767348e-09
1.546323316764966e-02,2.421643617161116e-09
1.559102848308478e-02,2.418448664081312e-09
1.571882379851990e-02,2.415284262581418e-09
1.584661911395502e-02,2.412149897714914e-09
1.597441442939014e-02,2.409045054535281e-09
1.610220974482527e-02,2.405969218095999e-09
1.623000506026039e-02,2.402921873450552e-09
1.635780037569551e-02,2.399902505652417e-09
1.648559569113063e-02,2.396910599755078e-09
1.661339100656575e-02,2.393945659590209e-09
1.674118632200087e-02,2.391007264109869e-09
1.686898163743599e-02,2.388095011048108e-09
1.699677695287111e-02,2.385208498138978e-09
1.712457226830624e-02,2.382347323116532e-09
1.725236758374135e-02,2.379511083714821e-09
1.738016289917648e-02,2.376699377667896e-09
1.750795821461160e-02,2.373911802709810e-09
1.763575353004672e-02,2.371147956574613e-09
1.776354884548184e-02,2.368407436996359e-09
1.789134416091696e-02,2.365689855310667e-09
1.801913947635208e-02,2.362994877260907e-09
1.814693479178720e-02,2.360322182192753e-09
1.827473010722232e-02,2.357671449451883e-09
1.840252542265745e-02,2.355042358383969e-09
1.853032073809257e-02,2.352434588334687e-09
1.865811605352769e-02,2.349847818649714e-09
1.878591136896281e-02,2.347281728674725e-09
1.891370668439793e-02,2.344735997755393e-09
1.904150199983305e-02,2.342210305237396e-09
1.916929731526817e-02,2.339704340882751e-09
1.929709263070329e-02,2.337217836116901e-09
1.942488794613842e-02,2.334750532780652e-09
1.955268326157353e-02,2.332302172714811e-09
1.968047857700866e-02,2.329872497760185e-09
1.980827389244378e-02,2.327461249757580e-09
1.993606920787890e-02,2.325068170547805e-09
2.006386452331402e-02,2.322693001971665e-09
2.019165983874914e-02,2.320335485869969e-09
2.031945515418426e-02,2.317995364083522e-09
2.044725046961939e-02,2.315672385991830e-09
2.057504578505450e-02,2.313366331132628e-09
2.070284110048963e-02,2.311076986584062e-09
2.083063641592475e-02,2.308804139424279e-09
2.095843173135987e-02,2.306547576731427e-09
2.108622704679499e-02,2.304307085583653e-09
2.121402236223011e-02,2.302082453059105e-09
2.134181767766523e-02,2.299873466235928e-09
2.146961299310035e-02,2.297679912192272e-09
2.159740830853547e-02,2.295501578006283e-09
2.172520362397060e-02,2.293338256957579e-09
2.185299893940572e-02,2.291189767132646e-09
2.198079425484084e-02,2.289055932819932e-09
2.210858957027596e-02,2.286936578307885e-09
2.223638488571108e-02,2.284831527884956e-09
2.236418020114620e-02,2.282740605839591e-09
2.249197551658132e-02,2.280663636460241e-09
2.261977083201644e-02,2.278600444035353e-09
2.274756614745157e-02,2.276550852853375e-09
2.287536146288669e-02,2.274514687202759e-09
2.300315677832181e-02,2.272491776112556e-09
2.313095209375693e-02,2.270481967573596e-09
2.325874740919205e-02,2.268485114316989e-09
2.338654272462717e-02,2.266501069073842e-09
2.351433804006229e-02,2.264529684575266e-09
2.364213335549741e-02,2.262570813552369e-09
2.376992867093253e-02,2.260624308736261e-09
2.389772398636766e-02,2.258690022858049e-09
2.402551930180278e-02,2.256767808648844e-09
2.415331461723790e-02,2.254857518839755e-09
2.428110993267302e-02,2.252959009911537e-09
2.440890524810814e-02,2.251072153341909e-09
2.453670056354326e-02,2.249196824357424e-09
2.466449587897838e-02,2.247332898184634e-09
2.479229119441350e-02,2.245480250050092e-09
2.492008650984863e-02,2.243638755180351e-09
2.504788182528375e-02,2.241808288801963e-09
2.517567714071887e-02,2.239988726141482e-09
2.530347245615399e-02,2.238179942425460e-09
2.543126777158911e-02,2.236381812880449e-09
2.555906308702423e-02,2.234594215862903e-09
2.568685840245935e-02,2.232817042249525e-09
2.581465371789447e-02,2.231050186047250e-09
2.594244903332960e-02,2.229293541263011e-09
2.607024434876471e-02,2.227547001903739e-09
2.619803966419984e-02,2.225810461976368e-09
2.632583497963496e-02,2.224083815487830e-09
2.645363029507008e-02,2.222366956445059e-09
2.658142561050520e-02,2.220659778854986e-09
2.670922092594032e-02,2.218962176724544e-09
2.683701624137544e-02,2.217274046520096e-09
2.696481155681056e-02,2.215595294545497e-09
2.709260687224568e-02,2.213925829563927e-09
2.722040218768081e-02,2.212265560338563e-09
2.734819750311593e-02,2.210614395632586e-09
2.747599281855105e-02,2.208972244209173e-09
2.760378813398617e-02,2.207339014831504e-09
2.773158344942129e-02,2.205714616262756e-09
2.785937876485641e-02,2.204098957266108e-09
2.798717408029153e-02,2.202491946604739e-09
2.811496939572665e-02,2.200893495012213e-09
2.824276471116178e-02,2.199303521102871e-09
2.837056002659689e-02,2.197721945461064e-09
2.849835534203202e-02,2.196148688671143e-09
2.862615065746714e-02,2.194583671317458e-09
2.875394597290226e-02,2.193026813984359e-09
2.888174128833738e-02,2.191478037256195e-09
2.900953660377250e-02,2.189937261717318e-09
2.913733191920762e-02,2.188404407952077e-09
2.926512723464274e-02,2.186879396544822e-09
2.939292255007787e-02,2.185362149939046e-09
2.952071786551299e-02,2.183852598015287e-09
2.964851318094811e-02,2.182350672513471e-09
2.977630849638323e-02,2.180856305173520e-09
2.990410381181835e-02,2.179369427735356e-09
3.003189912725347e-02,2.177889971938905e-09
3.015969444268859e-02,2.176417869524088e-09
3.028748975812371e-02,2.174953052230830e-09
3.041528507355883e-02,2.173495451799053e-09
3.054308038899396e-02,2.172044999968680e-09
3.067087570442908e-02,2.170601629741882e-09
3.079867101986420e-02,2.169165279169766e-09
3.092646633529932e-02,2.167735887565664e-09
3.105426165073444e-02,2.166313394242906e-09
3.118205696616956e-02,2.164897738514825e-09
3.130985228160468e-02,2.163488859694750e-09
3.143764759703981e-02,2.162086697096014e-09
3.156544291247493e-02,2.160691190031947e-09
3.169323822791005e-02,2.159302277815882e-09
3.182103354334517e-02,2.157919899761148e-09
3.194882885878029e-02,2.156543996503639e-09
3.207662417421541e-02,2.155174513969051e-09
3.220441948965053e-02,2.153811399405419e-09
3.233221480508566e-02,2.152454600060783e-09
3.246001012052077e-02,2.151104063183180e-09
3.258780543595589e-02,2.149759736020645e-09
3.271560075139102e-02,2.148421565821217e-09
3.284339606682614e-02,2.147089499832933e-09
3.297119138226126e-02,2.145763485303830e-09
3.309898669769638e-02,2.144443469481945e-09
3.322678201313150e-02,2.143129400585915e-09
3.335457732856662e-02,2.141821230717076e-09
3.348237264400174e-02,2.140518912947513e-09
3.361016795943687e-02,2.139222400349313e-09
3.373796327487198e-02,2.137931645994561e-09
3.386575859030710e-02,2.136646602955344e-09
3.399355390574223e-02,2.135367224303746e-09
3.412134922117735e-02,2.134093463111854e-09
3.424914453661247e-02,2.132825272451754e-09
3.437693985204759e-02,2.131562605395531e-09
3.450473516748271e-02,2.130305415846008e-09
3.463253048291783e-02,2.129053661028959e-09
3.476032579835295e-02,2.127807299000901e-09
3.488812111378808e-02,2.126566287818352e-09
3.501591642922319e-02,2.125330585537828e-09
3.514371174465832e-02,2.124100150215847e-09
3.527150706009344e-02,2.122874939908925e-09
3.539930237552856e-02,2.121654912673579e-09
3.552709769096368e-02,2.120440026566327e-09
3.565489300639881e-02,2.119230239643684e-09
3.578268832183392e-02,2.118025510840543e-09
3.591048363726904e-02,2.116825802605037e-09
3.603827895270417e-02,2.115631078263553e-09
3.616607426813929e-02,2.114441301142477e-09
3.629386958357441e-02,2.113256434568192e-09
3.642166489900953e-02,2.112076441867085e-09
3.654946021444465e-02,2.110901286365541e-09
3.667725552987977e-02,2.109730931389945e-09
3.680505084531489e-02,2.108565340266682e-09
3.693284616075002e-02,2.107404476322138e-09
3.706064147618514e-02,2.106248303296956e-09
3.718843679162025e-02,2.105096786588959e-09
3.731623210705538e-02,2.103949892010302e-09
3.744402742249050e-02,2.102807585373141e-09
3.757182273792562e-02,2.101669832489632e-09
3.769961805336074e-02,2.100536599171931e-09
3.782741336879586e-02,2.099407851232191e-09
3.795520868423098e-02,2.098283554482571e-09
3.808300399966610e-02,2.097163674735225e-09
3.821079931510123e-02,2.096048177802308e-09
3.833859463053635e-02,2.094937030354254e-09
3.846638994597146e-02,2.093830202494659e-09
3.859418526140659e-02,2.092727665185426e-09
3.872198057684171e-02,2.091629389388456e-09
3.884977589227683e-02,2.090535346065650e-09
3.897757120771195e-02,2.089445506178911e-09
3.910536652314707e-02,2.088359840690141e-09
3.923316183858219e-02,2.087278320561241e-09
3.936095715401731e-02,2.086200916754112e-09
3.948875246945244e-02,2.085127600230657e-09
3.961654778488756e-02,2.084058342159720e-09
3.974434310032268e-02,2.082993114537861e-09
3.987213841575780e-02,2.081931889568560e-09
3.999993373119292e-02,2.080874639455297e-09
4.012772904662804e-02,2.079821336401551e-09
4.025552436206317e-02,2.078771952610801e-09
4.038331967749829e-02,2.077726460286527e-09
4.051111499293340e-02,2.076684831632208e-09
4.063891030836853e-02,2.075647038851323e-09
4.076670562380365e-02,2.074613054147352e-09
4.089450093923877e-02,2.073582850314950e-09
4.102229625467389e-02,2.072556402513727e-09
4.115009157010902e-02,2.071533686494589e-09
4.127788688554413e-02,2.070514678008443e-09
4.140568220097925e-02,2.069499352806195e-09
4.153347751641438e-02,2.068487686638752e-09
4.166127283184950e-02,2.067479655257021e-09
4.178906814728462e-02,2.066475234411908e-09
4.191686346271974e-02,2.065474399854321e-09
4.204465877815486e-02,2.064477127335166e-09
4.217245409358998e-02,2.063483392930052e-09
4.230024940902510e-02,2.062493174013439e-09
4.242804472446023e-02,2.061506448284505e-09
4.255584003989534e-02,2.060523193442431e-09
4.268363535533046e-02,2.059543387186396e-09
4.281143067076559e-02,2.058567007215581e-09
4.293922598620071e-02,2.057594031229166e-09
4.306702130163583e-02,2.056624436926329e-09
4.319481661707095e-02,2.055658202006251e-09
4.332261193250607e-02,2.054695304168112e-09
4.345040724794119e-02,2.053735721480173e-09
4.357820256337631e-02,2.052779433486951e-09
4.370599787881144e-02,2.051826420102011e-09
4.383379319424656e-02,2.050876661238919e-09
4.396158850968167e-02,2.049930136811239e-09
4.408938382511680e-02,2.048986826732537e-09
4.421717914055192e-02,2.048046710916377e-09
4.434497445598704e-02,2.047109769276326e-09
4.447276977142216e-02,2.046175981725946e-09
4.460056508685728e-02,2.045245328178805e-09
4.472836040229240e-02,2.044317788746700e-09
4.485615571772752e-02,2.043393344334456e-09
4.498395103316265e-02,2.042471976045176e-09
4.511174634859777e-02,2.041553664981966e-09
4.523954166403289e-02,2.040638392247926e-09
4.536733697946801e-02,2.039726138946164e-09
4.549513229490313e-02,2.038816886179781e-09
4.562292761033825e-02,2.037910615051881e-09
4.575072292577338e-02,2.037007306665569e-09
4.587851824120850e-02,2.036106942123948e-09
4.600631355664361e-02,2.035209502943598e-09
4.613410887207874e-02,2.034314972295077e-09
4.626190418751386e-02,2.033423333762451e-09
4.638969950294898e-02,2.032534570929789e-09
4.651749481838410e-02,2.031648667381157e-09
4.664529013381922e-02,2.030765606700624e-09
4.677308544925434e-02,2.029885372472258e-09
4.690088076468946e-02,2.029007948280125e-09
4.702867608012459e-02,2.028133317708293e-09
4.715647139555971e-02,2.027261464340830e-09
4.728426671099482e-02,2.026392371767947e-09
4.741206202642995e-02,2.025526023604435e-09
4.753985734186507e-02,2.024662403471224e-09
4.766765265730019e-02,2.023801494989248e-09
4.779544797273531e-02,2.022943281779439e-09
4.792324328817044e-02,2.022087747462729e-09
4.805103860360555e-02,2.021234875660053e-09
4.817883391904067e-02,2.020384649992341e-09
4.830662923447580e-02,2.019537054080528e-09
4.843442454991092e-02,2.018692071545545e-09
4.856221986534604e-02,2.017849686627775e-09
4.869001518078116e-02,2.017009886045130e-09
4.881781049621628e-02,2.016172657134844e-09
4.894560581165140e-02,2.015337987234147e-09
4.907340112708652e-02,2.014505863680271e-09
4.920119644252165e-02,2.013676273810447e-09
4.932899175795677e-02,2.012849204961906e-09
4.945678707339188e-02,2.012024644471880e-09
4.958458238882701e-02,2.011202579677599e-09
4.971237770426213e-02,2.010382997916296e-09
4.984017301969725e-02,2.009565884817252e-09
4.996796833513237e-02,2.008751219177579e-09
5.000000000000000e-02,2.008547405619065e-09
5.009576365056749e-02,2.007938978889613e-09
5.022355896600261e-02,2.007129148853014e-09
5.035135428143774e-02,2.006321717581895e-09
5.047914959687286e-02,2.005516673620432e-09
5.060694491230798e-02,2.004714005512804e-09
5.073474022774310e-02,2.003913701803187e-09
5.086253554317822e-02,2.003115751035758e-09
5.099033085861334e-02,2.002320141754694e-09
5.111812617404846e-02,2.001526862353294e-09
5.124592148948359e-02,2.000735900621343e-09
5.137371680491870e-02,1.999947244197757e-09
5.150151212035382e-02,1.999160880721450e-09
5.162930743578895e-02,1.998376797831335e-09
5.175710275122407e-02,1.997594983166327e-09
5.188489806665919e-02,1.996815424365340e-09
5.201269338209431e-02,1.996038109067287e-09
5.214048869752943e-02,1.995263024911084e-09
5.226828401296455e-02,1.994490159535644e-09
5.239607932839967e-02,1.993719500738958e-09
5.252387464383480e-02,1.992951036955262e-09
5.265166995926992e-02,1.992184756777840e-09
5.277946527470503e-02,1.991420648799977e-09
5.290726059014016e-02,1.990658701614956e-09
5.303505590557528e-02,1.989898903816060e-09
5.316285122101040e-02,1.989141243996573e-09
5.329064653644552e-02,1.988385710749779e-09
5.341844185188065e-02,1.987632292668961e-09
5.354623716731576e-02,1.986880978347404e-09
5.367403248275088e-02,1.986131756561357e-09
5.380182779818601e-02,1.985384616818979e-09
5.392962311362113e-02,1.984639548811423e-09
5.405741842905625e-02,1.983896542229839e-09
5.418521374449137e-02,1.983155586765377e-09
5.431300905992649e-02,1.982416672109189e-09
5.444080437536161e-02,1.981679787952425e-09
5.456859969079673e-02,1.980944923986236e-09
5.469639500623186e-02,1.980212069901773e-09
5.482419032166697e-02,1.979481215390186e-09
5.495198563710210e-02,1.978752350224927e-09
5.507978095253722e-02,1.978025464508645e-09
5.520757626797234e-02,1.977300548426286e-09
5.533537158340746e-02,1.976577592162799e-09
5.546316689884258e-02,1.975856585903133e-09
5.559096221427770e-02,1.975137519832233e-09
5.571875752971282e-02,1.974420384135049e-09
5.584655284514795e-02,1.973705168996528e-09
5.597434816058307e-02,1.972991864601618e-09
5.610214347601819e-02,1.972280461135266e-09
5.622993879145331e-02,1.971570948934854e-09
5.635773410688843e-02,1.970863318947446e-09
5.648552942232355e-02,1.970157562272513e-09
5.661332473775867e-02,1.969453670009529e-09
5.674112005319380e-02,1.968751633257965e-09
5.686891536862891e-02,1.968051443117294e-09
5.699671068406403e-02,1.967353090686989e-09
5.712450599949916e-02,1.966656567066520e-09
5.725230131493428e-02,1.965961863355361e-09
5.738009663036940e-02,1.965268970652985e-09
5.750789194580452e-02,1.964577880110934e-09
5.763568726123964e-02,1.963888583089055e-09
5.776348257667476e-02,1.963201070999273e-09
5.789127789210988e-02,1.962515335253512e-09
5.801907320754501e-02,1.961831367263698e-09
5.814686852298013e-02,1.961149158441757e-09
5.827466383841524e-02,1.960468700199614e-09
5.840245915385037e-02,1.959789983949193e-09
5.853025446928549e-02,1.959113001102421e-09
5.865804978472061e-02,1.958437743071222e-09
5.878584510015573e-02,1.957764201412253e-09
5.891364041559085e-02,1.957092368261100e-09
5.904143573102597e-02,1.956422235898077e-09
5.916923104646109e-02,1.955753796603505e-09
5.929702636189622e-02,1.955087042657699e-09
5.942482167733134e-02,1.954421966340977e-09
5.955261699276646e-02,1.953758559933657e-09
5.968041230820158e-02,1.953096815716055e-09
5.980820762363670e-02,1.952436725968490e-09
5.993600293907182e-02,1.951778282971278e-09
6.006379825450694e-02,1.951121479083739e-09
6.019159356994207e-02,1.950466306981174e-09
6.031938888537718e-02,1.949812759417877e-09
6.044718420081231e-02,1.949160829148141e-09
6.057497951624743e-02,1.948510508926260e-09
6.070277483168255e-02,1.947861791506524e-09
6.083057014711767e-02,1.947214669643229e-09
6.095836546255279e-02,1.946569136090667e-09
6.108616077798791e-02,1.945925183603131e-09
6.121395609342303e-02,1.945282804934914e-09
6.134175140885816e-02,1.944641992863040e-09
6.146954672429328e-02,1.944002740255468e-09
6.159734203972840e-02,1.943365040002893e-09
6.172513735516352e-02,1.942728884996007e-09
6.185293267059864e-02,1.942094268125505e-09
6.198072798603376e-02,1.941461182282080e-09
6.210852330146888e-02,1.940829620356428e-09
6.223631861690401e-02,1.940199575239241e-09
6.236411393233912e-02,1.939571039821214e-09
6.249190924777424e-02,1.938944006993041e-09
6.261970456320937e-02,1.938318469786090e-09
6.274749987864449e-02,1.937694421794443e-09
6.287529519407961e-02,1.937071856752858e-09
6.300309050951473e-02,1.936450768396098e-09
6.313088582494986e-02,1.935831150458921e-09
6.325868114038498e-02,1.935212996676089e-09
6.338647645582010e-02,1.934596300782360e-09
6.351427177125522e-02,1.933981056512497e-09
6.364206708669033e-02,1.933367257601258e-09
6.376986240212545e-02,1.932754897783405e-09
6.389765771756058e-02,1.932143970838949e-09
6.402545303299570e-02,1.931534470728896e-09
6.415324834843082e-02,1.930926391459499e-09
6.428104366386594e-02,1.930319727037012e-09
6.440883897930107e-02,1.929714471467688e-09
6.453663429473619e-02,1.929110618757779e-09
6.466442961017131e-02,1.928508162913538e-09
6.479222492560642e-02,1.927907097941219e-09
6.492002024104154e-02,1.927307417847074e-09
6.504781555647667e-02,1.926709116637357e-09
6.517561087191179e-02,1.926112188337602e-09
6.530340618734691e-02,1.925516627050483e-09
6.543120150278203e-02,1.924922426897963e-09
6.555899681821716e-02,1.924329582001999e-09
6.568679213365228e-02,1.923738086484554e-09
6.581458744908740e-02,1.923147934467587e-09
6.594238276452252e-02,1.922559120073059e-09
6.607017807995763e-02,1.921971637422931e-09
6.619797339539275e-02,1.921385480639162e-09
6.632576871082788e-02,1.920800643843714e-09
6.645356402626300e-02,1.920217121266703e-09
6.658135934169812e-02,1.919634907570882e-09
6.670915465713324e-02,1.919053997527171e-09
6.683694997256837e-02,1.918474385906484e-09
6.696474528800349e-02,1.917896067479740e-09
6.709254060343861e-02,1.917319037017856e-09
6.722033591887373e-02,1.916743289291748e-09
6.734813123430886e-02,1.916168819072334e-09
6.747592654974396e-02,1.915595621130531e-09
6.760372186517909e-02,1.915023690237256e-09
6.773151718061421e-02,1.914453021210052e-09
6.785931249604933e-02,1.913883609052966e-09
6.798710781148445e-02,1.913315448816663e-09
6.811490312691958e-02,1.912748535551813e-09
6.824269844235470e-02,1.912182864309083e-09
6.837049375778982e-02,1.911618430139140e-09
6.849828907322494e-02,1.911055228092652e-09
6.862608438866007e-02,1.910493253220288e-09
6.875387970409517e-02,1.909932500572714e-09
6.888167501953030e-02,1.909372965200598e-09
6.900947033496542e-02,1.908814642190302e-09
6.913726565040054e-02,1.908257526770979e-09
6.926506096583566e-02,1.907701614207485e-09
6.939285628127079e-02,1.907146899764675e-09
6.952065159670591e-02,1.906593378707404e-09
6.964844691214103e-02,1.906041046300527e-09
6.977624222757615e-02,1.905489897808902e-09
6.990403754301128e-02,1.904939928497381e-09
7.003183285844640e-02,1.904391133630821e-09
7.015962817388151e-02,1.903843508474078e-09
7.028742348931663e-02,1.903297048323191e-09
7.041521880475175e-02,1.902751748598941e-09
7.054301412018688e-02,1.902207604753298e-09
7.067080943562200e-02,1.901664612238229e-09
7.079860475105712e-02,1.901122766505705e-09
7.092640006649224e-02,1.900582063007692e-09
7.105419538192737e-02,1.900042497196160e-09
7.118199069736249e-02,1.899504064523078e-09
7.130978601279761e-02,1.898966760440414e-09
7.152277820518949e-02,1.898073749262003e-09
7.173577039758135e-02,1.897183839671137e-09
7.194876258997322e-02,1.896297012128564e-09
7.216175478236508e-02,1.895413247398327e-09
7.237474697475696e-02,1.894532526244471e-09
7.258773916714882e-02,1.893654829431041e-09
7.280073135954070e-02,1.892780137722083e-09
7.301372355193256e-02,1.891908431881640e-09
7.322671574432443e-02,1.891039692673758e-09
7.343970793671629e-02,1.890173900862481e-09
7.365270012910817e-02,1.889311037211854e-09
7.386569232150003e-02,1.888451082801967e-09
7.407868451389191e-02,1.887594019977083e-09
7.429167670628377e-02,1.886739831397509e-09
7.450466889867564e-02,1.885888499723553e-09
7.471766109106751e-02,1.885040007615522e-09
7.493065328345938e-02,1.884194337733723e-09
7.514364547585124e-02,1.883351472738462e-09
7.535663766824312e-02,1.882511395290048e-09
7.556962986063498e-02,1.881674088048788e-09
7.578262205302685e-02,1.880839533674988e-09
7.599561424541872e-02,1.880007715049248e-09
7.620860643781059e-02,1.879178615933309e-09
7.642159863020245e-02,1.878352220309194e-09
7.663459082259433e-02,1.877528512158922e-09
7.684758301498619e-02,1.876707475464516e-09
7.706057520737807e-02,1.875889094207997e-09
7.727356739976993e-02,1.875073352371385e-09
7.748655959216180e-02,1.874260233936702e-09
7.769955178455366e-02,1.873449722885970e-09
7.791254397694554e-02,1.872641803201209e-09
7.812553616933740e-02,1.871836459094429e-09
7.833852836172928e-02,1.871033675697544e-09
7.855152055412114e-02,1.870233438372431e-09
7.876451274651301e-02,1.869435732480964e-09
7.897750493890487e-02,1.868640543385022e-09
7.919049713129675e-02,1.867847856446480e-09
7.940348932368861e-02,1.867057657027214e-09
7.961648151608049e-02,1.866269930489100e-09
7.982947370847235e-02,1.865484662194016e-09
8.004246590086422e-02,1.864701837503838e-09
8.025545809325609e-02,1.863921441998136e-09
8.046845028564796e-02,1.863143462127318e-09
8.068144247803982e-02,1.862367884559507e-09
8.089443467043170e-02,1.861594695962830e-09
8.110742686282357e-02,1.860823883005413e-09
8.132041905521543e-02,1.860055432355381e-09
8.153341124760730e-02,1.859289330680861e-09
8.174640343999917e-02,1.858525564649977e-09
8.195939563239105e-02,1.857764120930857e-09
8.217238782478291e-02,1.857004986191625e-09
8.238538001717477e-02,1.856248147224429e-09
8.259837220956665e-02,1.855493591317512e-09
8.281136440195852e-02,1.854741305883150e-09
8.302435659435038e-02,1.853991278333616e-09
8.323734878674224e-02,1.853243496081184e-09
8.345034097913412e-02,1.852497946538126e-09
8.366333317152599e-02,1.851754617116718e-09
8.387632536391786e-02,1.851013495229232e-09
8.408931755630973e-02,1.850274568287943e-09
8.430230974870159e-02,1.849537823705123e-09
8.451530194109347e-02,1.848803249087537e-09
8.472829413348533e-02,1.848070832819907e-09
8.494128632587720e-02,1.847340563481449e-09
8.515427851826907e-02,1.846612429651377e-09
8.536727071066094e-02,1.845886419908905e-09
8.558026290305280e-02,1.845162522833249e-09
8.579325509544468e-02,1.844440727003621e-09
8.600624728783654e-02,1.843721020999238e-09
8.621923948022842e-02,1.843003393399313e-09
8.643223167262028e-02,1.842287832783062e-09
8.664522386501215e-02,1.841574327912430e-09
8.685821605740401e-02,1.840862868280277e-09
8.707120824979589e-02,1.840153443562187e-09
8.728420044218775e-02,1.839446043433740e-09
8.749719263457963e-02,1.838740657570522e-09
8.771018482697149e-02,1.838037275648114e-09
8.792317701936336e-02,1.837335887342100e-09
8.813616921175522e-02,1.836636482328062e-09
8.834916140414710e-02,1.835939050281583e-09
8.856215359653896e-02,1.835243580878246e-09
8.877514578893084e-02,1.834550063823605e-09
8.898813798132270e-02,1.833858488943094e-09
8.920113017371457e-02,1.833168846092115e-09
8.941412236610644e-02,1.832481125126071e-09
8.962711455849831e-02,1.831795315900363e-09
8.984010675089017e-02,1.831111408270393e-09
9.005309894328205e-02,1.830429392091564e-09
9.026609113567391e-02,1.829749257219278e-09
9.047908332806578e-02,1.829070993508937e-09
9.069207552045766e-02,1.828394590815944e-09
9.090506771284952e-02,1.827720039202900e-09
9.111805990524138e-02,1.827047329561263e-09
9.133105209763326e-02,1.826376452989716e-09
9.154404429002513e-02,1.825707400586944e-09
9.175703648241700e-02,1.825040163451630e-09
9.197002867480886e-02,1.824374732682459e-09
9.218302086720073e-02,1.823711099378112e-09
9.239601305959261e-02,1.823049254637276e-09
9.260900525198447e-02,1.822389189558632e-09
9.282199744437633e-02,1.821730895240866e-09
9.303498963676821e-02,1.821074362857529e-09
9.324798182916008e-02,1.820419583881659e-09
9.346097402155194e-02,1.819766549861168e-09
9.367396621394380e-02,1.819115252343968e-09
9.388695840633568e-02,1.818465682877969e-09
9.409995059872756e-02,1.817817833011085e-09
9.431294279111942e-02,1.817171694291227e-09
9.452593498351128e-02,1.816527258266306e-09
9.473892717590315e-02,1.815884516484234e-09
9.495191936829503e-02,1.815243460492923e-09
9.516491156068689e-02,1.814604081948407e-09
9.537790375307875e-02,1.813966372939218e-09
9.559089594547063e-02,1.813330325662008e-09
9.580388813786250e-02,1.812695932313433e-09
9.601688033025436e-02,1.812063185090149e-09
9.622987252264624e-02,1.811432076188809e-09
9.644286471503810e-02,1.810802597806069e-09
9.665585690742998e-02,1.810174742138584e-09
9.686884909982184e-02,1.809548501383007e-09
9.708184129221371e-02,1.808923867735995e-09
9.729483348460558e-02,1.808300833396179e-09
9.750782567699745e-02,1.807679390570103e-09
9.772081786938931e-02,1.807059531466286e-09
9.793381006178119e-02,1.806441248293248e-09
9.814680225417305e-02,1.805824533259510e-09
9.835979444656492e-02,1.805209378573591e-09
9.857278663895679e-02,1.804595776444012e-09
9.878577883134866e-02,1.803983719079292e-09
9.899877102374052e-02,1.803373198687953e-09
9.921176321613240e-02,1.802764207478513e-09
9.942475540852426e-02,1.802156737925300e-09
9.963774760091614e-02,1.801550783565811e-09
9.985073979330800e-02,1.800946338203330e-09
1.000637319857000e-01,1.800343395641136e-09
1.002767241780920e-01,1.799741949682512e-09
1.004897163704840e-01,1.799141994130739e-09
1.007027085628750e-01,1.798543522789102e-09
1.009157007552670e-01,1.797946529460875e-09
1.011286929476590e-01,1.797351007949344e-09
1.013416851400510e-01,1.796756952057789e-09
1.015546773324430e-01,1.796164355461017e-09
1.017676695248350e-01,1.795573211319821e-09
1.019806617172270e-01,1.794983512666469e-09
1.021936539096190e-01,1.794395252533225e-09
1.024066461020100e-01,1.793808423952357e-09
1.026196382944020e-01,1.793223019956126e-09
1.028326304867940e-01,1.792639033576801e-09
1.030456226791860e-01,1.792056457846645e-09
1.032586148715780e-01,1.791475285797926e-09
1.034716070639700e-01,1.790895510462909e-09
1.036845992563620e-01,1.790317125082557e-09
1.038975914487540e-01,1.789740123732541e-09
1.041105836411450e-01,1.789164500697191e-09
1.043235758335370e-01,1.788590250260830e-09
1.045365680259290e-01,1.788017366707788e-09
1.047495602183210e-01,1.787445844322391e-09
1.049625524107130e-01,1.786875677388968e-09
1.051755446031050e-01,1.786306860191846e-09
1.053885367954970e-01,1.785739387015352e-09
1.056015289878880e-01,1.785173252143818e-09
1.058145211802800e-01,1.784608449849736e-09
1.060275133726720e-01,1.784044974358317e-09
1.062405055650640e-01,1.783482819882949e-09
1.064534977574560e-01,1.782921980637023e-09
1.066664899498480e-01,1.782362450833927e-09
1.068794821422400e-01,1.781804224687050e-09
1.070924743346320e-01,1.781247296409781e-09
1.073054665270230e-01,1.780691660215512e-09
1.075184587194150e-01,1.780137310317626e-09
1.077314509118070e-01,1.779584240929517e-09
1.079444431041990e-01,1.779032446351239e-09
1.081574352965910e-01,1.778481921229764e-09
1.083704274889830e-01,1.777932660298846e-09
1.085834196813750e-01,1.777384658292244e-09
1.087964118737660e-01,1.776837909943716e-09
1.090094040661580e-01,1.776292409987015e-09
1.092223962585500e-01,1.775748153155900e-09
1.094353884509420e-01,1.775205134184127e-09
1.096483806433340e-01,1.774663347805454e-09
1.098613728357260e-01,1.774122788753636e-09
1.100743650281180e-01,1.773583451808055e-09
1.102873572205100e-01,1.773045331930647e-09
1.105003494129010e-01,1.772508424129009e-09
1.107133416052930e-01,1.771972723410732e-09
1.109263337976850e-01,1.771438224783413e-09
1.111393259900770e-01,1.770904923254647e-09
1.113523181824690e-01,1.770372813832029e-09
1.115653103748610e-01,1.769841891523153e-09
1.117783025672530e-01,1.769312151335615e-09
1.119912947596450e-01,1.768783588277009e-09
1.122042869520360e-01,1.768256197415322e-09
1.124172791444280e-01,1.767729974060101e-09
1.126302713368200e-01,1.767204913581300e-09
1.128432635292120e-01,1.766681011348869e-09
1.130562557216040e-01,1.766158262732759e-09
1.132692479139960e-01,1.765636663102920e-09
1.134822401063880e-01,1.765116207829303e-09
1.136952322987790e-01,1.764596892281861e-09
1.139082244911710e-01,1.764078711830539e-09
1.141212166835630e-01,1.763561661845291e-09
1.143342088759550e-01,1.763045737721248e-09
1.145472010683470e-01,1.762530934954245e-09
1.147601932607390e-01,1.762017249065285e-09
1.149731854531310e-01,1.761504675575371e-09
1.151861776455230e-01,1.760993210005507e-09
1.153991698379140e-01,1.760482847876698e-09
1.156121620303060e-01,1.759973584709943e-09
1.158251542226980e-01,1.759465416026249e-09
1.160381464150900e-01,1.758958337346618e-09
1.162511386074820e-01,1.758452344192053e-09
1.164641307998740e-01,1.757947432121076e-09
1.166771229922660e-01,1.757443596842190e-09
1.168901151846570e-01,1.756940834101376e-09
1.171031073770490e-01,1.756439139644611e-09
1.173160995694410e-01,1.755938509217876e-09
1.175290917618330e-01,1.755438938567151e-09
1.177420839542250e-01,1.754940423438416e-09
1.179550761466170e-01,1.754442959577650e-09
1.181680683390090e-01,1.753946542730834e-09
1.183810605314010e-01,1.753451168643946e-09
1.185940527237920e-01,1.752956833140130e-09
1.188070449161840e-01,1.752463532351329e-09
1.190200371085760e-01,1.751971262486741e-09
1.192330293009680e-01,1.751480019755561e-09
1.194460214933600e-01,1.750989800366984e-09
1.196590136857520e-01,1.750500600530204e-09
1.198720058781440e-01,1.750012416454417e-09
1.200849980705360e-01,1.749525244348818e-09
1.202979902629270e-01,1.749039080422604e-09
1.205109824553190e-01,1.748553920884964e-09
1.207239746477110e-01,1.748069761944484e-09
1.209369668401030e-01,1.747586599807289e-09
1.211499590324950e-01,1.747104430678893e-09
1.213629512248870e-01,1.746623250764809e-09
1.215759434172790e-01,1.746143056270549e-09
1.217889356096700e-01,1.745663843401629e-09
1.220019278020620e-01,1.745185608363558e-09
1.222149199944540e-01,1.744708347361850e-09
1.224279121868460e-01,1.744232056602019e-09
1.226409043792380e-01,1.743756732289578e-09
1.228538965716300e-01,1.743282370669032e-09
1.230668887640220e-01,1.742808968140848e-09
1.232798809564140e-01,1.742336521144481e-09
1.234928731488050e-01,1.741865026119388e-09
1.237058653411970e-01,1.741394479505019e-09
1.239188575335890e-01,1.740924877740832e-09
1.241318497259810e-01,1.740456217266281e-09
1.243448419183730e-01,1.739988494520820e-09
1.245578341107650e-01,1.739521705943905e-09
1.247708263031570e-01,1.739055847974990e-09
1.249838184955480e-01,1.738590917084329e-09
1.251968106879400e-01,1.738126909865310e-09
1.254098028803320e-01,1.737663822942101e-09
1.256227950727240e-01,1.737201652938867e-09
1.258357872651160e-01,1.736740396479775e-09
1.260487794575080e-01,1.736280050188991e-09
1.262617716499000e-01,1.735820610690681e-09
1.264747638422920e-01,1.735362074609011e-09
1.266877560346830e-01,1.734904438568150e-09
1.269007482270750e-01,1.734447699192257e-09
1.271137404194670e-01,1.733991853168335e-09
1.273267326118590e-01,1.733536897434541e-09
1.275397248042510e-01,1.733082828991779e-09
1.277527169966430e-01,1.732629644840954e-09
1.279657091890350e-01,1.732177341982971e-09
1.281787013814270e-01,1.731725917418733e-09
1.283916935738180e-01,1.731275368149148e-09
1.286046857662100e-01,1.730825691175115e-09
1.288176779586020e-01,1.730376883497542e-09
1.290306701509940e-01,1.729928942117334e-09
1.292436623433860e-01,1.729481864004789e-09
1.294566545357780e-01,1.729035646007745e-09
1.296696467281700e-01,1.728590284943404e-09
1.298826389205610e-01,1.728145777628975e-09
1.300956311129530e-01,1.727702120881658e-09
1.303086233053450e-01,1.727259311518659e-09
1.305216154977370e-01,1.726817346357185e-09
1.307346076901290e-01,1.726376222214439e-09
1.309475998825210e-01,1.725935935907626e-09
1.311605920749130e-01,1.725496484253953e-09
1.313735842673050e-01,1.725057864160310e-09
1.315865764596960e-01,1.724620072892380e-09
1.317995686520880e-01,1.724183107805545e-09
1.320125608444800e-01,1.723746966255195e-09
1.322255530368720e-01,1.723311645596718e-09
1.324385452292640e-01,1.722877143185500e-09
1.326515374216560e-01,1.722443456376928e-09
1.328645296140480e-01,1.722010582526389e-09
1.330775218064400e-01,1.721578518989271e-09
1.332905139988310e-01,1.721147263120963e-09
1.335035061912230e-01,1.720716812207465e-09
1.337164983836150e-01,1.720287163257301e-09
1.339294905760070e-01,1.719858313209643e-09
1.341424827683990e-01,1.719430259003657e-09
1.343554749607910e-01,1.719002997578511e-09
1.345684671531830e-01,1.718576525873375e-09
1.347814593455740e-01,1.718150840827418e-09
1.349944515379660e-01,1.717725939379804e-09
1.352074437303580e-01,1.717301818469704e-09
1.354204359227500e-01,1.716878475036287e-09
1.356334281151420e-01,1.716455906142149e-09
1.358464203075340e-01,1.716034109343360e-09
1.360594124999260e-01,1.715613082319292e-09
1.362724046923180e-01,1.715192822749317e-09
1.364853968847090e-01,1.714773328312811e-09
1.366983890771010e-01,1.714354596689141e-09
1.369113812694930e-01,1.713936625557684e-09
1.371243734618850e-01,1.713519412597811e-09
1.373373656542770e-01,1.713102955488895e-09
1.375503578466690e-01,1.712687251910309e-09
1.377633500390610e-01,1.712272299523404e-09
1.379763422314520e-01,1.711858095917399e-09
1.381893344238440e-01,1.711444638663462e-09
1.384023266162360e-01,1.711031925332770e-09
1.386153188086280e-01,1.710619953496494e-09
1.388283110010200e-01,1.710208720725810e-09
1.390413031934120e-01,1.709798224591890e-09
1.392542953858040e-01,1.709388462665907e-09
1.394672875781960e-01,1.708979432519034e-09
1.396802797705870e-01,1.708571131722448e-09
1.398932719629790e-01,1.708163557845446e-09
1.401062641553710e-01,1.707756708449850e-09
1.403192563477630e-01,1.707350581095608e-09
1.405322485401550e-01,1.706945173342666e-09
1.407452407325470e-01,1.706540482750973e-09
1.409582329249390e-01,1.706136506880476e-09
1.411712251173300e-01,1.705733243291124e-09
1.413842173097220e-01,1.705330689542861e-09
1.415972095021140e-01,1.704928843195636e-09
1.418102016945060e-01,1.704527701809397e-09
1.420231938868980e-01,1.704127262957340e-09
1.422361860792900e-01,1.703727524265650e-09
1.424491782716820e-01,1.703328483373761e-09
1.426621704640740e-01,1.702930137921105e-09
1.428751626564650e-01,1.702532485547118e-09
1.430881548488570e-01,1.702135523891228e-09
1.433011470412490e-01,1.701739250592871e-09
1.435141392336410e-01,1.701343663291481e-09
1.437271314260330e-01,1.700948759626489e-09
1.439401236184250e-01,1.700554537237329e-09
1.441531158108170e-01,1.700160993847058e-09
1.443661080032090e-01,1.699768127513110e-09
1.445791001956000e-01,1.699375936376490e-09
1.447920923879920e-01,1.698984418578196e-09
1.450050845803840e-01,1.698593572259234e-09
1.452180767727760e-01,1.698203395560605e-09
1.454310689651680e-01,1.697813886623312e-09
1.456440611575600e-01,1.697425043588358e-09
1.458570533499520e-01,1.697036864596745e-09
1.460700455423430e-01,1.696649347789477e-09
1.462830377347350e-01,1.696262491237363e-09
1.464960299271270e-01,1.695876292730633e-09
1.467090221195190e-01,1.695490749989416e-09
1.469220143119110e-01,1.695105860733839e-09
1.471350065043030e-01,1.694721622684030e-09
1.473479986966950e-01,1.694338033560118e-09
1.475609908890870e-01,1.693955091082231e-09
1.477739830814780e-01,1.693572792970499e-09
1.479869752738700e-01,1.693191136945046e-09
1.481999674662620e-01,1.692810120726002e-09
1.484129596586540e-01,1.692429742106556e-09
1.486259518510460e-01,1.692049999172272e-09
1.488389440434380e-01,1.691670890081843e-09
1.490519362358300e-01,1.691292412993961e-09
1.492649284282220e-01,1.690914566067318e-09
1.494779206206130e-01,1.690537347460609e-09
1.496909128130050e-01,1.690160755332521e-09
1.499039050053970e-01,1.689784787841750e-09
1.501168971977890e-01,1.689409443146986e-09
1.503298893901810e-01,1.689034719406923e-09
1.505428815825730e-01,1.688660614777952e-09
1.507558737749650e-01,1.688287127407262e-09
1.509688659673560e-01,1.687914255439739e-09
1.511818581597480e-01,1.687541997020269e-09
1.513948503521400e-01,1.687170350293738e-09
1.516078425445320e-01,1.686799313405034e-09
1.518208347369240e-01,1.686428884499044e-09
1.520338269293160e-01,1.686059061720654e-09
1.522468191217080e-01,1.685689843214750e-09
1.524598113141000e-01,1.685321227126220e-09
1.526728035064910e-01,1.684953211613618e-09
1.528857956988830e-01,1.684585794890149e-09
1.530987878912750e-01,1.684218975182685e-09
1.533117800836670e-01,1.683852750718095e-09
1.535247722760590e-01,1.683487119723250e-09
1.537377644684510e-01,1.683122080425019e-09
1.539507566608430e-01,1.682757631050274e-09
1.541637488532340e-01,1.682393769825885e-09
1.543767410456260e-01,1.682030494978719e-09
1.545897332380180e-01,1.681667804735649e-09
1.548027254304100e-01,1.681305697321138e-09
1.550157176228020e-01,1.680944170950033e-09
1.552287098151940e-01,1.680583223834779e-09
1.554417020075860e-01,1.680222854187820e-09
1.556546941999780e-01,1.679863060221599e-09
1.558676863923690e-01,1.679503840148562e-09
1.560806785847610e-01,1.679145192181150e-09
1.562936707771530e-01,1.678787114531808e-09
1.565066629695450e-01,1.678429605412980e-09
1.567196551619370e-01,1.678072663037110e-09
1.569326473543290e-01,1.677716285729893e-09
1.571456395467210e-01,1.677360472270316e-09
1.573586317391130e-01,1.677005221550761e-09
1.575716239315040e-01,1.676650532463611e-09
1.577846161238960e-01,1.676296403901243e-09
1.579976083162880e-01,1.675942834756042e-09
1.582106005086800e-01,1.675589823920387e-09
1.584235927010720e-01,1.675237370286662e-09
1.586365848934640e-01,1.674885472747247e-09
1.588495770858560e-01,1.674534130194523e-09
1.590625692782470e-01,1.674183341048985e-09
1.592755614706390e-01,1.673833101842958e-09
1.594885536630310e-01,1.673483408636577e-09
1.597015458554230e-01,1.673134257489976e-09
1.599145380478150e-01,1.672785644463289e-09
1.601275302402070e-01,1.672437565616651e-09
1.603405224325990e-01,1.672090017010195e-09
1.605535146249910e-01,1.671742994704057e-09
1.607665068173820e-01,1.671396494758370e-09
1.609794990097740e-01,1.671050513233268e-09
1.611924912021660e-01,1.670705048105789e-09
1.614054833945580e-01,1.670360105020695e-09
1.616184755869500e-01,1.670015691539705e-09
1.618314677793420e-01,1.669671815224540e-09
1.620444599717340e-01,1.669328483636919e-09
1.622574521641260e-01,1.668985704338562e-09
1.624704443565170e-01,1.668643484891188e-09
1.626834365489090e-01,1.668301832856516e-09
1.628964287413010e-01,1.667960755796266e-09
1.631094209336930e-01,1.667620261272157e-09
1.633224131260850e-01,1.667280349705483e-09
1.635354053184770e-01,1.666940992964249e-09
1.637483975108690e-01,1.666602155780244e-09
1.639613897032600e-01,1.666263802885258e-09
1.641743818956520e-01,1.665925899011078e-09
1.643873740880440e-01,1.665588408889492e-09
1.646003662804360e-01,1.665251297252290e-09
1.648133584728280e-01,1.664914528831260e-09
1.650263506652200e-01,1.664578068358192e-09
1.652393428576120e-01,1.664241880564874e-09
1.654523350500040e-01,1.663905956915070e-09
1.656653272423950e-01,1.663570395735927e-09
1.658783194347870e-01,1.663235322054306e-09
1.660913116271790e-01,1.662900860897075e-09
1.663043038195710e-01,1.662567137291100e-09
1.665172960119630e-01,1.662234276263246e-09
1.667302882043550e-01,1.661902402840380e-09
1.669432803967470e-01,1.661571642049367e-09
1.671562725891380e-01,1.661242118917074e-09
1.673692647815300e-01,1.660913958470365e-09
1.675822569739220e-01,1.660587186047451e-09
1.677952491663140e-01,1.660261428034076e-09
1.680082413587060e-01,1.659936211028376e-09
1.682212335510980e-01,1.659611061628489e-09
1.684342257434900e-01,1.659285506432550e-09
1.686472179358820e-01,1.658959072038698e-09
1.688602101282730e-01,1.658631285045071e-09
1.690732023206650e-01,1.658301672049801e-09
1.692861945130570e-01,1.657969759651029e-09
1.694991867054490e-01,1.657635074446892e-09
1.697121788978410e-01,1.657297345588072e-09
1.699251710902330e-01,1.656957112587172e-09
1.701381632826250e-01,1.656615117585211e-09
1.703511554750170e-01,1.656272102723209e-09
1.705641476674080e-01,1.655928810142188e-09
1.707771398598000e-01,1.655585981983164e-09
1.709901320521920e-01,1.655244360387159e-09
1.712031242445840e-01,1.654904687495193e-09
1.714161164369760e-01,1.654567705448285e-09
1.716291086293680e-01,1.654234156387457e-09
1.718421008217600e-01,1.653904580107654e-09
1.720550930141510e-01,1.653578707117908e-09
1.722680852065430e-01,1.653256065630353e-09
1.724810773989350e-01,1.652936183857130e-09
1.726940695913270e-01,1.652618590010377e-09
1.729070617837190e-01,1.652302812302232e-09
1.731200539761110e-01,1.651988378944834e-09
1.733330461685030e-01,1.651674818150321e-09
1.735460383608950e-01,1.651361658130833e-09
1.737590305532860e-01,1.651048427098507e-09
1.739720227456780e-01,1.650734752769592e-09
1.741850149380700e-01,1.650420660705542e-09
1.743980071304620e-01,1.650106275886314e-09
1.746109993228540e-01,1.649791723291866e-09
1.748239915152460e-01,1.649477127902158e-09
1.750369837076380e-01,1.649162614697148e-09
1.752499759000290e-01,1.648848308656796e-09
1.754629680924210e-01,1.648534334761057e-09
1.756759602848130e-01,1.648220817989890e-09
1.758889524772050e-01,1.647907883323255e-09
1.761019446695970e-01,1.647595629102763e-09
1.763149368619890e-01,1.647284047045284e-09
1.765279290543810e-01,1.646973102193658e-09
1.767409212467730e-01,1.646662759590724e-09
1.769539134391640e-01,1.646352984279321e-09
1.771669056315560e-01,1.646043741302284e-09
1.773798978239480e-01,1.645734995702456e-09
1.775928900163400e-01,1.645426712522675e-09
1.778058822087320e-01,1.645118856805778e-09
1.780188744011240e-01,1.644811393594605e-09
1.782318665935160e-01,1.644504295101494e-09
1.784448587859070e-01,1.644197562227128e-09
1.786578509782990e-01,1.643891203046858e-09
1.788708431706910e-01,1.643585225636037e-09
1.790838353630830e-01,1.643279638070018e-09
1.792968275554750e-01,1.642974448424155e-09
1.795098197478670e-01,1.642669664773800e-09
1.797228119402590e-01,1.642365295194307e-09
1.799358041326510e-01,1.642061347761028e-09
1.801487963250420e-01,1.641757830549318e-09
1.803617885174340e-01,1.641454749673154e-09
1.805747807098260e-01,1.641152103400629e-09
1.807877729022180e-01,1.640849888038254e-09
1.810007650946100e-01,1.640548099892544e-09
1.812137572870020e-01,1.640246735270013e-09
1.814267494793940e-01,1.639945790477175e-09
1.816397416717860e-01,1.639645261820543e-09
1.818527338641770e-01,1.639345145606633e-09
1.820657260565690e-01,1.639045438141956e-09
1.822787182489610e-01,1.638746135733028e-09
1.824917104413530e-01,1.638447235297145e-09
1.827047026337450e-01,1.638148736194113e-09
1.829176948261370e-01,1.637850638394205e-09
1.831306870185290e-01,1.637552941867695e-09
1.833436792109200e-01,1.637255646584860e-09
1.835566714033120e-01,1.636958752515969e-09
1.837696635957040e-01,1.636662259631299e-09
1.839826557880960e-01,1.636366167901125e-09
1.841956479804880e-01,1.636070477295720e-09
1.844086401728800e-01,1.635775187785358e-09
1.846216323652720e-01,1.635480299073633e-09
1.848346245576640e-01,1.635185809798018e-09
1.850476167500550e-01,1.634891718329611e-09
1.852606089424470e-01,1.634598023039504e-09
1.854736011348390e-01,1.634304722298792e-09
1.856865933272310e-01,1.634011814478571e-09
1.858995855196230e-01,1.633719297949936e-09
1.861125777120150e-01,1.633427171083983e-09
1.863255699044070e-01,1.633135432251805e-09
1.865385620967990e-01,1.632844079824499e-09
1.867515542891900e-01,1.632553112357662e-09
1.869645464815820e-01,1.632262529145288e-09
1.871775386739740e-01,1.631972329666075e-09
1.873905308663660e-01,1.631682513398720e-09
1.876035230587580e-01,1.631393079821917e-09
1.878165152511500e-01,1.631104028414363e-09
1.880295074435420e-01,1.630815358654754e-09
1.882424996359330e-01,1.630527070021787e-09
1.884554918283250e-01,1.630239161994155e-09
1.886684840207170e-01,1.629951634050556e-09
1.888814762131090e-01,1.629664485593294e-09
1.890944684055010e-01,1.629377715719044e-09
1.893074605978930e-01,1.629091323448052e-09
1.895204527902850e-01,1.628805307800567e-09
1.897334449826770e-01,1.628519667796837e-09
1.899464371750680e-01,1.628234402457110e-09
1.901594293674600e-01,1.627949510801632e-09
1.903724215598520e-01,1.627664991850653e-09
1.905854137522440e-01,1.627380844624420e-09
1.907984059446360e-01,1.627097068143181e-09
1.910113981370280e-01,1.626813661434542e-09
1.912243903294200e-01,1.626530623555542e-09
1.914373825218110e-01,1.626247953570579e-09
1.916503747142030e-01,1.625965650544044e-09
1.918633669065950e-01,1.625683713540335e-09
1.920763590989870e-01,1.625402141623848e-09
1.922893512913790e-01,1.625120933858977e-09
1.925023434837710e-01,1.624840089310120e-09
1.927153356761630e-01,1.624559607041672e-09
1.929283278685550e-01,1.624279486118027e-09
1.931413200609460e-01,1.623999725601947e-09
1.933543122533380e-01,1.623720324549642e-09
1.935673044457300e-01,1.623441282015691e-09
1.937802966381220e-01,1.623162597054672e-09
1.939932888305140e-01,1.622884268721164e-09
1.942062810229060e-01,1.622606296069743e-09
1.944192732152980e-01,1.622328678154988e-09
1.946322654076900e-01,1.622051414031476e-09
1.948452576000810e-01,1.621774502753787e-09
1.950582497924730e-01,1.621497943376496e-09
1.952712419848650e-01,1.621221735016465e-09
1.954842341772570e-01,1.620945877039513e-09
1.956972263696490e-01,1.620670368873657e-09
1.959102185620410e-01,1.620395209946911e-09
1.961232107544330e-01,1.620120399687291e-09
1.963362029468240e-01,1.619845937522814e-09
1.965491951392160e-01,1.619571822881491e-09
1.967621873316080e-01,1.619298055191340e-09
1.969751795240000e-01,1.619024633880377e-09
1.971881717163920e-01,1.618751558376616e-09
1.974011639087840e-01,1.618478828020719e-09
1.976141561011760e-01,1.618206441803795e-09
1.978271482935680e-01,1.617934398629527e-09
1.980401404859590e-01,1.617662697401602e-09
1.982531326783510e-01,1.617391337023700e-09
1.984661248707430e-01,1.617120316399508e-09
1.986791170631350e-01,1.616849634432711e-09
1.988921092555270e-01,1.616579290026993e-09
1.991051014479190e-01,1.616309282086038e-09
1.993180936403110e-01,1.616039609513531e-09
1.995310858327020e-01,1.615770271319948e-09
1.997440780250940e-01,1.615501266942964e-09
1.999570702174860e-01,1.615232595927065e-09
2.001700624098780e-01,1.614964257816738e-09
2.003830546022700e-01,1.614696252156470e-09
2.005960467946620e-01,1.614428578490746e-09
2.008090389870540e-01,1.614161236364054e-09
2.010220311794460e-01,1.613894225320879e-09
2.012350233718370e-01,1.613627544905708e-09
2.014480155642290e-01,1.613361194663027e-09
2.016610077566210e-01,1.613095174049108e-09
2.018739999490130e-01,1.612829482167446e-09
2.020869921414050e-01,1.612564118033362e-09
2.022999843337970e-01,1.612299080662174e-09
2.025129765261890e-01,1.612034369069203e-09
2.027259687185810e-01,1.611769982269769e-09
2.029389609109720e-01,1.611505919279193e-09
2.031519531033640e-01,1.611242179112791e-09
2.033649452957560e-01,1.610978760785884e-09
2.035779374881480e-01,1.610715663313794e-09
2.037909296805400e-01,1.610452885774085e-09
2.040039218729320e-01,1.610190427493181e-09
2.042169140653240e-01,1.609928287859683e-09
2.044299062577150e-01,1.609666466262195e-09
2.046428984501070e-01,1.609404962089318e-09
2.048558906424990e-01,1.609143774729656e-09
2.050688828348910e-01,1.608882903571811e-09
2.052818750272830e-01,1.608622348004386e-09
2.054948672196750e-01,1.608362107415983e-09
2.057078594120670e-01,1.608102181195206e-09
2.059208516044590e-01,1.607842568723234e-09
2.061338437968500e-01,1.607583269351535e-09
2.063468359892420e-01,1.607324282424144e-09
2.065598281816340e-01,1.607065607285097e-09
2.067728203740260e-01,1.606807243278430e-09
2.069858125664180e-01,1.606549189748179e-09
2.071988047588100e-01,1.606291446038381e-09
2.074117969512020e-01,1.606034011493070e-09
2.076247891435940e-01,1.605776885456283e-09
2.078377813359850e-01,1.605520067272057e-09
2.080507735283770e-01,1.605263556263741e-09
2.082637657207690e-01,1.605007351671927e-09
2.084767579131610e-01,1.604751452716509e-09
2.086897501055530e-01,1.604495858617384e-09
2.089027422979450e-01,1.604240568594446e-09
2.091157344903370e-01,1.603985581867591e-09
2.093287266827280e-01,1.603730897656715e-09
2.095417188751200e-01,1.603476515181710e-09
2.097547110675120e-01,1.603222433662474e-09
2.099677032599040e-01,1.602968652318901e-09
2.101806954522960e-01,1.602715170410093e-09
2.103936876446880e-01,1.602461987351971e-09
2.106066798370800e-01,1.602209102599658e-09
2.108196720294720e-01,1.601956515608278e-09
2.110326642218630e-01,1.601704225832954e-09
2.112456564142550e-01,1.601452232728809e-09
2.114586486066470e-01,1.601200535750966e-09
2.116716407990390e-01,1.600949134354550e-09
2.118846329914310e-01,1.600698027994683e-09
2.120976251838230e-01,1.600447216126489e-09
2.123106173762150e-01,1.600196698180904e-09
2.125236095686060e-01,1.599946473492149e-09
2.127366017609980e-01,1.599696541370270e-09
2.129495939533900e-01,1.599446901125317e-09
2.131625861457820e-01,1.599197552067340e-09
2.133755783381740e-01,1.598948493506387e-09
2.135885705305660e-01,1.598699724752508e-09
2.138015627229580e-01,1.598451245115751e-09
2.140145549153500e-01,1.598203053906166e-09
2.142275471077410e-01,1.597955150433803e-09
2.144405393001330e-01,1.597707534035708e-09
2.146535314925250e-01,1.597460204156848e-09
2.148665236849170e-01,1.597213160269156e-09
2.150795158773090e-01,1.596966401844561e-09
2.152925080697010e-01,1.596719928354996e-09
2.155055002620930e-01,1.596473739272390e-09
2.157184924544850e-01,1.596227834068675e-09
2.159314846468760e-01,1.595982212215781e-09
2.161444768392680e-01,1.595736873185639e-09
2.163574690316600e-01,1.595491816450179e-09
2.165704612240520e-01,1.595247041452925e-09
2.167834534164440e-01,1.595002547523719e-09
2.169964456088360e-01,1.594758333963969e-09
2.172094378012280e-01,1.594514400075087e-09
2.174224299936190e-01,1.594270745158482e-09
2.176354221860110e-01,1.594027368515563e-09
2.178484143784030e-01,1.593784269447738e-09
2.180614065707950e-01,1.593541447256419e-09
2.182743987631870e-01,1.593298901243014e-09
2.184873909555790e-01,1.593056630708933e-09
2.187003831479710e-01,1.592814634987981e-09
2.189133753403630e-01,1.592572913543565e-09
2.191263675327540e-01,1.592331465871494e-09
2.193393597251460e-01,1.592090291467577e-09
2.195523519175380e-01,1.591849389827624e-09
2.197653441099300e-01,1.591608760447444e-09
2.199783363023220e-01,1.591368402822848e-09
2.201913284947140e-01,1.591128316449646e-09
2.204043206871060e-01,1.590888500823647e-09
2.206173128794970e-01,1.590648955440662e-09
2.208303050718890e-01,1.590409679773977e-09
2.210432972642810e-01,1.590170673206816e-09
2.212562894566730e-01,1.589931935099890e-09
2.214692816490650e-01,1.589693464813907e-09
2.216822738414570e-01,1.589455261709577e-09
2.218952660338490e-01,1.589217325147612e-09
2.221082582262410e-01,1.588979654488719e-09
2.223212504186320e-01,1.588742249093610e-09
2.225342426110240e-01,1.588505108322992e-09
2.227472348034160e-01,1.588268231537578e-09
2.229602269958080e-01,1.588031618134949e-09
2.231732191882000e-01,1.587795267660119e-09
2.233862113805920e-01,1.587559179694933e-09
2.235992035729840e-01,1.587323353821243e-09
2.238121957653760e-01,1.587087789620895e-09
2.240251879577670e-01,1.586852486675740e-09
2.242381801501590e-01,1.586617444567625e-09
2.244511723425510e-01,1.586382662878399e-09
2.246641645349430e-01,1.586148141189912e-09
2.248771567273350e-01,1.585913879084010e-09
2.250901489197270e-01,1.585679876110234e-09
2.253031411121190e-01,1.585446131688804e-09
2.255161333045100e-01,1.585212645207592e-09
2.257291254969020e-01,1.584979416054467e-09
2.259421176892940e-01,1.584746443617302e-09
2.261551098816860e-01,1.584513727283967e-09
2.263681020740780e-01,1.584281266442334e-09
2.265810942664700e-01,1.584049060480274e-09
2.267940864588620e-01,1.583817108785658e-09
2.270070786512540e-01,1.583585410746357e-09
2.272200708436450e-01,1.583353965776281e-09
2.274330630360370e-01,1.583122773393514e-09
2.276460552284290e-01,1.582891833142196e-09
2.278590474208210e-01,1.582661144566468e-09
2.280720396132130e-01,1.582430707210469e-09
2.282850318056050e-01,1.582200520618338e-09
2.284980239979970e-01,1.581970584334215e-09
2.287110161903880e-01,1.581740897902240e-09
2.289240083827800e-01,1.581511460866551e-09
2.291370005751720e-01,1.581282272771288e-09
2.293499927675640e-01,1.581053333155692e-09
2.295629849599560e-01,1.580824641539412e-09
2.297759771523480e-01,1.580596197437198e-09
2.299889693447400e-01,1.580368000363799e-09
2.302019615371320e-01,1.580140049833965e-09
2.304149537295230e-01,1.579912345362446e-09
2.306279459219150e-01,1.579684886463992e-09
2.308409381143070e-01,1.579457672653352e-09
2.310539303066990e-01,1.579230703445276e-09
2.312669224990910e-01,1.579003978354515e-09
2.314799146914830e-01,1.578777496878561e-09
2.316929068838750e-01,1.578551258445902e-09
2.319058990762670e-01,1.578325262467781e-09
2.321188912686580e-01,1.578099508355440e-09
2.323318834610500e-01,1.577873995520119e-09
2.325448756534420e-01,1.577648723373060e-09
2.327578678458340e-01,1.577423691325508e-09
2.329708600382260e-01,1.577198898788702e-09
2.331838522306180e-01,1.576974345173886e-09
2.333968444230100e-01,1.576750029892301e-09
2.336098366154010e-01,1.576525952405354e-09
2.338228288077930e-01,1.576302112374985e-09
2.340358210001850e-01,1.576078509513234e-09
2.342488131925770e-01,1.575855143532144e-09
2.344618053849690e-01,1.575632014143756e-09
2.346747975773610e-01,1.575409121060111e-09
2.348877897697530e-01,1.575186463993251e-09
2.351007819621450e-01,1.574964042655218e-09
2.353137741545360e-01,1.574741856758054e-09
2.355267663469280e-01,1.574519906013799e-09
2.357397585393200e-01,1.574298190082505e-09
2.359527507317120e-01,1.574076708416167e-09
2.361657429241040e-01,1.573855460414739e-09
2.363787351164960e-01,1.573634445478176e-09
2.365917273088880e-01,1.573413663006434e-09
2.368047195012800e-01,1.573193112399469e-09
2.370177116936710e-01,1.572972793057235e-09
2.372307038860630e-01,1.572752704379685e-09
2.374436960784550e-01,1.572532845766777e-09
2.376566882708470e-01,1.572313216618464e-09
2.378696804632390e-01,1.572093816354723e-09
2.380826726556310e-01,1.571874644475623e-09
2.382956648480230e-01,1.571655700501263e-09
2.385086570404140e-01,1.571436983951741e-09
2.387216492328060e-01,1.571218494347151e-09
2.389346414251980e-01,1.571000231207593e-09
2.391476336175900e-01,1.570782194053164e-09
2.393606258099820e-01,1.570564382403962e-09
2.395736180023740e-01,1.570346795780083e-09
2.397866101947660e-01,1.570129433701625e-09
2.399996023871580e-01,1.569912295733300e-09
2.402125945795490e-01,1.569695381618250e-09
2.404255867719410e-01,1.569478691144215e-09
2.406385789643330e-01,1.569262224098938e-09
2.408515711567250e-01,1.569045980270161e-09
2.410645633491170e-01,1.568829959445629e-09
2.412775555415090e-01,1.568614161413081e-09
2.414905477339010e-01,1.568398585960261e-09
2.417035399262920e-01,1.568183232874913e-09
2.419165321186840e-01,1.567968101944775e-09
2.421295243110760e-01,1.567753192895723e-09
2.423425165034680e-01,1.567538505206263e-09
2.425555086958600e-01,1.567324038293089e-09
2.427685008882520e-01,1.567109791572893e-09
2.429814930806440e-01,1.566895764462369e-09
2.431944852730360e-01,1.566681956378211e-09
2.434074774654270e-01,1.566468366737114e-09
2.436204696578190e-01,1.566254994955768e-09
2.438334618502110e-01,1.566041840450867e-09
2.440464540426030e-01,1.565828902639105e-09
2.442594462349950e-01,1.565616180977699e-09
2.444724384273870e-01,1.565403675086058e-09
2.446854306197790e-01,1.565191384624166e-09
2.448984228121710e-01,1.564979309252008e-09
2.451114150045620e-01,1.564767448629572e-09
2.453244071969540e-01,1.564555802416838e-09
2.455373993893460e-01,1.564344370273793e-09
2.457503915817380e-01,1.564133151860423e-09
2.459633837741300e-01,1.563922146836711e-09
2.461763759665220e-01,1.563711354862643e-09
2.463893681589140e-01,1.563500775588215e-09
2.466023603513050e-01,1.563290408623454e-09
2.468153525436970e-01,1.563080253568391e-09
2.470283447360890e-01,1.562870310023058e-09
2.472413369284810e-01,1.562660577587486e-09
2.474543291208730e-01,1.562451055861706e-09
2.476673213132650e-01,1.562241744445752e-09
2.478803135056570e-01,1.562032642939653e-09
2.480933056980490e-01,1.561823750943441e-09
2.483062978904400e-01,1.561615068057150e-09
2.485192900828320e-01,1.561406593876084e-09
2.487322822752240e-01,1.561198327976659e-09
2.489452744676160e-01,1.560990269930565e-09
2.491582666600080e-01,1.560782419309492e-09
2.493712588524000e-01,1.560574775685129e-09
2.495842510447920e-01,1.560367338629168e-09
2.497972432371830e-01,1.560160107713299e-09
2.500102354295750e-01,1.559953082509210e-09
2.502232276219670e-01,1.559746262588592e-09
2.504362198143590e-01,1.559539647523136e-09
2.506492120067510e-01,1.559333236921059e-09
2.508622041991430e-01,1.559127030536660e-09
2.510751963915350e-01,1.558921028160743e-09
2.512881885839270e-01,1.558715229584114e-09
2.515011807763180e-01,1.558509634597578e-09
2.517141729687100e-01,1.558304242991940e-09
2.519271651611020e-01,1.558099054558004e-09
2.521401573534940e-01,1.557894069086578e-09
2.523531495458860e-01,1.557689286368464e-09
2.525661417382780e-01,1.557484706194471e-09
2.527791339306700e-01,1.557280328271126e-09
2.529921261230620e-01,1.557076151968060e-09
2.532051183154530e-01,1.556872176570725e-09
2.534181105078450e-01,1.556668401364573e-09
2.536311027002370e-01,1.556464825635058e-09
2.538440948926290e-01,1.556261448667632e-09
2.540570870850210e-01,1.556058269747748e-09
2.542700792774130e-01,1.555855288160859e-09
2.544830714698050e-01,1.555652503192418e-09
2.546960636621960e-01,1.555449914127878e-09
2.549090558545880e-01,1.555247520372842e-09
2.551220480469800e-01,1.555045321813769e-09
2.553350402393720e-01,1.554843318457392e-09
2.555480324317640e-01,1.554641510310445e-09
2.557610246241560e-01,1.554439897379659e-09
2.559740168165480e-01,1.554238479671768e-09
2.561870090089400e-01,1.554037257193506e-09
2.564000012013310e-01,1.553836229951605e-09
2.566129933937230e-01,1.553635397952797e-09
2.568259855861150e-01,1.553434761203816e-09
2.570389777785070e-01,1.553234319618940e-09
2.572519699708990e-01,1.553034072742551e-09
2.574649621632910e-01,1.552834020026540e-09
2.576779543556830e-01,1.552634160922797e-09
2.578909465480740e-01,1.552434494883214e-09
2.581039387404660e-01,1.552235021359677e-09
2.583169309328580e-01,1.552035739804079e-09
2.585299231252500e-01,1.551836649668309e-09
2.587429153176420e-01,1.551637750404259e-09
2.589559075100340e-01,1.551439041463817e-09
2.591688997024260e-01,1.551240522352058e-09
2.593818918948180e-01,1.551042192786770e-09
2.595948840872090e-01,1.550844052538913e-09
2.598078762796010e-01,1.550646101379444e-09
2.600208684719930e-01,1.550448339079326e-09
2.602338606643850e-01,1.550250765409517e-09
2.604468528567770e-01,1.550053380140978e-09
2.606598450491690e-01,1.549856183044667e-09
2.608728372415610e-01,1.549659173891546e-09
2.610858294339530e-01,1.549462352452575e-09
2.612988216263440e-01,1.549265718487535e-09
2.615118138187360e-01,1.549069271711516e-09
2.617248060111280e-01,1.548873011828440e-09
2.619377982035200e-01,1.548676938542229e-09
2.621507903959120e-01,1.548481051556805e-09
2.623637825883040e-01,1.548285350576090e-09
2.625767747806960e-01,1.548089835304005e-09
2.627897669730870e-01,1.547894505444474e-09
2.630027591654790e-01,1.547699360701416e-09
2.632157513578710e-01,1.547504400778754e-09
2.634287435502630e-01,1.547309625356866e-09
2.636417357426550e-01,1.547115034021889e-09
2.638547279350470e-01,1.546920626336385e-09
2.640677201274390e-01,1.546726401862915e-09
2.642807123198310e-01,1.546532360164039e-09
2.644937045122220e-01,1.546338500802320e-09
2.647066967046140e-01,1.546144823340317e-09
2.649196888970060e-01,1.545951327340593e-09
2.651326810893980e-01,1.545758012365708e-09
2.653456732817900e-01,1.545564877978224e-09
2.655586654741820e-01,1.545371923767457e-09
2.657716576665740e-01,1.545179149429783e-09
2.659846498589660e-01,1.544986554688355e-09
2.661976420513570e-01,1.544794139266326e-09
2.664106342437490e-01,1.544601902886845e-09
2.666236264361410e-01,1.544409845273066e-09
2.668366186285330e-01,1.544217966148140e-09
2.670496108209250e-01,1.544026265235219e-09
2.672626030133170e-01,1.543834742257456e-09
2.674755952057090e-01,1.543643396938002e-09
2.676885873981000e-01,1.543452228988133e-09
2.679015795904920e-01,1.543261238071605e-09
2.681145717828840e-01,1.543070423840299e-09
2.683275639752760e-01,1.542879785946095e-09
2.685405561676680e-01,1.542689324040873e-09
2.687535483600600e-01,1.542499037776512e-09
2.689665405524520e-01,1.542308926804892e-09
2.691795327448440e-01,1.542118990777892e-09
2.693925249372350e-01,1.541929229347393e-09
2.696055171296270e-01,1.541739642165273e-09
2.698185093220190e-01,1.541550228914673e-09
2.700315015144110e-01,1.541360989403740e-09
2.702444937068030e-01,1.541171923471869e-09
2.704574858991950e-01,1.540983030958452e-09
2.706704780915870e-01,1.540794311702883e-09
2.708834702839780e-01,1.540605765544557e-09
2.710964624763700e-01,1.540417392322864e-09
2.713094546687620e-01,1.540229191877199e-09
2.715224468611540e-01,1.540041164046956e-09
2.717354390535460e-01,1.539853308671527e-09
2.719484312459380e-01,1.539665625583435e-09
2.721614234383300e-01,1.539478114587729e-09
2.723744156307220e-01,1.539290775482597e-09
2.725874078231130e-01,1.539103608066224e-09
2.728004000155050e-01,1.538916612136794e-09
2.730133922078970e-01,1.538729787492496e-09
2.732263844002890e-01,1.538543133931515e-09
2.734393765926810e-01,1.538356651252038e-09
2.736523687850730e-01,1.538170339252249e-09
2.738653609774650e-01,1.537984197730336e-09
2.740783531698570e-01,1.537798226276318e-09
2.742913453622480e-01,1.537612423647094e-09
2.745043375546400e-01,1.537426788391162e-09
2.747173297470320e-01,1.537241319057028e-09
2.749303219394240e-01,1.537056014193192e-09
2.751433141318160e-01,1.536870872348156e-09
2.753563063242080e-01,1.536685892070423e-09
2.755692985166000e-01,1.536501071908494e-09
2.757822907089910e-01,1.536316410410872e-09
2.759952829013830e-01,1.536131906126058e-09
2.762082750937750e-01,1.535947558662869e-09
2.764212672861670e-01,1.535763371872401e-09
2.766342594785590e-01,1.535579350666574e-09
2.768472516709510e-01,1.535395499957311e-09
2.770602438633430e-01,1.535211824656533e-09
2.772732360557350e-01,1.535028329676160e-09
2.774862282481260e-01,1.534845019928115e-09
2.776992204405180e-01,1.534661900324317e-09
2.779122126329100e-01,1.534478975776688e-09
2.781252048253020e-01,1.534296251197151e-09
2.783381970176940e-01,1.534113727263983e-09
2.785511892100860e-01,1.533931387722052e-09
