7.791356504680618e-06,8.124873632805110e-10
8.610780621332552e-06,8.108440864397026e-10
9.516384324626089e-06,8.091390625938836e-10
1.051723120080771e-05,8.073764637556397e-10
1.162333806181051e-05,8.055601135162275e-10
1.284577519687474e-05,8.036936134845115e-10
1.419677716772344e-05,8.017805563289955e-10
1.568986525616830e-05,7.998246219169084e-10
1.733998278964274e-05,7.978293685371981e-10
1.916364469904539e-05,7.957978541361669e-10
2.117910280571951e-05,7.937326114557185e-10
2.340652849181556e-05,7.916361219244691e-10
2.586821458226360e-05,7.895109140186420e-10
2.858879845885812e-05,7.873590179912830e-10
3.159550863945590e-05,7.851821797271827e-10
3.491843729013453e-05,7.829822047427260e-10
3.859084139770492e-05,7.807604510759724e-10
4.264947561681323e-05,7.785182671752485e-10
4.713496012287843e-05,7.762567147071032e-10
5.209218715246060e-05,7.739767896633157e-10
5.757077029985334e-05,7.716792746369841e-10
6.362554106661115e-05,7.693648498296289e-10
7.031709763364645e-05,7.670340735121905e-10
7.771241134819200e-05,7.646873851797202e-10
8.588549699555374e-05,7.623251246230744e-10
9.491815356395940e-05,7.599475388427984e-10
1.049007829163263e-04,7.575547911712586e-10
1.159332945624905e-04,7.551469714716068e-10
1.281261055871622e-04,7.527241107856192e-10
1.416012457412214e-04,7.502863178356006e-10
1.564935787564811e-04,7.478337706893318e-10
1.729521521072439e-04,7.453666175669785e-10
1.911416887275217e-04,7.428849777980959e-10
2.112442356135248e-04,7.403889457462822e-10
2.334609858111876e-04,7.378785934839760e-10
2.580142920237960e-04,7.353539750731993e-10
2.851498919925769e-04,7.328151275232964e-10
3.151393679226079e-04,7.302620767146763e-10
3.482828645688079e-04,7.276948400942213e-10
3.849120931855259e-04,7.251134308361691e-10
4.253936514042669e-04,7.225178622695577e-10
4.701326922660057e-04,7.199081530717336e-10
5.195769791289974e-04,7.172843336965998e-10
5.742213670349657e-04,7.146464501173273e-10
6.346127553846864e-04,7.119945723480899e-10
7.013555614910102e-04,7.093287994906958e-10
7.751177697904812e-04,7.066492639484146e-10
8.566376172560946e-04,7.039561333460745e-10
9.467309819210534e-04,7.012496069765468e-10
1.046299548460350e-03,6.985299056409723e-10
1.156339832554060e-03,6.957972499892276e-10
1.277953154351212e-03,6.930417488140741e-10
1.405748469786333e-03,6.904035120106480e-10
1.533543785221454e-03,6.879943027652869e-10
1.661339100656575e-03,6.857788663964235e-10
1.789134416091696e-03,6.837219482224910e-10
1.916929731526817e-03,6.817928743909968e-10
2.000000000000000e-03,6.806013493854848e-10
2.044725046961939e-03,6.799792694042724e-10
2.172520362397060e-03,6.782720152604764e-10
2.300315677832181e-03,6.766600319009796e-10
2.428110993267302e-03,6.751320804748357e-10
2.555906308702423e-03,6.736779215664127e-10
2.683701624137544e-03,6.722913135019664e-10
2.811496939572665e-03,6.709670140433823e-10
2.939292255007787e-03,6.696997809525460e-10
3.067087570442908e-03,6.684843719913429e-10
3.194882885878029e-03,6.673159464864688e-10
3.322678201313150e-03,6.661912700400565e-10
3.450473516748271e-03,6.651075098271478e-10
3.578268832183392e-03,6.640618330227842e-10
3.706064147618514e-03,6.630514068020074e-10
3.833859463053635e-03,6.620735843567971e-10
3.961654778488756e-03,6.611264629443051e-10
4.089450093923877e-03,6.602083258373321e-10
4.217245409358998e-03,6.593174563086786e-10
4.345040724794119e-03,6.584521376311456e-10
4.472836040229241e-03,6.576107538350899e-10
4.600631355664362e-03,6.567920919837004e-10
4.728426671099482e-03,6.559950398990237e-10
4.856221986534604e-03,6.552184854031069e-10
4.984017301969726e-03,6.544613163179970e-10
5.111812617404846e-03,6.537224785974565e-10
5.239607932839968e-03,6.530011507204622e-10
5.367403248275089e-03,6.522965692968822e-10
5.495198563710209e-03,6.516079709365847e-10
5.622993879145331e-03,6.509345922494376e-10
5.750789194580453e-03,6.502757060029784e-10
5.878584510015573e-03,6.496307295958307e-10
6.006379825450694e-03,6.489991165844923e-10
6.134175140885816e-03,6.483803205254615e-10
6.261970456320937e-03,6.477737949752358e-10
6.389765771756058e-03,6.471790172068900e-10
6.517561087191179e-03,6.465955593587881e-10
6.645356402626300e-03,6.460230172853626e-10
6.773151718061422e-03,6.454609868410462e-10
6.900947033496543e-03,6.449090638802713e-10
7.028742348931663e-03,6.443668602863206e-10
7.156537664366785e-03,6.438340520578268e-10
7.284332979801906e-03,6.433103312222474e-10
7.412128295237027e-03,6.427953898070401e-10
7.539923610672148e-03,6.422889198396622e-10
7.667718926107269e-03,6.417906247579926e-10
7.795514241542391e-03,6.413002536420106e-10
7.923309556977513e-03,6.408175669823252e-10
8.051104872412632e-03,6.403423252695457e-10
8.178900187847754e-03,6.398742889942808e-10
8.306695503282877e-03,6.394132267934419e-10
8.434490818717996e-03,6.389589398890028e-10
8.562286134153118e-03,6.385112376491683e-10
8.690081449588239e-03,6.380699294421424e-10
8.817876765023359e-03,6.376348246361295e-10
8.945672080458482e-03,6.372057389291398e-10
9.073467395893601e-03,6.367825133385452e-10
9.201262711328723e-03,6.363649952115932e-10
9.329058026763846e-03,6.359530318955316e-10
9.456853342198965e-03,6.355464707376082e-10
9.584648657634087e-03,6.351451629102830e-10
9.712443973069206e-03,6.347489748867439e-10
9.840239288504329e-03,6.343577769653301e-10
9.968034603939451e-03,6.339714394443810e-10
1.009582991937457e-02,6.335898326222354e-10
1.022362523480969e-02,6.332128323419308e-10
1.035142055024482e-02,6.328403366253373e-10
1.047921586567993e-02,6.324722490390449e-10
1.060701118111506e-02,6.321084731496428e-10
1.073480649655018e-02,6.317489125237206e-10
1.086260181198530e-02,6.313934707278677e-10
1.099039712742042e-02,6.310420513286738e-10
1.111819244285554e-02,6.306945578927282e-10
1.124598775829066e-02,6.303508939866205e-10
1.137378307372578e-02,6.300109631769402e-10
1.150157838916090e-02,6.296746737980669e-10
1.162937370459603e-02,6.293419532541637e-10
1.175716902003114e-02,6.290127337164965e-10
1.188496433546627e-02,6.286869473563303e-10
1.201275965090139e-02,6.283645263449308e-10
1.214055496633651e-02,6.280454028535635e-10
1.226835028177163e-02,6.277295090534937e-10
1.239614559720675e-02,6.274167771159869e-10
1.252394091264187e-02,6.271071392123086e-10
1.265173622807700e-02,6.268005275137241e-10
1.277953154351211e-02,6.264968770400654e-10
1.290732685894724e-02,6.261961342064379e-10
1.303512217438236e-02,6.258982482770185e-10
1.316291748981748e-02,6.256031685159839e-10
1.329071280525260e-02,6.253108441875105e-10
1.341850812068772e-02,6.250212245557748e-10
1.354630343612284e-02,6.247342588849538e-10
1.367409875155796e-02,6.244498964392237e-10
1.380189406699308e-02,6.241680864827615e-10
1.392968938242821e-02,6.238887782797435e-10
1.405748469786333e-02,6.236119231181557e-10
1.418528001329845e-02,6.233374803813377e-10
1.431307532873357e-02,6.230654114764972e-10
1.444087064416869e-02,6.227956778108414e-10
1.456866595960381e-02,6.225282407915784e-10
1.469646127503893e-02,6.222630618259152e-10
1.482425659047405e-02,6.220001023210600e-10
1.495205190590917e-02,6.217393236842200e-10
1.507984722134430e-02,6.214806873226029e-10
1.520764253677942e-02,6.212241546434161e-10
1.533543785221454e-02,6.209696884627505e-10
1.546323316764966e-02,6.207172572318928e-10
1.559102848308478e-02,6.204668308108455e-10
1.571882379851990e-02,6.202183790596108e-10
1.584661911395502e-02,6.199718718381908e-10
1.597441442939014e-02,6.197272790065879e-10
1.610220974482527e-02,6.194845704248043e-10
1.623000506026039e-02,6.192437159528423e-10
1.635780037569551e-02,6.190046854507041e-10
1.648559569113063e-02,6.187674487783918e-10
1.661339100656575e-02,6.185319768261265e-10
1.674118632200087e-02,6.182982446054197e-10
1.686898163743599e-02,6.180662281582102e-10
1.699677695287111e-02,6.178359035264366e-10
1.712457226830624e-02,6.176072467520375e-10
1.725236758374135e-02,6.173802338769520e-10
1.738016289917648e-02,6.171548409431181e-10
1.750795821461160e-02,6.169310439924752e-10
1.763575353004672e-02,6.167088190669613e-10
1.776354884548184e-02,6.164881422085157e-10
1.789134416091696e-02,6.162689902272862e-10
1.801913947635208e-02,6.160513430063427e-10
1.814693479178720e-02,6.158351811970059e-10
1.827473010722232e-02,6.156204854505969e-10
1.840252542265745e-02,6.154072364184364e-10
1.853032073809257e-02,6.151954147518455e-10
1.865811605352769e-02,6.149850011021447e-10
1.878591136896281e-02,6.147759761206551e-10
1.891370668439793e-02,6.145683204586975e-10
1.904150199983305e-02,6.143620147675929e-10
1.916929731526817e-02,6.141570402775205e-10
1.929709263070329e-02,6.139533805339846e-10
1.942488794613842e-02,6.137510196612935e-10
1.955268326157353e-02,6.135499417837558e-10
1.968047857700866e-02,6.133501310256796e-10
1.980827389244378e-02,6.131515715113734e-10
1.993606920787890e-02,6.129542473651457e-10
2.006386452331402e-02,6.127581427113046e-10
2.019165983874914e-02,6.125632416741587e-10
2.031945515418426e-02,6.123695283780163e-10
2.044725046961939e-02,6.121769873960453e-10
2.057504578505450e-02,6.119856050970571e-10
2.070284110048963e-02,6.117953682988240e-10
2.083063641592475e-02,6.116062638191195e-10
2.095843173135987e-02,6.114182784757160e-10
2.108622704679499e-02,6.112313990863865e-10
2.121402236223011e-02,6.110456124689037e-10
2.134181767766523e-02,6.108609054410407e-10
2.146961299310035e-02,6.106772648205702e-10
2.159740830853547e-02,6.104946774252650e-10
2.172520362397060e-02,6.103131304251574e-10
2.185299893940572e-02,6.101326123993720e-10
2.198079425484084e-02,6.099531122793206e-10
2.210858957027596e-02,6.097746189964156e-10
2.223638488571108e-02,6.095971214820686e-10
2.236418020114620e-02,6.094206086676919e-10
2.249197551658132e-02,6.092450694846972e-10
2.261977083201644e-02,6.090704928644966e-10
2.274756614745157e-02,6.088968677385021e-10
2.287536146288669e-02,6.087241830381257e-10
2.300315677832181e-02,6.085524279754339e-10
2.313095209375693e-02,6.083815928850738e-10
2.325874740919205e-02,6.082116683823280e-10
2.338654272462717e-02,6.080426450824787e-10
2.351433804006229e-02,6.078745136008083e-10
2.364213335549741e-02,6.077072645525993e-10
2.376992867093253e-02,6.075408885531341e-10
2.389772398636766e-02,6.073753762176952e-10
2.402551930180278e-02,6.072107181615649e-10
2.415331461723790e-02,6.070469050000258e-10
2.428110993267302e-02,6.068839275750692e-10
2.440890524810814e-02,6.067217776354245e-10
2.453670056354326e-02,6.065604471564818e-10
2.466449587897838e-02,6.063999281136301e-10
2.479229119441350e-02,6.062402124822592e-10
2.492008650984863e-02,6.060812922377584e-10
2.504788182528375e-02,6.059231593555173e-10
2.517567714071887e-02,6.057658058109256e-10
2.530347245615399e-02,6.056092235793725e-10
2.543126777158911e-02,6.054534046362477e-10
2.555906308702423e-02,6.052983411412739e-10
2.568685840245935e-02,6.051440259915456e-10
2.581465371789447e-02,6.049904522685096e-10
2.594244903332960e-02,6.048376130536127e-10
2.607024434876471e-02,6.046855014283020e-10
2.619803966419984e-02,6.045341104740243e-10
2.632583497963496e-02,6.043834332722264e-10
2.645363029507008e-02,6.042334629043555e-10
2.658142561050520e-02,6.040841924518581e-10
2.670922092594032e-02,6.039356149961815e-10
2.683701624137544e-02,6.037877237710236e-10
2.696481155681056e-02,6.036405126190750e-10
2.709260687224568e-02,6.034939755352708e-10
2.722040218768081e-02,6.033481065145462e-10
2.734819750311593e-02,6.032028995518361e-10
2.747599281855105e-02,6.030583486420758e-10
2.760378813398617e-02,6.029144477802006e-10
2.773158344942129e-02,6.027711909611452e-10
2.785937876485641e-02,6.026285721798451e-10
2.798717408029153e-02,6.024865854312352e-10
2.811496939572665e-02,6.023452248366725e-10
2.824276471116178e-02,6.022044850231513e-10
2.837056002659689e-02,6.020643607440638e-10
2.849835534203202e-02,6.019248467528020e-10
2.862615065746714e-02,6.017859378027578e-10
2.875394597290226e-02,6.016476286473233e-10
2.888174128833738e-02,6.015099140398905e-10
2.900953660377250e-02,6.013727887338514e-10
2.913733191920762e-02,6.012362474825979e-10
2.926512723464274e-02,6.011002850395222e-10
2.939292255007787e-02,6.009648962639494e-10
2.952071786551299e-02,6.008300764389656e-10
2.964851318094811e-02,6.006958209536038e-10
2.977630849638323e-02,6.005621251968970e-10
2.990410381181835e-02,6.004289845578784e-10
3.003189912725347e-02,6.002963944255808e-10
3.015969444268859e-02,6.001643501890374e-10
3.028748975812371e-02,6.000328472372812e-10
3.041528507355883e-02,5.999018809593452e-10
3.054308038899396e-02,5.997714467442626e-10
3.067087570442908e-02,5.996415400705252e-10
3.079867101986420e-02,5.995121567744584e-10
3.092646633529932e-02,5.993832927818443e-10
3.105426165073444e-02,5.992549440184656e-10
3.118205696616956e-02,5.991271064101045e-10
3.130985228160468e-02,5.989997758825438e-10
3.143764759703981e-02,5.988729483615658e-10
3.156544291247493e-02,5.987466197729530e-10
3.169323822791005e-02,5.986207860424878e-10
3.182103354334517e-02,5.984954430959526e-10
3.194882885878029e-02,5.983705869352027e-10
3.207662417421541e-02,5.982462138663591e-10
3.220441948965053e-02,5.981223202716026e-10
3.233221480508566e-02,5.979989025331142e-10
3.246001012052077e-02,5.978759570330753e-10
3.258780543595589e-02,5.977534801536665e-10
3.271560075139102e-02,5.976314682770689e-10
3.284339606682614e-02,5.975099177854636e-10
3.297119138226126e-02,5.973888250610314e-10
3.309898669769638e-02,5.972681864859536e-10
3.322678201313150e-02,5.971479985074897e-10
3.335457732856662e-02,5.970282578332356e-10
3.348237264400174e-02,5.969089612358754e-10
3.361016795943687e-02,5.967901054880937e-10
3.373796327487198e-02,5.966716873625748e-10
3.386575859030710e-02,5.965537036320033e-10
3.399355390574223e-02,5.964361510690634e-10
3.412134922117735e-02,5.963190264464395e-10
3.424914453661247e-02,5.962023265368164e-10
3.437693985204759e-02,5.960860481128782e-10
3.450473516748271e-02,5.959701880034411e-10
3.463253048291783e-02,5.958547432618484e-10
3.476032579835295e-02,5.957397109975756e-10
3.488812111378808e-02,5.956250883200983e-10
3.501591642922319e-02,5.955108723388919e-10
3.514371174465832e-02,5.953970601634319e-10
3.527150706009344e-02,5.952836489031937e-10
3.539930237552856e-02,5.951706356676529e-10
3.552709769096368e-02,5.950580175662848e-10
3.565489300639881e-02,5.949457917085649e-10
3.578268832183392e-02,5.948339552522886e-10
3.591048363726904e-02,5.947225055485173e-10
3.603827895270417e-02,5.946114399966251e-10
3.616607426813929e-02,5.945007559959867e-10
3.629386958357441e-02,5.943904509459762e-10
3.642166489900953e-02,5.942805222459682e-10
3.654946021444465e-02,5.941709672953371e-10
3.667725552987977e-02,5.940617834934570e-10
3.680505084531489e-02,5.939529682397023e-10
3.693284616075002e-02,5.938445189334477e-10
3.706064147618514e-02,5.937364330163513e-10
3.718843679162025e-02,5.936287080992238e-10
3.731623210705538e-02,5.935213418351672e-10
3.744402742249050e-02,5.934143318772837e-10
3.757182273792562e-02,5.933076758786754e-10
3.769961805336074e-02,5.932013714924445e-10
3.782741336879586e-02,5.930954163716930e-10
3.795520868423098e-02,5.929898081695233e-10
3.808300399966610e-02,5.928845445390373e-10
3.821079931510123e-02,5.927796231333373e-10
3.833859463053635e-02,5.926750416423834e-10
3.846638994597146e-02,5.925707979035707e-10
3.859418526140659e-02,5.924668897911535e-10
3.872198057684171e-02,5.923633151793862e-10
3.884977589227683e-02,5.922600719425229e-10
3.897757120771195e-02,5.921571579548181e-10
3.910536652314707e-02,5.920545710905258e-10
3.923316183858219e-02,5.919523092239006e-10
3.936095715401731e-02,5.918503702291966e-10
3.948875246945244e-02,5.917487519806683e-10
3.961654778488756e-02,5.916474523849364e-10
3.974434310032268e-02,5.915464694780794e-10
3.987213841575780e-02,5.914458013285391e-10
3.999993373119292e-02,5.913454460047571e-10
4.012772904662804e-02,5.912454015751745e-10
4.025552436206317e-02,5.911456661082331e-10
4.038331967749829e-02,5.910462376723744e-10
4.051111499293340e-02,5.909471143360397e-10
4.063891030836853e-02,5.908482941676707e-10
4.076670562380365e-02,5.907497752357089e-10
4.089450093923877e-02,5.906515556371248e-10
4.102229625467389e-02,5.905536335830178e-10
4.115009157010902e-02,5.904560073130224e-10
4.127788688554413e-02,5.903586750667731e-10
4.140568220097925e-02,5.902616350839041e-10
4.153347751641438e-02,5.901648856040499e-10
4.166127283184950e-02,5.900684248668448e-10
4.178906814728462e-02,5.899722511119233e-10
4.191686346271974e-02,5.898763625789198e-10
4.204465877815486e-02,5.897807575074687e-10
4.217245409358998e-02,5.896854341624497e-10
4.230024940902510e-02,5.895903909097261e-10
4.242804472446023e-02,5.894956261404081e-10
4.255584003989534e-02,5.894011382456058e-10
4.268363535533046e-02,5.893069256164294e-10
4.281143067076559e-02,5.892129866439888e-10
4.293922598620071e-02,5.891193197193943e-10
4.306702130163583e-02,5.890259232337560e-10
4.319481661707095e-02,5.889327955781839e-10
4.332261193250607e-02,5.888399351437882e-10
4.345040724794119e-02,5.887473403441170e-10
4.357820256337631e-02,5.886550096824647e-10
4.370599787881144e-02,5.885629416845626e-10
4.383379319424656e-02,5.884711348761408e-10
4.396158850968167e-02,5.883795877829303e-10
4.408938382511680e-02,5.882882989306617e-10
4.421717914055192e-02,5.881972668450657e-10
4.434497445598704e-02,5.881064900518728e-10
4.447276977142216e-02,5.880159670768140e-10
4.460056508685728e-02,5.879256964456195e-10
4.472836040229240e-02,5.878356767039896e-10
4.485615571772752e-02,5.877459064775104e-10
4.498395103316265e-02,5.876563844117420e-10
4.511174634859777e-02,5.875671091522443e-10
4.523954166403289e-02,5.874780793445777e-10
4.536733697946801e-02,5.873892936343020e-10
4.549513229490313e-02,5.873007506669776e-10
4.562292761033825e-02,5.872124490881644e-10
4.575072292577338e-02,5.871243875434223e-10
4.587851824120850e-02,5.870365646783117e-10
4.600631355664361e-02,5.869489791562739e-10
4.613410887207874e-02,5.868616297122788e-10
4.626190418751386e-02,5.867745150991791e-10
4.638969950294898e-02,5.866876340698277e-10
4.651749481838410e-02,5.866009853770773e-10
4.664529013381922e-02,5.865145677737804e-10
4.677308544925434e-02,5.864283800127902e-10
4.690088076468946e-02,5.863424208469589e-10
4.702867608012459e-02,5.862566890291397e-10
4.715647139555971e-02,5.861711833121852e-10
4.728426671099482e-02,5.860859024649660e-10
4.741206202642995e-02,5.860008453204235e-10
4.753985734186507e-02,5.859160107275158e-10
4.766765265730019e-02,5.858313975352010e-10
4.779544797273531e-02,5.857470045924374e-10
4.792324328817044e-02,5.856628307481831e-10
4.805103860360555e-02,5.855788748513963e-10
4.817883391904067e-02,5.854951357510352e-10
4.830662923447580e-02,5.854116122960577e-10
4.843442454991092e-02,5.853283033354224e-10
4.856221986534604e-02,5.852452077327889e-10
4.869001518078116e-02,5.851623244106187e-10
4.881781049621628e-02,5.850796523060717e-10
4.894560581165140e-02,5.849971903563079e-10
4.907340112708652e-02,5.849149374984869e-10
4.920119644252165e-02,5.848328926697692e-10
4.932899175795677e-02,5.847510548073141e-10
4.945678707339188e-02,5.846694228482821e-10
4.958458238882701e-02,5.845879957298328e-10
4.971237770426213e-02,5.845067723891263e-10
4.984017301969725e-02,5.844257517736692e-10
4.996796833513237e-02,5.843449328723584e-10
5.000000000000000e-02,5.843247072590623e-10
5.009576365056749e-02,5.842643146856686e-10
5.022355896600261e-02,5.841838962248057e-10
5.035135428143774e-02,5.841036765065112e-10
5.047914959687286e-02,5.840236545475723e-10
5.060694491230798e-02,5.839438293647763e-10
5.073474022774310e-02,5.838641999749106e-10
5.086253554317822e-02,5.837847653947625e-10
5.099033085861334e-02,5.837055246411192e-10
5.111812617404846e-02,5.836264767418643e-10
5.124592148948359e-02,5.835476207692655e-10
5.137371680491870e-02,5.834689558066861e-10
5.150151212035382e-02,5.833904809374894e-10
5.162930743578895e-02,5.833121952450390e-10
5.175710275122407e-02,5.832340978126977e-10
5.188489806665919e-02,5.831561877238295e-10
5.201269338209431e-02,5.830784640617973e-10
5.214048869752943e-02,5.830009259099646e-10
5.226828401296455e-02,5.829235723516948e-10
5.239607932839967e-02,5.828464024812009e-10
5.252387464383480e-02,5.827694154360907e-10
5.265166995926992e-02,5.826926103648190e-10
5.277946527470503e-02,5.826159864158416e-10
5.290726059014016e-02,5.825395427376134e-10
5.303505590557528e-02,5.824632784785897e-10
5.316285122101040e-02,5.823871927872258e-10
5.329064653644552e-02,5.823112848119770e-10
5.341844185188065e-02,5.822355537012984e-10
5.354623716731576e-02,5.821599986036455e-10
5.367403248275088e-02,5.820846186771114e-10
5.380182779818601e-02,5.820094131183441e-10
5.392962311362113e-02,5.819343811336313e-10
5.405741842905625e-02,5.818595219292600e-10
5.418521374449137e-02,5.817848347115179e-10
5.431300905992649e-02,5.817103186866923e-10
5.444080437536161e-02,5.816359730610705e-10
5.456859969079673e-02,5.815617970409398e-10
5.469639500623186e-02,5.814877898325879e-10
5.482419032166697e-02,5.814139506423020e-10
5.495198563710210e-02,5.813402786852117e-10
5.507978095253722e-02,5.812667732118161e-10
5.520757626797234e-02,5.811934334814561e-10
5.533537158340746e-02,5.811202587534725e-10
5.546316689884258e-02,5.810472482872065e-10
5.559096221427770e-02,5.809744013419991e-10
5.571875752971282e-02,5.809017171771912e-10
5.584655284514795e-02,5.808291950521241e-10
5.597434816058307e-02,5.807568342261384e-10
5.610214347601819e-02,5.806846339585757e-10
5.622993879145331e-02,5.806125935168261e-10
5.635773410688843e-02,5.805407122004777e-10
5.648552942232355e-02,5.804689893171663e-10
5.661332473775867e-02,5.803974241745282e-10
5.674112005319380e-02,5.803260160801994e-10
5.686891536862891e-02,5.802547643418160e-10
5.699671068406403e-02,5.801836682670141e-10
5.712450599949916e-02,5.801127271634296e-10
5.725230131493428e-02,5.800419403386989e-10
5.738009663036940e-02,5.799713071004578e-10
5.750789194580452e-02,5.799008267637161e-10
5.763568726123964e-02,5.798304986729797e-10
5.776348257667476e-02,5.797603221801291e-10
5.789127789210988e-02,5.796902966370449e-10
5.801907320754501e-02,5.796204213956077e-10
5.814686852298013e-02,5.795506958076981e-10
5.827466383841524e-02,5.794811192251965e-10
5.840245915385037e-02,5.794116909999839e-10
5.853025446928549e-02,5.793424104839405e-10
5.865804978472061e-02,5.792732770289471e-10
5.878584510015573e-02,5.792042899936351e-10
5.891364041559085e-02,5.791354487636392e-10
5.904143573102597e-02,5.790667527313454e-10
5.916923104646109e-02,5.789982012891392e-10
5.929702636189622e-02,5.789297938294067e-10
5.942482167733134e-02,5.788615297445334e-10
5.955261699276646e-02,5.787934084269053e-10
5.968041230820158e-02,5.787254292689079e-10
5.980820762363670e-02,5.786575916629272e-10
5.993600293907182e-02,5.785898950013488e-10
6.006379825450694e-02,5.785223386827602e-10
6.019159356994207e-02,5.784549221305529e-10
6.031938888537718e-02,5.783876447743188e-10
6.044718420081231e-02,5.783205060436507e-10
6.057497951624743e-02,5.782535053681405e-10
6.070277483168255e-02,5.781866421773805e-10
6.083057014711767e-02,5.781199159009628e-10
6.095836546255279e-02,5.780533259684799e-10
6.108616077798791e-02,5.779868718095241e-10
6.121395609342303e-02,5.779205528536872e-10
6.134175140885816e-02,5.778543685362667e-10
6.146954672429328e-02,5.777883183153826e-10
6.159734203972840e-02,5.777224016548600e-10
6.172513735516352e-02,5.776566180185251e-10
6.185293267059864e-02,5.775909668702034e-10
6.198072798603376e-02,5.775254476737204e-10
6.210852330146888e-02,5.774600598929025e-10
6.223631861690401e-02,5.773948029915748e-10
6.236411393233912e-02,5.773296764335633e-10
6.249190924777424e-02,5.772646796826935e-10
6.261970456320937e-02,5.771998122080456e-10
6.274749987864449e-02,5.771350734997164e-10
6.287529519407961e-02,5.770704630530571e-10
6.300309050951473e-02,5.770059803634192e-10
6.313088582494986e-02,5.769416249261539e-10
6.325868114038498e-02,5.768773962366125e-10
6.338647645582010e-02,5.768132937901464e-10
6.351427177125522e-02,5.767493170821069e-10
6.364206708669033e-02,5.766854656078452e-10
6.376986240212545e-02,5.766217388627125e-10
6.389765771756058e-02,5.765581363468904e-10
6.402545303299570e-02,5.764946575798787e-10
6.415324834843082e-02,5.764313020860070e-10
6.428104366386594e-02,5.763680693896045e-10
6.440883897930107e-02,5.763049590150010e-10
6.453663429473619e-02,5.762419704865257e-10
6.466442961017131e-02,5.761791033285080e-10
6.479222492560642e-02,5.761163570652775e-10
6.492002024104154e-02,5.760537312211636e-10
6.504781555647667e-02,5.759912253204958e-10
6.517561087191179e-02,5.759288388921383e-10
6.530340618734691e-02,5.758665714830969e-10
6.543120150278203e-02,5.758044226449135e-10
6.555899681821716e-02,5.757423919291293e-10
6.568679213365228e-02,5.756804788872863e-10
6.581458744908740e-02,5.756186830709261e-10
6.594238276452252e-02,5.755570040315902e-10
6.607017807995763e-02,5.754954413208202e-10
6.619797339539275e-02,5.754339944901577e-10
6.632576871082788e-02,5.753726630911445e-10
6.645356402626300e-02,5.753114466794470e-10
6.658135934169812e-02,5.752503448272316e-10
6.670915465713324e-02,5.751893571107898e-10
6.683694997256837e-02,5.751284831064131e-10
6.696474528800349e-02,5.750677223903931e-10
6.709254060343861e-02,5.750070745390211e-10
6.722033591887373e-02,5.749465391285887e-10
6.734813123430886e-02,5.748861157353875e-10
6.747592654974396e-02,5.748258039357088e-10
6.760372186517909e-02,5.747656033058443e-10
6.773151718061421e-02,5.747055134259116e-10
6.785931249604933e-02,5.746455338913336e-10
6.798710781148445e-02,5.745856643013585e-10
6.811490312691958e-02,5.745259042552350e-10
6.824269844235470e-02,5.744662533522117e-10
6.837049375778982e-02,5.744067111915371e-10
6.849828907322494e-02,5.743472773724598e-10
6.862608438866007e-02,5.742879514942284e-10
6.875387970409517e-02,5.742287331560914e-10
6.888167501953030e-02,5.741696219572974e-10
6.900947033496542e-02,5.741106175007377e-10
6.913726565040054e-02,5.740517194038780e-10
6.926506096583566e-02,5.739929272878274e-10
6.939285628127079e-02,5.739342407736950e-10
6.952065159670591e-02,5.738756594825898e-10
6.964844691214103e-02,5.738171830356214e-10
6.977624222757615e-02,5.737588110538988e-10
6.990403754301128e-02,5.737005431585310e-10
7.003183285844640e-02,5.736423789706274e-10
7.015962817388151e-02,5.735843181112972e-10
7.028742348931663e-02,5.735263602047036e-10
7.041521880475175e-02,5.734685048872268e-10
7.054301412018688e-02,5.734107517983013e-10
7.067080943562200e-02,5.733531005773617e-10
7.079860475105712e-02,5.732955508638423e-10
7.092640006649224e-02,5.732381022971777e-10
7.105419538192737e-02,5.731807545168027e-10
7.118199069736249e-02,5.731235071621515e-10
7.130978601279761e-02,5.730663598726586e-10
7.152277820518949e-02,5.729713357778757e-10
7.173577039758135e-02,5.728765869912698e-10
7.194876258997322e-02,5.727821119448539e-10
7.216175478236508e-02,5.726879090909010e-10
7.237474697475696e-02,5.725939768816840e-10
7.258773916714882e-02,5.725003137694763e-10
7.280073135954070e-02,5.724069182065505e-10
7.301372355193256e-02,5.723137886451799e-10
7.322671574432443e-02,5.722209235376374e-10
7.343970793671629e-02,5.721283213361961e-10
7.365270012910817e-02,5.720359804931289e-10
7.386569232150003e-02,5.719438994825950e-10
7.407868451389191e-02,5.718520768662977e-10
7.429167670628377e-02,5.717605112278263e-10
7.450466889867564e-02,5.716692011507702e-10
7.471766109106751e-02,5.715781452187184e-10
7.493065328345938e-02,5.714873420152602e-10
7.514364547585124e-02,5.713967901239854e-10
7.535663766824312e-02,5.713064881284826e-10
7.556962986063498e-02,5.712164346123416e-10
7.578262205302685e-02,5.711266281591514e-10
7.599561424541872e-02,5.710370673711884e-10
7.620860643781059e-02,5.709477509254747e-10
7.642159863020245e-02,5.708586775177182e-10
7.663459082259433e-02,5.707698458436267e-10
7.684758301498619e-02,5.706812545989086e-10
7.706057520737807e-02,5.705929024792719e-10
7.727356739976993e-02,5.705047881804241e-10
7.748655959216180e-02,5.704169103980736e-10
7.769955178455366e-02,5.703292678279282e-10
7.791254397694554e-02,5.702418591656959e-10
7.812553616933740e-02,5.701546831240592e-10
7.833852836172928e-02,5.700677384835946e-10
7.855152055412114e-02,5.699810240418510e-10
7.876451274651301e-02,5.698945385963775e-10
7.897750493890487e-02,5.698082809447232e-10
7.919049713129675e-02,5.697222498844369e-10
7.940348932368861e-02,5.696364442130680e-10
7.961648151608049e-02,5.695508627281653e-10
7.982947370847235e-02,5.694655042272777e-10
8.004246590086422e-02,5.693803675079545e-10
8.025545809325609e-02,5.692954513829360e-10
8.046845028564796e-02,5.692107547257314e-10
8.068144247803982e-02,5.691262764250435e-10
8.089443467043170e-02,5.690420153695747e-10
8.110742686282357e-02,5.689579704480276e-10
8.132041905521543e-02,5.688741405491047e-10
8.153341124760730e-02,5.687905245615085e-10
8.174640343999917e-02,5.687071213739415e-10
8.195939563239105e-02,5.686239298751061e-10
8.217238782478291e-02,5.685409489537051e-10
8.238538001717477e-02,5.684581775121423e-10
8.259837220956665e-02,5.683756145076291e-10
8.281136440195852e-02,5.682932589110789e-10
8.302435659435038e-02,5.682111096934054e-10
8.323734878674224e-02,5.681291658255221e-10
8.345034097913412e-02,5.680474262783425e-10
8.366333317152599e-02,5.679658900227803e-10
8.387632536391786e-02,5.678845560297491e-10
8.408931755630973e-02,5.678034232701622e-10
8.430230974870159e-02,5.677224907149333e-10
8.451530194109347e-02,5.676417573473766e-10
8.472829413348533e-02,5.675612222004081e-10
8.494128632587720e-02,5.674808843193442e-10
8.515427851826907e-02,5.674007427495019e-10
8.536727071066094e-02,5.673207965361976e-10
8.558026290305280e-02,5.672410447247480e-10
8.579325509544468e-02,5.671614863604697e-10
8.600624728783654e-02,5.670821204886794e-10
8.621923948022842e-02,5.670029461546938e-10
8.643223167262028e-02,5.669239624038293e-10
8.664522386501215e-02,5.668451682925662e-10
8.685821605740401e-02,5.667665629220367e-10
8.707120824979589e-02,5.666881454045359e-10
8.728420044218775e-02,5.666099148523594e-10
8.749719263457963e-02,5.665318703778022e-10
8.771018482697149e-02,5.664540110931596e-10
8.792317701936336e-02,5.663763361107266e-10
8.813616921175522e-02,5.662988445427988e-10
8.834916140414710e-02,5.662215355016710e-10
8.856215359653896e-02,5.661444080996387e-10
8.877514578893084e-02,5.660674614592384e-10
8.898813798132270e-02,5.659906947439683e-10
8.920113017371457e-02,5.659141071275674e-10
8.941412236610644e-02,5.658376977837742e-10
8.962711455849831e-02,5.657614658863277e-10
8.984010675089017e-02,5.656854106089662e-10
9.005309894328205e-02,5.656095311254287e-10
9.026609113567391e-02,5.655338266094538e-10
9.047908332806578e-02,5.654582962347803e-10
9.069207552045766e-02,5.653829391751468e-10
9.090506771284952e-02,5.653077546135618e-10
9.111805990524138e-02,5.652327417701156e-10
9.133105209763326e-02,5.651578998741692e-10
9.154404429002513e-02,5.650832281550839e-10
9.175703648241700e-02,5.650087258422205e-10
9.197002867480886e-02,5.649343921649407e-10
9.218302086720073e-02,5.648602263526051e-10
9.239601305959261e-02,5.647862276345753e-10
9.260900525198447e-02,5.647123952402122e-10
9.282199744437633e-02,5.646387283988771e-10
9.303498963676821e-02,5.645652263483581e-10
9.324798182916008e-02,5.644918883601522e-10
9.346097402155194e-02,5.644187137141846e-10
9.367396621394380e-02,5.643457016903799e-10
9.388695840633568e-02,5.642728515686630e-10
9.409995059872756e-02,5.642001626289586e-10
9.431294279111942e-02,5.641276341511916e-10
9.452593498351128e-02,5.640552654152869e-10
9.473892717590315e-02,5.639830557011693e-10
9.495191936829503e-02,5.639110042887634e-10
9.516491156068689e-02,5.638391104657070e-10
9.537790375307875e-02,5.637673735504881e-10
9.559089594547063e-02,5.636957928693076e-10
9.580388813786250e-02,5.636243677483663e-10
9.601688033025436e-02,5.635530975138652e-10
9.622987252264624e-02,5.634819814920054e-10
9.644286471503810e-02,5.634110190089875e-10
9.665585690742998e-02,5.633402093910124e-10
9.686884909982184e-02,5.632695519642814e-10
9.708184129221371e-02,5.631990460549951e-10
9.729483348460558e-02,5.631286909964346e-10
9.750782567699745e-02,5.630584861502011e-10
9.772081786938931e-02,5.629884308849758e-10
9.793381006178119e-02,5.629185245694393e-10
9.814680225417305e-02,5.628487665722729e-10
9.835979444656492e-02,5.627791562621576e-10
9.857278663895679e-02,5.627096930077744e-10
9.878577883134866e-02,5.626403761778044e-10
9.899877102374052e-02,5.625712051409287e-10
9.921176321613240e-02,5.625021792658281e-10
9.942475540852426e-02,5.624332979277069e-10
9.963774760091614e-02,5.623645605278614e-10
9.985073979330800e-02,5.622959664741107e-10
1.000637319857000e-01,5.622275151742734e-10
1.002767241780920e-01,5.621592060361685e-10
1.004897163704840e-01,5.620910384676147e-10
1.007027085628750e-01,5.620230118764315e-10
1.009157007552670e-01,5.619551256704369e-10
1.011286929476590e-01,5.618873792574502e-10
1.013416851400510e-01,5.618197720452902e-10
1.015546773324430e-01,5.617523034476781e-10
1.017676695248350e-01,5.616849729019487e-10
1.019806617172270e-01,5.616177798513412e-10
1.021936539096190e-01,5.615507237390952e-10
1.024066461020100e-01,5.614838040084502e-10
1.026196382944020e-01,5.614170201026451e-10
1.028326304867940e-01,5.613503714649195e-10
1.030456226791860e-01,5.612838575385130e-10
1.032586148715780e-01,5.612174777666651e-10
1.034716070639700e-01,5.611512315926147e-10
1.036845992563620e-01,5.610851184653108e-10
1.038975914487540e-01,5.610191378565362e-10
1.041105836411450e-01,5.609532892437824e-10
1.043235758335370e-01,5.608875721045393e-10
1.045365680259290e-01,5.608219859162988e-10
1.047495602183210e-01,5.607565301565515e-10
1.049625524107130e-01,5.606912043027885e-10
1.051755446031050e-01,5.606260078325009e-10
1.053885367954970e-01,5.605609402231794e-10
1.056015289878880e-01,5.604960009523155e-10
1.058145211802800e-01,5.604311895016800e-10
1.060275133726720e-01,5.603665053701588e-10
1.062405055650640e-01,5.603019480609145e-10
1.064534977574560e-01,5.602375170771099e-10
1.066664899498480e-01,5.601732119219073e-10
1.068794821422400e-01,5.601090320984696e-10
1.070924743346320e-01,5.600449771099592e-10
1.073054665270230e-01,5.599810464595390e-10
1.075184587194150e-01,5.599172396503710e-10
1.077314509118070e-01,5.598535561856182e-10
1.079444431041990e-01,5.597899955760629e-10
1.081574352965910e-01,5.597265573629872e-10
1.083704274889830e-01,5.596632410953033e-10
1.085834196813750e-01,5.596000463219238e-10
1.087964118737660e-01,5.595369725917610e-10
1.090094040661580e-01,5.594740194537271e-10
1.092223962585500e-01,5.594111864567344e-10
1.094353884509420e-01,5.593484731496955e-10
1.096483806433340e-01,5.592858790815227e-10
1.098613728357260e-01,5.592234038011283e-10
1.100743650281180e-01,5.591610468507801e-10
1.102873572205100e-01,5.590988077461579e-10
1.105003494129010e-01,5.590366859962921e-10
1.107133416052930e-01,5.589746811102120e-10
1.109263337976850e-01,5.589127925969482e-10
1.111393259900770e-01,5.588510199655306e-10
1.113523181824690e-01,5.587893627249896e-10
1.115653103748610e-01,5.587278203843550e-10
1.117783025672530e-01,5.586663924526568e-10
1.119912947596450e-01,5.586050784389255e-10
1.122042869520360e-01,5.585438778971811e-10
1.124172791444280e-01,5.584827905614164e-10
1.126302713368200e-01,5.584218162106214e-10
1.128432635292120e-01,5.583609546237861e-10
1.130562557216040e-01,5.583002055799004e-10
1.132692479139960e-01,5.582395688579539e-10
1.134822401063880e-01,5.581790442369366e-10
1.136952322987790e-01,5.581186314958386e-10
1.139082244911710e-01,5.580583304136494e-10
1.141212166835630e-01,5.579981407693586e-10
1.143342088759550e-01,5.579380621927216e-10
1.145472010683470e-01,5.578780937166926e-10
1.147601932607390e-01,5.578182342250616e-10
1.149731854531310e-01,5.577584826016183e-10
1.151861776455230e-01,5.576988377301522e-10
1.153991698379140e-01,5.576392984944539e-10
1.156121620303060e-01,5.575798637783121e-10
1.158251542226980e-01,5.575205324655169e-10
1.160381464150900e-01,5.574613034398581e-10
1.162511386074820e-01,5.574021755851255e-10
1.164641307998740e-01,5.573431483595706e-10
1.166771229922660e-01,5.572842235180431e-10
1.168901151846570e-01,5.572254033892303e-10
1.171031073770490e-01,5.571666903018187e-10
1.173160995694410e-01,5.571080865844955e-10
1.175290917618330e-01,5.570495945659478e-10
1.177420839542250e-01,5.569912165748630e-10
1.179550761466170e-01,5.569329549399274e-10
1.181680683390090e-01,5.568748119898288e-10
1.183810605314010e-01,5.568167900532537e-10
1.185940527237920e-01,5.567588893334022e-10
1.188070449161840e-01,5.567011015267959e-10
1.190200371085760e-01,5.566434162021054e-10
1.192330293009680e-01,5.565858229280008e-10
1.194460214933600e-01,5.565283112731523e-10
1.196590136857520e-01,5.564708708062302e-10
1.198720058781440e-01,5.564134910959048e-10
1.200849980705360e-01,5.563561617108461e-10
1.202979902629270e-01,5.562988722197249e-10
1.205109824553190e-01,5.562416121912105e-10
1.207239746477110e-01,5.561843791440025e-10
1.209369668401030e-01,5.561272024047737e-10
1.211499590324950e-01,5.560701192541565e-10
1.213629512248870e-01,5.560131669727825e-10
1.215759434172790e-01,5.559563828412838e-10
1.217889356096700e-01,5.558998041402929e-10
1.220019278020620e-01,5.558434681504410e-10
1.222149199944540e-01,5.557874121523604e-10
1.224279121868460e-01,5.557316734266831e-10
1.226409043792380e-01,5.556762892540412e-10
1.228538965716300e-01,5.556212672499198e-10
1.230668887640220e-01,5.555664963765353e-10
1.232798809564140e-01,5.555118359346170e-10
1.234928731488050e-01,5.554571452248938e-10
1.237058653411970e-01,5.554022835480947e-10
1.239188575335890e-01,5.553471102049485e-10
1.241318497259810e-01,5.552914844961844e-10
1.243448419183730e-01,5.552352657225317e-10
1.245578341107650e-01,5.551783131847188e-10
1.247708263031570e-01,5.551204861834755e-10
1.249838184955480e-01,5.550617547786867e-10
1.251968106879400e-01,5.550025319027552e-10
1.254098028803320e-01,5.549433411652031e-10
1.256227950727240e-01,5.548847061755519e-10
1.258357872651160e-01,5.548271505433232e-10
1.260487794575080e-01,5.547711978780386e-10
1.262617716499000e-01,5.547173717892198e-10
1.264747638422920e-01,5.546661958863883e-10
1.266877560346830e-01,5.546181937790656e-10
1.269007482270750e-01,5.545738890767736e-10
1.271137404194670e-01,5.545335811562576e-10
1.273267326118590e-01,5.544966730722201e-10
1.275397248042510e-01,5.544623439510141e-10
1.277527169966430e-01,5.544297729189921e-10
1.279657091890350e-01,5.543981391025075e-10
1.281787013814270e-01,5.543666216279130e-10
1.283916935738180e-01,5.543343996215616e-10
1.286046857662100e-01,5.543006522098062e-10
1.288176779586020e-01,5.542645585189997e-10
1.290306701509940e-01,5.542252976754950e-10
1.292436623433860e-01,5.541822715774422e-10
1.294566545357780e-01,5.541357735848947e-10
1.296696467281700e-01,5.540863200170983e-10
1.298826389205610e-01,5.540344271932994e-10
1.300956311129530e-01,5.539806114327441e-10
1.303086233053450e-01,5.539253890546787e-10
1.305216154977370e-01,5.538692763783491e-10
1.307346076901290e-01,5.538127897230018e-10
1.309475998825210e-01,5.537564454078831e-10
1.311605920749130e-01,5.537007597522391e-10
1.313735842673050e-01,5.536461399206383e-10
1.315865764596960e-01,5.535925564102001e-10
1.317995686520880e-01,5.535398705389934e-10
1.320125608444800e-01,5.534879436250884e-10
1.322255530368720e-01,5.534366369865548e-10
1.324385452292640e-01,5.533858119414623e-10
1.326515374216560e-01,5.533353298078806e-10
1.328645296140480e-01,5.532850519038797e-10
1.330775218064400e-01,5.532348395475289e-10
1.332905139988310e-01,5.531845540568985e-10
1.335035061912230e-01,5.531340860095583e-10
1.337164983836150e-01,5.530834429980066e-10
1.339294905760070e-01,5.530326618627056e-10
1.341424827683990e-01,5.529817794441179e-10
1.343554749607910e-01,5.529308325827062e-10
1.345684671531830e-01,5.528798581189325e-10
1.347814593455740e-01,5.528288928932596e-10
1.349944515379660e-01,5.527779737461497e-10
1.352074437303580e-01,5.527271375180653e-10
1.354204359227500e-01,5.526764210494688e-10
1.356334281151420e-01,5.526258533409179e-10
1.358464203075340e-01,5.525754320492135e-10
1.360594124999260e-01,5.525251469991813e-10
1.362724046923180e-01,5.524749880156470e-10
1.364853968847090e-01,5.524249449234364e-10
1.366983890771010e-01,5.523750075473748e-10
1.369113812694930e-01,5.523251657122880e-10
1.371243734618850e-01,5.522754092430017e-10
1.373373656542770e-01,5.522257279643416e-10
1.375503578466690e-01,5.521761117011333e-10
1.377633500390610e-01,5.521265523788074e-10
1.379763422314520e-01,5.520770503302038e-10
1.381893344238440e-01,5.520276079912626e-10
1.384023266162360e-01,5.519782277979247e-10
1.386153188086280e-01,5.519289121861304e-10
1.388283110010200e-01,5.518796635918205e-10
1.390413031934120e-01,5.518304844509352e-10
1.392542953858040e-01,5.517813771994154e-10
1.394672875781960e-01,5.517323442732012e-10
1.396802797705870e-01,5.516833881082337e-10
1.398932719629790e-01,5.516345105795489e-10
1.401062641553710e-01,5.515857113179294e-10
1.403192563477630e-01,5.515369893929338e-10
1.405322485401550e-01,5.514883438741206e-10
1.407452407325470e-01,5.514397738310487e-10
1.409582329249390e-01,5.513912783332766e-10
1.411712251173300e-01,5.513428564503631e-10
1.413842173097220e-01,5.512945072518665e-10
1.415972095021140e-01,5.512462298073458e-10
1.418102016945060e-01,5.511980231863595e-10
1.420231938868980e-01,5.511498866108326e-10
1.422361860792900e-01,5.511018199121428e-10
1.424491782716820e-01,5.510538230740266e-10
1.426621704640740e-01,5.510058960802205e-10
1.428751626564650e-01,5.509580389144613e-10
1.430881548488570e-01,5.509102515604851e-10
1.433011470412490e-01,5.508625340020289e-10
1.435141392336410e-01,5.508148862228292e-10
1.437271314260330e-01,5.507673082066227e-10
1.439401236184250e-01,5.507197999371457e-10
1.441531158108170e-01,5.506723613592091e-10
1.443661080032090e-01,5.506249922619709e-10
1.445791001956000e-01,5.505776923956893e-10
1.447920923879920e-01,5.505304615106219e-10
1.450050845803840e-01,5.504832993570270e-10
1.452180767727760e-01,5.504362056851623e-10
1.454310689651680e-01,5.503891802452862e-10
1.456440611575600e-01,5.503422227876564e-10
1.458570533499520e-01,5.502953330625311e-10
1.460700455423430e-01,5.502485108201682e-10
1.462830377347350e-01,5.502017558230613e-10
1.464960299271270e-01,5.501550678826155e-10
1.467090221195190e-01,5.501084468224558e-10
1.469220143119110e-01,5.500618924662071e-10
1.471350065043030e-01,5.500154046374944e-10
1.473479986966950e-01,5.499689831599430e-10
1.475609908890870e-01,5.499226278571774e-10
1.477739830814780e-01,5.498763385528233e-10
1.479869752738700e-01,5.498301150705049e-10
1.481999674662620e-01,5.497839572338476e-10
1.484129596586540e-01,5.497378648649015e-10
1.486259518510460e-01,5.496918377794131e-10
1.488389440434380e-01,5.496458757915534e-10
1.490519362358300e-01,5.495999787154925e-10
1.492649284282220e-01,5.495541463654011e-10
1.494779206206130e-01,5.495083785554497e-10
1.496909128130050e-01,5.494626750998087e-10
1.499039050053970e-01,5.494170358126483e-10
1.501168971977890e-01,5.493714605081394e-10
1.503298893901810e-01,5.493259490004522e-10
1.505428815825730e-01,5.492805011057882e-10
1.507558737749650e-01,5.492351166484732e-10
1.509688659673560e-01,5.491897954548648e-10
1.511818581597480e-01,5.491445373513200e-10
1.513948503521400e-01,5.490993421641963e-10
1.516078425445320e-01,5.490542097198510e-10
1.518208347369240e-01,5.490091398446417e-10
1.520338269293160e-01,5.489641323649254e-10
1.522468191217080e-01,5.489191871070597e-10
1.524598113141000e-01,5.488743038974020e-10
1.526728035064910e-01,5.488294825632837e-10
1.528857956988830e-01,5.487847229359314e-10
1.530987878912750e-01,5.487400248475460e-10
1.533117800836670e-01,5.486953881303281e-10
1.535247722760590e-01,5.486508126164785e-10
1.537377644684510e-01,5.486062981381979e-10
1.539507566608430e-01,5.485618445276867e-10
1.541637488532340e-01,5.485174516171460e-10
1.543767410456260e-01,5.484731192387759e-10
1.545897332380180e-01,5.484288472247773e-10
1.548027254304100e-01,5.483846354085311e-10
1.550157176228020e-01,5.483404836281353e-10
1.552287098151940e-01,5.482963917228681e-10
1.554417020075860e-01,5.482523595320063e-10
1.556546941999780e-01,5.482083868948279e-10
1.558676863923690e-01,5.481644736506102e-10
1.560806785847610e-01,5.481206196386305e-10
1.562936707771530e-01,5.480768246981662e-10
1.565066629695450e-01,5.480330886684951e-10
1.567196551619370e-01,5.479894113888944e-10
1.569326473543290e-01,5.479457926996835e-10
1.571456395467210e-01,5.479022324453534e-10
1.573586317391130e-01,5.478587304714374e-10
1.575716239315040e-01,5.478152866234697e-10
1.577846161238960e-01,5.477719007469834e-10
1.579976083162880e-01,5.477285726875130e-10
1.582106005086800e-01,5.476853022905920e-10
1.584235927010720e-01,5.476420894017541e-10
1.586365848934640e-01,5.475989338665335e-10
1.588495770858560e-01,5.475558355304636e-10
1.590625692782470e-01,5.475127942400942e-10
1.592755614706390e-01,5.474698098460393e-10
1.594885536630310e-01,5.474268821999293e-10
1.597015458554230e-01,5.473840111533950e-10
1.599145380478150e-01,5.473411965580668e-10
1.601275302402070e-01,5.472984382655751e-10
1.603405224325990e-01,5.472557361275505e-10
1.605535146249910e-01,5.472130899956237e-10
1.607665068173820e-01,5.471704997214253e-10
1.609794990097740e-01,5.471279651565852e-10
1.611924912021660e-01,5.470854861536761e-10
1.614054833945580e-01,5.470430625690368e-10
1.616184755869500e-01,5.470006942599480e-10
1.618314677793420e-01,5.469583810836903e-10
1.620444599717340e-01,5.469161228975445e-10
1.622574521641260e-01,5.468739195587909e-10
1.624704443565170e-01,5.468317709247107e-10
1.626834365489090e-01,5.467896768525840e-10
1.628964287413010e-01,5.467476371996915e-10
1.631094209336930e-01,5.467056518233140e-10
1.633224131260850e-01,5.466637205816568e-10
1.635354053184770e-01,5.466218433366227e-10
1.637483975108690e-01,5.465800199510385e-10
1.639613897032600e-01,5.465382502877314e-10
1.641743818956520e-01,5.464965342095278e-10
1.643873740880440e-01,5.464548715792549e-10
1.646003662804360e-01,5.464132622597396e-10
1.648133584728280e-01,5.463717061138087e-10
1.650263506652200e-01,5.463302030042893e-10
1.652393428576120e-01,5.462887527940081e-10
1.654523350500040e-01,5.462473553466284e-10
1.656653272423950e-01,5.462060105291569e-10
1.658783194347870e-01,5.461647182094348e-10
1.660913116271790e-01,5.461234782553044e-10
1.663043038195710e-01,5.460822905346072e-10
1.665172960119630e-01,5.460411549151852e-10
1.667302882043550e-01,5.460000712648800e-10
1.669432803967470e-01,5.459590394515334e-10
1.671562725891380e-01,5.459180593429871e-10
1.673692647815300e-01,5.458771308070831e-10
1.675822569739220e-01,5.458362537124971e-10
1.677952491663140e-01,5.457954279312434e-10
1.680082413587060e-01,5.457546533361712e-10
1.682212335510980e-01,5.457139298001298e-10
1.684342257434900e-01,5.456732571959682e-10
1.686472179358820e-01,5.456326353965356e-10
1.688602101282730e-01,5.455920642746816e-10
1.690732023206650e-01,5.455515437032548e-10
1.692861945130570e-01,5.455110735551047e-10
1.694991867054490e-01,5.454706537030805e-10
1.697121788978410e-01,5.454302840208131e-10
1.699251710902330e-01,5.453899643850618e-10
1.701381632826250e-01,5.453496946733677e-10
1.703511554750170e-01,5.453094747632722e-10
1.705641476674080e-01,5.452693045323166e-10
1.707771398598000e-01,5.452291838580416e-10
1.709901320521920e-01,5.451891126179889e-10
1.712031242445840e-01,5.451490906896998e-10
1.714161164369760e-01,5.451091179507152e-10
1.716291086293680e-01,5.450691942785767e-10
1.718421008217600e-01,5.450293195515602e-10
1.720550930141510e-01,5.449894936508812e-10
1.722680852065430e-01,5.449497164584893e-10
1.724810773989350e-01,5.449099878563350e-10
1.726940695913270e-01,5.448703077263678e-10
1.729070617837190e-01,5.448306759505379e-10
1.731200539761110e-01,5.447910924107955e-10
1.733330461685030e-01,5.447515569890903e-10
1.735460383608950e-01,5.447120695673723e-10
1.737590305532860e-01,5.446726300275919e-10
1.739720227456780e-01,5.446332382524021e-10
1.741850149380700e-01,5.445938941272694e-10
1.743980071304620e-01,5.445545975383631e-10
1.746109993228540e-01,5.445153483718523e-10
1.748239915152460e-01,5.444761465139065e-10
1.750369837076380e-01,5.444369918506946e-10
1.752499759000290e-01,5.443978842683861e-10
1.754629680924210e-01,5.443588236531502e-10
1.756759602848130e-01,5.443198098911560e-10
1.758889524772050e-01,5.442808428685726e-10
1.761019446695970e-01,5.442419224722389e-10
1.763149368619890e-01,5.442030485916711e-10
1.765279290543810e-01,5.441642211170567e-10
1.767409212467730e-01,5.441254399385822e-10
1.769539134391640e-01,5.440867049464349e-10
1.771669056315560e-01,5.440480160308012e-10
1.773798978239480e-01,5.440093730818681e-10
1.775928900163400e-01,5.439707759898228e-10
1.778058822087320e-01,5.439322246448519e-10
1.780188744011240e-01,5.438937189371424e-10
1.782318665935160e-01,5.438552587575209e-10
1.784448587859070e-01,5.438168439993737e-10
1.786578509782990e-01,5.437784745567267e-10
1.788708431706910e-01,5.437401503236065e-10
1.790838353630830e-01,5.437018711940390e-10
1.792968275554750e-01,5.436636370620510e-10
1.795098197478670e-01,5.436254478216684e-10
1.797228119402590e-01,5.435873033669174e-10
1.799358041326510e-01,5.435492035918247e-10
1.801487963250420e-01,5.435111483904164e-10
1.803617885174340e-01,5.434731376573273e-10
1.805747807098260e-01,5.434351712896285e-10
1.807877729022180e-01,5.433972491849996e-10
1.810007650946100e-01,5.433593712411199e-10
1.812137572870020e-01,5.433215373556695e-10
1.814267494793940e-01,5.432837474263277e-10
1.816397416717860e-01,5.432460013507744e-10
1.818527338641770e-01,5.432082990266890e-10
1.820657260565690e-01,5.431706403517513e-10
1.822787182489610e-01,5.431330252236408e-10
1.824917104413530e-01,5.430954535406193e-10
1.827047026337450e-01,5.430579252032765e-10
1.829176948261370e-01,5.430204401127836e-10
1.831306870185290e-01,5.429829981703125e-10
1.833436792109200e-01,5.429455992770344e-10
1.835566714033120e-01,5.429082433341207e-10
1.837696635957040e-01,5.428709302427428e-10
1.839826557880960e-01,5.428336599040723e-10
1.841956479804880e-01,5.427964322192806e-10
1.844086401728800e-01,5.427592470895392e-10
1.846216323652720e-01,5.427221044165711e-10
1.848346245576640e-01,5.426850041043055e-10
1.850476167500550e-01,5.426479460572224e-10
1.852606089424470e-01,5.426109301798014e-10
1.854736011348390e-01,5.425739563765227e-10
1.856865933272310e-01,5.425370245518664e-10
1.858995855196230e-01,5.425001346103124e-10
1.861125777120150e-01,5.424632864563408e-10
1.863255699044070e-01,5.424264799944315e-10
1.865385620967990e-01,5.423897151290645e-10
1.867515542891900e-01,5.423529917653085e-10
1.869645464815820e-01,5.423163098105866e-10
1.871775386739740e-01,5.422796691729118e-10
1.873905308663660e-01,5.422430697602965e-10
1.876035230587580e-01,5.422065114807535e-10
1.878165152511500e-01,5.421699942422952e-10
1.880295074435420e-01,5.421335179529344e-10
1.882424996359330e-01,5.420970825206840e-10
1.884554918283250e-01,5.420606878535559e-10
1.886684840207170e-01,5.420243338595632e-10
1.888814762131090e-01,5.419880204469898e-10
1.890944684055010e-01,5.419517475252056e-10
1.893074605978930e-01,5.419155150038518e-10
1.895204527902850e-01,5.418793227925698e-10
1.897334449826770e-01,5.418431708010008e-10
1.899464371750680e-01,5.418070589387864e-10
1.901594293674600e-01,5.417709871155674e-10
1.903724215598520e-01,5.417349552409854e-10
1.905854137522440e-01,5.416989632246817e-10
1.907984059446360e-01,5.416630109762977e-10
1.910113981370280e-01,5.416270984068500e-10
1.912243903294200e-01,5.415912254328558e-10
1.914373825218110e-01,5.415553919722080e-10
1.916503747142030e-01,5.415195979427990e-10
1.918633669065950e-01,5.414838432625212e-10
1.920763590989870e-01,5.414481278492675e-10
1.922893512913790e-01,5.414124516209300e-10
1.925023434837710e-01,5.413768144954019e-10
1.927153356761630e-01,5.413412163905751e-10
1.929283278685550e-01,5.413056572243424e-10
1.931413200609460e-01,5.412701369117407e-10
1.933543122533380e-01,5.412346553563870e-10
1.935673044457300e-01,5.411992124590452e-10
1.937802966381220e-01,5.411638081204790e-10
1.939932888305140e-01,5.411284422414521e-10
1.942062810229060e-01,5.410931147227284e-10
1.944192732152980e-01,5.410578254650715e-10
1.946322654076900e-01,5.410225743692451e-10
1.948452576000810e-01,5.409873613360129e-10
1.950582497924730e-01,5.409521862661387e-10
1.952712419848650e-01,5.409170490732309e-10
1.954842341772570e-01,5.408819497222400e-10
1.956972263696490e-01,5.408468881909435e-10
1.959102185620410e-01,5.408118644571186e-10
1.961232107544330e-01,5.407768784985427e-10
1.963362029468240e-01,5.407419302929935e-10
1.965491951392160e-01,5.407070198182476e-10
1.967621873316080e-01,5.406721470520827e-10
1.969751795240000e-01,5.406373119722760e-10
1.971881717163920e-01,5.406025145566050e-10
1.974011639087840e-01,5.405677547370441e-10
1.976141561011760e-01,5.405330322622834e-10
1.978271482935680e-01,5.404983468351737e-10
1.980401404859590e-01,5.404636981585658e-10
1.982531326783510e-01,5.404290859353103e-10
1.984661248707430e-01,5.403945098682582e-10
1.986791170631350e-01,5.403599696602601e-10
1.988921092555270e-01,5.403254650141668e-10
1.991051014479190e-01,5.402909956328291e-10
1.993180936403110e-01,5.402565612190978e-10
1.995310858327020e-01,5.402221616488226e-10
1.997440780250940e-01,5.401877974899089e-10
1.999570702174860e-01,5.401534694832929e-10
2.001700624098780e-01,5.401191783699102e-10
2.003830546022700e-01,5.400849248906964e-10
2.005960467946620e-01,5.400507097865874e-10
2.008090389870540e-01,5.400165337985189e-10
2.010220311794460e-01,5.399823976674263e-10
2.012350233718370e-01,5.399483021342459e-10
2.014480155642290e-01,5.399142479399128e-10
2.016610077566210e-01,5.398802351814353e-10
2.018739999490130e-01,5.398462613806750e-10
2.020869921414050e-01,5.398123234158484e-10
2.022999843337970e-01,5.397784181651715e-10
2.025129765261890e-01,5.397445425068607e-10
2.027259687185810e-01,5.397106933191323e-10
2.029389609109720e-01,5.396768674802028e-10
2.031519531033640e-01,5.396430618682880e-10
2.033649452957560e-01,5.396092733616044e-10
2.035779374881480e-01,5.395754988383684e-10
2.037909296805400e-01,5.395417375824263e-10
2.040039218729320e-01,5.395079984950663e-10
2.042169140653240e-01,5.394742928806676e-10
2.044299062577150e-01,5.394406320436097e-10
2.046428984501070e-01,5.394070272882716e-10
2.048558906424990e-01,5.393734899190324e-10
2.050688828348910e-01,5.393400312402716e-10
2.052818750272830e-01,5.393066625563682e-10
2.054948672196750e-01,5.392733951717017e-10
2.057078594120670e-01,5.392402403906511e-10
2.059208516044590e-01,5.392072005510019e-10
2.061338437968500e-01,5.391742421036545e-10
2.063468359892420e-01,5.391413225226567e-10
2.065598281816340e-01,5.391083992820571e-10
2.067728203740260e-01,5.390754298559039e-10
2.069858125664180e-01,5.390423717182457e-10
2.071988047588100e-01,5.390091823431304e-10
2.074117969512020e-01,5.389758192046066e-10
2.076247891435940e-01,5.389422397767227e-10
2.078377813359850e-01,5.389084015335268e-10
2.080507735283770e-01,5.388742954254298e-10
2.082637657207690e-01,5.388400463434974e-10
2.084767579131610e-01,5.388058126727637e-10
2.086897501055530e-01,5.387717527982625e-10
2.089027422979450e-01,5.387380251050273e-10
2.091157344903370e-01,5.387047879780920e-10
2.093287266827280e-01,5.386721998024906e-10
2.095417188751200e-01,5.386404189632566e-10
2.097547110675120e-01,5.386096038454237e-10
2.099677032599040e-01,5.385799128340260e-10
2.101806954522960e-01,5.385513793414691e-10
2.103936876446880e-01,5.385235369126001e-10
2.106066798370800e-01,5.384957941311140e-10
2.108196720294720e-01,5.384675595807059e-10
2.110326642218630e-01,5.384382418450706e-10
2.112456564142550e-01,5.384072495079031e-10
2.114586486066470e-01,5.383739911528985e-10
2.116716407990390e-01,5.383378753637516e-10
2.118846329914310e-01,5.382983107241576e-10
2.120976251838230e-01,5.382547058178115e-10
2.123106173762150e-01,5.382069357782501e-10
2.125236095686060e-01,5.381567412765274e-10
2.127366017609980e-01,5.381063292026718e-10
2.129495939533900e-01,5.380579064467124e-10
2.131625861457820e-01,5.380136798986781e-10
2.133755783381740e-01,5.379758564485973e-10
2.135885705305660e-01,5.379466429864992e-10
2.138015627229580e-01,5.379282464024127e-10
2.140145549153500e-01,5.379228735863664e-10
2.142275471077410e-01,5.379327314283890e-10
2.144405393001330e-01,5.379582851827069e-10
2.146535314925250e-01,5.379930381811989e-10
2.148665236849170e-01,5.380287544296063e-10
2.150795158773090e-01,5.380571979336707e-10
2.152925080697010e-01,5.380701326991335e-10
2.155055002620930e-01,5.380593227317361e-10
2.157184924544850e-01,5.380165320372201e-10
2.159314846468760e-01,5.379335246213272e-10
2.161444768392680e-01,5.378020644897983e-10
2.163574690316600e-01,5.376139156483752e-10
2.165704612240520e-01,5.373673350443320e-10
2.167834534164440e-01,5.370865627221646e-10
2.169964456088360e-01,5.368023373346826e-10
2.172094378012280e-01,5.365453975346957e-10
2.174224299936190e-01,5.363464819750143e-10
2.176354221860110e-01,5.362363293084460e-10
2.178484143784030e-01,5.362456781878015e-10
2.180614065707950e-01,5.364052672658906e-10
2.182743987631870e-01,5.367458351955229e-10
2.184873909555790e-01,5.372981206295080e-10
2.187003831479710e-01,5.380797306935421e-10
2.189133753403630e-01,5.390557397130935e-10
2.191263675327540e-01,5.401780871404112e-10
2.193393597251460e-01,5.413987124277621e-10
2.195523519175380e-01,5.426695550273948e-10
2.197653441099300e-01,5.439425543915651e-10
2.199783363023220e-01,5.451696499725277e-10
2.201913284947140e-01,5.463027812225377e-10
2.204043206871060e-01,5.472938875938498e-10
2.206173128794970e-01,5.480949085387160e-10
2.208303050718890e-01,5.486708296320964e-10
2.210432972642810e-01,5.490388114739036e-10
2.212562894566730e-01,5.492290560542682e-10
2.214692816490650e-01,5.492717653633207e-10
2.216822738414570e-01,5.491971413911915e-10
2.218952660338490e-01,5.490353861280112e-10
2.221082582262410e-01,5.488167015639104e-10
2.223212504186320e-01,5.485712896890206e-10
2.225342426110240e-01,5.483293524934700e-10
2.227472348034160e-01,5.481210919673901e-10
2.229602269958080e-01,5.479703245848254e-10
2.231732191882000e-01,5.478753372733026e-10
2.233862113805920e-01,5.478280377016431e-10
2.235992035729840e-01,5.478203335386682e-10
2.238121957653760e-01,5.478441324531992e-10
2.240251879577670e-01,5.478913421140567e-10
2.242381801501590e-01,5.479538701900629e-10
2.244511723425510e-01,5.480236243500388e-10
2.246641645349430e-01,5.480925122628053e-10
2.248771567273350e-01,5.481524415971839e-10
2.250901489197270e-01,5.481970290805734e-10
2.253031411121190e-01,5.482267318426123e-10
2.255161333045100e-01,5.482437181561182e-10
2.257291254969020e-01,5.482501562939083e-10
2.259421176892940e-01,5.482482145287993e-10
2.261551098816860e-01,5.482400611336086e-10
2.263681020740780e-01,5.482278643811533e-10
2.265810942664700e-01,5.482137925442503e-10
2.267940864588620e-01,5.482000138957172e-10
2.270070786512540e-01,5.481886967083708e-10
2.272200708436450e-01,5.481815511502413e-10
2.274330630360370e-01,5.481784544191247e-10
2.276460552284290e-01,5.481788253324451e-10
2.278590474208210e-01,5.481820827076265e-10
2.280720396132130e-01,5.481876453620930e-10
2.282850318056050e-01,5.481949321132687e-10
2.284980239979970e-01,5.482033617785778e-10
2.287110161903880e-01,5.482123531754441e-10
2.289240083827800e-01,5.482213251212921e-10
2.291370005751720e-01,5.482296964335455e-10
2.293499927675640e-01,5.482370087170289e-10
2.295629849599560e-01,5.482432947221877e-10
2.297759771523480e-01,5.482487099848784e-10
2.299889693447400e-01,5.482534100409575e-10
2.302019615371320e-01,5.482575504262811e-10
2.304149537295230e-01,5.482612866767055e-10
2.306279459219150e-01,5.482647743280876e-10
2.308409381143070e-01,5.482681689162833e-10
2.310539303066990e-01,5.482716259771491e-10
2.312669224990910e-01,5.482753010465415e-10
2.314799146914830e-01,5.482793167500824e-10
2.316929068838750e-01,5.482836641141685e-10
2.319058990762670e-01,5.482883012758135e-10
2.321188912686580e-01,5.482931863720316e-10
2.323318834610500e-01,5.482982775398367e-10
2.325448756534420e-01,5.483035329162427e-10
2.327578678458340e-01,5.483089106382639e-10
2.329708600382260e-01,5.483143688429141e-10
2.331838522306180e-01,5.483198656672074e-10
2.333968444230100e-01,5.483253592481580e-10
2.336098366154010e-01,5.483308165442813e-10
2.338228288077930e-01,5.483362397780295e-10
2.340358210001850e-01,5.483416399823236e-10
2.342488131925770e-01,5.483470281900849e-10
2.344618053849690e-01,5.483524154342344e-10
2.346747975773610e-01,5.483578127476937e-10
2.348877897697530e-01,5.483632311633840e-10
2.351007819621450e-01,5.483686817142263e-10
2.353137741545360e-01,5.483741754331420e-10
2.355267663469280e-01,5.483797233530524e-10
2.357397585393200e-01,5.483853341464743e-10
2.359527507317120e-01,5.483910070398316e-10
2.361657429241040e-01,5.483967388969047e-10
2.363787351164960e-01,5.484025265814742e-10
2.365917273088880e-01,5.484083669573209e-10
2.368047195012800e-01,5.484142568882255e-10
2.370177116936710e-01,5.484201932379684e-10
2.372307038860630e-01,5.484261728703302e-10
2.374436960784550e-01,5.484321926490918e-10
2.376566882708470e-01,5.484382494380338e-10
2.378696804632390e-01,5.484443407342565e-10
2.380826726556310e-01,5.484504665685585e-10
2.382956648480230e-01,5.484566276052677e-10
2.385086570404140e-01,5.484628245087114e-10
2.387216492328060e-01,5.484690579432177e-10
2.389346414251980e-01,5.484753285731141e-10
2.391476336175900e-01,5.484816370627283e-10
2.393606258099820e-01,5.484879840763880e-10
2.395736180023740e-01,5.484943702784209e-10
2.397866101947660e-01,5.485007963331547e-10
2.399996023871580e-01,5.485072627357774e-10
2.402125945795490e-01,5.485137693050160e-10
2.404255867719410e-01,5.485203156905062e-10
2.406385789643330e-01,5.485269015418839e-10
2.408515711567250e-01,5.485335265087848e-10
2.410645633491170e-01,5.485401902408447e-10
2.412775555415090e-01,5.485468923876995e-10
2.414905477339010e-01,5.485536325989849e-10
2.417035399262920e-01,5.485604105243367e-10
2.419165321186840e-01,5.485672258133909e-10
2.421295243110760e-01,5.485740781617148e-10
2.423425165034680e-01,5.485809674485189e-10
2.425555086958600e-01,5.485878935989040e-10
2.427685008882520e-01,5.485948565379708e-10
2.429814930806440e-01,5.486018561908200e-10
2.431944852730360e-01,5.486088924825523e-10
2.434074774654270e-01,5.486159653382683e-10
2.436204696578190e-01,5.486230746830688e-10
2.438334618502110e-01,5.486302204420546e-10
2.440464540426030e-01,5.486374025403261e-10
2.442594462349950e-01,5.486446208912751e-10
2.444724384273870e-01,5.486518753614248e-10
2.446854306197790e-01,5.486591658055744e-10
2.448984228121710e-01,5.486664920785232e-10
2.451114150045620e-01,5.486738540350703e-10
2.453244071969540e-01,5.486812515300146e-10
2.455373993893460e-01,5.486886844181553e-10
2.457503915817380e-01,5.486961525542916e-10
2.459633837741300e-01,5.487036557932227e-10
2.461763759665220e-01,5.487111939897474e-10
2.463893681589140e-01,5.487187670023753e-10
2.466023603513050e-01,5.487263747044608e-10
2.468153525436970e-01,5.487340169730718e-10
2.470283447360890e-01,5.487416936852753e-10
2.472413369284810e-01,5.487494047181391e-10
2.474543291208730e-01,5.487571499487304e-10
2.476673213132650e-01,5.487649292541168e-10
2.478803135056570e-01,5.487727425113656e-10
2.480933056980490e-01,5.487805895975443e-10
2.483062978904400e-01,5.487884703897203e-10
2.485192900828320e-01,5.487963847645274e-10
2.487322822752240e-01,5.488043325968642e-10
2.489452744676160e-01,5.488123137611957e-10
2.491582666600080e-01,5.488203281319868e-10
2.493712588524000e-01,5.488283755837024e-10
2.495842510447920e-01,5.488364559908078e-10
2.497972432371830e-01,5.488445692277674e-10
2.500102354295750e-01,5.488527151690464e-10
2.502232276219670e-01,5.488608936891098e-10
2.504362198143590e-01,5.488691046624225e-10
2.506492120067510e-01,5.488773479641177e-10
2.508622041991430e-01,5.488856234720020e-10
2.510751963915350e-01,5.488939310645495e-10
2.512881885839270e-01,5.489022706202346e-10
2.515011807763180e-01,5.489106420175315e-10
2.517141729687100e-01,5.489190451349148e-10
2.519271651611020e-01,5.489274798508586e-10
2.521401573534940e-01,5.489359460438373e-10
2.523531495458860e-01,5.489444435923252e-10
2.525661417382780e-01,5.489529723747967e-10
2.527791339306700e-01,5.489615322700740e-10
2.529921261230620e-01,5.489701231583697e-10
2.532051183154530e-01,5.489787449202441e-10
2.534181105078450e-01,5.489873974362575e-10
2.536311027002370e-01,5.489960805869697e-10
2.538440948926290e-01,5.490047942529415e-10
2.540570870850210e-01,5.490135383147326e-10
2.542700792774130e-01,5.490223126529036e-10
2.544830714698050e-01,5.490311171480144e-10
2.546960636621960e-01,5.490399516806252e-10
2.549090558545880e-01,5.490488161317257e-10
2.551220480469800e-01,5.490577103840239e-10
2.553350402393720e-01,5.490666343206575e-10
2.555480324317640e-01,5.490755878247642e-10
2.557610246241560e-01,5.490845707794818e-10
2.559740168165480e-01,5.490935830679481e-10
2.561870090089400e-01,5.491026245733009e-10
2.564000012013310e-01,5.491116951786776e-10
2.566129933937230e-01,5.491207947672165e-10
2.568259855861150e-01,5.491299232220550e-10
2.570389777785070e-01,5.491390804267454e-10
2.572519699708990e-01,5.491482662664979e-10
2.574649621632910e-01,5.491574806269372e-10
2.576779543556830e-01,5.491667233936881e-10
2.578909465480740e-01,5.491759944523755e-10
2.581039387404660e-01,5.491852936886239e-10
2.583169309328580e-01,5.491946209880582e-10
2.585299231252500e-01,5.492039762363033e-10
2.587429153176420e-01,5.492133593189838e-10
2.589559075100340e-01,5.492227701217245e-10
2.591688997024260e-01,5.492322085305514e-10
2.593818918948180e-01,5.492416744330948e-10
2.595948840872090e-01,5.492511677173861e-10
2.598078762796010e-01,5.492606882714569e-10
2.600208684719930e-01,5.492702359833388e-10
2.602338606643850e-01,5.492798107410630e-10
2.604468528567770e-01,5.492894124326610e-10
2.606598450491690e-01,5.492990409461644e-10
2.608728372415610e-01,5.493086961696046e-10
2.610858294339530e-01,5.493183779910130e-10
2.612988216263440e-01,5.493280862987883e-10
2.615118138187360e-01,5.493378209827972e-10
2.617248060111280e-01,5.493475819332733e-10
2.619377982035200e-01,5.493573690404502e-10
2.621507903959120e-01,5.493671821945614e-10
2.623637825883040e-01,5.493770212858406e-10
2.625767747806960e-01,5.493868862045213e-10
2.627897669730870e-01,5.493967768408369e-10
2.630027591654790e-01,5.494066930850213e-10
2.632157513578710e-01,5.494166348273078e-10
2.634287435502630e-01,5.494266019583533e-10
2.636417357426550e-01,5.494365943705071e-10
2.638547279350470e-01,5.494466119565426e-10
2.640677201274390e-01,5.494566546092326e-10
2.642807123198310e-01,5.494667222213508e-10
2.644937045122220e-01,5.494768146856698e-10
2.647066967046140e-01,5.494869318949635e-10
2.649196888970060e-01,5.494970737420043e-10
2.651326810893980e-01,5.495072401195659e-10
2.653456732817900e-01,5.495174309204212e-10
2.655586654741820e-01,5.495276460375435e-10
2.657716576665740e-01,5.495378853647064e-10
2.659846498589660e-01,5.495481487958837e-10
2.661976420513570e-01,5.495584362250489e-10
2.664106342437490e-01,5.495687475461758e-10
2.666236264361410e-01,5.495790826532382e-10
2.668366186285330e-01,5.495894414402099e-10
2.670496108209250e-01,5.495998238010645e-10
2.672626030133170e-01,5.496102296297757e-10
2.674755952057090e-01,5.496206588203175e-10
2.676885873981000e-01,5.496311112676602e-10
2.679015795904920e-01,5.496415868707636e-10
2.681145717828840e-01,5.496520855295837e-10
2.683275639752760e-01,5.496626071440773e-10
2.685405561676680e-01,5.496731516142009e-10
2.687535483600600e-01,5.496837188399106e-10
2.689665405524520e-01,5.496943087211630e-10
2.691795327448440e-01,5.497049211579146e-10
2.693925249372350e-01,5.497155560501218e-10
2.696055171296270e-01,5.497262132977413e-10
2.698185093220190e-01,5.497368927987016e-10
2.700315015144110e-01,5.497475944428226e-10
2.702444937068030e-01,5.497583181178975e-10
2.704574858991950e-01,5.497690637117195e-10
2.706704780915870e-01,5.497798311120818e-10
2.708834702839780e-01,5.497906202067774e-10
2.710964624763700e-01,5.498014308835996e-10
2.713094546687620e-01,5.498122630303415e-10
2.715224468611540e-01,5.498231165347963e-10
2.717354390535460e-01,5.498339912847571e-10
2.719484312459380e-01,5.498448871773323e-10
2.721614234383300e-01,5.498558041468690e-10
2.723744156307220e-01,5.498667421370197e-10
2.725874078231130e-01,5.498777010914363e-10
2.728004000155050e-01,5.498886809537714e-10
2.730133922078970e-01,5.498996816676770e-10
2.732263844002890e-01,5.499107031768055e-10
2.734393765926810e-01,5.499217454248088e-10
2.736523687850730e-01,5.499328083553394e-10
2.738653609774650e-01,5.499438919120494e-10
2.740783531698570e-01,5.499549960054921e-10
2.742913453622480e-01,5.499661204137514e-10
2.745043375546400e-01,5.499772648817761e-10
2.747173297470320e-01,5.499884291545148e-10
2.749303219394240e-01,5.499996129769163e-10
2.751433141318160e-01,5.500108160939292e-10
2.753563063242080e-01,5.500220382505019e-10
2.755692985166000e-01,5.500332791915835e-10
2.757822907089910e-01,5.500445386621224e-10
2.759952829013830e-01,5.500558164070672e-10
2.762082750937750e-01,5.500671122965559e-10
2.764212672861670e-01,5.500784267016024e-10
2.766342594785590e-01,5.500897601184700e-10
2.768472516709510e-01,5.501011130434224e-10
2.770602438633430e-01,5.501124859727231e-10
2.772732360557350e-01,5.501238794026355e-10
2.774862282481260e-01,5.501352938294229e-10
2.776992204405180e-01,5.501467297493488e-10
2.779122126329100e-01,5.501581876586770e-10
2.781252048253020e-01,5.501696680536704e-10
2.783381970176940e-01,5.501811709648148e-10
2.785511892100860e-01,5.501926945596094e-10
