7.791356504680618e-06,4.433213164529003e-09
8.610780621332552e-06,4.364922664650214e-09
9.516384324626089e-06,4.298452589164507e-09
1.051723120080771e-05,4.233730956224417e-09
1.162333806181051e-05,4.170674651909124e-09
1.284577519687474e-05,4.109193493923387e-09
1.419677716772344e-05,4.049193677617309e-09
1.568986525616830e-05,3.990580603249768e-09
1.733998278964274e-05,3.933261237170590e-09
1.916364469904539e-05,3.877145713346193e-09
2.117910280571951e-05,3.822149070533795e-09
2.340652849181556e-05,3.768191834570245e-09
2.586821458226360e-05,3.715200840014668e-09
2.858879845885812e-05,3.663109534721673e-09
3.159550863945590e-05,3.611858096908222e-09
3.491843729013453e-05,3.561393350620417e-09
3.859084139770492e-05,3.511668539616036e-09
4.264947561681323e-05,3.462642981800983e-09
4.713496012287843e-05,3.414281630538215e-09
5.209218715246060e-05,3.366554603629056e-09
5.757077029985334e-05,3.319436625792777e-09
6.362554106661115e-05,3.272906486793037e-09
7.031709763364645e-05,3.226946442414396e-09
7.771241134819200e-05,3.181541654416045e-09
8.588549699555374e-05,3.136679600241709e-09
9.491815356395940e-05,3.092349509478087e-09
1.049007829163263e-04,3.048541783119232e-09
1.159332945624905e-04,3.005247532609936e-09
1.281261055871622e-04,2.962458091589415e-09
1.416012457412214e-04,2.920164738226775e-09
1.564935787564811e-04,2.878358524308487e-09
1.729521521072439e-04,2.837030456971888e-09
1.911416887275217e-04,2.796171914185606e-09
2.112442356135248e-04,2.755775447914322e-09
2.334609858111876e-04,2.715835544964867e-09
2.580142920237960e-04,2.676349187226960e-09
2.851498919925769e-04,2.637315449444416e-09
3.151393679226079e-04,2.598733958851514e-09
3.482828645688079e-04,2.560602879717994e-09
3.849120931855259e-04,2.522917937929610e-09
4.253936514042669e-04,2.485674132261021e-09
4.701326922660057e-04,2.448868620101127e-09
5.195769791289974e-04,2.412500548503691e-09
5.742213670349657e-04,2.376567298336245e-09
6.346127553846864e-04,2.341064375892604e-09
7.013555614910102e-04,2.305989496614727e-09
7.751177697904812e-04,2.271340247788029e-09
8.566376172560946e-04,2.237112620184063e-09
9.467309819210534e-04,2.203304324758376e-09
1.046299548460350e-03,2.169911622406898e-09
1.156339832554060e-03,2.136931750303259e-09
1.277953154351212e-03,2.104202217602945e-09
1.405748469786333e-03,2.073383255237914e-09
1.533543785221454e-03,2.045713537013338e-09
1.661339100656575e-03,2.020670976341596e-09
1.789134416091696e-03,1.997733486635070e-09
1.916929731526817e-03,1.976449806130760e-09
2.000000000000000e-03,1.963417767419661e-09
2.044725046961939e-03,1.956651547746489e-09
2.172520362397060e-03,1.938218623434945e-09
2.300315677832181e-03,1.920997546794424e-09
2.428110993267302e-03,1.904832128442297e-09
2.555906308702423e-03,1.889580708243164e-09
2.683701624137544e-03,1.875159743059692e-09
2.811496939572665e-03,1.861500219006370e-09
2.939292255007787e-03,1.848533122197683e-09
3.067087570442908e-03,1.836189438748116e-09
3.194882885878029e-03,1.824405616203782e-09
3.322678201313150e-03,1.813139948057584e-09
3.450473516748271e-03,1.802356189344195e-09
3.578268832183392e-03,1.792018095098291e-09
3.706064147618514e-03,1.782089420354546e-09
3.833859463053635e-03,1.772536424481008e-09
3.961654778488756e-03,1.763335384144500e-09
4.089450093923877e-03,1.754465080327865e-09
4.217245409358998e-03,1.745904294013944e-09
4.345040724794119e-03,1.737631806185576e-09
4.472836040229241e-03,1.729627696961958e-09
4.600631355664362e-03,1.721877243041278e-09
4.728426671099482e-03,1.714367020274864e-09
4.856221986534604e-03,1.707083604514045e-09
4.984017301969726e-03,1.700013571610149e-09
5.111812617404846e-03,1.693144234412697e-09
5.239607932839968e-03,1.686465853743082e-09
5.367403248275089e-03,1.679969427410441e-09
5.495198563710209e-03,1.673645953223910e-09
5.622993879145331e-03,1.667486428992626e-09
5.750789194580453e-03,1.661482300366446e-09
5.878584510015573e-03,1.655626804363188e-09
6.006379825450694e-03,1.649913625843932e-09
6.134175140885816e-03,1.644336449669757e-09
6.261970456320937e-03,1.638888960701742e-09
6.389765771756058e-03,1.633565130949170e-09
6.517561087191179e-03,1.628360081001825e-09
6.645356402626300e-03,1.623269218591538e-09
6.773151718061422e-03,1.618287951450145e-09
6.900947033496543e-03,1.613411687309480e-09
7.028742348931663e-03,1.608636026114969e-09
7.156537664366785e-03,1.603957336665811e-09
7.284332979801906e-03,1.599372179974497e-09
7.412128295237027e-03,1.594877117053517e-09
7.539923610672148e-03,1.590468708915361e-09
7.667718926107269e-03,1.586143649936075e-09
7.795514241542391e-03,1.581899167950801e-09
7.923309556977513e-03,1.577732624160677e-09
8.051104872412632e-03,1.573641379766838e-09
8.178900187847754e-03,1.569622795970420e-09
8.306695503282877e-03,1.565674328805090e-09
8.434490818717996e-03,1.561793813632964e-09
8.562286134153118e-03,1.557979180647850e-09
8.690081449588239e-03,1.554228360043558e-09
8.817876765023359e-03,1.550539282013896e-09
8.945672080458482e-03,1.546909948868579e-09
9.073467395893601e-03,1.543338651382536e-09
9.201262711328723e-03,1.539823752447395e-09
9.329058026763846e-03,1.536363614954787e-09
9.456853342198965e-03,1.532956601796339e-09
9.584648657634087e-03,1.529601119191159e-09
9.712443973069206e-03,1.526295746666866e-09
9.840239288504329e-03,1.523039107077861e-09
9.968034603939451e-03,1.519829823278543e-09
1.009582991937457e-02,1.516666518123314e-09
1.022362523480969e-02,1.513547876240861e-09
1.035142055024482e-02,1.510472829357488e-09
1.047921586567993e-02,1.507440370974020e-09
1.060701118111506e-02,1.504449494591280e-09
1.073480649655018e-02,1.501499193710094e-09
1.086260181198530e-02,1.498588461831286e-09
1.099039712742042e-02,1.495716292455681e-09
1.111819244285554e-02,1.492881679084103e-09
1.124598775829066e-02,1.490083615217377e-09
1.137378307372578e-02,1.487321094356328e-09
1.150157838916090e-02,1.484593162200727e-09
1.162937370459603e-02,1.481899073231071e-09
1.175716902003114e-02,1.479238134119271e-09
1.188496433546627e-02,1.476609651537238e-09
1.201275965090139e-02,1.474012932156883e-09
1.214055496633651e-02,1.471447282650117e-09
1.226835028177163e-02,1.468912009688852e-09
1.239614559720675e-02,1.466406419944998e-09
1.252394091264187e-02,1.463929820090467e-09
1.265173622807700e-02,1.461481516797170e-09
1.277953154351211e-02,1.459060847270582e-09
1.290732685894724e-02,1.456667270861250e-09
1.303512217438236e-02,1.454300277458692e-09
1.316291748981748e-02,1.451959356952428e-09
1.329071280525260e-02,1.449643999231977e-09
1.341850812068772e-02,1.447353694186856e-09
1.354630343612284e-02,1.445087931706586e-09
1.367409875155796e-02,1.442846201680684e-09
1.380189406699308e-02,1.440627993998670e-09
1.392968938242821e-02,1.438432798550062e-09
1.405748469786333e-02,1.436260126596281e-09
1.418528001329845e-02,1.434109574887596e-09
1.431307532873357e-02,1.431980761546797e-09
1.444087064416869e-02,1.429873304696674e-09
1.456866595960381e-02,1.427786822460019e-09
1.469646127503893e-02,1.425720932959621e-09
1.482425659047405e-02,1.423675254318270e-09
1.495205190590917e-02,1.421649404658758e-09
1.507984722134430e-02,1.419643002103874e-09
1.520764253677942e-02,1.417655664776410e-09
1.533543785221454e-02,1.415687025443144e-09
1.546323316764966e-02,1.413736775443327e-09
1.559102848308478e-02,1.411804620758457e-09
1.571882379851990e-02,1.409890267370028e-09
1.584661911395502e-02,1.407993421259537e-09
1.597441442939014e-02,1.406113788408481e-09
1.610220974482527e-02,1.404251074798354e-09
1.623000506026039e-02,1.402404986410655e-09
1.635780037569551e-02,1.400575229226878e-09
1.648559569113063e-02,1.398761509228520e-09
1.661339100656575e-02,1.396963542950496e-09
1.674118632200087e-02,1.395181089145673e-09
1.686898163743599e-02,1.393413917122468e-09
1.699677695287111e-02,1.391661796189303e-09
1.712457226830624e-02,1.389924495654597e-09
1.725236758374135e-02,1.388201784826769e-09
1.738016289917648e-02,1.386493433014240e-09
1.750795821461160e-02,1.384799209525428e-09
1.763575353004672e-02,1.383118883668755e-09
1.776354884548184e-02,1.381452224752639e-09
1.789134416091696e-02,1.379799009823247e-09
1.801913947635208e-02,1.378159046878568e-09
1.814693479178720e-02,1.376532151654760e-09
1.827473010722232e-02,1.374918139887977e-09
1.840252542265745e-02,1.373316827314376e-09
1.853032073809257e-02,1.371728029670114e-09
1.865811605352769e-02,1.370151562691344e-09
1.878591136896281e-02,1.368587242114225e-09
1.891370668439793e-02,1.367034883674911e-09
1.904150199983305e-02,1.365494303109559e-09
1.916929731526817e-02,1.363965321967922e-09
1.929709263070329e-02,1.362447785053050e-09
1.942488794613842e-02,1.360941542981044e-09
1.955268326157353e-02,1.359446446368006e-09
1.968047857700866e-02,1.357962345830037e-09
1.980827389244378e-02,1.356489091983238e-09
1.993606920787890e-02,1.355026535443711e-09
2.006386452331402e-02,1.353574526827557e-09
2.019165983874914e-02,1.352132916750878e-09
2.031945515418426e-02,1.350701555829775e-09
2.044725046961939e-02,1.349280299122801e-09
2.057504578505450e-02,1.347869019460341e-09
2.070284110048963e-02,1.346467594116243e-09
2.083063641592475e-02,1.345075900364353e-09
2.095843173135987e-02,1.343693815478520e-09
2.108622704679499e-02,1.342321216732590e-09
2.121402236223011e-02,1.340957981400412e-09
2.134181767766523e-02,1.339603986755832e-09
2.146961299310035e-02,1.338259110072698e-09
2.159740830853547e-02,1.336923228624858e-09
2.172520362397060e-02,1.335596223140893e-09
2.185299893940572e-02,1.334277988168873e-09
2.198079425484084e-02,1.332968421711877e-09
2.210858957027596e-02,1.331667421772982e-09
2.223638488571108e-02,1.330374886355268e-09
2.236418020114620e-02,1.329090713461812e-09
2.249197551658132e-02,1.327814801095694e-09
2.261977083201644e-02,1.326547047259991e-09
2.274756614745157e-02,1.325287349957782e-09
2.287536146288669e-02,1.324035607192146e-09
2.300315677832181e-02,1.322791719691149e-09
2.313095209375693e-02,1.321555599082436e-09
2.325874740919205e-02,1.320327159718452e-09
2.338654272462717e-02,1.319106315951643e-09
2.351433804006229e-02,1.317892982134454e-09
2.364213335549741e-02,1.316687072619332e-09
2.376992867093253e-02,1.315488501758722e-09
2.389772398636766e-02,1.314297183905068e-09
2.402551930180278e-02,1.313113033410818e-09
2.415331461723790e-02,1.311935964628416e-09
2.428110993267302e-02,1.310765894084022e-09
2.440890524810814e-02,1.309602746997713e-09
2.453670056354326e-02,1.308446450762806e-09
2.466449587897838e-02,1.307296932772620e-09
2.479229119441350e-02,1.306154120420474e-09
2.492008650984863e-02,1.305017941099686e-09
2.504788182528375e-02,1.303888322203576e-09
2.517567714071887e-02,1.302765191125461e-09
2.530347245615399e-02,1.301648475258661e-09
2.543126777158911e-02,1.300538101996494e-09
2.555906308702423e-02,1.299434000500169e-09
2.568685840245935e-02,1.298336107002826e-09
2.581465371789447e-02,1.297244359505679e-09
2.594244903332960e-02,1.296158696009944e-09
2.607024434876471e-02,1.295079054516835e-09
2.619803966419984e-02,1.294005373027568e-09
2.632583497963496e-02,1.292937589543358e-09
2.645363029507008e-02,1.291875642065419e-09
2.658142561050520e-02,1.290819468594966e-09
2.670922092594032e-02,1.289769007133215e-09
2.683701624137544e-02,1.288724197106187e-09
2.696481155681056e-02,1.287684983639006e-09
2.709260687224568e-02,1.286651313281543e-09
2.722040218768081e-02,1.285623132583667e-09
2.734819750311593e-02,1.284600388095248e-09
2.747599281855105e-02,1.283583026366155e-09
2.760378813398617e-02,1.282570993946259e-09
2.773158344942129e-02,1.281564237385428e-09
2.785937876485641e-02,1.280562703233532e-09
2.798717408029153e-02,1.279566338040441e-09
2.811496939572665e-02,1.278575089549790e-09
2.824276471116178e-02,1.277588910279822e-09
2.837056002659689e-02,1.276607753942314e-09
2.849835534203202e-02,1.275631574249045e-09
2.862615065746714e-02,1.274660324911795e-09
2.875394597290226e-02,1.273693959642343e-09
2.888174128833738e-02,1.272732432152466e-09
2.900953660377250e-02,1.271775696153944e-09
2.913733191920762e-02,1.270823705358556e-09
2.926512723464274e-02,1.269876413478080e-09
2.939292255007787e-02,1.268933775206086e-09
2.952071786551299e-02,1.267995749163565e-09
2.964851318094811e-02,1.267062294953423e-09
2.977630849638323e-02,1.266133372178570e-09
2.990410381181835e-02,1.265208940441913e-09
3.003189912725347e-02,1.264288959346361e-09
3.015969444268859e-02,1.263373388494821e-09
3.028748975812371e-02,1.262462187490203e-09
3.041528507355883e-02,1.261555315935414e-09
3.054308038899396e-02,1.260652733433362e-09
3.067087570442908e-02,1.259754400412382e-09
3.079867101986420e-02,1.258860280602490e-09
3.092646633529932e-02,1.257970338559111e-09
3.105426165073444e-02,1.257084538837673e-09
3.118205696616956e-02,1.256202845993600e-09
3.130985228160468e-02,1.255325224582320e-09
3.143764759703981e-02,1.254451639159259e-09
3.156544291247493e-02,1.253582054279844e-09
3.169323822791005e-02,1.252716434499501e-09
3.182103354334517e-02,1.251854744373656e-09
3.194882885878029e-02,1.250996949157054e-09
3.207662417421541e-02,1.250143016901471e-09
3.220441948965053e-02,1.249292916357889e-09
3.233221480508566e-02,1.248446616277285e-09
3.246001012052077e-02,1.247604085410640e-09
3.258780543595589e-02,1.246765292508933e-09
3.271560075139102e-02,1.245930206323142e-09
3.284339606682614e-02,1.245098795604248e-09
3.297119138226126e-02,1.244271029103230e-09
3.309898669769638e-02,1.243446875571066e-09
3.322678201313150e-02,1.242626304349335e-09
3.335457732856662e-02,1.241809287142190e-09
3.348237264400174e-02,1.240995796244475e-09
3.361016795943687e-02,1.240185803951033e-09
3.373796327487198e-02,1.239379282556707e-09
3.386575859030710e-02,1.238576204356340e-09
3.399355390574223e-02,1.237776541644777e-09
3.412134922117735e-02,1.236980266716861e-09
3.424914453661247e-02,1.236187351867434e-09
3.437693985204759e-02,1.235397769391342e-09
3.450473516748271e-02,1.234611492089620e-09
3.463253048291783e-02,1.233828494788093e-09
3.476032579835295e-02,1.233048752818781e-09
3.488812111378808e-02,1.232272241513705e-09
3.501591642922319e-02,1.231498936204886e-09
3.514371174465832e-02,1.230728812224344e-09
3.527150706009344e-02,1.229961844904101e-09
3.539930237552856e-02,1.229198009576176e-09
3.552709769096368e-02,1.228437281572592e-09
3.565489300639881e-02,1.227679636225369e-09
3.578268832183392e-02,1.226925049305403e-09
3.591048363726904e-02,1.226173498338974e-09
3.603827895270417e-02,1.225424961291175e-09
3.616607426813929e-02,1.224679416127099e-09
3.629386958357441e-02,1.223936840811840e-09
3.642166489900953e-02,1.223197213310489e-09
3.654946021444465e-02,1.222460511588140e-09
3.667725552987977e-02,1.221726713609887e-09
3.680505084531489e-02,1.220995797340823e-09
3.693284616075002e-02,1.220267740746040e-09
3.706064147618514e-02,1.219542522164720e-09
3.718843679162025e-02,1.218820121432534e-09
3.731623210705538e-02,1.218100518759304e-09
3.744402742249050e-02,1.217383694354858e-09
3.757182273792562e-02,1.216669628429019e-09
3.769961805336074e-02,1.215958301191614e-09
3.782741336879586e-02,1.215249692852467e-09
3.795520868423098e-02,1.214543783621403e-09
3.808300399966610e-02,1.213840553708248e-09
3.821079931510123e-02,1.213139983322826e-09
3.833859463053635e-02,1.212442053003573e-09
3.846638994597146e-02,1.211746744603384e-09
3.859418526140659e-02,1.211054040303773e-09
3.872198057684171e-02,1.210363922286255e-09
3.884977589227683e-02,1.209676372732346e-09
3.897757120771195e-02,1.208991373823561e-09
3.910536652314707e-02,1.208308907741414e-09
3.923316183858219e-02,1.207628956667420e-09
3.936095715401731e-02,1.206951502783095e-09
3.948875246945244e-02,1.206276528269954e-09
3.961654778488756e-02,1.205604015595367e-09
3.974434310032268e-02,1.204933948370063e-09
3.987213841575780e-02,1.204266310490592e-09
3.999993373119292e-02,1.203601085853504e-09
4.012772904662804e-02,1.202938258355350e-09
4.025552436206317e-02,1.202277811892681e-09
4.038331967749829e-02,1.201619730362047e-09
4.051111499293340e-02,1.200963997659999e-09
4.063891030836853e-02,1.200310597683088e-09
4.076670562380365e-02,1.199659514327864e-09
4.089450093923877e-02,1.199010731741127e-09
4.102229625467389e-02,1.198364235070780e-09
4.115009157010902e-02,1.197720009715028e-09
4.127788688554413e-02,1.197078041072076e-09
4.140568220097925e-02,1.196438314540126e-09
4.153347751641438e-02,1.195800815517384e-09
4.166127283184950e-02,1.195165529402055e-09
4.178906814728462e-02,1.194532441592341e-09
4.191686346271974e-02,1.193901537486448e-09
4.204465877815486e-02,1.193272802482580e-09
4.217245409358998e-02,1.192646222200352e-09
4.230024940902510e-02,1.192021783145055e-09
4.242804472446023e-02,1.191399472043402e-09
4.255584003989534e-02,1.190779275622105e-09
4.268363535533046e-02,1.190161180607880e-09
4.281143067076559e-02,1.189545173727439e-09
4.293922598620071e-02,1.188931241707496e-09
4.306702130163583e-02,1.188319371274765e-09
4.319481661707095e-02,1.187709549155959e-09
4.332261193250607e-02,1.187101762077792e-09
4.345040724794119e-02,1.186495996960341e-09
4.357820256337631e-02,1.185892241497103e-09
4.370599787881144e-02,1.185290483574921e-09
4.383379319424656e-02,1.184690711080638e-09
4.396158850968167e-02,1.184092911901097e-09
4.408938382511680e-02,1.183497073923141e-09
4.421717914055192e-02,1.182903185033612e-09
4.434497445598704e-02,1.182311233119354e-09
4.447276977142216e-02,1.181721206067210e-09
4.460056508685728e-02,1.181133091764022e-09
4.472836040229240e-02,1.180546878271597e-09
4.485615571772752e-02,1.179962554351674e-09
4.498395103316265e-02,1.179380108940996e-09
4.511174634859777e-02,1.178799530976307e-09
4.523954166403289e-02,1.178220809394349e-09
4.536733697946801e-02,1.177643933131866e-09
4.549513229490313e-02,1.177068891125600e-09
4.562292761033825e-02,1.176495672312295e-09
4.575072292577338e-02,1.175924265628693e-09
4.587851824120850e-02,1.175354660011538e-09
4.600631355664361e-02,1.174786844551320e-09
4.613410887207874e-02,1.174220808953536e-09
4.626190418751386e-02,1.173656543077445e-09
4.638969950294898e-02,1.173094036782306e-09
4.651749481838410e-02,1.172533279927376e-09
4.664529013381922e-02,1.171974262371913e-09
4.677308544925434e-02,1.171416973975175e-09
4.690088076468946e-02,1.170861404596421e-09
4.702867608012459e-02,1.170307544094907e-09
4.715647139555971e-02,1.169755382329893e-09
4.728426671099482e-02,1.169204909291432e-09
4.741206202642995e-02,1.168656115492746e-09
4.753985734186507e-02,1.168108991577845e-09
4.766765265730019e-02,1.167563528190739e-09
4.779544797273531e-02,1.167019715975437e-09
4.792324328817044e-02,1.166477545575947e-09
4.805103860360555e-02,1.165937007636282e-09
4.817883391904067e-02,1.165398092800448e-09
4.830662923447580e-02,1.164860791712457e-09
4.843442454991092e-02,1.164325095016317e-09
4.856221986534604e-02,1.163790993505210e-09
4.869001518078116e-02,1.163258478568942e-09
4.881781049621628e-02,1.162727541746458e-09
4.894560581165140e-02,1.162198174576703e-09
4.907340112708652e-02,1.161670368598622e-09
4.920119644252165e-02,1.161144115351161e-09
4.932899175795677e-02,1.160619406373265e-09
4.945678707339188e-02,1.160096233203880e-09
4.958458238882701e-02,1.159574587381951e-09
4.971237770426213e-02,1.159054460446423e-09
4.984017301969725e-02,1.158535843858116e-09
4.996796833513237e-02,1.158018728765334e-09
5.000000000000000e-02,1.157889349090747e-09
5.009576365056749e-02,1.157503106325247e-09
5.022355896600261e-02,1.156988968453917e-09
5.035135428143774e-02,1.156476307458847e-09
5.047914959687286e-02,1.155965115650797e-09
5.060694491230798e-02,1.155455385340526e-09
5.073474022774310e-02,1.154947108838794e-09
5.086253554317822e-02,1.154440278456360e-09
5.099033085861334e-02,1.153934886503985e-09
5.111812617404846e-02,1.153430925343650e-09
5.124592148948359e-02,1.152928387542226e-09
5.137371680491870e-02,1.152427265717806e-09
5.150151212035382e-02,1.151927552488481e-09
5.162930743578895e-02,1.151429240472342e-09
5.175710275122407e-02,1.150932322287482e-09
5.188489806665919e-02,1.150436790551992e-09
5.201269338209431e-02,1.149942637883964e-09
5.214048869752943e-02,1.149449856901491e-09
5.226828401296455e-02,1.148958440222662e-09
5.239607932839967e-02,1.148468380567733e-09
5.252387464383480e-02,1.147979671065565e-09
5.265166995926992e-02,1.147492304947164e-09
5.277946527470503e-02,1.147006275443536e-09
5.290726059014016e-02,1.146521575785685e-09
5.303505590557528e-02,1.146038199204616e-09
5.316285122101040e-02,1.145556138931335e-09
5.329064653644552e-02,1.145075388196848e-09
5.341844185188065e-02,1.144595940232158e-09
5.354623716731576e-02,1.144117788268272e-09
5.367403248275088e-02,1.143640925614215e-09
5.380182779818601e-02,1.143165345891120e-09
5.392962311362113e-02,1.142691042798147e-09
5.405741842905625e-02,1.142218010034463e-09
5.418521374449137e-02,1.141746241299227e-09
5.431300905992649e-02,1.141275730291604e-09
5.444080437536161e-02,1.140806470710756e-09
5.456859969079673e-02,1.140338456255846e-09
5.469639500623186e-02,1.139871680626037e-09
5.482419032166697e-02,1.139406137520491e-09
5.495198563710210e-02,1.138941820712967e-09
5.507978095253722e-02,1.138478724275603e-09
5.520757626797234e-02,1.138016842355130e-09
5.533537158340746e-02,1.137556169098281e-09
5.546316689884258e-02,1.137096698651787e-09
5.559096221427770e-02,1.136638425162380e-09
5.571875752971282e-02,1.136181342776793e-09
5.584655284514795e-02,1.135725445641757e-09
5.597434816058307e-02,1.135270727904004e-09
5.610214347601819e-02,1.134817183710266e-09
5.622993879145331e-02,1.134364807273839e-09
5.635773410688843e-02,1.133913593074247e-09
5.648552942232355e-02,1.133463535657570e-09
5.661332473775867e-02,1.133014629569884e-09
5.674112005319380e-02,1.132566869357267e-09
5.686891536862891e-02,1.132120249565798e-09
5.699671068406403e-02,1.131674764741554e-09
5.712450599949916e-02,1.131230409430613e-09
5.725230131493428e-02,1.130787178179054e-09
5.738009663036940e-02,1.130345065532953e-09
5.750789194580452e-02,1.129904066100421e-09
5.763568726123964e-02,1.129464174737718e-09
5.776348257667476e-02,1.129025386363145e-09
5.789127789210988e-02,1.128587695895004e-09
5.801907320754501e-02,1.128151098251597e-09
5.814686852298013e-02,1.127715588351224e-09
5.827466383841524e-02,1.127281161112187e-09
5.840245915385037e-02,1.126847811452789e-09
5.853025446928549e-02,1.126415534291330e-09
5.865804978472061e-02,1.125984324546112e-09
5.878584510015573e-02,1.125554177188464e-09
5.891364041559085e-02,1.125125087401819e-09
5.904143573102597e-02,1.124697050422640e-09
5.916923104646109e-02,1.124270061487388e-09
5.929702636189622e-02,1.123844115832524e-09
5.942482167733134e-02,1.123419208694510e-09
5.955261699276646e-02,1.122995335309808e-09
5.968041230820158e-02,1.122572490914879e-09
5.980820762363670e-02,1.122150670746184e-09
5.993600293907182e-02,1.121729870040186e-09
6.006379825450694e-02,1.121310084090865e-09
6.019159356994207e-02,1.120891308422261e-09
6.031938888537718e-02,1.120473538615929e-09
6.044718420081231e-02,1.120056770253418e-09
6.057497951624743e-02,1.119640998916281e-09
6.070277483168255e-02,1.119226220186071e-09
6.083057014711767e-02,1.118812429644340e-09
6.095836546255279e-02,1.118399622872640e-09
6.108616077798791e-02,1.117987795452524e-09
6.121395609342303e-02,1.117576942965542e-09
6.134175140885816e-02,1.117167061029047e-09
6.146954672429328e-02,1.116758145403596e-09
6.159734203972840e-02,1.116350191885551e-09
6.172513735516352e-02,1.115943196271277e-09
6.185293267059864e-02,1.115537154357134e-09
6.198072798603376e-02,1.115132061939488e-09
6.210852330146888e-02,1.114727914814699e-09
6.223631861690401e-02,1.114324708779132e-09
6.236411393233912e-02,1.113922439629149e-09
6.249190924777424e-02,1.113521103161114e-09
6.261970456320937e-02,1.113120695227431e-09
6.274749987864449e-02,1.112721211904688e-09
6.287529519407961e-02,1.112322649325514e-09
6.300309050951473e-02,1.111925003622541e-09
6.313088582494986e-02,1.111528270928399e-09
6.325868114038498e-02,1.111132447375719e-09
6.338647645582010e-02,1.110737529097132e-09
6.351427177125522e-02,1.110343512225268e-09
6.364206708669033e-02,1.109950392892759e-09
6.376986240212545e-02,1.109558167232235e-09
6.389765771756058e-02,1.109166831404070e-09
6.402545303299570e-02,1.108776381679604e-09
6.415324834843082e-02,1.108386814357918e-09
6.428104366386594e-02,1.107998125738091e-09
6.440883897930107e-02,1.107610312119204e-09
6.453663429473619e-02,1.107223369800336e-09
6.466442961017131e-02,1.106837295080567e-09
6.479222492560642e-02,1.106452084258978e-09
6.492002024104154e-02,1.106067733634649e-09
6.504781555647667e-02,1.105684239506660e-09
6.517561087191179e-02,1.105301598216752e-09
6.530340618734691e-02,1.104919806277332e-09
6.543120150278203e-02,1.104538860243476e-09
6.555899681821716e-02,1.104158756670263e-09
6.568679213365228e-02,1.103779492112769e-09
6.581458744908740e-02,1.103401063126070e-09
6.594238276452252e-02,1.103023466265245e-09
6.607017807995763e-02,1.102646698085369e-09
6.619797339539275e-02,1.102270755141520e-09
6.632576871082788e-02,1.101895633988775e-09
6.645356402626300e-02,1.101521331221439e-09
6.658135934169812e-02,1.101147843590735e-09
6.670915465713324e-02,1.100775167887116e-09
6.683694997256837e-02,1.100403300901035e-09
6.696474528800349e-02,1.100032239422947e-09
6.709254060343861e-02,1.099661980243303e-09
6.722033591887373e-02,1.099292520152559e-09
6.734813123430886e-02,1.098923855941166e-09
6.747592654974396e-02,1.098555984399578e-09
6.760372186517909e-02,1.098188902318248e-09
6.773151718061421e-02,1.097822606501782e-09
6.785931249604933e-02,1.097457093811382e-09
6.798710781148445e-02,1.097092361122404e-09
6.811490312691958e-02,1.096728405310202e-09
6.824269844235470e-02,1.096365223250129e-09
6.837049375778982e-02,1.096002811817540e-09
6.849828907322494e-02,1.095641167887790e-09
6.862608438866007e-02,1.095280288336231e-09
6.875387970409517e-02,1.094920170038219e-09
6.888167501953030e-02,1.094560809869107e-09
6.900947033496542e-02,1.094202204749076e-09
6.913726565040054e-02,1.093844351777633e-09
6.926506096583566e-02,1.093487248099121e-09
6.939285628127079e-02,1.093130890857885e-09
6.952065159670591e-02,1.092775277198268e-09
6.964844691214103e-02,1.092420404264613e-09
6.977624222757615e-02,1.092066269201265e-09
6.990403754301128e-02,1.091712869152568e-09
7.003183285844640e-02,1.091360201262864e-09
7.015962817388151e-02,1.091008262676498e-09
7.028742348931663e-02,1.090657050555477e-09
7.041521880475175e-02,1.090306562132473e-09
7.054301412018688e-02,1.089956794657819e-09
7.067080943562200e-02,1.089607745381852e-09
7.079860475105712e-02,1.089259411554907e-09
7.092640006649224e-02,1.088911790427320e-09
7.105419538192737e-02,1.088564879249426e-09
7.118199069736249e-02,1.088218675271561e-09
7.130978601279761e-02,1.087873175744060e-09
7.152277820518949e-02,1.087298901175256e-09
7.173577039758135e-02,1.086726563213555e-09
7.194876258997322e-02,1.086156149971153e-09
7.216175478236508e-02,1.085587649728672e-09
7.237474697475696e-02,1.085021050766735e-09
7.258773916714882e-02,1.084456341365965e-09
7.280073135954070e-02,1.083893509806986e-09
7.301372355193256e-02,1.083332544370421e-09
7.322671574432443e-02,1.082773433336893e-09
7.343970793671629e-02,1.082216164987025e-09
7.365270012910817e-02,1.081660727601440e-09
7.386569232150003e-02,1.081107109633602e-09
7.407868451389191e-02,1.080555300228330e-09
7.429167670628377e-02,1.080005288703283e-09
7.450466889867564e-02,1.079457064376121e-09
7.471766109106751e-02,1.078910616564503e-09
7.493065328345938e-02,1.078365934586088e-09
7.514364547585124e-02,1.077823007758535e-09
7.535663766824312e-02,1.077281825399503e-09
7.556962986063498e-02,1.076742376826651e-09
7.578262205302685e-02,1.076204651357639e-09
7.599561424541872e-02,1.075668638458419e-09
7.620860643781059e-02,1.075134328188097e-09
7.642159863020245e-02,1.074601710754066e-09
7.663459082259433e-02,1.074070776363716e-09
7.684758301498619e-02,1.073541515224440e-09
7.706057520737807e-02,1.073013917543629e-09
7.727356739976993e-02,1.072487973528674e-09
7.748655959216180e-02,1.071963673386966e-09
7.769955178455366e-02,1.071441007325898e-09
7.791254397694554e-02,1.070919965552861e-09
7.812553616933740e-02,1.070400538408101e-09
7.833852836172928e-02,1.069882716763254e-09
7.855152055412114e-02,1.069366491622798e-09
7.876451274651301e-02,1.068851853991209e-09
7.897750493890487e-02,1.068338794872962e-09
7.919049713129675e-02,1.067827305272535e-09
7.940348932368861e-02,1.067317376194404e-09
7.961648151608049e-02,1.066808998643046e-09
7.982947370847235e-02,1.066302163622937e-09
8.004246590086422e-02,1.065796862138554e-09
8.025545809325609e-02,1.065293085315245e-09
8.046845028564796e-02,1.064790824761878e-09
8.068144247803982e-02,1.064290072208207e-09
8.089443467043170e-02,1.063790819383986e-09
8.110742686282357e-02,1.063293058018969e-09
8.132041905521543e-02,1.062796779842911e-09
8.153341124760730e-02,1.062301976585564e-09
8.174640343999917e-02,1.061808639976684e-09
8.195939563239105e-02,1.061316761746023e-09
8.217238782478291e-02,1.060826333623337e-09
8.238538001717477e-02,1.060337347443546e-09
8.259837220956665e-02,1.059849795462250e-09
8.281136440195852e-02,1.059363670040225e-09
8.302435659435038e-02,1.058878963538245e-09
8.323734878674224e-02,1.058395668317084e-09
8.345034097913412e-02,1.057913776737516e-09
8.366333317152599e-02,1.057433281160316e-09
8.387632536391786e-02,1.056954173946259e-09
8.408931755630973e-02,1.056476447456117e-09
8.430230974870159e-02,1.056000094050668e-09
8.451530194109347e-02,1.055525106189797e-09
8.472829413348533e-02,1.055051476729852e-09
8.494128632587720e-02,1.054579198626292e-09
8.515427851826907e-02,1.054108264834579e-09
8.536727071066094e-02,1.053638668310174e-09
8.558026290305280e-02,1.053170402008535e-09
8.579325509544468e-02,1.052703458885126e-09
8.600624728783654e-02,1.052237831895405e-09
8.621923948022842e-02,1.051773513994834e-09
8.643223167262028e-02,1.051310498138874e-09
8.664522386501215e-02,1.050848777363528e-09
8.685821605740401e-02,1.050388345026976e-09
8.707120824979589e-02,1.049929194567936e-09
8.728420044218775e-02,1.049471319425126e-09
8.749719263457963e-02,1.049014713037264e-09
8.771018482697149e-02,1.048559368843070e-09
8.792317701936336e-02,1.048105280281262e-09
8.813616921175522e-02,1.047652440790557e-09
8.834916140414710e-02,1.047200843809676e-09
8.856215359653896e-02,1.046750482777335e-09
8.877514578893084e-02,1.046301351218996e-09
8.898813798132270e-02,1.045853443007066e-09
8.920113017371457e-02,1.045406752100688e-09
8.941412236610644e-02,1.044961272459003e-09
8.962711455849831e-02,1.044516998041152e-09
8.984010675089017e-02,1.044073922806276e-09
9.005309894328205e-02,1.043632040713517e-09
9.026609113567391e-02,1.043191345722016e-09
9.047908332806578e-02,1.042751831790916e-09
9.069207552045766e-02,1.042313492879356e-09
9.090506771284952e-02,1.041876323013126e-09
9.111805990524138e-02,1.041440316484626e-09
9.133105209763326e-02,1.041005467652908e-09
9.154404429002513e-02,1.040571770877027e-09
9.175703648241700e-02,1.040139220516039e-09
9.197002867480886e-02,1.039707810928997e-09
9.218302086720073e-02,1.039277536474956e-09
9.239601305959261e-02,1.038848391512969e-09
9.260900525198447e-02,1.038420370402093e-09
9.282199744437633e-02,1.037993467501381e-09
9.303498963676821e-02,1.037567677235440e-09
9.324798182916008e-02,1.037142994291090e-09
9.346097402155194e-02,1.036719413420711e-09
9.367396621394380e-02,1.036296929376680e-09
9.388695840633568e-02,1.035875536911376e-09
9.409995059872756e-02,1.035455230777176e-09
9.431294279111942e-02,1.035036005726460e-09
9.452593498351128e-02,1.034617856511606e-09
9.473892717590315e-02,1.034200777884990e-09
9.495191936829503e-02,1.033784764598992e-09
9.516491156068689e-02,1.033369811465198e-09
9.537790375307875e-02,1.032955913532022e-09
9.559089594547063e-02,1.032543065907091e-09
9.580388813786250e-02,1.032131263698029e-09
9.601688033025436e-02,1.031720502012459e-09
9.622987252264624e-02,1.031310775958008e-09
9.644286471503810e-02,1.030902080642299e-09
9.665585690742998e-02,1.030494411172957e-09
9.686884909982184e-02,1.030087762657608e-09
9.708184129221371e-02,1.029682130203874e-09
9.729483348460558e-02,1.029277508973359e-09
9.750782567699745e-02,1.028873894343568e-09
9.772081786938931e-02,1.028471281745983e-09
9.793381006178119e-02,1.028069666612085e-09
9.814680225417305e-02,1.027669044373356e-09
9.835979444656492e-02,1.027269410461276e-09
9.857278663895679e-02,1.026870760307327e-09
9.878577883134866e-02,1.026473089342991e-09
9.899877102374052e-02,1.026076392999749e-09
9.921176321613240e-02,1.025680666709082e-09
9.942475540852426e-02,1.025285905951731e-09
9.963774760091614e-02,1.024892106405460e-09
9.985073979330800e-02,1.024499263797289e-09
1.000637319857000e-01,1.024107373854239e-09
1.002767241780920e-01,1.023716432303329e-09
1.004897163704840e-01,1.023326434871578e-09
1.007027085628750e-01,1.022937377286008e-09
1.009157007552670e-01,1.022549255273636e-09
1.011286929476590e-01,1.022162064561482e-09
1.013416851400510e-01,1.021775800876567e-09
1.015546773324430e-01,1.021390459991083e-09
1.017676695248350e-01,1.021006037857957e-09
1.019806617172270e-01,1.020622530475304e-09
1.021936539096190e-01,1.020239933841244e-09
1.024066461020100e-01,1.019858243953894e-09
1.026196382944020e-01,1.019477456811370e-09
1.028326304867940e-01,1.019097568411790e-09
1.030456226791860e-01,1.018718574753272e-09
1.032586148715780e-01,1.018340471833933e-09
1.034716070639700e-01,1.017963255651891e-09
1.036845992563620e-01,1.017586922246765e-09
1.038975914487540e-01,1.017211467824168e-09
1.041105836411450e-01,1.016836888631207e-09
1.043235758335370e-01,1.016463180914984e-09
1.045365680259290e-01,1.016090340922605e-09
1.047495602183210e-01,1.015718364901178e-09
1.049625524107130e-01,1.015347249097808e-09
1.051755446031050e-01,1.014976989759599e-09
1.053885367954970e-01,1.014607583133658e-09
1.056015289878880e-01,1.014239025467093e-09
1.058145211802800e-01,1.013871313045213e-09
1.060275133726720e-01,1.013504442306099e-09
1.062405055650640e-01,1.013138409726008e-09
1.064534977574560e-01,1.012773211781196e-09
1.066664899498480e-01,1.012408844947920e-09
1.068794821422400e-01,1.012045305702435e-09
1.070924743346320e-01,1.011682590520998e-09
1.073054665270230e-01,1.011320695879867e-09
1.075184587194150e-01,1.010959618255294e-09
1.077314509118070e-01,1.010599354123538e-09
1.079444431041990e-01,1.010239899995990e-09
1.081574352965910e-01,1.009881252524679e-09
1.083704274889830e-01,1.009523408396817e-09
1.085834196813750e-01,1.009166364299617e-09
1.087964118737660e-01,1.008810116920293e-09
1.090094040661580e-01,1.008454662946054e-09
1.092223962585500e-01,1.008099999064115e-09
1.094353884509420e-01,1.007746121961688e-09
1.096483806433340e-01,1.007393028325985e-09
1.098613728357260e-01,1.007040714844220e-09
1.100743650281180e-01,1.006689178236451e-09
1.102873572205100e-01,1.006338415354176e-09
1.105003494129010e-01,1.005988423081766e-09
1.107133416052930e-01,1.005639198303588e-09
1.109263337976850e-01,1.005290737904012e-09
1.111393259900770e-01,1.004943038767408e-09
1.113523181824690e-01,1.004596097778146e-09
1.115653103748610e-01,1.004249911820594e-09
1.117783025672530e-01,1.003904477779123e-09
1.119912947596450e-01,1.003559792538102e-09
1.122042869520360e-01,1.003215853010413e-09
1.124172791444280e-01,1.002872656222989e-09
1.126302713368200e-01,1.002530199231280e-09
1.128432635292120e-01,1.002188479090739e-09
1.130562557216040e-01,1.001847492856816e-09
1.132692479139960e-01,1.001507237584962e-09
1.134822401063880e-01,1.001167710330626e-09
1.136952322987790e-01,1.000828908149262e-09
1.139082244911710e-01,1.000490828096317e-09
1.141212166835630e-01,1.000153467227243e-09
1.143342088759550e-01,9.998168226287087e-10
1.145472010683470e-01,9.994808915122259e-10
1.147601932607390e-01,9.991456711205096e-10
1.149731854531310e-01,9.988111586962744e-10
1.151861776455230e-01,9.984773514822355e-10
1.153991698379140e-01,9.981442467211089e-10
1.156121620303060e-01,9.978118416556064e-10
1.158251542226980e-01,9.974801335284449e-10
1.160381464150900e-01,9.971491195823387e-10
1.162511386074820e-01,9.968187970600029e-10
1.164641307998740e-01,9.964891632235068e-10
1.166771229922660e-01,9.961602154122939e-10
1.168901151846570e-01,9.958319509851424e-10
1.171031073770490e-01,9.955043673008267e-10
1.173160995694410e-01,9.951774617181244e-10
1.175290917618330e-01,9.948512315958128e-10
1.177420839542250e-01,9.945256742926687e-10
1.179550761466170e-01,9.942007871674690e-10
1.181680683390090e-01,9.938765675789905e-10
1.183810605314010e-01,9.935530128860101e-10
1.185940527237920e-01,9.932301204813159e-10
1.188070449161840e-01,9.929078878938079e-10
1.190200371085760e-01,9.925863126864375e-10
1.192330293009680e-01,9.922653924221553e-10
1.194460214933600e-01,9.919451246639115e-10
1.196590136857520e-01,9.916255069746565e-10
1.198720058781440e-01,9.913065369173407e-10
1.200849980705360e-01,9.909882120549143e-10
1.202979902629270e-01,9.906705299503296e-10
1.205109824553190e-01,9.903534881665335e-10
1.207239746477110e-01,9.900370842769488e-10
1.209369668401030e-01,9.897213158968895e-10
1.211499590324950e-01,9.894061806521456e-10
1.213629512248870e-01,9.890916761685070e-10
1.215759434172790e-01,9.887778000717644e-10
1.217889356096700e-01,9.884645499877086e-10
1.220019278020620e-01,9.881519235421270e-10
1.222149199944540e-01,9.878399183608110e-10
1.224279121868460e-01,9.875285320695507e-10
1.226409043792380e-01,9.872177622941364e-10
1.228538965716300e-01,9.869076066902466e-10
1.230668887640220e-01,9.865980630331095e-10
1.232798809564140e-01,9.862891291278383e-10
1.234928731488050e-01,9.859808027795475e-10
1.237058653411970e-01,9.856730817933475e-10
1.239188575335890e-01,9.853659639743531e-10
1.241318497259810e-01,9.850594471276771e-10
1.243448419183730e-01,9.847535290584331e-10
1.245578341107650e-01,9.844482075717339e-10
1.247708263031570e-01,9.841434804726931e-10
1.249838184955480e-01,9.838393455809240e-10
1.251968106879400e-01,9.835358007740105e-10
1.254098028803320e-01,9.832328439440292e-10
1.256227950727240e-01,9.829304729830547e-10
1.258357872651160e-01,9.826286857831618e-10
1.260487794575080e-01,9.823274802364258e-10
1.262617716499000e-01,9.820268542349215e-10
1.264747638422920e-01,9.817268056707238e-10
1.266877560346830e-01,9.814273324359089e-10
1.269007482270750e-01,9.811284324225491e-10
1.271137404194670e-01,9.808301035423605e-10
1.273267326118590e-01,9.805323437855658e-10
1.275397248042510e-01,9.802351511620002e-10
1.277527169966430e-01,9.799385236814991e-10
1.279657091890350e-01,9.796424593538983e-10
1.281787013814270e-01,9.793469561890334e-10
1.283916935738180e-01,9.790520121967414e-10
1.286046857662100e-01,9.787576253868549e-10
1.288176779586020e-01,9.784637937692111e-10
1.290306701509940e-01,9.781705153536452e-10
1.292436623433860e-01,9.778777881663079e-10
1.294566545357780e-01,9.775856102986374e-10
1.296696467281700e-01,9.772939798583999e-10
1.298826389205610e-01,9.770028949533636e-10
1.300956311129530e-01,9.767123536912920e-10
1.303086233053450e-01,9.764223541799533e-10
1.305216154977370e-01,9.761328945271139e-10
1.307346076901290e-01,9.758439728405404e-10
1.309475998825210e-01,9.755555872279994e-10
1.311605920749130e-01,9.752677357972576e-10
1.313735842673050e-01,9.749804166718102e-10
1.315865764596960e-01,9.746936280380764e-10
1.317995686520880e-01,9.744073680982034e-10
1.320125608444800e-01,9.741216350543428e-10
1.322255530368720e-01,9.738364271086442e-10
1.324385452292640e-01,9.735517424632580e-10
1.326515374216560e-01,9.732675793203341e-10
1.328645296140480e-01,9.729839358820226e-10
1.330775218064400e-01,9.727008103504734e-10
1.332905139988310e-01,9.724182009278378e-10
1.335035061912230e-01,9.721361058313716e-10
1.337164983836150e-01,9.718545233387530e-10
1.339294905760070e-01,9.715734517427625e-10
1.341424827683990e-01,9.712928893361790e-10
1.343554749607910e-01,9.710128344117826e-10
1.345684671531830e-01,9.707332852623530e-10
1.347814593455740e-01,9.704542401806707e-10
1.349944515379660e-01,9.701756974595132e-10
1.352074437303580e-01,9.698976553916613e-10
1.354204359227500e-01,9.696201122698945e-10
1.356334281151420e-01,9.693430663989028e-10
1.358464203075340e-01,9.690665161309934e-10
1.360594124999260e-01,9.687904598303712e-10
1.362724046923180e-01,9.685148958612412e-10
1.364853968847090e-01,9.682398225878105e-10
1.366983890771010e-01,9.679652383742814e-10
1.369113812694930e-01,9.676911415848602e-10
1.371243734618850e-01,9.674175305837522e-10
1.373373656542770e-01,9.671444037351628e-10
1.375503578466690e-01,9.668717594032969e-10
1.377633500390610e-01,9.665995959720333e-10
1.379763422314520e-01,9.663279119039937e-10
1.381893344238440e-01,9.660567056814922e-10
1.384023266162360e-01,9.657859757868471e-10
1.386153188086280e-01,9.655157207023756e-10
1.388283110010200e-01,9.652459389103943e-10
1.390413031934120e-01,9.649766288932205e-10
1.392542953858040e-01,9.647077891331715e-10
1.394672875781960e-01,9.644394181125638e-10
1.396802797705870e-01,9.641715143137162e-10
1.398932719629790e-01,9.639040762055643e-10
1.401062641553710e-01,9.636371022035210e-10
1.403192563477630e-01,9.633705907096108e-10
1.405322485401550e-01,9.631045401258593e-10
1.407452407325470e-01,9.628389488542914e-10
1.409582329249390e-01,9.625738152969320e-10
1.411712251173300e-01,9.623091378558083e-10
1.413842173097220e-01,9.620449149329419e-10
1.415972095021140e-01,9.617811449303599e-10
1.418102016945060e-01,9.615178262500870e-10
1.420231938868980e-01,9.612549574004947e-10
1.422361860792900e-01,9.609925373153292e-10
1.424491782716820e-01,9.607305650346783e-10
1.426621704640740e-01,9.604690395986292e-10
1.428751626564650e-01,9.602079600472708e-10
1.430881548488570e-01,9.599473254206879e-10
1.433011470412490e-01,9.596871347589695e-10
1.435141392336410e-01,9.594273871022029e-10
1.437271314260330e-01,9.591680814904753e-10
1.439401236184250e-01,9.589092169638747e-10
1.441531158108170e-01,9.586507922184697e-10
1.443661080032090e-01,9.583928045747123e-10
1.445791001956000e-01,9.581352510092657e-10
1.447920923879920e-01,9.578781284987896e-10
1.450050845803840e-01,9.576214340199470e-10
1.452180767727760e-01,9.573651645494004e-10
1.454310689651680e-01,9.571093170638117e-10
1.456440611575600e-01,9.568538885398428e-10
1.458570533499520e-01,9.565988759541564e-10
1.460700455423430e-01,9.563442762834149e-10
1.462830377347350e-01,9.560900878383164e-10
1.464960299271270e-01,9.558363142622925e-10
1.467090221195190e-01,9.555829605311009e-10
1.469220143119110e-01,9.553300316204991e-10
1.471350065043030e-01,9.550775325062455e-10
1.473479986966950e-01,9.548254681640974e-10
1.475609908890870e-01,9.545738435698130e-10
1.477739830814780e-01,9.543226636991510e-10
1.479869752738700e-01,9.540719335278671e-10
1.481999674662620e-01,9.538216580317205e-10
1.484129596586540e-01,9.535718372606729e-10
1.486259518510460e-01,9.533224515524726e-10
1.488389440434380e-01,9.530734763145548e-10
1.490519362358300e-01,9.528248869543562e-10
1.492649284282220e-01,9.525766588793120e-10
1.494779206206130e-01,9.523287674968593e-10
1.496909128130050e-01,9.520811882144316e-10
1.499039050053970e-01,9.518338964394662e-10
1.501168971977890e-01,9.515868675793981e-10
1.503298893901810e-01,9.513400770416639e-10
1.505428815825730e-01,9.510935186610391e-10
1.507558737749650e-01,9.508472599926756e-10
1.509688659673560e-01,9.506013870245745e-10
1.511818581597480e-01,9.503559857447341e-10
1.513948503521400e-01,9.501111421411554e-10
1.516078425445320e-01,9.498669422018389e-10
1.518208347369240e-01,9.496234719147846e-10
1.520338269293160e-01,9.493808172679931e-10
1.522468191217080e-01,9.491390642494640e-10
1.524598113141000e-01,9.488982988471981e-10
1.526728035064910e-01,9.486585383141439e-10
1.528857956988830e-01,9.484195250068470e-10
1.530987878912750e-01,9.481809325687078e-10
1.533117800836670e-01,9.479424346431253e-10
1.535247722760590e-01,9.477037048734980e-10
1.537377644684510e-01,9.474644169032258e-10
1.539507566608430e-01,9.472242443757073e-10
1.541637488532340e-01,9.469828609343430e-10
1.543767410456260e-01,9.467399402225289e-10
1.545897332380180e-01,9.464951558836657e-10
1.548027254304100e-01,9.462484381689298e-10
1.550157176228020e-01,9.460007432801864e-10
1.552287098151940e-01,9.457532837869239e-10
1.554417020075860e-01,9.455072722586320e-10
1.556546941999780e-01,9.452639212647991e-10
1.558676863923690e-01,9.450244433749151e-10
1.560806785847610e-01,9.447900511584671e-10
1.562936707771530e-01,9.445619571849449e-10
1.565066629695450e-01,9.443413740238370e-10
1.567196551619370e-01,9.441295142446329e-10
1.569326473543290e-01,9.439266338143277e-10
1.571456395467210e-01,9.437291598726272e-10
1.573586317391130e-01,9.435325617477056e-10
1.575716239315040e-01,9.433323087677375e-10
1.577846161238960e-01,9.431238702608949e-10
1.579976083162880e-01,9.429027155553526e-10
1.582106005086800e-01,9.426643139792840e-10
1.584235927010720e-01,9.424041348608633e-10
1.586365848934640e-01,9.421176475282643e-10
1.588495770858560e-01,9.418003213096606e-10
1.590625692782470e-01,9.414511968143245e-10
1.592755614706390e-01,9.410836043871262e-10
1.594885536630310e-01,9.407144479600164e-10
1.597015458554230e-01,9.403606314649443e-10
1.599145380478150e-01,9.400390588338597e-10
1.601275302402070e-01,9.397666339987117e-10
1.603405224325990e-01,9.395602608914498e-10
1.605535146249910e-01,9.394368434440233e-10
1.607665068173820e-01,9.394132855883814e-10
1.609794990097740e-01,9.395064912564736e-10
1.611924912021660e-01,9.397200320774609e-10
1.614054833945580e-01,9.400041497255449e-10
1.616184755869500e-01,9.402957532002328e-10
1.618314677793420e-01,9.405317515010313e-10
1.620444599717340e-01,9.406490536274477e-10
1.622574521641260e-01,9.405845685789895e-10
1.624704443565170e-01,9.402752053551651e-10
1.626834365489090e-01,9.396578729554800e-10
1.628964287413010e-01,9.386694803794412e-10
1.631094209336930e-01,9.372469366265561e-10
1.633224131260850e-01,9.353542605963480e-10
1.635354053184770e-01,9.330638788195336e-10
1.637483975108690e-01,9.304753117447651e-10
1.639613897032600e-01,9.276880798207091e-10
1.641743818956520e-01,9.248017034959916e-10
1.643873740880440e-01,9.219157032192783e-10
1.646003662804360e-01,9.191295994392221e-10
1.648133584728280e-01,9.165429126044762e-10
1.650263506652200e-01,9.142551631636929e-10
1.652393428576120e-01,9.123658715655252e-10
1.654523350500040e-01,9.109474403444743e-10
1.656653272423950e-01,9.099638658376440e-10
1.658783194347870e-01,9.093520591877015e-10
1.660913116271790e-01,9.090489315373283e-10
1.663043038195710e-01,9.089913940292006e-10
1.665172960119630e-01,9.091163578059942e-10
1.667302882043550e-01,9.093607340103851e-10
1.669432803967470e-01,9.096614337850498e-10
1.671562725891380e-01,9.099553682726630e-10
1.673692647815300e-01,9.101794486159033e-10
1.675822569739220e-01,9.102839115673820e-10
1.677952491663140e-01,9.102723227668481e-10
1.680082413587060e-01,9.101615866909643e-10
1.682212335510980e-01,9.099686078163929e-10
1.684342257434900e-01,9.097102906197965e-10
1.686472179358820e-01,9.094035395778376e-10
1.688602101282730e-01,9.090652591671803e-10
1.690732023206650e-01,9.087123538644836e-10
1.692861945130570e-01,9.083617281464120e-10
1.694991867054490e-01,9.080302864896277e-10
1.697121788978410e-01,9.077313615082294e-10
1.699251710902330e-01,9.074639956904272e-10
1.701381632826250e-01,9.072236583239256e-10
1.703511554750170e-01,9.070058186964286e-10
1.705641476674080e-01,9.068059460956419e-10
1.707771398598000e-01,9.066195098092673e-10
1.709901320521920e-01,9.064419791250106e-10
1.712031242445840e-01,9.062688233305758e-10
1.714161164369760e-01,9.060955117136674e-10
1.716291086293680e-01,9.059175135619896e-10
1.718421008217600e-01,9.057312555418356e-10
1.720550930141510e-01,9.055369933684252e-10
1.722680852065430e-01,9.053359399028639e-10
1.724810773989350e-01,9.051293080062596e-10
1.726940695913270e-01,9.049183105397199e-10
1.729070617837190e-01,9.047041603643514e-10
1.731200539761110e-01,9.044880703412621e-10
1.733330461685030e-01,9.042712533315584e-10
1.735460383608950e-01,9.040549221963484e-10
1.737590305532860e-01,9.038402897967394e-10
1.739720227456780e-01,9.036283123964151e-10
1.741850149380700e-01,9.034189203109782e-10
1.743980071304620e-01,9.032117874793639e-10
1.746109993228540e-01,9.030065878405073e-10
1.748239915152460e-01,9.028029953333433e-10
1.750369837076380e-01,9.026006838968069e-10
1.752499759000290e-01,9.023993274698344e-10
1.754629680924210e-01,9.021985999913588e-10
1.756759602848130e-01,9.019981754003158e-10
1.758889524772050e-01,9.017977276356411e-10
1.761019446695970e-01,9.015969993196217e-10
1.763149368619890e-01,9.013960079919136e-10
1.765279290543810e-01,9.011948399675339e-10
1.767409212467730e-01,9.009935815615001e-10
1.769539134391640e-01,9.007923190888303e-10
1.771669056315560e-01,9.005911388645404e-10
1.773798978239480e-01,9.003901272036485e-10
1.775928900163400e-01,9.001893704211720e-10
1.778058822087320e-01,8.999889548321286e-10
1.780188744011240e-01,8.997889667515351e-10
1.782318665935160e-01,8.995894740899030e-10
1.784448587859070e-01,8.993904711131697e-10
1.786578509782990e-01,8.991919336694867e-10
1.788708431706910e-01,8.989938376070089e-10
1.790838353630830e-01,8.987961587738895e-10
1.792968275554750e-01,8.985988730182824e-10
1.795098197478670e-01,8.984019561883406e-10
1.797228119402590e-01,8.982053841322182e-10
1.799358041326510e-01,8.980091326980685e-10
1.801487963250420e-01,8.978131777340461e-10
1.803617885174340e-01,8.976175000268407e-10
1.805747807098260e-01,8.974221001183219e-10
1.807877729022180e-01,8.972269834894071e-10
1.810007650946100e-01,8.970321556210145e-10
1.812137572870020e-01,8.968376219940615e-10
1.814267494793940e-01,8.966433880894662e-10
1.816397416717860e-01,8.964494593881462e-10
1.818527338641770e-01,8.962558413710202e-10
1.820657260565690e-01,8.960625395190041e-10
1.822787182489610e-01,8.958695593130171e-10
1.824917104413530e-01,8.956769049158215e-10
1.827047026337450e-01,8.954845752189143e-10
1.829176948261370e-01,8.952925677963157e-10
1.831306870185290e-01,8.951008802220449e-10
1.833436792109200e-01,8.949095100701226e-10
1.835566714033120e-01,8.947184549145665e-10
1.837696635957040e-01,8.945277123293972e-10
1.839826557880960e-01,8.943372798886345e-10
1.841956479804880e-01,8.941471551662976e-10
1.844086401728800e-01,8.939573357364063e-10
1.846216323652720e-01,8.937678195299073e-10
1.848346245576640e-01,8.935786059046470e-10
1.850476167500550e-01,8.933896945749973e-10
1.852606089424470e-01,8.932010852553258e-10
1.854736011348390e-01,8.930127776600037e-10
1.856865933272310e-01,8.928247715034016e-10
1.858995855196230e-01,8.926370664998891e-10
1.861125777120150e-01,8.924496623638363e-10
1.863255699044070e-01,8.922625588096139e-10
1.865385620967990e-01,8.920757555515915e-10
1.867515542891900e-01,8.918892522166226e-10
1.869645464815820e-01,8.917030480812990e-10
1.871775386739740e-01,8.915171423346036e-10
1.873905308663660e-01,8.913315341655187e-10
1.876035230587580e-01,8.911462227630264e-10
1.878165152511500e-01,8.909612073161090e-10
1.880295074435420e-01,8.907764870137489e-10
1.882424996359330e-01,8.905920610449290e-10
1.884554918283250e-01,8.904079285986298e-10
1.886684840207170e-01,8.902240888638342e-10
1.888814762131090e-01,8.900405410540051e-10
1.890944684055010e-01,8.898572844805482e-10
1.893074605978930e-01,8.896743184793612e-10
1.895204527902850e-01,8.894916423863411e-10
1.897334449826770e-01,8.893092555373855e-10
1.899464371750680e-01,8.891271572683926e-10
1.901594293674600e-01,8.889453469152582e-10
1.903724215598520e-01,8.887638238138801e-10
1.905854137522440e-01,8.885825873001562e-10
1.907984059446360e-01,8.884016367099836e-10
1.910113981370280e-01,8.882209713794419e-10
1.912243903294200e-01,8.880405906453393e-10
1.914373825218110e-01,8.878604938446666e-10
1.916503747142030e-01,8.876806803144129e-10
1.918633669065950e-01,8.875011493915691e-10
1.920763590989870e-01,8.873219004131254e-10
1.922893512913790e-01,8.871429327160720e-10
1.925023434837710e-01,8.869642456373994e-10
1.927153356761630e-01,8.867858385140977e-10
1.929283278685550e-01,8.866077106831574e-10
1.931413200609460e-01,8.864298614835139e-10
1.933543122533380e-01,8.862522902618760e-10
1.935673044457300e-01,8.860749963668974e-10
1.937802966381220e-01,8.858979791472315e-10
1.939932888305140e-01,8.857212379515315e-10
1.942062810229060e-01,8.855447721284508e-10
1.944192732152980e-01,8.853685810266421e-10
1.946322654076900e-01,8.851926639947590e-10
1.948452576000810e-01,8.850170203814556e-10
1.950582497924730e-01,8.848416495353831e-10
1.952712419848650e-01,8.846665508117888e-10
1.954842341772570e-01,8.844917235922719e-10
1.956972263696490e-01,8.843171672650153e-10
1.959102185620410e-01,8.841428812182022e-10
1.961232107544330e-01,8.839688648400157e-10
1.963362029468240e-01,8.837951175186395e-10
1.965491951392160e-01,8.836216386422547e-10
1.967621873316080e-01,8.834484275990457e-10
1.969751795240000e-01,8.832754837771952e-10
1.971881717163920e-01,8.831028065648862e-10
1.974011639087840e-01,8.829303953503406e-10
1.976141561011760e-01,8.827582495219364e-10
1.978271482935680e-01,8.825863684680898e-10
1.980401404859590e-01,8.824147515772184e-10
1.982531326783510e-01,8.822433982377367e-10
1.984661248707430e-01,8.820723078380625e-10
1.986791170631350e-01,8.819014797666121e-10
1.988921092555270e-01,8.817309134118025e-10
1.991051014479190e-01,8.815606081620496e-10
1.993180936403110e-01,8.813905634057706e-10
1.995310858327020e-01,8.812207785357271e-10
1.997440780250940e-01,8.810512529620593e-10
1.999570702174860e-01,8.808819860992552e-10
2.001700624098780e-01,8.807129773618018e-10
2.003830546022700e-01,8.805442261641861e-10
2.005960467946620e-01,8.803757319208953e-10
2.008090389870540e-01,8.802074940464165e-10
2.010220311794460e-01,8.800395119552366e-10
2.012350233718370e-01,8.798717850618438e-10
2.014480155642290e-01,8.797043127807235e-10
2.016610077566210e-01,8.795370945282882e-10
2.018739999490130e-01,8.793701297286466e-10
2.020869921414050e-01,8.792034178078311e-10
2.022999843337970e-01,8.790369581918743e-10
2.025129765261890e-01,8.788707503068081e-10
2.027259687185810e-01,8.787047935786658e-10
2.029389609109720e-01,8.785390874334800e-10
2.031519531033640e-01,8.783736312972818e-10
2.033649452957560e-01,8.782084245961045e-10
2.035779374881480e-01,8.780434667559805e-10
2.037909296805400e-01,8.778787572057885e-10
2.040039218729320e-01,8.777142953857870e-10
2.042169140653240e-01,8.775500807390781e-10
2.044299062577150e-01,8.773861127087643e-10
2.046428984501070e-01,8.772223907379459e-10
2.048558906424990e-01,8.770589142697256e-10
2.050688828348910e-01,8.768956827472051e-10
2.052818750272830e-01,8.767326956134865e-10
2.054948672196750e-01,8.765699523116715e-10
2.057078594120670e-01,8.764074522848621e-10
2.059208516044590e-01,8.762451949807108e-10
2.061338437968500e-01,8.760831798650844e-10
2.063468359892420e-01,8.759214064084032e-10
2.065598281816340e-01,8.757598740810898e-10
2.067728203740260e-01,8.755985823535660e-10
2.069858125664180e-01,8.754375306962538e-10
2.071988047588100e-01,8.752767185795749e-10
2.074117969512020e-01,8.751161454739513e-10
2.076247891435940e-01,8.749558108498051e-10
2.078377813359850e-01,8.747957141775585e-10
2.080507735283770e-01,8.746358549268658e-10
2.082637657207690e-01,8.744762325643171e-10
2.084767579131610e-01,8.743168465557350e-10
2.086897501055530e-01,8.741576963669423e-10
2.089027422979450e-01,8.739987814637618e-10
2.091157344903370e-01,8.738401013120163e-10
2.093287266827280e-01,8.736816553775289e-10
2.095417188751200e-01,8.735234431261211e-10
2.097547110675120e-01,8.733654640236162e-10
2.099677032599040e-01,8.732077175358369e-10
2.101806954522960e-01,8.730502031322113e-10
2.103936876446880e-01,8.728929202965877e-10
2.106066798370800e-01,8.727358685164194e-10
2.108196720294720e-01,8.725790472791597e-10
2.110326642218630e-01,8.724224560722624e-10
2.112456564142550e-01,8.722660943831796e-10
2.114586486066470e-01,8.721099616993652e-10
2.116716407990390e-01,8.719540575082724e-10
2.118846329914310e-01,8.717983812973546e-10
2.120976251838230e-01,8.716429325540649e-10
2.123106173762150e-01,8.714877107704593e-10
2.125236095686060e-01,8.713327154569966e-10
2.127366017609980e-01,8.711779461287331e-10
2.129495939533900e-01,8.710234023007269e-10
2.131625861457820e-01,8.708690834880355e-10
2.133755783381740e-01,8.707149892057167e-10
2.135885705305660e-01,8.705611189688278e-10
2.138015627229580e-01,8.704074722924265e-10
2.140145549153500e-01,8.702540486915701e-10
2.142275471077410e-01,8.701008476813170e-10
2.144405393001330e-01,8.699478687751948e-10
2.146535314925250e-01,8.697951114806230e-10
2.148665236849170e-01,8.696425753034943e-10
2.150795158773090e-01,8.694902597497013e-10
2.152925080697010e-01,8.693381643251361e-10
2.155055002620930e-01,8.691862885356916e-10
2.157184924544850e-01,8.690346318872598e-10
2.159314846468760e-01,8.688831938857343e-10
2.161444768392680e-01,8.687319740370062e-10
2.163574690316600e-01,8.685809718469685e-10
2.165704612240520e-01,8.684301868263020e-10
2.167834534164440e-01,8.682796185048497e-10
2.169964456088360e-01,8.681292664172468e-10
2.172094378012280e-01,8.679791300981288e-10
2.174224299936190e-01,8.678292090821318e-10
2.176354221860110e-01,8.676795029038894e-10
2.178484143784030e-01,8.675300110980382e-10
2.180614065707950e-01,8.673807331992129e-10
2.182743987631870e-01,8.672316687420496e-10
2.184873909555790e-01,8.670828172611833e-10
2.187003831479710e-01,8.669341782923894e-10
2.189133753403630e-01,8.667857513760047e-10
2.191263675327540e-01,8.666375360535075e-10
2.193393597251460e-01,8.664895318663731e-10
2.195523519175380e-01,8.663417383560800e-10
2.197653441099300e-01,8.661941550641052e-10
2.199783363023220e-01,8.660467815319261e-10
2.201913284947140e-01,8.658996173010197e-10
2.204043206871060e-01,8.657526619128636e-10
2.206173128794970e-01,8.656059149089355e-10
2.208303050718890e-01,8.654593758324433e-10
2.210432972642810e-01,8.653130442335227e-10
2.212562894566730e-01,8.651669196640402e-10
2.214692816490650e-01,8.650210016758624e-10
2.216822738414570e-01,8.648752898208556e-10
2.218952660338490e-01,8.647297836508865e-10
2.221082582262410e-01,8.645844827178214e-10
2.223212504186320e-01,8.644393865735273e-10
2.225342426110240e-01,8.642944947698694e-10
2.227472348034160e-01,8.641498068587151e-10
2.229602269958080e-01,8.640053223948743e-10
2.231732191882000e-01,8.638610409449267e-10
2.233862113805920e-01,8.637169620783928e-10
2.235992035729840e-01,8.635730853647933e-10
2.238121957653760e-01,8.634294103736486e-10
2.240251879577670e-01,8.632859366744800e-10
2.242381801501590e-01,8.631426638368065e-10
2.244511723425510e-01,8.629995914301495e-10
2.246641645349430e-01,8.628567190240295e-10
2.248771567273350e-01,8.627140461879672e-10
2.250901489197270e-01,8.625715724912232e-10
2.253031411121190e-01,8.624292975020205e-10
2.255161333045100e-01,8.622872207883226e-10
2.257291254969020e-01,8.621453419180910e-10
2.259421176892940e-01,8.620036604592894e-10
2.261551098816860e-01,8.618621759798806e-10
2.263681020740780e-01,8.617208880478273e-10
2.265810942664700e-01,8.615797962310927e-10
2.267940864588620e-01,8.614389000976392e-10
2.270070786512540e-01,8.612981992154301e-10
2.272200708436450e-01,8.611576931572551e-10
2.274330630360370e-01,8.610173815152119e-10
2.276460552284290e-01,8.608772638862296e-10
2.278590474208210e-01,8.607373398672364e-10
2.280720396132130e-01,8.605976090551609e-10
2.282850318056050e-01,8.604580710469312e-10
2.284980239979970e-01,8.603187254394757e-10
2.287110161903880e-01,8.601795718297232e-10
2.289240083827800e-01,8.600406098146009e-10
2.291370005751720e-01,8.599018389910376e-10
2.293499927675640e-01,8.597632589556106e-10
2.295629849599560e-01,8.596248693034927e-10
2.297759771523480e-01,8.594866696295048e-10
2.299889693447400e-01,8.593486595284687e-10
2.302019615371320e-01,8.592108385952057e-10
2.304149537295230e-01,8.590732064245381e-10
2.306279459219150e-01,8.589357626112857e-10
2.308409381143070e-01,8.587985067502709e-10
2.310539303066990e-01,8.586614384363151e-10
2.312669224990910e-01,8.585245572642395e-10
2.314799146914830e-01,8.583878628281833e-10
2.316929068838750e-01,8.582513547195560e-10
2.319058990762670e-01,8.581150325290857e-10
2.321188912686580e-01,8.579788958475002e-10
2.323318834610500e-01,8.578429442655262e-10
2.325448756534420e-01,8.577071773738918e-10
2.327578678458340e-01,8.575715947633246e-10
2.329708600382260e-01,8.574361960245526e-10
2.331838522306180e-01,8.573009807483035e-10
2.333968444230100e-01,8.571659485253045e-10
2.336098366154010e-01,8.570310989547023e-10
2.338228288077930e-01,8.568964316692935e-10
2.340358210001850e-01,8.567619463102836e-10
2.342488131925770e-01,8.566276425188781e-10
2.344618053849690e-01,8.564935199362822e-10
2.346747975773610e-01,8.563595782037014e-10
2.348877897697530e-01,8.562258169623409e-10
2.351007819621450e-01,8.560922358534057e-10
2.353137741545360e-01,8.559588345181018e-10
2.355267663469280e-01,8.558256125976336e-10
2.357397585393200e-01,8.556925697280052e-10
2.359527507317120e-01,8.555597055244054e-10
2.361657429241040e-01,8.554270195968174e-10
2.363787351164960e-01,8.552945115552231e-10
2.365917273088880e-01,8.551621810096054e-10
2.368047195012800e-01,8.550300275699468e-10
2.370177116936710e-01,8.548980508462304e-10
2.372307038860630e-01,8.547662504484375e-10
2.374436960784550e-01,8.546346259865515e-10
2.376566882708470e-01,8.545031770705548e-10
2.378696804632390e-01,8.543719033153582e-10
2.380826726556310e-01,8.542408043555881e-10
2.382956648480230e-01,8.541098798308004e-10
2.385086570404140e-01,8.539791293805521e-10
2.387216492328060e-01,8.538485526443980e-10
2.389346414251980e-01,8.537181492618951e-10
2.391476336175900e-01,8.535879188725993e-10
2.393606258099820e-01,8.534578611160670e-10
2.395736180023740e-01,8.533279756318540e-10
2.397866101947660e-01,8.531982620595168e-10
2.399996023871580e-01,8.530687200398429e-10
2.402125945795490e-01,8.529393492185465e-10
2.404255867719410e-01,8.528101492425707e-10
2.406385789643330e-01,8.526811197588610e-10
2.408515711567250e-01,8.525522604143618e-10
2.410645633491170e-01,8.524235708560178e-10
2.412775555415090e-01,8.522950507307737e-10
2.414905477339010e-01,8.521666996855738e-10
2.417035399262920e-01,8.520385173673636e-10
2.419165321186840e-01,8.519105034230863e-10
2.421295243110760e-01,8.517826574970113e-10
2.423425165034680e-01,8.516549792227078e-10
2.425555086958600e-01,8.515274682310718e-10
2.427685008882520e-01,8.514001241529990e-10
2.429814930806440e-01,8.512729466193852e-10
2.431944852730360e-01,8.511459352611263e-10
2.434074774654270e-01,8.510190897091188e-10
2.436204696578190e-01,8.508924095942572e-10
2.438334618502110e-01,8.507658945474378e-10
2.440464540426030e-01,8.506395441995566e-10
2.442594462349950e-01,8.505133581919577e-10
2.444724384273870e-01,8.503873362078052e-10
2.446854306197790e-01,8.502614779407253e-10
2.448984228121710e-01,8.501357830843439e-10
2.451114150045620e-01,8.500102513322876e-10
2.453244071969540e-01,8.498848823781815e-10
2.455373993893460e-01,8.497596759156520e-10
2.457503915817380e-01,8.496346316383250e-10
2.459633837741300e-01,8.495097492398270e-10
2.461763759665220e-01,8.493850284137837e-10
2.463893681589140e-01,8.492604688444616e-10
2.466023603513050e-01,8.491360701786771e-10
2.468153525436970e-01,8.490118320538787e-10
2.470283447360890e-01,8.488877541075169e-10
2.472413369284810e-01,8.487638359770414e-10
2.474543291208730e-01,8.486400772999020e-10
2.476673213132650e-01,8.485164777135485e-10
2.478803135056570e-01,8.483930368554308e-10
2.480933056980490e-01,8.482697543629985e-10
2.483062978904400e-01,8.481466298737022e-10
2.485192900828320e-01,8.480236630341711e-10
2.487322822752240e-01,8.479008535277603e-10
2.489452744676160e-01,8.477782010470054e-10
2.491582666600080e-01,8.476557052844421e-10
2.493712588524000e-01,8.475333659326063e-10
2.495842510447920e-01,8.474111826840335e-10
2.497972432371830e-01,8.472891552312601e-10
2.500102354295750e-01,8.471672832668205e-10
2.502232276219670e-01,8.470455664832512e-10
2.504362198143590e-01,8.469240045730877e-10
2.506492120067510e-01,8.468025972245137e-10
2.508622041991430e-01,8.466813441083085e-10
2.510751963915350e-01,8.465602448909023e-10
2.512881885839270e-01,8.464392992387247e-10
2.515011807763180e-01,8.463185068182062e-10
2.517141729687100e-01,8.461978672957754e-10
2.519271651611020e-01,8.460773803378630e-10
2.521401573534940e-01,8.459570456108985e-10
2.523531495458860e-01,8.458368627813120e-10
2.525661417382780e-01,8.457168315155331e-10
2.527791339306700e-01,8.455969514875428e-10
2.529921261230620e-01,8.454772224015071e-10
2.532051183154530e-01,8.453576439691352e-10
2.534181105078450e-01,8.452382159021342e-10
2.536311027002370e-01,8.451189379122131e-10
2.538440948926290e-01,8.449998097110800e-10
2.540570870850210e-01,8.448808310104434e-10
2.542700792774130e-01,8.447620015220116e-10
2.544830714698050e-01,8.446433209574930e-10
2.546960636621960e-01,8.445247890285963e-10
2.549090558545880e-01,8.444064054416827e-10
2.551220480469800e-01,8.442881698817189e-10
2.553350402393720e-01,8.441700820283195e-10
2.555480324317640e-01,8.440521415610989e-10
2.557610246241560e-01,8.439343481596717e-10
2.559740168165480e-01,8.438167015036524e-10
2.561870090089400e-01,8.436992012726556e-10
2.564000012013310e-01,8.435818471462962e-10
2.566129933937230e-01,8.434646388041878e-10
2.568259855861150e-01,8.433475759259454e-10
2.570389777785070e-01,8.432306581935594e-10
2.572519699708990e-01,8.431138852985248e-10
2.574649621632910e-01,8.429972569347134e-10
2.576779543556830e-01,8.428807727959972e-10
2.578909465480740e-01,8.427644325762489e-10
2.581039387404660e-01,8.426482359693390e-10
2.583169309328580e-01,8.425321826691399e-10
2.585299231252500e-01,8.424162723695234e-10
2.587429153176420e-01,8.423005047643617e-10
2.589559075100340e-01,8.421848795475265e-10
2.591688997024260e-01,8.420693964209906e-10
2.593818918948180e-01,8.419540551191276e-10
2.595948840872090e-01,8.418388553844105e-10
2.598078762796010e-01,8.417237969593111e-10
2.600208684719930e-01,8.416088795863024e-10
2.602338606643850e-01,8.414941030078572e-10
2.604468528567770e-01,8.413794669664482e-10
2.606598450491690e-01,8.412649712045481e-10
2.608728372415610e-01,8.411506154646295e-10
2.610858294339530e-01,8.410363994891651e-10
2.612988216263440e-01,8.409223230109723e-10
2.615118138187360e-01,8.408083857242593e-10
2.617248060111280e-01,8.406945873135884e-10
2.619377982035200e-01,8.405809274635212e-10
2.621507903959120e-01,8.404674058586193e-10
2.623637825883040e-01,8.403540221834441e-10
2.625767747806960e-01,8.402407761225575e-10
2.627897669730870e-01,8.401276673605215e-10
2.630027591654790e-01,8.400146955818964e-10
2.632157513578710e-01,8.399018604712448e-10
2.634287435502630e-01,8.397891617197055e-10
2.636417357426550e-01,8.396765990447470e-10
2.638547279350470e-01,8.395641721704236e-10
2.640677201274390e-01,8.394518808207906e-10
2.642807123198310e-01,8.393397247199023e-10
2.644937045122220e-01,8.392277035918144e-10
2.647066967046140e-01,8.391158171605803e-10
2.649196888970060e-01,8.390040651502555e-10
2.651326810893980e-01,8.388924472848948e-10
2.653456732817900e-01,8.387809632885527e-10
2.655586654741820e-01,8.386696128863405e-10
2.657716576665740e-01,8.385583958075964e-10
2.659846498589660e-01,8.384473117827154e-10
2.661976420513570e-01,8.383363605420935e-10
2.664106342437490e-01,8.382255418161245e-10
2.666236264361410e-01,8.381148553352042e-10
2.668366186285330e-01,8.380043008297280e-10
2.670496108209250e-01,8.378938780300911e-10
2.672626030133170e-01,8.377835866666886e-10
2.674755952057090e-01,8.376734264699157e-10
2.676885873981000e-01,8.375633971776505e-10
2.679015795904920e-01,8.374534985577015e-10
2.681145717828840e-01,8.373437303853620e-10
2.683275639752760e-01,8.372340924359248e-10
2.685405561676680e-01,8.371245844846829e-10
2.687535483600600e-01,8.370152063069287e-10
2.689665405524520e-01,8.369059576779555e-10
2.691795327448440e-01,8.367968383730558e-10
2.693925249372350e-01,8.366878481675233e-10
2.696055171296270e-01,8.365789868366495e-10
2.698185093220190e-01,8.364702541302922e-10
2.700315015144110e-01,8.363616496965905e-10
2.702444937068030e-01,8.362531731582603e-10
2.704574858991950e-01,8.361448241380173e-10
2.706704780915870e-01,8.360366022585773e-10
2.708834702839780e-01,8.359285071426566e-10
2.710964624763700e-01,8.358205384129700e-10
2.713094546687620e-01,8.357126956922337e-10
2.715224468611540e-01,8.356049786031636e-10
2.717354390535460e-01,8.354973867684754e-10
2.719484312459380e-01,8.353899198816955e-10
2.721614234383300e-01,8.352825779194360e-10
2.723744156307220e-01,8.351753609290423e-10
2.725874078231130e-01,8.350682689578597e-10
2.728004000155050e-01,8.349613020532323e-10
2.730133922078970e-01,8.348544602625055e-10
2.732263844002890e-01,8.347477436330245e-10
2.734393765926810e-01,8.346411522121344e-10
2.736523687850730e-01,8.345346860471799e-10
2.738653609774650e-01,8.344283451855063e-10
2.740783531698570e-01,8.343221294515918e-10
2.742913453622480e-01,8.342160377779586e-10
2.745043375546400e-01,8.341100688740150e-10
2.747173297470320e-01,8.340042214491715e-10
2.749303219394240e-01,8.338984942128378e-10
2.751433141318160e-01,8.337928858744234e-10
2.753563063242080e-01,8.336873951433382e-10
2.755692985166000e-01,8.335820207289917e-10
2.757822907089910e-01,8.334767613407943e-10
2.759952829013830e-01,8.333716156881544e-10
2.762082750937750e-01,8.332665833054427e-10
2.764212672861670e-01,8.331616670276639e-10
2.766342594785590e-01,8.330568705151809e-10
2.768472516709510e-01,8.329521974283564e-10
2.770602438633430e-01,8.328476514275530e-10
2.772732360557350e-01,8.327432361731334e-10
2.774862282481260e-01,8.326389553254608e-10
2.776992204405180e-01,8.325348125448969e-10
2.779122126329100e-01,8.324308114918048e-10
2.781252048253020e-01,8.323269558265472e-10
2.783381970176940e-01,8.322232461150553e-10
2.785511892100860e-01,8.321196705463752e-10
