7.791356504680618e-06,7.926001898019543e-09
8.610780621332552e-06,7.786954345513804e-09
9.516384324626089e-06,7.650443902752409e-09
1.051723120080771e-05,7.516423021571396e-09
1.162333806181051e-05,7.384842956419757e-09
1.284577519687474e-05,7.255657331976303e-09
1.419677716772344e-05,7.128820050872739e-09
1.568986525616830e-05,7.004287931191405e-09
1.733998278964274e-05,6.882017632384416e-09
1.916364469904539e-05,6.761966336436771e-09
2.117910280571951e-05,6.644094649417176e-09
2.340652849181556e-05,6.528361827052072e-09
2.586821458226360e-05,6.414728497109955e-09
2.858879845885812e-05,6.303156943863620e-09
3.159550863945590e-05,6.193608880469924e-09
3.491843729013453e-05,6.086047099542139e-09
3.859084139770492e-05,5.980433593293572e-09
4.264947561681323e-05,5.876731892265616e-09
4.713496012287843e-05,5.774906617877723e-09
5.209218715246060e-05,5.674923171742551e-09
5.757077029985334e-05,5.576748236762161e-09
6.362554106661115e-05,5.480346831840274e-09
7.031709763364645e-05,5.385686859739182e-09
7.771241134819200e-05,5.292735675178518e-09
8.588549699555374e-05,5.201461652506794e-09
9.491815356395940e-05,5.111834041410069e-09
1.049007829163263e-04,5.023821382695913e-09
1.159332945624905e-04,4.937393796607832e-09
1.281261055871622e-04,4.852522840197375e-09
1.416012457412214e-04,4.769178043630100e-09
1.564935787564811e-04,4.687332165597303e-09
1.729521521072439e-04,4.606956764898409e-09
1.911416887275217e-04,4.528024542476090e-09
2.112442356135248e-04,4.450508395917753e-09
2.334609858111876e-04,4.374382237778568e-09
2.580142920237960e-04,4.299620484973044e-09
2.851498919925769e-04,4.226196633514686e-09
3.151393679226079e-04,4.154086421872370e-09
3.482828645688079e-04,4.083265044037947e-09
3.849120931855259e-04,4.013708444571931e-09
4.253936514042669e-04,3.945393090626314e-09
4.701326922660057e-04,3.878295419661845e-09
5.195769791289974e-04,3.812393592316600e-09
5.742213670349657e-04,3.747664643757558e-09
6.346127553846864e-04,3.684087153994892e-09
7.013555614910102e-04,3.621639371616063e-09
7.751177697904812e-04,3.560300725613112e-09
8.566376172560946e-04,3.500050088680994e-09
9.467309819210534e-04,3.440866675984409e-09
1.046299548460350e-03,3.382730978418546e-09
1.156339832554060e-03,3.325622661109442e-09
1.277953154351212e-03,3.269224242831600e-09
1.405748469786333e-03,3.216387929233327e-09
1.533543785221454e-03,3.169196775015826e-09
1.661339100656575e-03,3.126692111344803e-09
1.789134416091696e-03,3.087915269385963e-09
1.916929731526817e-03,3.052039661909864e-09
2.000000000000000e-03,3.030125903234488e-09
2.044725046961939e-03,3.018766207781084e-09
2.172520362397060e-03,2.987884379742475e-09
2.300315677832181e-03,2.959119113063594e-09
2.428110993267302e-03,2.932190119895607e-09
2.555906308702423e-03,2.906843581293495e-09
2.683701624137544e-03,2.882931553944229e-09
2.811496939572665e-03,2.860332563446963e-09
2.939292255007787e-03,2.838925135400849e-09
3.067087570442908e-03,2.818587795405041e-09
3.194882885878029e-03,2.799208795571150e-09
3.322678201313150e-03,2.780715294452936e-09
3.450473516748271e-03,2.763044177312783e-09
3.578268832183392e-03,2.746132329413076e-09
3.706064147618514e-03,2.729916636016196e-09
3.833859463053635e-03,2.714338392074241e-09
3.961654778488756e-03,2.699356531237033e-09
4.089450093923877e-03,2.684934396813551e-09
4.217245409358998e-03,2.671035332112768e-09
4.345040724794119e-03,2.657622680443661e-09
4.472836040229241e-03,2.644662058551241e-09
4.600631355664362e-03,2.632128176983417e-09
4.728426671099482e-03,2.619998019753510e-09
4.856221986534604e-03,2.608248570874840e-09
4.984017301969726e-03,2.596856814360727e-09
5.111812617404846e-03,2.585801010258350e-09
5.239607932839968e-03,2.575064522714136e-09
5.367403248275089e-03,2.564631991890281e-09
5.495198563710209e-03,2.554488057948980e-09
5.622993879145331e-03,2.544617361052428e-09
5.750789194580453e-03,2.535005317045935e-09
5.878584510015573e-03,2.525640444516075e-09
6.006379825450694e-03,2.516512037736937e-09
6.134175140885816e-03,2.507609390982610e-09
6.261970456320937e-03,2.498921798527186e-09
6.389765771756058e-03,2.490439046561039e-09
6.517561087191179e-03,2.482152888918621e-09
6.645356402626300e-03,2.474055571340131e-09
6.773151718061422e-03,2.466139339565766e-09
6.900947033496543e-03,2.458396439335726e-09
7.028742348931663e-03,2.450819445660145e-09
7.156537664366785e-03,2.443402250627874e-09
7.284332979801906e-03,2.436139075597179e-09
7.412128295237027e-03,2.429024141926329e-09
7.539923610672148e-03,2.422051670973591e-09
7.667718926107269e-03,2.415216110008001e-09
7.795514241542391e-03,2.408512809949924e-09
7.923309556977513e-03,2.401937347634623e-09
8.051104872412632e-03,2.395485299897358e-09
8.178900187847754e-03,2.389152243573392e-09
8.306695503282877e-03,2.382933918093709e-09
8.434490818717996e-03,2.376826713269307e-09
8.562286134153118e-03,2.370827181505472e-09
8.690081449588239e-03,2.364931875207491e-09
8.817876765023359e-03,2.359137346780648e-09
8.945672080458482e-03,2.353440268427293e-09
9.073467395893601e-03,2.347837791540674e-09
9.201262711328723e-03,2.342327187312421e-09
9.329058026763846e-03,2.336905726934168e-09
9.456853342198965e-03,2.331570681597546e-09
9.584648657634087e-03,2.326319397738691e-09
9.712443973069206e-03,2.321149522769341e-09
9.840239288504329e-03,2.316058779344528e-09
9.968034603939451e-03,2.311044890119286e-09
1.009582991937457e-02,2.306105577748648e-09
1.022362523480969e-02,2.301238667251046e-09
1.035142055024482e-02,2.296442393099283e-09
1.047921586567993e-02,2.291715092129951e-09
1.060701118111506e-02,2.287055101179639e-09
1.073480649655018e-02,2.282460757084939e-09
1.086260181198530e-02,2.277930396682440e-09
1.099039712742042e-02,2.273462356808734e-09
1.111819244285554e-02,2.269054974300412e-09
1.124598775829066e-02,2.264706585994062e-09
1.137378307372578e-02,2.260415528726277e-09
1.150157838916090e-02,2.256180226821411e-09
1.162937370459603e-02,2.251999454529629e-09
1.175716902003114e-02,2.247872073576236e-09
1.188496433546627e-02,2.243796945686536e-09
1.201275965090139e-02,2.239772932585834e-09
1.214055496633651e-02,2.235798895999434e-09
1.226835028177163e-02,2.231873697652641e-09
1.239614559720675e-02,2.227996199270760e-09
1.252394091264187e-02,2.224165262579095e-09
1.265173622807700e-02,2.220379749302951e-09
1.277953154351211e-02,2.216638572002622e-09
1.290732685894724e-02,2.212940846596364e-09
1.303512217438236e-02,2.209285739846428e-09
1.316291748981748e-02,2.205672418515062e-09
1.329071280525260e-02,2.202100049364516e-09
1.341850812068772e-02,2.198567799157039e-09
1.354630343612284e-02,2.195074834654881e-09
1.367409875155796e-02,2.191620322620290e-09
1.380189406699308e-02,2.188203429815517e-09
1.392968938242821e-02,2.184823323002811e-09
1.405748469786333e-02,2.181479204052702e-09
1.418528001329845e-02,2.178170415270884e-09
1.431307532873357e-02,2.174896334072350e-09
1.444087064416869e-02,2.171656337872090e-09
1.456866595960381e-02,2.168449804085101e-09
1.469646127503893e-02,2.165276110126372e-09
1.482425659047405e-02,2.162134633410897e-09
1.495205190590917e-02,2.159024751353669e-09
1.507984722134430e-02,2.155945841369680e-09
1.520764253677942e-02,2.152897280873923e-09
1.533543785221454e-02,2.149878471700469e-09
1.546323316764966e-02,2.146888913353884e-09
1.559102848308478e-02,2.143928129754904e-09
1.571882379851990e-02,2.140995644824268e-09
1.584661911395502e-02,2.138090982482710e-09
1.597441442939014e-02,2.135213666650968e-09
1.610220974482527e-02,2.132363221249778e-09
1.623000506026039e-02,2.129539170199877e-09
1.635780037569551e-02,2.126741037422002e-09
1.648559569113063e-02,2.123968346836889e-09
1.661339100656575e-02,2.121220639567618e-09
1.674118632200087e-02,2.118497525553606e-09
1.686898163743599e-02,2.115798631940091e-09
1.699677695287111e-02,2.113123585872315e-09
1.712457226830624e-02,2.110472014495517e-09
1.725236758374135e-02,2.107843544954936e-09
1.738016289917648e-02,2.105237804395814e-09
1.750795821461160e-02,2.102654419963390e-09
1.763575353004672e-02,2.100093018802904e-09
1.776354884548184e-02,2.097553228059595e-09
1.789134416091696e-02,2.095034687489236e-09
1.801913947635208e-02,2.092537087291087e-09
1.814693479178720e-02,2.090060130275626e-09
1.827473010722232e-02,2.087603519253330e-09
1.840252542265745e-02,2.085166957034675e-09
1.853032073809257e-02,2.082750146430138e-09
1.865811605352769e-02,2.080352790250196e-09
1.878591136896281e-02,2.077974591305326e-09
1.891370668439793e-02,2.075615252406005e-09
1.904150199983305e-02,2.073274476362709e-09
1.916929731526817e-02,2.070951975533987e-09
1.929709263070329e-02,2.068647500468887e-09
1.942488794613842e-02,2.066360811263629e-09
1.955268326157353e-02,2.064091668014438e-09
1.968047857700866e-02,2.061839830817535e-09
1.980827389244378e-02,2.059605059769142e-09
1.993606920787890e-02,2.057387114965482e-09
2.006386452331402e-02,2.055185756502778e-09
2.019165983874914e-02,2.053000744477251e-09
2.031945515418426e-02,2.050831838985125e-09
2.044725046961939e-02,2.048678807365659e-09
2.057504578505450e-02,2.046541445933563e-09
2.070284110048963e-02,2.044419558248234e-09
2.083063641592475e-02,2.042312947869068e-09
2.095843173135987e-02,2.040221418355460e-09
2.108622704679499e-02,2.038144773266807e-09
2.121402236223011e-02,2.036082816162504e-09
2.134181767766523e-02,2.034035350601949e-09
2.146961299310035e-02,2.032002180144536e-09
2.159740830853547e-02,2.029983108349661e-09
2.172520362397060e-02,2.027977944400687e-09
2.185299893940572e-02,2.025986519977727e-09
2.198079425484084e-02,2.024008672385307e-09
2.210858957027596e-02,2.022044238927954e-09
2.223638488571108e-02,2.020093056910194e-09
2.236418020114620e-02,2.018154963636554e-09
2.249197551658132e-02,2.016229796411558e-09
2.261977083201644e-02,2.014317392539734e-09
2.274756614745157e-02,2.012417589325608e-09
2.287536146288669e-02,2.010530224073706e-09
2.300315677832181e-02,2.008655138376779e-09
2.313095209375693e-02,2.006792190979887e-09
2.325874740919205e-02,2.004941244916023e-09
2.338654272462717e-02,2.003102163218175e-09
2.351433804006229e-02,2.001274808919338e-09
2.364213335549741e-02,1.999459045052500e-09
2.376992867093253e-02,1.997654734650653e-09
2.389772398636766e-02,1.995861740746789e-09
2.402551930180278e-02,1.994079926373898e-09
2.415331461723790e-02,1.992309154564971e-09
2.428110993267302e-02,1.990549292043261e-09
2.440890524810814e-02,1.988800220291461e-09
2.453670056354326e-02,1.987061824481728e-09
2.466449587897838e-02,1.985333989786215e-09
2.479229119441350e-02,1.983616601377080e-09
2.492008650984863e-02,1.981909544426476e-09
2.504788182528375e-02,1.980212704106559e-09
2.517567714071887e-02,1.978525965589485e-09
2.530347245615399e-02,1.976849214047409e-09
2.543126777158911e-02,1.975182334652485e-09
2.555906308702423e-02,1.973525215150993e-09
2.568685840245935e-02,1.971877753586242e-09
2.581465371789447e-02,1.970239850575930e-09
2.594244903332960e-02,1.968611406737760e-09
2.607024434876471e-02,1.966992322689433e-09
2.619803966419984e-02,1.965382499048648e-09
2.632583497963496e-02,1.963781836433108e-09
2.645363029507008e-02,1.962190235460513e-09
2.658142561050520e-02,1.960607596748563e-09
2.670922092594032e-02,1.959033820914960e-09
2.683701624137544e-02,1.957468811258112e-09
2.696481155681056e-02,1.955912481799026e-09
2.709260687224568e-02,1.954364749239301e-09
2.722040218768081e-02,1.952825530280536e-09
2.734819750311593e-02,1.951294741624328e-09
2.747599281855105e-02,1.949772299972277e-09
2.760378813398617e-02,1.948258122025980e-09
2.773158344942129e-02,1.946752124487037e-09
2.785937876485641e-02,1.945254224057045e-09
2.798717408029153e-02,1.943764337437604e-09
2.811496939572665e-02,1.942282382837810e-09
2.824276471116178e-02,1.940808284496172e-09
2.837056002659689e-02,1.939341968158411e-09
2.849835534203202e-02,1.937883359570247e-09
2.862615065746714e-02,1.936432384477399e-09
2.875394597290226e-02,1.934988968625586e-09
2.888174128833738e-02,1.933553037760529e-09
2.900953660377250e-02,1.932124517627946e-09
2.913733191920762e-02,1.930703333973558e-09
2.926512723464274e-02,1.929289412543083e-09
2.939292255007787e-02,1.927882680950892e-09
2.952071786551299e-02,1.926483074286433e-09
2.964851318094811e-02,1.925090529508047e-09
2.977630849638323e-02,1.923704983574078e-09
2.990410381181835e-02,1.922326373442866e-09
3.003189912725347e-02,1.920954636072753e-09
3.015969444268859e-02,1.919589708422080e-09
3.028748975812371e-02,1.918231527449189e-09
3.041528507355883e-02,1.916880030112421e-09
3.054308038899396e-02,1.915535153370119e-09
3.067087570442908e-02,1.914196835389987e-09
3.079867101986420e-02,1.912865019177147e-09
3.092646633529932e-02,1.911539648946060e-09
3.105426165073444e-02,1.910220668911188e-09
3.118205696616956e-02,1.908908023286995e-09
3.130985228160468e-02,1.907601656287940e-09
3.143764759703981e-02,1.906301512128489e-09
3.156544291247493e-02,1.905007535023102e-09
3.169323822791005e-02,1.903719669186243e-09
3.182103354334517e-02,1.902437858832372e-09
3.194882885878029e-02,1.901162049217405e-09
3.207662417421541e-02,1.899892189762717e-09
3.220441948965053e-02,1.898628230930964e-09
3.233221480508566e-02,1.897370123184799e-09
3.246001012052077e-02,1.896117816986878e-09
3.258780543595589e-02,1.894871262799855e-09
3.271560075139102e-02,1.893630411086384e-09
3.284339606682614e-02,1.892395212309122e-09
3.297119138226126e-02,1.891165616930722e-09
3.309898669769638e-02,1.889941575413838e-09
3.322678201313150e-02,1.888723039334613e-09
3.335457732856662e-02,1.887509964723481e-09
3.348237264400174e-02,1.886302308724537e-09
3.361016795943687e-02,1.885100028481874e-09
3.373796327487198e-02,1.883903081139586e-09
3.386575859030710e-02,1.882711423841767e-09
3.399355390574223e-02,1.881525013732512e-09
3.412134922117735e-02,1.880343807955914e-09
3.424914453661247e-02,1.879167763656068e-09
3.437693985204759e-02,1.877996837977068e-09
3.450473516748271e-02,1.876830988606032e-09
3.463253048291783e-02,1.875670175402178e-09
3.476032579835295e-02,1.874514358767754e-09
3.488812111378808e-02,1.873363499105008e-09
3.501591642922319e-02,1.872217556816185e-09
3.514371174465832e-02,1.871076492303534e-09
3.527150706009344e-02,1.869940265969300e-09
3.539930237552856e-02,1.868808838215732e-09
3.552709769096368e-02,1.867682169445076e-09
3.565489300639881e-02,1.866560220059578e-09
3.578268832183392e-02,1.865442951543616e-09
3.591048363726904e-02,1.864330329709780e-09
3.603827895270417e-02,1.863222321452637e-09
3.616607426813929e-02,1.862118893666752e-09
3.629386958357441e-02,1.861020013246695e-09
3.642166489900953e-02,1.859925647087030e-09
3.654946021444465e-02,1.858835762082326e-09
3.667725552987977e-02,1.857750325127149e-09
3.680505084531489e-02,1.856669303116067e-09
3.693284616075002e-02,1.855592662943645e-09
3.706064147618514e-02,1.854520371642549e-09
3.718843679162025e-02,1.853452396797887e-09
3.731623210705538e-02,1.852388706132886e-09
3.744402742249050e-02,1.851329267370779e-09
3.757182273792562e-02,1.850274048234793e-09
3.769961805336074e-02,1.849223016448160e-09
3.782741336879586e-02,1.848176139734108e-09
3.795520868423098e-02,1.847133385815868e-09
3.808300399966610e-02,1.846094722416669e-09
3.821079931510123e-02,1.845060117259742e-09
3.833859463053635e-02,1.844029539010532e-09
3.846638994597146e-02,1.843002960103413e-09
3.859418526140659e-02,1.841980353915004e-09
3.872198057684171e-02,1.840961693821926e-09
3.884977589227683e-02,1.839946953200799e-09
3.897757120771195e-02,1.838936105428242e-09
3.910536652314707e-02,1.837929123880876e-09
3.923316183858219e-02,1.836925981935321e-09
3.936095715401731e-02,1.835926652968196e-09
3.948875246945244e-02,1.834931110356123e-09
3.961654778488756e-02,1.833939327580649e-09
3.974434310032268e-02,1.832951278543018e-09
3.987213841575780e-02,1.831966937249390e-09
3.999993373119292e-02,1.830986277705925e-09
4.012772904662804e-02,1.830009273918782e-09
4.025552436206317e-02,1.829035899894122e-09
4.038331967749829e-02,1.828066129638105e-09
4.051111499293340e-02,1.827099937156890e-09
4.063891030836853e-02,1.826137296456638e-09
4.076670562380365e-02,1.825178181543509e-09
4.089450093923877e-02,1.824222567066279e-09
4.102229625467389e-02,1.823270430244464e-09
4.115009157010902e-02,1.822321748940326e-09
4.127788688554413e-02,1.821376501016129e-09
4.140568220097925e-02,1.820434664334138e-09
4.153347751641438e-02,1.819496216756614e-09
4.166127283184950e-02,1.818561136145823e-09
4.178906814728462e-02,1.817629400364027e-09
4.191686346271974e-02,1.816700987273491e-09
4.204465877815486e-02,1.815775874736477e-09
4.217245409358998e-02,1.814854040911608e-09
4.230024940902510e-02,1.813935465142973e-09
4.242804472446023e-02,1.813020127071034e-09
4.255584003989534e-02,1.812108006336258e-09
4.268363535533046e-02,1.811199082579108e-09
4.281143067076559e-02,1.810293335440047e-09
4.293922598620071e-02,1.809390744559541e-09
4.306702130163583e-02,1.808491289578052e-09
4.319481661707095e-02,1.807594950136046e-09
4.332261193250607e-02,1.806701705873986e-09
4.345040724794119e-02,1.805811536510523e-09
4.357820256337631e-02,1.804924422077037e-09
4.370599787881144e-02,1.804040342683090e-09
4.383379319424656e-02,1.803159278438242e-09
4.396158850968167e-02,1.802281209452054e-09
4.408938382511680e-02,1.801406115834085e-09
4.421717914055192e-02,1.800533977693896e-09
4.434497445598704e-02,1.799664775141049e-09
4.447276977142216e-02,1.798798488285103e-09
4.460056508685728e-02,1.797935097235619e-09
4.472836040229240e-02,1.797074582794793e-09
4.485615571772752e-02,1.796216928535685e-09
4.498395103316265e-02,1.795362118724148e-09
4.511174634859777e-02,1.794510137626038e-09
4.523954166403289e-02,1.793660969507210e-09
4.536733697946801e-02,1.792814598633518e-09
4.549513229490313e-02,1.791971009270817e-09
4.562292761033825e-02,1.791130185684961e-09
4.575072292577338e-02,1.790292112141806e-09
4.587851824120850e-02,1.789456772907206e-09
4.600631355664361e-02,1.788624152085964e-09
4.613410887207874e-02,1.787794233138651e-09
4.626190418751386e-02,1.786966999364771e-09
4.638969950294898e-02,1.786142434063829e-09
4.651749481838410e-02,1.785320520535331e-09
4.664529013381922e-02,1.784501242078781e-09
4.677308544925434e-02,1.783684581993685e-09
4.690088076468946e-02,1.782870523579549e-09
4.702867608012459e-02,1.782059050135876e-09
4.715647139555971e-02,1.781250144962172e-09
4.728426671099482e-02,1.780443791794776e-09
4.741206202642995e-02,1.779639976117307e-09
4.753985734186507e-02,1.778838683850189e-09
4.766765265730019e-02,1.778039900913845e-09
4.779544797273531e-02,1.777243613228699e-09
4.792324328817044e-02,1.776449806715175e-09
4.805103860360555e-02,1.775658467293697e-09
4.817883391904067e-02,1.774869580884688e-09
4.830662923447580e-02,1.774083133408573e-09
4.843442454991092e-02,1.773299110785775e-09
4.856221986534604e-02,1.772517499046845e-09
4.869001518078116e-02,1.771738284662799e-09
4.881781049621628e-02,1.770961454214755e-09
4.894560581165140e-02,1.770186994283830e-09
4.907340112708652e-02,1.769414891451145e-09
4.920119644252165e-02,1.768645132297817e-09
4.932899175795677e-02,1.767877703404965e-09
4.945678707339188e-02,1.767112591353708e-09
4.958458238882701e-02,1.766349782725164e-09
4.971237770426213e-02,1.765589264100452e-09
4.984017301969725e-02,1.764831023157012e-09
4.996796833513237e-02,1.764075051957804e-09
5.000000000000000e-02,1.763885924089959e-09
5.009576365056749e-02,1.763321343136799e-09
5.022355896600261e-02,1.762569884744865e-09
5.035135428143774e-02,1.761820662468857e-09
5.047914959687286e-02,1.761073661975965e-09
5.060694491230798e-02,1.760328868933382e-09
5.073474022774310e-02,1.759586269008298e-09
5.086253554317822e-02,1.758845847867906e-09
5.099033085861334e-02,1.758107591179395e-09
5.111812617404846e-02,1.757371485283515e-09
5.124592148948359e-02,1.756637519215182e-09
5.137371680491870e-02,1.755905682682842e-09
5.150151212035382e-02,1.755175965394942e-09
5.162930743578895e-02,1.754448357059927e-09
5.175710275122407e-02,1.753722847386245e-09
5.188489806665919e-02,1.752999426082342e-09
5.201269338209431e-02,1.752278082856663e-09
5.214048869752943e-02,1.751558807417655e-09
5.226828401296455e-02,1.750841589473764e-09
5.239607932839967e-02,1.750126418612835e-09
5.252387464383480e-02,1.749413283940350e-09
5.265166995926992e-02,1.748702174441213e-09
5.277946527470503e-02,1.747993079100326e-09
5.290726059014016e-02,1.747285986902593e-09
5.303505590557528e-02,1.746580886832918e-09
5.316285122101040e-02,1.745877767876202e-09
5.329064653644552e-02,1.745176619017351e-09
5.341844185188065e-02,1.744477429241268e-09
5.354623716731576e-02,1.743780187532854e-09
5.367403248275088e-02,1.743084883156305e-09
5.380182779818601e-02,1.742391506493049e-09
5.392962311362113e-02,1.741700048203844e-09
5.405741842905625e-02,1.741010498949446e-09
5.418521374449137e-02,1.740322849390612e-09
5.431300905992649e-02,1.739637090188100e-09
5.444080437536161e-02,1.738953212002665e-09
5.456859969079673e-02,1.738271205495065e-09
5.469639500623186e-02,1.737591061326056e-09
5.482419032166697e-02,1.736912770156396e-09
5.495198563710210e-02,1.736236322676302e-09
5.507978095253722e-02,1.735561709693836e-09
5.520757626797234e-02,1.734888922046518e-09
5.533537158340746e-02,1.734217950571870e-09
5.546316689884258e-02,1.733548786107414e-09
5.559096221427770e-02,1.732881419490671e-09
5.571875752971282e-02,1.732215841559162e-09
5.584655284514795e-02,1.731552043150409e-09
5.597434816058307e-02,1.730890015101933e-09
5.610214347601819e-02,1.730229748251256e-09
5.622993879145331e-02,1.729571233571943e-09
5.635773410688843e-02,1.728914462581695e-09
5.648552942232355e-02,1.728259426934233e-09
5.661332473775867e-02,1.727606118283280e-09
5.674112005319380e-02,1.726954528282557e-09
5.686891536862891e-02,1.726304648585788e-09
5.699671068406403e-02,1.725656470846693e-09
5.712450599949916e-02,1.725009986718995e-09
5.725230131493428e-02,1.724365187856417e-09
5.738009663036940e-02,1.723722065912679e-09
5.750789194580452e-02,1.723080612670167e-09
5.763568726123964e-02,1.722440820425951e-09
5.776348257667476e-02,1.721802681605783e-09
5.789127789210988e-02,1.721166188635418e-09
5.801907320754501e-02,1.720531333940608e-09
5.814686852298013e-02,1.719898109947106e-09
5.827466383841524e-02,1.719266509080666e-09
5.840245915385037e-02,1.718636523767040e-09
5.853025446928549e-02,1.718008146431981e-09
5.865804978472061e-02,1.717381369501243e-09
5.878584510015573e-02,1.716756185403954e-09
5.891364041559085e-02,1.716132586582746e-09
5.904143573102597e-02,1.715510565483628e-09
5.916923104646109e-02,1.714890114552607e-09
5.929702636189622e-02,1.714271226235691e-09
5.942482167733134e-02,1.713653892978887e-09
5.955261699276646e-02,1.713038107228205e-09
5.968041230820158e-02,1.712423861429651e-09
5.980820762363670e-02,1.711811148029234e-09
5.993600293907182e-02,1.711199959472961e-09
6.006379825450694e-02,1.710590288405760e-09
6.019159356994207e-02,1.709982128268183e-09
6.031938888537718e-02,1.709375472699672e-09
6.044718420081231e-02,1.708770315339672e-09
6.057497951624743e-02,1.708166649827625e-09
6.070277483168255e-02,1.707564469802976e-09
6.083057014711767e-02,1.706963768905167e-09
6.095836546255279e-02,1.706364540773642e-09
6.108616077798791e-02,1.705766779047846e-09
6.121395609342303e-02,1.705170477367220e-09
6.134175140885816e-02,1.704575629251636e-09
6.146954672429328e-02,1.703982227742630e-09
6.159734203972840e-02,1.703390265762142e-09
6.172513735516352e-02,1.702799736232113e-09
6.185293267059864e-02,1.702210632074485e-09
6.198072798603376e-02,1.701622946211198e-09
6.210852330146888e-02,1.701036671564193e-09
6.223631861690401e-02,1.700451801055410e-09
6.236411393233912e-02,1.699868327606792e-09
6.249190924777424e-02,1.699286244140279e-09
6.261970456320937e-02,1.698705543877428e-09
6.274749987864449e-02,1.698126221238292e-09
6.287529519407961e-02,1.697548270942547e-09
6.300309050951473e-02,1.696971687709872e-09
6.313088582494986e-02,1.696396466259946e-09
6.325868114038498e-02,1.695822601312447e-09
6.338647645582010e-02,1.695250087587053e-09
6.351427177125522e-02,1.694678919803444e-09
6.364206708669033e-02,1.694109092681297e-09
6.376986240212545e-02,1.693540600940290e-09
6.389765771756058e-02,1.692973439203039e-09
6.402545303299570e-02,1.692407601703933e-09
6.415324834843082e-02,1.691843082580304e-09
6.428104366386594e-02,1.691279875969489e-09
6.440883897930107e-02,1.690717976008824e-09
6.453663429473619e-02,1.690157376835642e-09
6.466442961017131e-02,1.689598072587280e-09
6.479222492560642e-02,1.689040057401072e-09
6.492002024104154e-02,1.688483325414355e-09
6.504781555647667e-02,1.687927870764462e-09
6.517561087191179e-02,1.687373687681055e-09
6.530340618734691e-02,1.686820770763138e-09
6.543120150278203e-02,1.686269114702059e-09
6.555899681821716e-02,1.685718714189166e-09
6.568679213365228e-02,1.685169563915808e-09
6.581458744908740e-02,1.684621658573332e-09
6.594238276452252e-02,1.684074992853088e-09
6.607017807995763e-02,1.683529561446424e-09
6.619797339539275e-02,1.682985359044688e-09
6.632576871082788e-02,1.682442380339229e-09
6.645356402626300e-02,1.681900620111928e-09
6.658135934169812e-02,1.681360073506816e-09
6.670915465713324e-02,1.680820735758462e-09
6.683694997256837e-02,1.680282602101433e-09
6.696474528800349e-02,1.679745667770300e-09
6.709254060343861e-02,1.679209927999631e-09
6.722033591887373e-02,1.678675378023995e-09
6.734813123430886e-02,1.678142013077961e-09
6.747592654974396e-02,1.677609828396098e-09
6.760372186517909e-02,1.677078819212975e-09
6.773151718061421e-02,1.676548980733490e-09
6.785931249604933e-02,1.676020308043861e-09
6.798710781148445e-02,1.675492796200642e-09
6.811490312691958e-02,1.674966440260381e-09
6.824269844235470e-02,1.674441235279631e-09
6.837049375778982e-02,1.673917176314943e-09
6.849828907322494e-02,1.673394258422868e-09
6.862608438866007e-02,1.672872476659956e-09
6.875387970409517e-02,1.672351826082759e-09
6.888167501953030e-02,1.671832301747827e-09
6.900947033496542e-02,1.671313898853943e-09
6.913726565040054e-02,1.670796613168871e-09
6.926506096583566e-02,1.670280440602642e-09
6.939285628127079e-02,1.669765377065283e-09
6.952065159670591e-02,1.669251418466825e-09
6.964844691214103e-02,1.668738560717297e-09
6.977624222757615e-02,1.668226799726727e-09
6.990403754301128e-02,1.667716131405144e-09
7.003183285844640e-02,1.667206551662579e-09
7.015962817388151e-02,1.666698056409059e-09
7.028742348931663e-02,1.666190641524950e-09
7.041521880475175e-02,1.665684302771955e-09
7.054301412018688e-02,1.665179035882108e-09
7.067080943562200e-02,1.664674836587445e-09
7.079860475105712e-02,1.664171700620002e-09
7.092640006649224e-02,1.663669623711813e-09
7.105419538192737e-02,1.663168601594916e-09
7.118199069736249e-02,1.662668630001344e-09
7.130978601279761e-02,1.662169704663134e-09
7.152277820518949e-02,1.661340475852695e-09
7.173577039758135e-02,1.660514121995877e-09
7.194876258997322e-02,1.659690624850007e-09
7.216175478236508e-02,1.658869966475711e-09
7.237474697475696e-02,1.658052128933612e-09
7.258773916714882e-02,1.657237094284334e-09
7.280073135954070e-02,1.656424844588500e-09
7.301372355193256e-02,1.655615361906736e-09
7.322671574432443e-02,1.654808628299663e-09
7.343970793671629e-02,1.654004625827907e-09
7.365270012910817e-02,1.653203336552090e-09
7.386569232150003e-02,1.652404742872930e-09
7.407868451389191e-02,1.651608828551511e-09
7.429167670628377e-02,1.650815577689008e-09
7.450466889867564e-02,1.650024974386597e-09
7.471766109106751e-02,1.649237002745453e-09
7.493065328345938e-02,1.648451646866753e-09
7.514364547585124e-02,1.647668890851671e-09
7.535663766824312e-02,1.646888718801384e-09
7.556962986063498e-02,1.646111114817066e-09
7.578262205302685e-02,1.645336062999894e-09
7.599561424541872e-02,1.644563547620688e-09
7.620860643781059e-02,1.643793553628828e-09
7.642159863020245e-02,1.643026066143331e-09
7.663459082259433e-02,1.642261070283211e-09
7.684758301498619e-02,1.641498551167485e-09
7.706057520737807e-02,1.640738493915168e-09
7.727356739976993e-02,1.639980883645276e-09
7.748655959216180e-02,1.639225705476823e-09
7.769955178455366e-02,1.638472944528827e-09
7.791254397694554e-02,1.637722585920302e-09
7.812553616933740e-02,1.636974614985686e-09
7.833852836172928e-02,1.636229017921054e-09
7.855152055412114e-02,1.635485781137880e-09
7.876451274651301e-02,1.634744891047636e-09
7.897750493890487e-02,1.634006334061797e-09
7.919049713129675e-02,1.633270096591834e-09
7.940348932368861e-02,1.632536165049222e-09
7.961648151608049e-02,1.631804525845433e-09
7.982947370847235e-02,1.631075165391941e-09
8.004246590086422e-02,1.630348070100218e-09
8.025545809325609e-02,1.629623226617609e-09
8.046845028564796e-02,1.628900622534996e-09
8.068144247803982e-02,1.628180245679159e-09
8.089443467043170e-02,1.627462083876878e-09
8.110742686282357e-02,1.626746124954933e-09
8.132041905521543e-02,1.626032356740104e-09
8.153341124760730e-02,1.625320767059171e-09
8.174640343999917e-02,1.624611343738914e-09
8.195939563239105e-02,1.623904074606115e-09
8.217238782478291e-02,1.623198947487551e-09
8.238538001717477e-02,1.622495950254577e-09
8.259837220956665e-02,1.621795070956837e-09
8.281136440195852e-02,1.621096297688552e-09
8.302435659435038e-02,1.620399618543942e-09
8.323734878674224e-02,1.619705021617229e-09
8.345034097913412e-02,1.619012495002633e-09
8.366333317152599e-02,1.618322026794373e-09
8.387632536391786e-02,1.617633605086672e-09
8.408931755630973e-02,1.616947217973749e-09
8.430230974870159e-02,1.616262853549825e-09
8.451530194109347e-02,1.615580500141948e-09
8.472829413348533e-02,1.614900147008487e-09
8.494128632587720e-02,1.614221783640637e-09
8.515427851826907e-02,1.613545399529595e-09
8.536727071066094e-02,1.612870984166559e-09
8.558026290305280e-02,1.612198527042725e-09
8.579325509544468e-02,1.611528017649289e-09
8.600624728783654e-02,1.610859445477450e-09
8.621923948022842e-02,1.610192800018403e-09
8.643223167262028e-02,1.609528070763345e-09
8.664522386501215e-02,1.608865247386928e-09
8.685821605740401e-02,1.608204320297599e-09
8.707120824979589e-02,1.607545280087251e-09
8.728420044218775e-02,1.606888117347776e-09
8.749719263457963e-02,1.606232822671069e-09
8.771018482697149e-02,1.605579386649021e-09
8.792317701936336e-02,1.604927799873525e-09
8.813616921175522e-02,1.604278052936476e-09
8.834916140414710e-02,1.603630136429765e-09
8.856215359653896e-02,1.602984040945285e-09
8.877514578893084e-02,1.602339757008383e-09
8.898813798132270e-02,1.601697274878234e-09
8.920113017371457e-02,1.601056584747473e-09
8.941412236610644e-02,1.600417676808735e-09
8.962711455849831e-02,1.599780541254654e-09
8.984010675089017e-02,1.599145168277866e-09
9.005309894328205e-02,1.598511548071007e-09
9.026609113567391e-02,1.597879670826710e-09
9.047908332806578e-02,1.597249526737611e-09
9.069207552045766e-02,1.596621105996345e-09
9.090506771284952e-02,1.595994399148503e-09
9.111805990524138e-02,1.595369398151581e-09
9.133105209763326e-02,1.594746095316078e-09
9.154404429002513e-02,1.594124482952492e-09
9.175703648241700e-02,1.593504553371319e-09
9.197002867480886e-02,1.592886298883058e-09
9.218302086720073e-02,1.592269711798206e-09
9.239601305959261e-02,1.591654784427260e-09
9.260900525198447e-02,1.591041509080719e-09
9.282199744437633e-02,1.590429878069079e-09
9.303498963676821e-02,1.589819883583032e-09
9.324798182916008e-02,1.589211517334019e-09
9.346097402155194e-02,1.588604770913668e-09
9.367396621394380e-02,1.587999635913605e-09
9.388695840633568e-02,1.587396103925457e-09
9.409995059872756e-02,1.586794166540852e-09
9.431294279111942e-02,1.586193815351415e-09
9.452593498351128e-02,1.585595041948774e-09
9.473892717590315e-02,1.584997837924556e-09
9.495191936829503e-02,1.584402194870386e-09
9.516491156068689e-02,1.583808104899941e-09
9.537790375307875e-02,1.583215562215104e-09
9.559089594547063e-02,1.582624561539819e-09
9.580388813786250e-02,1.582035097598026e-09
9.601688033025436e-02,1.581447165113668e-09
9.622987252264624e-02,1.580860758810688e-09
9.644286471503810e-02,1.580275873413026e-09
9.665585690742998e-02,1.579692503644625e-09
9.686884909982184e-02,1.579110644229428e-09
9.708184129221371e-02,1.578530289891376e-09
9.729483348460558e-02,1.577951433487708e-09
9.750782567699745e-02,1.577374060408990e-09
9.772081786938931e-02,1.576798154179151e-09
9.793381006178119e-02,1.576223698322122e-09
9.814680225417305e-02,1.575650676361832e-09
9.835979444656492e-02,1.575079071822212e-09
9.857278663895679e-02,1.574508868227192e-09
9.878577883134866e-02,1.573940049100702e-09
9.899877102374052e-02,1.573372597966672e-09
9.921176321613240e-02,1.572806498349032e-09
9.942475540852426e-02,1.572241741565560e-09
9.963774760091614e-02,1.571678350108011e-09
9.985073979330800e-02,1.571116354261284e-09
1.000637319857000e-01,1.570555784310275e-09
1.002767241780920e-01,1.569996670539882e-09
1.004897163704840e-01,1.569439043235002e-09
1.007027085628750e-01,1.568882932680536e-09
1.009157007552670e-01,1.568328369161376e-09
1.011286929476590e-01,1.567775382962421e-09
1.013416851400510e-01,1.567224004368570e-09
1.015546773324430e-01,1.566674235205224e-09
1.017676695248350e-01,1.566125963435970e-09
1.019806617172270e-01,1.565579048552985e-09
1.021936539096190e-01,1.565033350048446e-09
1.024066461020100e-01,1.564488727414532e-09
1.026196382944020e-01,1.563945040143413e-09
1.028326304867940e-01,1.563402147727268e-09
1.030456226791860e-01,1.562859909658275e-09
1.032586148715780e-01,1.562318185428609e-09
1.034716070639700e-01,1.561776834530446e-09
1.036845992563620e-01,1.561235773752211e-09
1.038975914487540e-01,1.560695149044516e-09
1.041105836411450e-01,1.560155163642826e-09
1.043235758335370e-01,1.559616020782595e-09
1.045365680259290e-01,1.559077923699285e-09
1.047495602183210e-01,1.558541075628359e-09
1.049625524107130e-01,1.558005679805276e-09
1.051755446031050e-01,1.557471939465497e-09
1.053885367954970e-01,1.556940057844481e-09
1.056015289878880e-01,1.556410238177693e-09
1.058145211802800e-01,1.555882627094320e-09
1.060275133726720e-01,1.555357144890915e-09
1.062405055650640e-01,1.554833655303966e-09
1.064534977574560e-01,1.554312022069964e-09
1.066664899498480e-01,1.553792108925394e-09
1.068794821422400e-01,1.553273779606747e-09
1.070924743346320e-01,1.552756897850511e-09
1.073054665270230e-01,1.552241327393176e-09
1.075184587194150e-01,1.551726931971226e-09
1.077314509118070e-01,1.551213575321152e-09
1.079444431041990e-01,1.550701149039045e-09
1.081574352965910e-01,1.550189656236478e-09
1.083704274889830e-01,1.549679127923178e-09
1.085834196813750e-01,1.549169595108873e-09
1.087964118737660e-01,1.548661088803291e-09
1.090094040661580e-01,1.548153640016156e-09
1.092223962585500e-01,1.547647279757197e-09
1.094353884509420e-01,1.547142039036140e-09
1.096483806433340e-01,1.546637948862714e-09
1.098613728357260e-01,1.546135040246645e-09
1.100743650281180e-01,1.545633336553880e-09
1.102873572205100e-01,1.545132830563550e-09
1.105003494129010e-01,1.544633507405154e-09
1.107133416052930e-01,1.544135352208186e-09
1.109263337976850e-01,1.543638350102146e-09
1.111393259900770e-01,1.543142486216534e-09
1.113523181824690e-01,1.542647745680846e-09
1.115653103748610e-01,1.542154113624581e-09
1.117783025672530e-01,1.541661575177238e-09
1.119912947596450e-01,1.541170115468315e-09
1.122042869520360e-01,1.540679721869476e-09
1.124172791444280e-01,1.540190390721702e-09
1.126302713368200e-01,1.539702120608475e-09
1.128432635292120e-01,1.539214910113275e-09
1.130562557216040e-01,1.538728757819583e-09
1.132692479139960e-01,1.538243662310877e-09
1.134822401063880e-01,1.537759622170639e-09
1.136952322987790e-01,1.537276635982351e-09
1.139082244911710e-01,1.536794702329488e-09
1.141212166835630e-01,1.536313819795532e-09
1.143342088759550e-01,1.535833986416187e-09
1.145472010683470e-01,1.535355198036565e-09
1.147601932607390e-01,1.534877449954258e-09
1.149731854531310e-01,1.534400737466858e-09
1.151861776455230e-01,1.533925055871959e-09
1.153991698379140e-01,1.533450400467153e-09
1.156121620303060e-01,1.532976766550030e-09
1.158251542226980e-01,1.532504149418185e-09
1.160381464150900e-01,1.532032544369208e-09
1.162511386074820e-01,1.531561946700693e-09
1.164641307998740e-01,1.531092351831384e-09
1.166771229922660e-01,1.530623755664363e-09
1.168901151846570e-01,1.530156154223738e-09
1.171031073770490e-01,1.529689543533607e-09
1.173160995694410e-01,1.529223919618075e-09
1.175290917618330e-01,1.528759278501245e-09
1.177420839542250e-01,1.528295616207222e-09
1.179550761466170e-01,1.527832928760109e-09
1.181680683390090e-01,1.527371212184009e-09
1.183810605314010e-01,1.526910462503025e-09
1.185940527237920e-01,1.526450675826953e-09
1.188070449161840e-01,1.525991848608527e-09
1.190200371085760e-01,1.525533977386275e-09
1.192330293009680e-01,1.525077058698721e-09
1.194460214933600e-01,1.524621089084389e-09
1.196590136857520e-01,1.524166065081803e-09
1.198720058781440e-01,1.523711983229489e-09
1.200849980705360e-01,1.523258840065971e-09
1.202979902629270e-01,1.522806632129774e-09
1.205109824553190e-01,1.522355355959420e-09
1.207239746477110e-01,1.521905008102588e-09
1.209369668401030e-01,1.521455585143576e-09
1.211499590324950e-01,1.521007083675842e-09
1.213629512248870e-01,1.520559500292841e-09
1.215759434172790e-01,1.520112831588031e-09
1.217889356096700e-01,1.519667074154869e-09
1.220019278020620e-01,1.519222224586809e-09
1.222149199944540e-01,1.518778279477307e-09
1.224279121868460e-01,1.518335235419822e-09
1.226409043792380e-01,1.517893089007809e-09
1.228538965716300e-01,1.517451836814215e-09
1.230668887640220e-01,1.517011475329959e-09
1.232798809564140e-01,1.516572001025448e-09
1.234928731488050e-01,1.516133410371097e-09
1.237058653411970e-01,1.515695699837311e-09
1.239188575335890e-01,1.515258865894503e-09
1.241318497259810e-01,1.514822905013082e-09
1.243448419183730e-01,1.514387813663459e-09
1.245578341107650e-01,1.513953588316044e-09
1.247708263031570e-01,1.513520225441248e-09
1.249838184955480e-01,1.513087721593318e-09
1.251968106879400e-01,1.512656073661720e-09
1.254098028803320e-01,1.512225278619700e-09
1.256227950727240e-01,1.511795333440499e-09
1.258357872651160e-01,1.511366235097361e-09
1.260487794575080e-01,1.510937980563529e-09
1.262617716499000e-01,1.510510566812246e-09
1.264747638422920e-01,1.510083990816755e-09
1.266877560346830e-01,1.509658249550301e-09
1.269007482270750e-01,1.509233339986124e-09
1.271137404194670e-01,1.508809259144797e-09
1.273267326118590e-01,1.508386004236078e-09
1.275397248042510e-01,1.507963572516992e-09
1.277527169966430e-01,1.507541961244562e-09
1.279657091890350e-01,1.507121167675812e-09
1.281787013814270e-01,1.506701189067763e-09
1.283916935738180e-01,1.506282022677444e-09
1.286046857662100e-01,1.505863665761871e-09
1.288176779586020e-01,1.505446115578072e-09
1.290306701509940e-01,1.505029369383069e-09
1.292436623433860e-01,1.504613424420379e-09
1.294566545357780e-01,1.504198277879468e-09
1.296696467281700e-01,1.503783926936285e-09
1.298826389205610e-01,1.503370368766779e-09
1.300956311129530e-01,1.502957600546894e-09
1.303086233053450e-01,1.502545619452580e-09
1.305216154977370e-01,1.502134422659786e-09
1.307346076901290e-01,1.501724007344459e-09
1.309475998825210e-01,1.501314370682548e-09
1.311605920749130e-01,1.500905509850000e-09
1.313735842673050e-01,1.500497421998571e-09
1.315865764596960e-01,1.500090104183238e-09
1.317995686520880e-01,1.499683553434774e-09
1.320125608444800e-01,1.499277766783959e-09
1.322255530368720e-01,1.498872741261568e-09
1.324385452292640e-01,1.498468473898381e-09
1.326515374216560e-01,1.498064961725173e-09
1.328645296140480e-01,1.497662201772722e-09
1.330775218064400e-01,1.497260191071805e-09
1.332905139988310e-01,1.496858926653201e-09
1.335035061912230e-01,1.496458405688258e-09
1.337164983836150e-01,1.496058625910514e-09
1.339294905760070e-01,1.495659585194027e-09
1.341424827683990e-01,1.495261281412852e-09
1.343554749607910e-01,1.494863712441045e-09
1.345684671531830e-01,1.494466876152664e-09
1.347814593455740e-01,1.494070770421764e-09
1.349944515379660e-01,1.493675393122399e-09
1.352074437303580e-01,1.493280742128628e-09
1.354204359227500e-01,1.492886815314505e-09
1.356334281151420e-01,1.492493610455602e-09
1.358464203075340e-01,1.492101124933747e-09
1.360594124999260e-01,1.491709356032379e-09
1.362724046923180e-01,1.491318301034940e-09
1.364853968847090e-01,1.490927957224873e-09
1.366983890771010e-01,1.490538321885616e-09
1.369113812694930e-01,1.490149392300611e-09
1.371243734618850e-01,1.489761165753300e-09
1.373373656542770e-01,1.489373639527123e-09
1.375503578466690e-01,1.488986810905523e-09
1.377633500390610e-01,1.488600677266687e-09
1.379763422314520e-01,1.488215236368022e-09
1.381893344238440e-01,1.487830486061788e-09
1.384023266162360e-01,1.487446424200251e-09
1.386153188086280e-01,1.487063048635677e-09
1.388283110010200e-01,1.486680357220330e-09
1.390413031934120e-01,1.486298347806474e-09
1.392542953858040e-01,1.485917018246372e-09
1.394672875781960e-01,1.485536366392291e-09
1.396802797705870e-01,1.485156390096496e-09
1.398932719629790e-01,1.484777087270802e-09
1.401062641553710e-01,1.484398456065319e-09
1.403192563477630e-01,1.484020494689741e-09
1.405322485401550e-01,1.483643201353766e-09
1.407452407325470e-01,1.483266574267088e-09
1.409582329249390e-01,1.482890611639402e-09
1.411712251173300e-01,1.482515311680407e-09
1.413842173097220e-01,1.482140672599794e-09
1.415972095021140e-01,1.481766692607261e-09
1.418102016945060e-01,1.481393369912503e-09
1.420231938868980e-01,1.481020702558741e-09
1.422361860792900e-01,1.480648687923302e-09
1.424491782716820e-01,1.480277323217048e-09
1.426621704640740e-01,1.479906605650840e-09
1.428751626564650e-01,1.479536532435540e-09
1.430881548488570e-01,1.479167100782005e-09
1.433011470412490e-01,1.478798307901099e-09
1.435141392336410e-01,1.478430151003682e-09
1.437271314260330e-01,1.478062627300615e-09
1.439401236184250e-01,1.477695734002758e-09
1.441531158108170e-01,1.477329468569641e-09
1.443661080032090e-01,1.476963829455129e-09
1.445791001956000e-01,1.476598815361594e-09
1.447920923879920e-01,1.476234424991402e-09
1.450050845803840e-01,1.475870657046924e-09
1.452180767727760e-01,1.475507510230527e-09
1.454310689651680e-01,1.475144983244582e-09
1.456440611575600e-01,1.474783074791458e-09
1.458570533499520e-01,1.474421783573523e-09
1.460700455423430e-01,1.474061108293149e-09
1.462830377347350e-01,1.473701047452612e-09
1.464960299271270e-01,1.473341598754355e-09
1.467090221195190e-01,1.472982759700987e-09
1.469220143119110e-01,1.472624527795115e-09
1.471350065043030e-01,1.472266900539350e-09
1.473479986966950e-01,1.471909875436299e-09
1.475609908890870e-01,1.471553449988571e-09
1.477739830814780e-01,1.471197621698776e-09
1.479869752738700e-01,1.470842388069520e-09
1.481999674662620e-01,1.470487746603412e-09
1.484129596586540e-01,1.470133694978335e-09
1.486259518510460e-01,1.469780231573583e-09
1.488389440434380e-01,1.469427354943885e-09
1.490519362358300e-01,1.469075063643969e-09
1.492649284282220e-01,1.468723356228564e-09
1.494779206206130e-01,1.468372231252400e-09
1.496909128130050e-01,1.468021687270201e-09
1.499039050053970e-01,1.467671722836699e-09
1.501168971977890e-01,1.467322336506622e-09
1.503298893901810e-01,1.466973526834698e-09
1.505428815825730e-01,1.466625292337824e-09
1.507558737749650e-01,1.466277631381548e-09
1.509688659673560e-01,1.465930542293578e-09
1.511818581597480e-01,1.465584023401614e-09
1.513948503521400e-01,1.465238073033363e-09
1.516078425445320e-01,1.464892689516532e-09
1.518208347369240e-01,1.464547871178825e-09
1.520338269293160e-01,1.464203616347946e-09
1.522468191217080e-01,1.463859923351602e-09
1.524598113141000e-01,1.463516790517498e-09
1.526728035064910e-01,1.463174216151053e-09
1.528857956988830e-01,1.462832198468548e-09
1.530987878912750e-01,1.462490735663988e-09
1.533117800836670e-01,1.462149825931378e-09
1.535247722760590e-01,1.461809467464722e-09
1.537377644684510e-01,1.461469658458024e-09
1.539507566608430e-01,1.461130397105287e-09
1.541637488532340e-01,1.460791681600519e-09
1.543767410456260e-01,1.460453510137718e-09
1.545897332380180e-01,1.460115880910891e-09
1.548027254304100e-01,1.459778792152319e-09
1.550157176228020e-01,1.459442242247315e-09
1.552287098151940e-01,1.459106229619431e-09
1.554417020075860e-01,1.458770752692221e-09
1.556546941999780e-01,1.458435809889239e-09
1.558676863923690e-01,1.458101399634039e-09
1.560806785847610e-01,1.457767520350172e-09
1.562936707771530e-01,1.457434170461193e-09
1.565066629695450e-01,1.457101348390655e-09
1.567196551619370e-01,1.456769052562113e-09
1.569326473543290e-01,1.456437281430316e-09
1.571456395467210e-01,1.456106033574887e-09
1.573586317391130e-01,1.455775307606686e-09
1.575716239315040e-01,1.455445102136574e-09
1.577846161238960e-01,1.455115415775406e-09
1.579976083162880e-01,1.454786247134044e-09
1.582106005086800e-01,1.454457594823348e-09
1.584235927010720e-01,1.454129457454176e-09
1.586365848934640e-01,1.453801833637388e-09
1.588495770858560e-01,1.453474721983844e-09
1.590625692782470e-01,1.453148121054147e-09
1.592755614706390e-01,1.452822029207798e-09
1.594885536630310e-01,1.452496444754016e-09
1.597015458554230e-01,1.452171366002016e-09
1.599145380478150e-01,1.451846791261013e-09
1.601275302402070e-01,1.451522718840222e-09
1.603405224325990e-01,1.451199147048859e-09
1.605535146249910e-01,1.450876074196139e-09
1.607665068173820e-01,1.450553498591280e-09
1.609794990097740e-01,1.450231418543493e-09
1.611924912021660e-01,1.449909832460989e-09
1.614054833945580e-01,1.449588739147958e-09
1.616184755869500e-01,1.449268137507586e-09
1.618314677793420e-01,1.448948026443058e-09
1.620444599717340e-01,1.448628404857561e-09
1.622574521641260e-01,1.448309271654281e-09
1.624704443565170e-01,1.447990625736404e-09
1.626834365489090e-01,1.447672466007115e-09
1.628964287413010e-01,1.447354791369600e-09
1.631094209336930e-01,1.447037600727046e-09
1.633224131260850e-01,1.446720892894745e-09
1.635354053184770e-01,1.446404666336514e-09
1.637483975108690e-01,1.446088919428333e-09
1.639613897032600e-01,1.445773650546179e-09
1.641743818956520e-01,1.445458858066027e-09
1.643873740880440e-01,1.445144540363854e-09
1.646003662804360e-01,1.444830695815638e-09
1.648133584728280e-01,1.444517322797356e-09
1.650263506652200e-01,1.444204419684985e-09
1.652393428576120e-01,1.443891984854501e-09
1.654523350500040e-01,1.443580016797643e-09
1.656653272423950e-01,1.443268514468909e-09
1.658783194347870e-01,1.442957476938416e-09
1.660913116271790e-01,1.442646903276281e-09
1.663043038195710e-01,1.442336792552626e-09
1.665172960119630e-01,1.442027143837566e-09
1.667302882043550e-01,1.441717956201222e-09
1.669432803967470e-01,1.441409228713711e-09
1.671562725891380e-01,1.441100960445152e-09
1.673692647815300e-01,1.440793150465663e-09
1.675822569739220e-01,1.440485797760560e-09
1.677952491663140e-01,1.440178900975784e-09
1.680082413587060e-01,1.439872458672388e-09
1.682212335510980e-01,1.439566469411428e-09
1.684342257434900e-01,1.439260931753957e-09
1.686472179358820e-01,1.438955844261029e-09
1.688602101282730e-01,1.438651205493700e-09
1.690732023206650e-01,1.438347014013022e-09
1.692861945130570e-01,1.438043268380050e-09
1.694991867054490e-01,1.437739967155837e-09
1.697121788978410e-01,1.437437108931523e-09
1.699251710902330e-01,1.437134692418608e-09
1.701381632826250e-01,1.436832716358686e-09
1.703511554750170e-01,1.436531179493352e-09
1.705641476674080e-01,1.436230080564204e-09
1.707771398598000e-01,1.435929418312833e-09
1.709901320521920e-01,1.435629191480837e-09
1.712031242445840e-01,1.435329398809811e-09
1.714161164369760e-01,1.435030039041349e-09
1.716291086293680e-01,1.434731110917048e-09
1.718421008217600e-01,1.434432613170165e-09
1.720550930141510e-01,1.434134544500622e-09
1.722680852065430e-01,1.433836903600000e-09
1.724810773989350e-01,1.433539689159884e-09
1.726940695913270e-01,1.433242899871860e-09
1.729070617837190e-01,1.432946534427510e-09
1.731200539761110e-01,1.432650591518421e-09
1.733330461685030e-01,1.432355069836176e-09
1.735460383608950e-01,1.432059968072360e-09
1.737590305532860e-01,1.431765284918559e-09
1.739720227456780e-01,1.431471019273731e-09
1.741850149380700e-01,1.431177170865988e-09
1.743980071304620e-01,1.430883739630639e-09
1.746109993228540e-01,1.430590725502992e-09
1.748239915152460e-01,1.430298128418357e-09
1.750369837076380e-01,1.430005948312043e-09
1.752499759000290e-01,1.429714185119359e-09
1.754629680924210e-01,1.429422838775612e-09
1.756759602848130e-01,1.429131909216112e-09
1.758889524772050e-01,1.428841396376168e-09
1.761019446695970e-01,1.428551299597907e-09
1.763149368619890e-01,1.428261615849140e-09
1.765279290543810e-01,1.427972341503704e-09
1.767409212467730e-01,1.427683472935433e-09
1.769539134391640e-01,1.427395006518164e-09
1.771669056315560e-01,1.427106938625730e-09
1.773798978239480e-01,1.426819265631967e-09
1.775928900163400e-01,1.426531983910710e-09
1.778058822087320e-01,1.426245089835795e-09
1.780188744011240e-01,1.425958579781058e-09
1.782318665935160e-01,1.425672451825881e-09
1.784448587859070e-01,1.425386710874301e-09
1.786578509782990e-01,1.425101363537128e-09
1.788708431706910e-01,1.424816416425178e-09
1.790838353630830e-01,1.424531876149264e-09
1.792968275554750e-01,1.424247749320200e-09
1.795098197478670e-01,1.423964042548798e-09
1.797228119402590e-01,1.423680762445873e-09
1.799358041326510e-01,1.423397915622238e-09
1.801487963250420e-01,1.423115508688707e-09
1.803617885174340e-01,1.422833542458230e-09
1.805747807098260e-01,1.422551994551112e-09
1.807877729022180e-01,1.422270836789196e-09
1.810007650946100e-01,1.421990040994324e-09
1.812137572870020e-01,1.421709578988338e-09
1.814267494793940e-01,1.421429422593081e-09
1.816397416717860e-01,1.421149543630395e-09
1.818527338641770e-01,1.420869913922123e-09
1.820657260565690e-01,1.420590505290106e-09
1.822787182489610e-01,1.420311289556187e-09
1.824917104413530e-01,1.420032259949007e-09
1.827047026337450e-01,1.419753495302392e-09
1.829176948261370e-01,1.419475095845966e-09
1.831306870185290e-01,1.419197161809352e-09
1.833436792109200e-01,1.418919793422176e-09
1.835566714033120e-01,1.418643090914057e-09
1.837696635957040e-01,1.418367154514621e-09
1.839826557880960e-01,1.418092084453490e-09
1.841956479804880e-01,1.417817980960289e-09
1.844086401728800e-01,1.417544944264640e-09
1.846216323652720e-01,1.417272994738119e-09
1.848346245576640e-01,1.417001833500799e-09
1.850476167500550e-01,1.416731081905028e-09
1.852606089424470e-01,1.416460361303152e-09
1.854736011348390e-01,1.416189293047520e-09
1.856865933272310e-01,1.415917498490478e-09
1.858995855196230e-01,1.415644598984374e-09
1.861125777120150e-01,1.415370215881555e-09
1.863255699044070e-01,1.415093970534369e-09
1.865385620967990e-01,1.414815484295162e-09
1.867515542891900e-01,1.414534676390074e-09
1.869645464815820e-01,1.414252658176669e-09
1.871775386739740e-01,1.413970839204524e-09
1.873905308663660e-01,1.413690629023217e-09
1.876035230587580e-01,1.413413437182325e-09
1.878165152511500e-01,1.413140673231425e-09
1.880295074435420e-01,1.412873746720094e-09
1.882424996359330e-01,1.412614067197909e-09
1.884554918283250e-01,1.412363044214447e-09
1.886684840207170e-01,1.412122087319283e-09
1.888814762131090e-01,1.411891493793684e-09
1.890944684055010e-01,1.411667110844200e-09
1.893074605978930e-01,1.411443672908286e-09
1.895204527902850e-01,1.411215914423394e-09
1.897334449826770e-01,1.410978569826978e-09
1.899464371750680e-01,1.410726373556492e-09
1.901594293674600e-01,1.410454060049388e-09
1.903724215598520e-01,1.410156363743119e-09
1.905854137522440e-01,1.409828019075140e-09
1.907984059446360e-01,1.409463760482902e-09
1.910113981370280e-01,1.409062475093868e-09
1.912243903294200e-01,1.408639659404758e-09
1.914373825218110e-01,1.408214961906949e-09
1.916503747142030e-01,1.407808031091811e-09
1.918633669065950e-01,1.407438515450722e-09
1.920763590989870e-01,1.407126063475055e-09
1.922893512913790e-01,1.406890323656186e-09
1.925023434837710e-01,1.406750944485488e-09
1.927153356761630e-01,1.406727574454338e-09
1.929283278685550e-01,1.406839862054108e-09
1.931413200609460e-01,1.407099015906800e-09
1.933543122533380e-01,1.407482498405911e-09
1.935673044457300e-01,1.407959338698754e-09
1.937802966381220e-01,1.408498565932640e-09
1.939932888305140e-01,1.409069209254883e-09
1.942062810229060e-01,1.409640297812796e-09
1.944192732152980e-01,1.410180860753691e-09
1.946322654076900e-01,1.410659927224883e-09
1.948452576000810e-01,1.411046526373682e-09
1.950582497924730e-01,1.411309687347406e-09
1.952712419848650e-01,1.411426876545251e-09
1.954842341772570e-01,1.411409285713142e-09
1.956972263696490e-01,1.411276532022617e-09
1.959102185620410e-01,1.411048232645218e-09
1.961232107544330e-01,1.410744004752486e-09
1.963362029468240e-01,1.410383465515965e-09
1.965491951392160e-01,1.409986232107190e-09
1.967621873316080e-01,1.409571921697704e-09
1.969751795240000e-01,1.409160151459049e-09
1.971881717163920e-01,1.408770538562766e-09
1.974011639087840e-01,1.408418556036433e-09
1.976141561011760e-01,1.408103093726769e-09
1.978271482935680e-01,1.407818894033367e-09
1.980401404859590e-01,1.407560699355819e-09
1.982531326783510e-01,1.407323252093716e-09
1.984661248707430e-01,1.407101294646651e-09
1.986791170631350e-01,1.406889569414216e-09
1.988921092555270e-01,1.406682818796004e-09
1.991051014479190e-01,1.406475785191607e-09
1.993180936403110e-01,1.406263211000616e-09
1.995310858327020e-01,1.406040949356730e-09
1.997440780250940e-01,1.405809296728056e-09
1.999570702174860e-01,1.405569660515818e-09
2.001700624098780e-01,1.405323448121240e-09
2.003830546022700e-01,1.405072066945544e-09
2.005960467946620e-01,1.404816924389954e-09
2.008090389870540e-01,1.404559427855693e-09
2.010220311794460e-01,1.404300984743984e-09
2.012350233718370e-01,1.404043002456050e-09
2.014480155642290e-01,1.403786888393114e-09
2.016610077566210e-01,1.403533752455580e-09
2.018739999490130e-01,1.403283514801430e-09
2.020869921414050e-01,1.403035798218236e-09
2.022999843337970e-01,1.402790225493569e-09
2.025129765261890e-01,1.402546419415001e-09
2.027259687185810e-01,1.402304002770105e-09
2.029389609109720e-01,1.402062598346453e-09
2.031519531033640e-01,1.401821828931615e-09
2.033649452957560e-01,1.401581317313163e-09
2.035779374881480e-01,1.401340686278670e-09
2.037909296805400e-01,1.401099638101717e-09
2.040039218729320e-01,1.400858192832085e-09
2.042169140653240e-01,1.400616449921665e-09
2.044299062577150e-01,1.400374508822355e-09
2.046428984501070e-01,1.400132468986045e-09
2.048558906424990e-01,1.399890429864628e-09
2.050688828348910e-01,1.399648490910000e-09
2.052818750272830e-01,1.399406751574052e-09
2.054948672196750e-01,1.399165311308680e-09
2.057078594120670e-01,1.398924269565776e-09
2.059208516044590e-01,1.398683704761461e-09
2.061338437968500e-01,1.398443611120649e-09
2.063468359892420e-01,1.398203961808414e-09
2.065598281816340e-01,1.397964729989832e-09
2.067728203740260e-01,1.397725888829978e-09
2.069858125664180e-01,1.397487411493927e-09
2.071988047588100e-01,1.397249271146755e-09
2.074117969512020e-01,1.397011440953538e-09
2.076247891435940e-01,1.396773894079349e-09
2.078377813359850e-01,1.396536603689266e-09
2.080507735283770e-01,1.396299548371170e-09
2.082637657207690e-01,1.396062728409878e-09
2.084767579131610e-01,1.395826149515867e-09
2.086897501055530e-01,1.395589817399613e-09
2.089027422979450e-01,1.395353737771591e-09
2.091157344903370e-01,1.395117916342279e-09
2.093287266827280e-01,1.394882358822154e-09
2.095417188751200e-01,1.394647070921689e-09
2.097547110675120e-01,1.394412058351363e-09
2.099677032599040e-01,1.394177326821651e-09
2.101806954522960e-01,1.393942880825850e-09
2.103936876446880e-01,1.393708719988758e-09
2.106066798370800e-01,1.393474842718108e-09
2.108196720294720e-01,1.393241247421629e-09
2.110326642218630e-01,1.393007932507055e-09
2.112456564142550e-01,1.392774896382112e-09
2.114586486066470e-01,1.392542137454535e-09
2.116716407990390e-01,1.392309654132053e-09
2.118846329914310e-01,1.392077444822399e-09
2.120976251838230e-01,1.391845507933301e-09
2.123106173762150e-01,1.391613842014665e-09
2.125236095686060e-01,1.391382446184884e-09
2.127366017609980e-01,1.391151319704418e-09
2.129495939533900e-01,1.390920461833734e-09
2.131625861457820e-01,1.390689871833295e-09
2.133755783381740e-01,1.390459548963565e-09
2.135885705305660e-01,1.390229492485008e-09
2.138015627229580e-01,1.389999701658088e-09
2.140145549153500e-01,1.389770175743269e-09
2.142275471077410e-01,1.389540914001015e-09
2.144405393001330e-01,1.389311915747261e-09
2.146535314925250e-01,1.389083180519688e-09
2.148665236849170e-01,1.388854707911372e-09
2.150795158773090e-01,1.388626497515391e-09
2.152925080697010e-01,1.388398548924824e-09
2.155055002620930e-01,1.388170861732747e-09
2.157184924544850e-01,1.387943435532239e-09
2.159314846468760e-01,1.387716269916378e-09
2.161444768392680e-01,1.387489364478240e-09
2.163574690316600e-01,1.387262718810904e-09
2.165704612240520e-01,1.387036332516446e-09
2.167834534164440e-01,1.386810205232948e-09
2.169964456088360e-01,1.386584336607501e-09
2.172094378012280e-01,1.386358726287194e-09
2.174224299936190e-01,1.386133373919116e-09
2.176354221860110e-01,1.385908279150356e-09
2.178484143784030e-01,1.385683441628004e-09
2.180614065707950e-01,1.385458860999149e-09
2.182743987631870e-01,1.385234536910881e-09
2.184873909555790e-01,1.385010469010288e-09
2.187003831479710e-01,1.384786656831315e-09
2.189133753403630e-01,1.384563099455266e-09
2.191263675327540e-01,1.384339795850272e-09
2.193393597251460e-01,1.384116744984461e-09
2.195523519175380e-01,1.383893945825963e-09
2.197653441099300e-01,1.383671397342908e-09
2.199783363023220e-01,1.383449098503427e-09
2.201913284947140e-01,1.383227048275649e-09
2.204043206871060e-01,1.383005245627704e-09
2.206173128794970e-01,1.382783689527723e-09
2.208303050718890e-01,1.382562379089327e-09
2.210432972642810e-01,1.382341314008008e-09
2.212562894566730e-01,1.382120494124700e-09
2.214692816490650e-01,1.381899919280333e-09
2.216822738414570e-01,1.381679589315842e-09
2.218952660338490e-01,1.381459504072157e-09
2.221082582262410e-01,1.381239663390211e-09
2.223212504186320e-01,1.381020067110936e-09
2.225342426110240e-01,1.380800715075265e-09
2.227472348034160e-01,1.380581607124129e-09
2.229602269958080e-01,1.380362743077088e-09
2.231732191882000e-01,1.380144122668255e-09
2.233862113805920e-01,1.379925745610391e-09
2.235992035729840e-01,1.379707611616256e-09
2.238121957653760e-01,1.379489720398611e-09
2.240251879577670e-01,1.379272071670218e-09
2.242381801501590e-01,1.379054665143836e-09
2.244511723425510e-01,1.378837500532226e-09
2.246641645349430e-01,1.378620577548149e-09
2.248771567273350e-01,1.378403895904366e-09
2.250901489197270e-01,1.378187455152108e-09
2.253031411121190e-01,1.377971254196088e-09
2.255161333045100e-01,1.377755291779298e-09
2.257291254969020e-01,1.377539566644720e-09
2.259421176892940e-01,1.377324077535345e-09
2.261551098816860e-01,1.377108823194159e-09
2.263681020740780e-01,1.376893802364150e-09
2.265810942664700e-01,1.376679013788307e-09
2.267940864588620e-01,1.376464456209616e-09
2.270070786512540e-01,1.376250128371065e-09
2.272200708436450e-01,1.376036029323239e-09
2.274330630360370e-01,1.375822159347479e-09
2.276460552284290e-01,1.375608519032909e-09
2.278590474208210e-01,1.375395108968653e-09
2.280720396132130e-01,1.375181929743834e-09
2.282850318056050e-01,1.374968981947578e-09
2.284980239979970e-01,1.374756266169006e-09
2.287110161903880e-01,1.374543782997244e-09
2.289240083827800e-01,1.374331533021415e-09
2.291370005751720e-01,1.374119516830641e-09
2.293499927675640e-01,1.373907734695533e-09
2.295629849599560e-01,1.373696185612641e-09
2.297759771523480e-01,1.373484868260008e-09
2.299889693447400e-01,1.373273781315677e-09
2.302019615371320e-01,1.373062923457688e-09
2.304149537295230e-01,1.372852293364085e-09
2.306279459219150e-01,1.372641889712908e-09
2.308409381143070e-01,1.372431711182199e-09
2.310539303066990e-01,1.372221756450000e-09
2.312669224990910e-01,1.372012024194355e-09
2.314799146914830e-01,1.371802513291087e-09
2.316929068838750e-01,1.371593223406906e-09
2.319058990762670e-01,1.371384154406181e-09
2.321188912686580e-01,1.371175306153280e-09
2.323318834610500e-01,1.370966678512570e-09
2.325448756534420e-01,1.370758271348419e-09
2.327578678458340e-01,1.370550084525195e-09
2.329708600382260e-01,1.370342117907265e-09
2.331838522306180e-01,1.370134371358999e-09
2.333968444230100e-01,1.369926844744763e-09
2.336098366154010e-01,1.369719537908864e-09
2.338228288077930e-01,1.369512450615401e-09
2.340358210001850e-01,1.369305582608439e-09
2.342488131925770e-01,1.369098933632041e-09
2.344618053849690e-01,1.368892503430271e-09
2.346747975773610e-01,1.368686291747193e-09
2.348877897697530e-01,1.368480298326871e-09
2.351007819621450e-01,1.368274522913367e-09
2.353137741545360e-01,1.368068965250747e-09
2.355267663469280e-01,1.367863625083072e-09
2.357397585393200e-01,1.367658502078081e-09
2.359527507317120e-01,1.367453595598063e-09
2.361657429241040e-01,1.367248904928910e-09
2.363787351164960e-01,1.367044429356512e-09
2.365917273088880e-01,1.366840168166760e-09
2.368047195012800e-01,1.366636120645546e-09
2.370177116936710e-01,1.366432286078761e-09
2.372307038860630e-01,1.366228663752295e-09
2.374436960784550e-01,1.366025252952040e-09
2.376566882708470e-01,1.365822052963886e-09
2.378696804632390e-01,1.365619063161561e-09
2.380826726556310e-01,1.365416283270195e-09
2.382956648480230e-01,1.365213713102782e-09
2.385086570404140e-01,1.365011352472318e-09
2.387216492328060e-01,1.364809201191797e-09
2.389346414251980e-01,1.364607259074213e-09
2.391476336175900e-01,1.364405525932562e-09
2.393606258099820e-01,1.364204001579839e-09
2.395736180023740e-01,1.364002685829039e-09
2.397866101947660e-01,1.363801578493155e-09
2.399996023871580e-01,1.363600679307651e-09
2.402125945795490e-01,1.363399987697898e-09
2.404255867719410e-01,1.363199503011757e-09
2.406385789643330e-01,1.362999224597090e-09
2.408515711567250e-01,1.362799151801758e-09
2.410645633491170e-01,1.362599283973622e-09
2.412775555415090e-01,1.362399620460544e-09
2.414905477339010e-01,1.362200160610384e-09
2.417035399262920e-01,1.362000903771006e-09
2.419165321186840e-01,1.361801849290268e-09
2.421295243110760e-01,1.361602996639911e-09
2.423425165034680e-01,1.361404345786966e-09
2.425555086958600e-01,1.361205896822229e-09
2.427685008882520e-01,1.361007649836498e-09
2.429814930806440e-01,1.360809604920570e-09
2.431944852730360e-01,1.360611762165241e-09
2.434074774654270e-01,1.360414121661310e-09
2.436204696578190e-01,1.360216683499572e-09
2.438334618502110e-01,1.360019447770824e-09
2.440464540426030e-01,1.359822414565863e-09
2.442594462349950e-01,1.359625583798882e-09
2.444724384273870e-01,1.359428954677194e-09
2.446854306197790e-01,1.359232526231279e-09
2.448984228121710e-01,1.359036297491617e-09
2.451114150045620e-01,1.358840267488688e-09
2.453244071969540e-01,1.358644435252971e-09
2.455373993893460e-01,1.358448799814946e-09
2.457503915817380e-01,1.358253360205094e-09
2.459633837741300e-01,1.358058115453893e-09
2.461763759665220e-01,1.357863064591824e-09
2.463893681589140e-01,1.357668206819961e-09
2.466023603513050e-01,1.357473542021984e-09
2.468153525436970e-01,1.357279070252280e-09
2.470283447360890e-01,1.357084791565241e-09
2.472413369284810e-01,1.356890706015255e-09
2.474543291208730e-01,1.356696813656712e-09
2.476673213132650e-01,1.356503114544001e-09
2.478803135056570e-01,1.356309608731512e-09
2.480933056980490e-01,1.356116296273633e-09
2.483062978904400e-01,1.355923177224755e-09
2.485192900828320e-01,1.355730251587859e-09
2.487322822752240e-01,1.355537519160292e-09
2.489452744676160e-01,1.355344979687991e-09
2.491582666600080e-01,1.355152632916892e-09
2.493712588524000e-01,1.354960478592932e-09
2.495842510447920e-01,1.354768516462048e-09
2.497972432371830e-01,1.354576746270178e-09
2.500102354295750e-01,1.354385167763256e-09
2.502232276219670e-01,1.354193780687220e-09
2.504362198143590e-01,1.354002584788006e-09
2.506492120067510e-01,1.353811579710633e-09
2.508622041991430e-01,1.353620764696555e-09
2.510751963915350e-01,1.353430138886364e-09
2.512881885839270e-01,1.353239701420654e-09
2.515011807763180e-01,1.353049451440016e-09
2.517141729687100e-01,1.352859388085042e-09
2.519271651611020e-01,1.352669510496324e-09
2.521401573534940e-01,1.352479817814455e-09
2.523531495458860e-01,1.352290309180028e-09
2.525661417382780e-01,1.352100983733634e-09
2.527791339306700e-01,1.351911840784508e-09
2.529921261230620e-01,1.351722880316057e-09
2.532051183154530e-01,1.351534102480135e-09
2.534181105078450e-01,1.351345507428590e-09
2.536311027002370e-01,1.351157095313276e-09
2.538440948926290e-01,1.350968866286042e-09
2.540570870850210e-01,1.350780820498743e-09
2.542700792774130e-01,1.350592958103227e-09
2.544830714698050e-01,1.350405279251349e-09
2.546960636621960e-01,1.350217784094958e-09
2.549090558545880e-01,1.350030472642748e-09
2.551220480469800e-01,1.349843344330483e-09
2.553350402393720e-01,1.349656398450624e-09
2.555480324317640e-01,1.349469634295630e-09
2.557610246241560e-01,1.349283051157960e-09
2.559740168165480e-01,1.349096648330076e-09
2.561870090089400e-01,1.348910425104436e-09
2.564000012013310e-01,1.348724380773502e-09
2.566129933937230e-01,1.348538514629730e-09
2.568259855861150e-01,1.348352825965583e-09
2.570389777785070e-01,1.348167314211878e-09
2.572519699708990e-01,1.347981979352987e-09
2.574649621632910e-01,1.347796821511696e-09
2.576779543556830e-01,1.347611840810790e-09
2.578909465480740e-01,1.347427037373057e-09
2.581039387404660e-01,1.347242411321280e-09
2.583169309328580e-01,1.347057962778247e-09
2.585299231252500e-01,1.346873691866744e-09
2.587429153176420e-01,1.346689598709557e-09
2.589559075100340e-01,1.346505683429472e-09
2.591688997024260e-01,1.346321946017416e-09
2.593818918948180e-01,1.346138385936941e-09
2.595948840872090e-01,1.345955002519769e-09
2.598078762796010e-01,1.345771795097617e-09
2.600208684719930e-01,1.345588763002208e-09
2.602338606643850e-01,1.345405905565261e-09
2.604468528567770e-01,1.345223222118499e-09
2.606598450491690e-01,1.345040711993640e-09
2.608728372415610e-01,1.344858374522406e-09
2.610858294339530e-01,1.344676209036518e-09
2.612988216263440e-01,1.344494214952428e-09
2.615118138187360e-01,1.344312392025368e-09
2.617248060111280e-01,1.344130740095236e-09
2.619377982035200e-01,1.343949259001925e-09
2.621507903959120e-01,1.343767948585333e-09
2.623637825883040e-01,1.343586808685354e-09
2.625767747806960e-01,1.343405839141883e-09
2.627897669730870e-01,1.343225039794817e-09
2.630027591654790e-01,1.343044410484050e-09
2.632157513578710e-01,1.342863951049478e-09
2.634287435502630e-01,1.342683661280963e-09
2.636417357426550e-01,1.342503540768099e-09
2.638547279350470e-01,1.342323589050377e-09
2.640677201274390e-01,1.342143805667289e-09
2.642807123198310e-01,1.341964190158327e-09
2.644937045122220e-01,1.341784742062984e-09
2.647066967046140e-01,1.341605460920748e-09
2.649196888970060e-01,1.341426346271115e-09
2.651326810893980e-01,1.341247397653573e-09
2.653456732817900e-01,1.341068614607617e-09
2.655586654741820e-01,1.340889996747246e-09
2.657716576665740e-01,1.340711543984614e-09
2.659846498589660e-01,1.340533256306436e-09
2.661976420513570e-01,1.340355133699433e-09
2.664106342437490e-01,1.340177176150319e-09
2.666236264361410e-01,1.339999383645813e-09
2.668366186285330e-01,1.339821756172633e-09
2.670496108209250e-01,1.339644293717496e-09
2.672626030133170e-01,1.339466996267120e-09
2.674755952057090e-01,1.339289863808223e-09
2.676885873981000e-01,1.339112896274589e-09
2.679015795904920e-01,1.338936093388259e-09
2.681145717828840e-01,1.338759454818331e-09
2.683275639752760e-01,1.338582980233908e-09
2.685405561676680e-01,1.338406669304087e-09
2.687535483600600e-01,1.338230521697971e-09
2.689665405524520e-01,1.338054537084658e-09
2.691795327448440e-01,1.337878715133250e-09
2.693925249372350e-01,1.337703055512847e-09
2.696055171296270e-01,1.337527557892547e-09
2.698185093220190e-01,1.337352221923387e-09
2.700315015144110e-01,1.337177047184165e-09
2.702444937068030e-01,1.337002033235622e-09
2.704574858991950e-01,1.336827179638500e-09
2.706704780915870e-01,1.336652485953541e-09
2.708834702839780e-01,1.336477951741487e-09
2.710964624763700e-01,1.336303576563078e-09
2.713094546687620e-01,1.336129359979058e-09
2.715224468611540e-01,1.335955301550168e-09
2.717354390535460e-01,1.335781400837149e-09
2.719484312459380e-01,1.335607657480698e-09
2.721614234383300e-01,1.335434071441150e-09
2.723744156307220e-01,1.335260642758709e-09
2.725874078231130e-01,1.335087371473579e-09
2.728004000155050e-01,1.334914257625959e-09
2.730133922078970e-01,1.334741301256053e-09
2.732263844002890e-01,1.334568502404065e-09
2.734393765926810e-01,1.334395861110196e-09
2.736523687850730e-01,1.334223377414649e-09
2.738653609774650e-01,1.334051051357627e-09
2.740783531698570e-01,1.333878882731637e-09
2.742913453622480e-01,1.333706870337868e-09
2.745043375546400e-01,1.333535012729537e-09
2.747173297470320e-01,1.333363308459863e-09
2.749303219394240e-01,1.333191756082066e-09
2.751433141318160e-01,1.333020354149366e-09
2.753563063242080e-01,1.332849101214981e-09
2.755692985166000e-01,1.332677995832131e-09
2.757822907089910e-01,1.332507036554036e-09
2.759952829013830e-01,1.332336221933914e-09
2.762082750937750e-01,1.332165551527798e-09
2.764212672861670e-01,1.331995028903933e-09
2.766342594785590e-01,1.331824658633864e-09
2.768472516709510e-01,1.331654445289133e-09
2.770602438633430e-01,1.331484393441283e-09
2.772732360557350e-01,1.331314507661856e-09
2.774862282481260e-01,1.331144792522396e-09
2.776992204405180e-01,1.330975252594445e-09
2.779122126329100e-01,1.330805892449546e-09
2.781252048253020e-01,1.330636716659241e-09
2.783381970176940e-01,1.330467725884084e-09
2.785511892100860e-01,1.330298905141735e-09
