7.791356504680618e-06,3.793599768622069e-09
8.610780621332552e-06,3.747584378679463e-09
9.516384324626089e-06,3.702003760940225e-09
1.051723120080771e-05,3.656855160120677e-09
1.162333806181051e-05,3.612135531221879e-09
1.284577519687474e-05,3.567841654733849e-09
1.419677716772344e-05,3.523971301630565e-09
1.568986525616830e-05,3.480520753499542e-09
1.733998278964274e-05,3.437487083319607e-09
1.916364469904539e-05,3.394867501676636e-09
2.117910280571951e-05,3.352659244466029e-09
2.340652849181556e-05,3.310858709099329e-09
2.586821458226360e-05,3.269463737074413e-09
2.858879845885812e-05,3.228470773923060e-09
3.159550863945590e-05,3.187877047577357e-09
3.491843729013453e-05,3.147679434224091e-09
3.859084139770492e-05,3.107875195959194e-09
4.264947561681323e-05,3.068461313705454e-09
4.713496012287843e-05,3.029434747595642e-09
5.209218715246060e-05,2.990793222393055e-09
5.757077029985334e-05,2.952533140544205e-09
6.362554106661115e-05,2.914651737252820e-09
7.031709763364645e-05,2.877146437023890e-09
7.771241134819200e-05,2.840014331967718e-09
8.588549699555374e-05,2.803252307912905e-09
9.491815356395940e-05,2.766858037940546e-09
1.049007829163263e-04,2.730828536091846e-09
1.159332945624905e-04,2.695160916044334e-09
1.281261055871622e-04,2.659853150867022e-09
1.416012457412214e-04,2.624902085911316e-09
1.564935787564811e-04,2.590305052323113e-09
1.729521521072439e-04,2.556060192257756e-09
1.911416887275217e-04,2.522164463428850e-09
2.112442356135248e-04,2.488615680963630e-09
2.334609858111876e-04,2.455411436181060e-09
2.580142920237960e-04,2.422549910756162e-09
2.851498919925769e-04,2.390028199539303e-09
3.151393679226079e-04,2.357844301532182e-09
3.482828645688079e-04,2.325995939144411e-09
3.849120931855259e-04,2.294480504486240e-09
4.253936514042669e-04,2.263295392669961e-09
4.701326922660057e-04,2.232438215094512e-09
5.195769791289974e-04,2.201906829107948e-09
5.742213670349657e-04,2.171698554094678e-09
6.346127553846864e-04,2.141811277837402e-09
7.013555614910102e-04,2.112242548925113e-09
7.751177697904812e-04,2.082989731682257e-09
8.566376172560946e-04,2.054051031187198e-09
9.467309819210534e-04,2.025423679369067e-09
1.046299548460350e-03,1.997105439493097e-09
1.156339832554060e-03,1.969093757550566e-09
1.277953154351212e-03,1.941254316566721e-09
1.405748469786333e-03,1.914999841592748e-09
1.533543785221454e-03,1.891390864438738e-09
1.661339100656575e-03,1.869991355201220e-09
1.789134416091696e-03,1.850365283976725e-09
1.916929731526817e-03,1.832135610912133e-09
2.000000000000000e-03,1.820964187362562e-09
2.044725046961939e-03,1.815160903503978e-09
2.172520362397060e-03,1.799340000941481e-09
2.300315677832181e-03,1.784543989235810e-09
2.428110993267302e-03,1.770641708290142e-09
2.555906308702423e-03,1.757514166901144e-09
2.683701624137544e-03,1.745091049447131e-09
2.811496939572665e-03,1.733314209203756e-09
2.939292255007787e-03,1.722125499446671e-09
3.067087570442908e-03,1.711466773451529e-09
3.194882885878029e-03,1.701284477081893e-09
3.322678201313150e-03,1.691543426738217e-09
3.450473516748271e-03,1.682213031501491e-09
3.578268832183392e-03,1.673262700452702e-09
3.706064147618514e-03,1.664661842672839e-09
3.833859463053635e-03,1.656381965900793e-09
3.961654778488756e-03,1.648402972477963e-09
4.089450093923877e-03,1.640706863389107e-09
4.217245409358998e-03,1.633275639618980e-09
4.345040724794119e-03,1.626091302152340e-09
4.472836040229241e-03,1.619136950647217e-09
4.600631355664362e-03,1.612400079483123e-09
4.728426671099482e-03,1.605869281727042e-09
4.856221986534604e-03,1.599533150445957e-09
4.984017301969726e-03,1.593380278706849e-09
5.111812617404846e-03,1.587399880386224e-09
5.239607932839968e-03,1.581583652581068e-09
5.367403248275089e-03,1.575923913189084e-09
5.495198563710209e-03,1.570412980107978e-09
5.622993879145331e-03,1.565043171235454e-09
5.750789194580453e-03,1.559807185485002e-09
5.878584510015573e-03,1.554699245837560e-09
6.006379825450694e-03,1.549713956292013e-09
6.134175140885816e-03,1.544845920847246e-09
6.261970456320937e-03,1.540089743502145e-09
6.389765771756058e-03,1.535440272211114e-09
6.517561087191179e-03,1.530893330740193e-09
6.645356402626300e-03,1.526444986805715e-09
6.773151718061422e-03,1.522091308124013e-09
6.900947033496543e-03,1.517828362411421e-09
7.028742348931663e-03,1.513652380735747e-09
7.156537664366785e-03,1.509560247570184e-09
7.284332979801906e-03,1.505549010739142e-09
7.412128295237027e-03,1.501615718067030e-09
7.539923610672148e-03,1.497757417378260e-09
7.667718926107269e-03,1.493971270757740e-09
7.795514241542391e-03,1.490254897336544e-09
7.923309556977513e-03,1.486606030508336e-09
8.051104872412632e-03,1.483022403666779e-09
8.178900187847754e-03,1.479501750205535e-09
8.306695503282877e-03,1.476041883991810e-09
8.434490818717996e-03,1.472640940785567e-09
8.562286134153118e-03,1.469297136819604e-09
8.690081449588239e-03,1.466008688326719e-09
8.817876765023359e-03,1.462773811539709e-09
8.945672080458482e-03,1.459590785184573e-09
9.073467395893601e-03,1.456458137961498e-09
9.201262711328723e-03,1.453374461064561e-09
9.329058026763846e-03,1.450338345687841e-09
9.456853342198965e-03,1.447348383025416e-09
9.584648657634087e-03,1.444403200963161e-09
9.712443973069206e-03,1.441501574152957e-09
9.840239288504329e-03,1.438642313937897e-09
9.968034603939451e-03,1.435824231661068e-09
1.009582991937457e-02,1.433046138665563e-09
1.022362523480969e-02,1.430306899291265e-09
1.035142055024482e-02,1.427605589865645e-09
1.047921586567993e-02,1.424941339713168e-09
1.060701118111506e-02,1.422313278158298e-09
1.073480649655018e-02,1.419720534525501e-09
1.086260181198530e-02,1.417162238139242e-09
1.099039712742042e-02,1.414637518323987e-09
1.111819244285554e-02,1.412145504404199e-09
1.124598775829066e-02,1.409685325704346e-09
1.137378307372578e-02,1.407256111548892e-09
1.150157838916090e-02,1.404857036430073e-09
1.162937370459603e-02,1.402487455498175e-09
1.175716902003114e-02,1.400146769064739e-09
1.188496433546627e-02,1.397834377441304e-09
1.201275965090139e-02,1.395549680939409e-09
1.214055496633651e-02,1.393292079870596e-09
1.226835028177163e-02,1.391060974546402e-09
1.239614559720675e-02,1.388855765278369e-09
1.252394091264187e-02,1.386675852378036e-09
1.265173622807700e-02,1.384520636156943e-09
1.277953154351211e-02,1.382389542983914e-09
1.290732685894724e-02,1.380282103466145e-09
1.303512217438236e-02,1.378197874272731e-09
1.316291748981748e-02,1.376136412072768e-09
1.329071280525260e-02,1.374097273535350e-09
1.341850812068772e-02,1.372080015329574e-09
1.354630343612284e-02,1.370084194124534e-09
1.367409875155796e-02,1.368109366589326e-09
1.380189406699308e-02,1.366155089393044e-09
1.392968938242821e-02,1.364220919204786e-09
1.405748469786333e-02,1.362306431337218e-09
1.418528001329845e-02,1.360411275678384e-09
1.431307532873357e-02,1.358535120760442e-09
1.444087064416869e-02,1.356677635115547e-09
1.456866595960381e-02,1.354838487275858e-09
1.469646127503893e-02,1.353017345773531e-09
1.482425659047405e-02,1.351213879140723e-09
1.495205190590917e-02,1.349427755909592e-09
1.507984722134430e-02,1.347658644612293e-09
1.520764253677942e-02,1.345906213780985e-09
1.533543785221454e-02,1.344170144498688e-09
1.546323316764966e-02,1.342450168048896e-09
1.559102848308478e-02,1.340746028264468e-09
1.571882379851990e-02,1.339057468978267e-09
1.584661911395502e-02,1.337384234023155e-09
1.597441442939014e-02,1.335726067231992e-09
1.610220974482527e-02,1.334082712437641e-09
1.623000506026039e-02,1.332453913472962e-09
1.635780037569551e-02,1.330839414170818e-09
1.648559569113063e-02,1.329238958364071e-09
1.661339100656575e-02,1.327652299166443e-09
1.674118632200087e-02,1.326079226818865e-09
1.686898163743599e-02,1.324519540845003e-09
1.699677695287111e-02,1.322973040768527e-09
1.712457226830624e-02,1.321439526113106e-09
1.725236758374135e-02,1.319918796402407e-09
1.738016289917648e-02,1.318410651160099e-09
1.750795821461160e-02,1.316914889909852e-09
1.763575353004672e-02,1.315431312175333e-09
1.776354884548184e-02,1.313959717480210e-09
1.789134416091696e-02,1.312499911901846e-09
1.801913947635208e-02,1.311051727733081e-09
1.814693479178720e-02,1.309615003820803e-09
1.827473010722232e-02,1.308189579011900e-09
1.840252542265745e-02,1.306775292153261e-09
1.853032073809257e-02,1.305371982091775e-09
1.865811605352769e-02,1.303979487674330e-09
1.878591136896281e-02,1.302597647747815e-09
1.891370668439793e-02,1.301226301159118e-09
1.904150199983305e-02,1.299865286755126e-09
1.916929731526817e-02,1.298514448548788e-09
1.929709263070329e-02,1.297173651216308e-09
1.942488794613842e-02,1.295842764599466e-09
1.955268326157353e-02,1.294521658540041e-09
1.968047857700866e-02,1.293210202879811e-09
1.980827389244378e-02,1.291908267460557e-09
1.993606920787890e-02,1.290615722124056e-09
2.006386452331402e-02,1.289332436712088e-09
2.019165983874914e-02,1.288058281066432e-09
2.031945515418426e-02,1.286793125028866e-09
2.044725046961939e-02,1.285536842245168e-09
2.057504578505450e-02,1.284289321578834e-09
2.070284110048963e-02,1.283050455698224e-09
2.083063641592475e-02,1.281820137271699e-09
2.095843173135987e-02,1.280598258967618e-09
2.108622704679499e-02,1.279384713454343e-09
2.121402236223011e-02,1.278179393400232e-09
2.134181767766523e-02,1.276982191473646e-09
2.146961299310035e-02,1.275793000342946e-09
2.159740830853547e-02,1.274611712676490e-09
2.172520362397060e-02,1.273438224133643e-09
2.185299893940572e-02,1.272272442338250e-09
2.198079425484084e-02,1.271114277905398e-09
2.210858957027596e-02,1.269963641450175e-09
2.223638488571108e-02,1.268820443587667e-09
2.236418020114620e-02,1.267684594932961e-09
2.249197551658132e-02,1.266556006101144e-09
2.261977083201644e-02,1.265434587707302e-09
2.274756614745157e-02,1.264320250366523e-09
2.287536146288669e-02,1.263212904693893e-09
2.300315677832181e-02,1.262112463783973e-09
2.313095209375693e-02,1.261018850648876e-09
2.325874740919205e-02,1.259931990780020e-09
2.338654272462717e-02,1.258851809668821e-09
2.351433804006229e-02,1.257778232806697e-09
2.364213335549741e-02,1.256711185685066e-09
2.376992867093253e-02,1.255650593795343e-09
2.389772398636766e-02,1.254596382628947e-09
2.402551930180278e-02,1.253548477677294e-09
2.415331461723790e-02,1.252506804431802e-09
2.428110993267302e-02,1.251471290157280e-09
2.440890524810814e-02,1.250441869211344e-09
2.453670056354326e-02,1.249418477724614e-09
2.466449587897838e-02,1.248401051827715e-09
2.479229119441350e-02,1.247389527651269e-09
2.492008650984863e-02,1.246383841325899e-09
2.504788182528375e-02,1.245383928982227e-09
2.517567714071887e-02,1.244389726750875e-09
2.530347245615399e-02,1.243401170762468e-09
2.543126777158911e-02,1.242418197147627e-09
2.555906308702423e-02,1.241440743624535e-09
2.568685840245935e-02,1.240468754261942e-09
2.581465371789447e-02,1.239502174716327e-09
2.594244903332960e-02,1.238540950644166e-09
2.607024434876471e-02,1.237585027701937e-09
2.619803966419984e-02,1.236634351546116e-09
2.632583497963496e-02,1.235688867833182e-09
2.645363029507008e-02,1.234748522219610e-09
2.658142561050520e-02,1.233813260361878e-09
2.670922092594032e-02,1.232883027916463e-09
2.683701624137544e-02,1.231957771773956e-09
2.696481155681056e-02,1.231037443761295e-09
2.709260687224568e-02,1.230121996939479e-09
2.722040218768081e-02,1.229211384369507e-09
2.734819750311593e-02,1.228305559112377e-09
2.747599281855105e-02,1.227404474229087e-09
2.760378813398617e-02,1.226508082780636e-09
2.773158344942129e-02,1.225616337828023e-09
2.785937876485641e-02,1.224729192432246e-09
2.798717408029153e-02,1.223846599654303e-09
2.811496939572665e-02,1.222968513647363e-09
2.824276471116178e-02,1.222094892932851e-09
2.837056002659689e-02,1.221225697124155e-09
2.849835534203202e-02,1.220360885834661e-09
2.862615065746714e-02,1.219500418677755e-09
2.875394597290226e-02,1.218644255266824e-09
2.888174128833738e-02,1.217792355215254e-09
2.900953660377250e-02,1.216944678136432e-09
2.913733191920762e-02,1.216101183643744e-09
2.926512723464274e-02,1.215261831350577e-09
2.939292255007787e-02,1.214426581640585e-09
2.952071786551299e-02,1.213595397978690e-09
2.964851318094811e-02,1.212768244600183e-09
2.977630849638323e-02,1.211945085740354e-09
2.990410381181835e-02,1.211125885634494e-09
3.003189912725347e-02,1.210310608517892e-09
3.015969444268859e-02,1.209499218625839e-09
3.028748975812371e-02,1.208691680193625e-09
3.041528507355883e-02,1.207887957456540e-09
3.054308038899396e-02,1.207088014649874e-09
3.067087570442908e-02,1.206291816791898e-09
3.079867101986420e-02,1.205499332032767e-09
3.092646633529932e-02,1.204710529305602e-09
3.105426165073444e-02,1.203925377543526e-09
3.118205696616956e-02,1.203143845679660e-09
3.130985228160468e-02,1.202365902647124e-09
3.143764759703981e-02,1.201591517379041e-09
3.156544291247493e-02,1.200820658808532e-09
3.169323822791005e-02,1.200053295868717e-09
3.182103354334517e-02,1.199289397492720e-09
3.194882885878029e-02,1.198528933277296e-09
3.207662417421541e-02,1.197771875473531e-09
3.220441948965053e-02,1.197018196996035e-09
3.233221480508566e-02,1.196267870759417e-09
3.246001012052077e-02,1.195520869678289e-09
3.258780543595589e-02,1.194777166667260e-09
3.271560075139102e-02,1.194036734640941e-09
3.284339606682614e-02,1.193299546513942e-09
3.297119138226126e-02,1.192565575200873e-09
3.309898669769638e-02,1.191834793616344e-09
3.322678201313150e-02,1.191107175062649e-09
3.335457732856662e-02,1.190382694392943e-09
3.348237264400174e-02,1.189661326848119e-09
3.361016795943687e-02,1.188943047669077e-09
3.373796327487198e-02,1.188227832096712e-09
3.386575859030710e-02,1.187515655371920e-09
3.399355390574223e-02,1.186806492735600e-09
3.412134922117735e-02,1.186100319428647e-09
3.424914453661247e-02,1.185397110691959e-09
3.437693985204759e-02,1.184696841766431e-09
3.450473516748271e-02,1.183999488411403e-09
3.463253048291783e-02,1.183305028459991e-09
3.476032579835295e-02,1.182613440263755e-09
3.488812111378808e-02,1.181924702174258e-09
3.501591642922319e-02,1.181238792543060e-09
3.514371174465832e-02,1.180555689721724e-09
3.527150706009344e-02,1.179875372061810e-09
3.539930237552856e-02,1.179197817914880e-09
3.552709769096368e-02,1.178523005632495e-09
3.565489300639881e-02,1.177850913566217e-09
3.578268832183392e-02,1.177181520461307e-09
3.591048363726904e-02,1.176514806637716e-09
3.603827895270417e-02,1.175850752809041e-09
3.616607426813929e-02,1.175189339688876e-09
3.629386958357441e-02,1.174530547990818e-09
3.642166489900953e-02,1.173874358428462e-09
3.654946021444465e-02,1.173220751715404e-09
3.667725552987977e-02,1.172569708565240e-09
3.680505084531489e-02,1.171921209691565e-09
3.693284616075002e-02,1.171275235807975e-09
3.706064147618514e-02,1.170631767925303e-09
3.718843679162025e-02,1.169990788243431e-09
3.731623210705538e-02,1.169352279259534e-09
3.744402742249050e-02,1.168716223470786e-09
3.757182273792562e-02,1.168082603374359e-09
3.769961805336074e-02,1.167451401467429e-09
3.782741336879586e-02,1.166822600247167e-09
3.795520868423098e-02,1.166196182210749e-09
3.808300399966610e-02,1.165572129855349e-09
3.821079931510123e-02,1.164950425678138e-09
3.833859463053635e-02,1.164331052483247e-09
3.846638994597146e-02,1.163713994302639e-09
3.859418526140659e-02,1.163099235475244e-09
3.872198057684171e-02,1.162486760339992e-09
3.884977589227683e-02,1.161876553235811e-09
3.897757120771195e-02,1.161268598501631e-09
3.910536652314707e-02,1.160662880476381e-09
3.923316183858219e-02,1.160059383498991e-09
3.936095715401731e-02,1.159458091908389e-09
3.948875246945244e-02,1.158858990043505e-09
3.961654778488756e-02,1.158262062500335e-09
3.974434310032268e-02,1.157667294903082e-09
3.987213841575780e-02,1.157074673132986e-09
3.999993373119292e-02,1.156484183071287e-09
4.012772904662804e-02,1.155895810599225e-09
4.025552436206317e-02,1.155309541598041e-09
4.038331967749829e-02,1.154725361948974e-09
4.051111499293340e-02,1.154143257533264e-09
4.063891030836853e-02,1.153563214232152e-09
4.076670562380365e-02,1.152985217926878e-09
4.089450093923877e-02,1.152409254673735e-09
4.102229625467389e-02,1.151835311229307e-09
4.115009157010902e-02,1.151263374525267e-09
4.127788688554413e-02,1.150693431493288e-09
4.140568220097925e-02,1.150125469065043e-09
4.153347751641438e-02,1.149559474172206e-09
4.166127283184950e-02,1.148995433746450e-09
4.178906814728462e-02,1.148433334719447e-09
4.191686346271974e-02,1.147873164022871e-09
4.204465877815486e-02,1.147314908588395e-09
4.217245409358998e-02,1.146758555615234e-09
4.230024940902510e-02,1.146204093372800e-09
4.242804472446023e-02,1.145651510398062e-09
4.255584003989534e-02,1.145100795227990e-09
4.268363535533046e-02,1.144551936399551e-09
4.281143067076559e-02,1.144004922449715e-09
4.293922598620071e-02,1.143459741915452e-09
4.306702130163583e-02,1.142916383333730e-09
4.319481661707095e-02,1.142374835241519e-09
4.332261193250607e-02,1.141835086175787e-09
4.345040724794119e-02,1.141297124782082e-09
4.357820256337631e-02,1.140760940140247e-09
4.370599787881144e-02,1.140226521438694e-09
4.383379319424656e-02,1.139693857865835e-09
4.396158850968167e-02,1.139162938610082e-09
4.408938382511680e-02,1.138633752859846e-09
4.421717914055192e-02,1.138106289803539e-09
4.434497445598704e-02,1.137580538629573e-09
4.447276977142216e-02,1.137056488526360e-09
4.460056508685728e-02,1.136534128682312e-09
4.472836040229240e-02,1.136013448451711e-09
4.485615571772752e-02,1.135494437852400e-09
4.498395103316265e-02,1.134977087068131e-09
4.511174634859777e-02,1.134461386282655e-09
4.523954166403289e-02,1.133947325679724e-09
4.536733697946801e-02,1.133434895443090e-09
4.549513229490313e-02,1.132924085756505e-09
4.562292761033825e-02,1.132414886803720e-09
4.575072292577338e-02,1.131907288768488e-09
4.587851824120850e-02,1.131401281834559e-09
4.600631355664361e-02,1.130896856371258e-09
4.613410887207874e-02,1.130394003490224e-09
4.626190418751386e-02,1.129892714488685e-09
4.638969950294898e-02,1.129392980663868e-09
4.651749481838410e-02,1.128894793312999e-09
4.664529013381922e-02,1.128398143733307e-09
4.677308544925434e-02,1.127903023222018e-09
4.690088076468946e-02,1.127409423076360e-09
4.702867608012459e-02,1.126917334593559e-09
4.715647139555971e-02,1.126426749070843e-09
4.728426671099482e-02,1.125937657872836e-09
4.741206202642995e-02,1.125450052633745e-09
4.753985734186507e-02,1.124963925055170e-09
4.766765265730019e-02,1.124479266838709e-09
4.779544797273531e-02,1.123996069685964e-09
4.792324328817044e-02,1.123514325298532e-09
4.805103860360555e-02,1.123034025378014e-09
4.817883391904067e-02,1.122555161626009e-09
4.830662923447580e-02,1.122077725744118e-09
4.843442454991092e-02,1.121601709433938e-09
4.856221986534604e-02,1.121127104328732e-09
4.869001518078116e-02,1.120653901788431e-09
4.881781049621628e-02,1.120182093104642e-09
4.894560581165140e-02,1.119711669568974e-09
4.907340112708652e-02,1.119242622473035e-09
4.920119644252165e-02,1.118774943108433e-09
4.932899175795677e-02,1.118308622766774e-09
4.945678707339188e-02,1.117843652739667e-09
4.958458238882701e-02,1.117380024318720e-09
4.971237770426213e-02,1.116917728795541e-09
4.984017301969725e-02,1.116456759422552e-09
4.996796833513237e-02,1.115997117295867e-09
5.000000000000000e-02,1.115882117214683e-09
5.009576365056749e-02,1.115538804656950e-09
5.022355896600261e-02,1.115081816632515e-09
5.035135428143774e-02,1.114626144679407e-09
5.047914959687286e-02,1.114171780223946e-09
5.060694491230798e-02,1.113718714692454e-09
5.073474022774310e-02,1.113266939511250e-09
5.086253554317822e-02,1.112816446106657e-09
5.099033085861334e-02,1.112367225904994e-09
5.111812617404846e-02,1.111919270650571e-09
5.124592148948359e-02,1.111472573359630e-09
5.137371680491870e-02,1.111027127366390e-09
5.150151212035382e-02,1.110582926005068e-09
5.162930743578895e-02,1.110139962609883e-09
5.175710275122407e-02,1.109698230515053e-09
5.188489806665919e-02,1.109257723054796e-09
5.201269338209431e-02,1.108818433563330e-09
5.214048869752943e-02,1.108380355374874e-09
5.226828401296455e-02,1.107943481823645e-09
5.239607932839967e-02,1.107507806404036e-09
5.252387464383480e-02,1.107073323251073e-09
5.265166995926992e-02,1.106640026659924e-09
5.277946527470503e-02,1.106207910925760e-09
5.290726059014016e-02,1.105776970343750e-09
5.303505590557528e-02,1.105347199209064e-09
5.316285122101040e-02,1.104918591816871e-09
5.329064653644552e-02,1.104491142462340e-09
5.341844185188065e-02,1.104064845440641e-09
5.354623716731576e-02,1.103639695046943e-09
5.367403248275088e-02,1.103215685574450e-09
5.380182779818601e-02,1.102792811308494e-09
5.392962311362113e-02,1.102371066532442e-09
5.405741842905625e-02,1.101950445529660e-09
5.418521374449137e-02,1.101530942583514e-09
5.431300905992649e-02,1.101112551977371e-09
5.444080437536161e-02,1.100695267994597e-09
5.456859969079673e-02,1.100279084918558e-09
5.469639500623186e-02,1.099863997032621e-09
5.482419032166697e-02,1.099449998620151e-09
5.495198563710210e-02,1.099037084077988e-09
5.507978095253722e-02,1.098625248256856e-09
5.520757626797234e-02,1.098214486120948e-09
5.533537158340746e-02,1.097804792634462e-09
5.546316689884258e-02,1.097396162761590e-09
5.559096221427770e-02,1.096988591466528e-09
5.571875752971282e-02,1.096582073713472e-09
5.584655284514795e-02,1.096176604466615e-09
5.597434816058307e-02,1.095772178690153e-09
5.610214347601819e-02,1.095368791348280e-09
5.622993879145331e-02,1.094966437425548e-09
5.635773410688843e-02,1.094565111987923e-09
5.648552942232355e-02,1.094164810121727e-09
5.661332473775867e-02,1.093765526913280e-09
5.674112005319380e-02,1.093367257448903e-09
5.686891536862891e-02,1.092969996814915e-09
5.699671068406403e-02,1.092573740097638e-09
5.712450599949916e-02,1.092178482383391e-09
5.725230131493428e-02,1.091784218758495e-09
5.738009663036940e-02,1.091390944309271e-09
5.750789194580452e-02,1.090998654194099e-09
5.763568726123964e-02,1.090607343859624e-09
5.776348257667476e-02,1.090217008824562e-09
5.789127789210988e-02,1.089827644607628e-09
5.801907320754501e-02,1.089439246727540e-09
5.814686852298013e-02,1.089051810703014e-09
5.827466383841524e-02,1.088665332052765e-09
5.840245915385037e-02,1.088279806295510e-09
5.853025446928549e-02,1.087895228949964e-09
5.865804978472061e-02,1.087511595534845e-09
5.878584510015573e-02,1.087128901601527e-09
5.891364041559085e-02,1.086747142832025e-09
5.904143573102597e-02,1.086366314941009e-09
5.916923104646109e-02,1.085986413643155e-09
5.929702636189622e-02,1.085607434653134e-09
5.942482167733134e-02,1.085229373685619e-09
5.955261699276646e-02,1.084852226455284e-09
5.968041230820158e-02,1.084475988676801e-09
5.980820762363670e-02,1.084100656064843e-09
5.993600293907182e-02,1.083726224334083e-09
6.006379825450694e-02,1.083352689315228e-09
6.019159356994207e-02,1.082980047303094e-09
6.031938888537718e-02,1.082608294708513e-09
6.044718420081231e-02,1.082237427942320e-09
6.057497951624743e-02,1.081867443415348e-09
6.070277483168255e-02,1.081498337538430e-09
6.083057014711767e-02,1.081130106722399e-09
6.095836546255279e-02,1.080762747378090e-09
6.108616077798791e-02,1.080396255916336e-09
6.121395609342303e-02,1.080030628747969e-09
6.134175140885816e-02,1.079665862206126e-09
6.146954672429328e-02,1.079301952313117e-09
6.159734203972840e-02,1.078938895013541e-09
6.172513735516352e-02,1.078576686251996e-09
6.185293267059864e-02,1.078215321973082e-09
6.198072798603376e-02,1.077854798121395e-09
6.210852330146888e-02,1.077495110641535e-09
6.223631861690401e-02,1.077136255478100e-09
6.236411393233912e-02,1.076778228575689e-09
6.249190924777424e-02,1.076421025878900e-09
6.261970456320937e-02,1.076064643442458e-09
6.274749987864449e-02,1.075709077761601e-09
6.287529519407961e-02,1.075354325441699e-09
6.300309050951473e-02,1.075000383088119e-09
6.313088582494986e-02,1.074647247306231e-09
6.325868114038498e-02,1.074294914701404e-09
6.338647645582010e-02,1.073943381879006e-09
6.351427177125522e-02,1.073592645444405e-09
6.364206708669033e-02,1.073242702002971e-09
6.376986240212545e-02,1.072893548160074e-09
6.389765771756058e-02,1.072545180596536e-09
6.402545303299570e-02,1.072197596294993e-09
6.415324834843082e-02,1.071850792313528e-09
6.428104366386594e-02,1.071504765710222e-09
6.440883897930107e-02,1.071159513543157e-09
6.453663429473619e-02,1.070815032870416e-09
6.466442961017131e-02,1.070471320750081e-09
6.479222492560642e-02,1.070128374240234e-09
6.492002024104154e-02,1.069786190398958e-09
6.504781555647667e-02,1.069444766284334e-09
6.517561087191179e-02,1.069104098865302e-09
6.530340618734691e-02,1.068764184754193e-09
6.543120150278203e-02,1.068425020474178e-09
6.555899681821716e-02,1.068086602548427e-09
6.568679213365228e-02,1.067748927500110e-09
6.581458744908740e-02,1.067411991852397e-09
6.594238276452252e-02,1.067075792128459e-09
6.607017807995763e-02,1.066740324851465e-09
6.619797339539275e-02,1.066405586544587e-09
6.632576871082788e-02,1.066071573730993e-09
6.645356402626300e-02,1.065738283083048e-09
6.658135934169812e-02,1.065405711869909e-09
6.670915465713324e-02,1.065073857509938e-09
6.683694997256837e-02,1.064742717421494e-09
6.696474528800349e-02,1.064412289022937e-09
6.709254060343861e-02,1.064082569732629e-09
6.722033591887373e-02,1.063753556968929e-09
6.734813123430886e-02,1.063425248150198e-09
6.747592654974396e-02,1.063097640694797e-09
6.760372186517909e-02,1.062770732021084e-09
6.773151718061421e-02,1.062444519503248e-09
6.785931249604933e-02,1.062119000338785e-09
6.798710781148445e-02,1.061794171681020e-09
6.811490312691958e-02,1.061470030683281e-09
6.824269844235470e-02,1.061146574498895e-09
6.837049375778982e-02,1.060823800281186e-09
6.849828907322494e-02,1.060501705183483e-09
6.862608438866007e-02,1.060180286359111e-09
6.875387970409517e-02,1.059859540961397e-09
6.888167501953030e-02,1.059539466143667e-09
6.900947033496542e-02,1.059220059124191e-09
6.913726565040054e-02,1.058901317381041e-09
6.926506096583566e-02,1.058583238457247e-09
6.939285628127079e-02,1.058265819895841e-09
6.952065159670591e-02,1.057949059239852e-09
6.964844691214103e-02,1.057632954032310e-09
6.977624222757615e-02,1.057317501816247e-09
6.990403754301128e-02,1.057002700134693e-09
7.003183285844640e-02,1.056688546530678e-09
7.015962817388151e-02,1.056375038547232e-09
7.028742348931663e-02,1.056062173716549e-09
7.041521880475175e-02,1.055749949527471e-09
7.054301412018688e-02,1.055438363458000e-09
7.067080943562200e-02,1.055127412986142e-09
7.079860475105712e-02,1.054817095589898e-09
7.092640006649224e-02,1.054507408747273e-09
7.105419538192737e-02,1.054198349936271e-09
7.118199069736249e-02,1.053889916634895e-09
7.130978601279761e-02,1.053582106321148e-09
7.152277820518949e-02,1.053070466698657e-09
7.173577039758135e-02,1.052560539168049e-09
7.194876258997322e-02,1.052052313314161e-09
7.216175478236508e-02,1.051545778973986e-09
7.237474697475696e-02,1.051040925984521e-09
7.258773916714882e-02,1.050537744182758e-09
7.280073135954070e-02,1.050036223405693e-09
7.301372355193256e-02,1.049536353490321e-09
7.322671574432443e-02,1.049038124273635e-09
7.343970793671629e-02,1.048541525592630e-09
7.365270012910817e-02,1.048046547284300e-09
7.386569232150003e-02,1.047553179301477e-09
7.407868451389191e-02,1.047061412060334e-09
7.429167670628377e-02,1.046571236092880e-09
7.450466889867564e-02,1.046082641931126e-09
7.471766109106751e-02,1.045595620107080e-09
7.493065328345938e-02,1.045110161152753e-09
7.514364547585124e-02,1.044626255600153e-09
7.535663766824312e-02,1.044143893981292e-09
7.556962986063498e-02,1.043663066828177e-09
7.578262205302685e-02,1.043183764672819e-09
7.599561424541872e-02,1.042705978162456e-09
7.620860643781059e-02,1.042229698405231e-09
7.642159863020245e-02,1.041754916624507e-09
7.663459082259433e-02,1.041281624043650e-09
7.684758301498619e-02,1.040809811886024e-09
7.706057520737807e-02,1.040339471374994e-09
7.727356739976993e-02,1.039870593733923e-09
7.748655959216180e-02,1.039403170186177e-09
7.769955178455366e-02,1.038937191955120e-09
7.791254397694554e-02,1.038472650264116e-09
7.812553616933740e-02,1.038009536506998e-09
7.833852836172928e-02,1.037547842759428e-09
7.855152055412114e-02,1.037087561267518e-09
7.876451274651301e-02,1.036628684277378e-09
7.897750493890487e-02,1.036171204035121e-09
7.919049713129675e-02,1.035715112786857e-09
7.940348932368861e-02,1.035260402778699e-09
7.961648151608049e-02,1.034807066256756e-09
7.982947370847235e-02,1.034355095467140e-09
8.004246590086422e-02,1.033904482655963e-09
8.025545809325609e-02,1.033455220105780e-09
8.046845028564796e-02,1.033007300244922e-09
8.068144247803982e-02,1.032560715538174e-09
8.089443467043170e-02,1.032115458450315e-09
8.110742686282357e-02,1.031671521446128e-09
8.132041905521543e-02,1.031228896990392e-09
8.153341124760730e-02,1.030787577547891e-09
8.174640343999917e-02,1.030347555583406e-09
8.195939563239105e-02,1.029908823561716e-09
8.217238782478291e-02,1.029471373947605e-09
8.238538001717477e-02,1.029035199368029e-09
8.259837220956665e-02,1.028600293098663e-09
8.281136440195852e-02,1.028166648577370e-09
8.302435659435038e-02,1.027734259242010e-09
8.323734878674224e-02,1.027303118530445e-09
8.345034097913412e-02,1.026873219880537e-09
8.366333317152599e-02,1.026444556730147e-09
8.387632536391786e-02,1.026017122517136e-09
8.408931755630973e-02,1.025590910679365e-09
8.430230974870159e-02,1.025165914654697e-09
8.451530194109347e-02,1.024742127898191e-09
8.472829413348533e-02,1.024319543933703e-09
8.494128632587720e-02,1.023898156302290e-09
8.515427851826907e-02,1.023477958545005e-09
8.536727071066094e-02,1.023058944202906e-09
8.558026290305280e-02,1.022641106817045e-09
8.579325509544468e-02,1.022224439928480e-09
8.600624728783654e-02,1.021808937078265e-09
8.621923948022842e-02,1.021394591807456e-09
8.643223167262028e-02,1.020981397657108e-09
8.664522386501215e-02,1.020569348350209e-09
8.685821605740401e-02,1.020158438337464e-09
8.707120824979589e-02,1.019748662251500e-09
8.728420044218775e-02,1.019340014724947e-09
8.749719263457963e-02,1.018932490390432e-09
8.771018482697149e-02,1.018526083880585e-09
8.792317701936336e-02,1.018120789828035e-09
8.813616921175522e-02,1.017716602865408e-09
8.834916140414710e-02,1.017313517625335e-09
8.856215359653896e-02,1.016911528740444e-09
8.877514578893084e-02,1.016510630755316e-09
8.898813798132270e-02,1.016110817862361e-09
8.920113017371457e-02,1.015712084165953e-09
8.941412236610644e-02,1.015314423770464e-09
8.962711455849831e-02,1.014917830780267e-09
8.984010675089017e-02,1.014522299299733e-09
9.005309894328205e-02,1.014127823433236e-09
9.026609113567391e-02,1.013734397285148e-09
9.047908332806578e-02,1.013342014959842e-09
9.069207552045766e-02,1.012950670561691e-09
9.090506771284952e-02,1.012560358452531e-09
9.111805990524138e-02,1.012171074024134e-09
9.133105209763326e-02,1.011782812925765e-09
9.154404429002513e-02,1.011395570806691e-09
9.175703648241700e-02,1.011009343316179e-09
9.197002867480886e-02,1.010624126103497e-09
9.218302086720073e-02,1.010239914817911e-09
9.239601305959261e-02,1.009856705108689e-09
9.260900525198447e-02,1.009474492625097e-09
9.282199744437633e-02,1.009093273016402e-09
9.303498963676821e-02,1.008713041796385e-09
9.324798182916008e-02,1.008333793936860e-09
9.346097402155194e-02,1.007955524274145e-09
9.367396621394380e-02,1.007578227644558e-09
9.388695840633568e-02,1.007201898884416e-09
9.409995059872756e-02,1.006826532830037e-09
9.431294279111942e-02,1.006452124317739e-09
9.452593498351128e-02,1.006078668183839e-09
9.473892717590315e-02,1.005706159264656e-09
9.495191936829503e-02,1.005334592396508e-09
9.516491156068689e-02,1.004963962590704e-09
9.537790375307875e-02,1.004594265558531e-09
9.559089594547063e-02,1.004225497186272e-09
9.580388813786250e-02,1.003857653360209e-09
9.601688033025436e-02,1.003490729966625e-09
9.622987252264624e-02,1.003124722891802e-09
9.644286471503810e-02,1.002759628022021e-09
9.665585690742998e-02,1.002395441243567e-09
9.686884909982184e-02,1.002032158442720e-09
9.708184129221371e-02,1.001669775505764e-09
9.729483348460558e-02,1.001308288328008e-09
9.750782567699745e-02,1.000947692840875e-09
9.772081786938931e-02,1.000587984984813e-09
9.793381006178119e-02,1.000229160700273e-09
9.814680225417305e-02,9.998712159277028e-10
9.835979444656492e-02,9.995141466075523e-10
9.857278663895679e-02,9.991579486802712e-10
9.878577883134866e-02,9.988026180863083e-10
9.899877102374052e-02,9.984481507661134e-10
9.921176321613240e-02,9.980945426601353e-10
9.942475540852426e-02,9.977417897577103e-10
9.963774760091614e-02,9.973898882437100e-10
9.985073979330800e-02,9.970388343518885e-10
1.000637319857000e-01,9.966886243159992e-10
1.002767241780920e-01,9.963392543697969e-10
1.004897163704840e-01,9.959907207470352e-10
1.007027085628750e-01,9.956430196814696e-10
1.009157007552670e-01,9.952961474068511e-10
1.011286929476590e-01,9.949501001569350e-10
1.013416851400510e-01,9.946048741654752e-10
1.015546773324430e-01,9.942604657124150e-10
1.017676695248350e-01,9.939168712624928e-10
1.019806617172270e-01,9.935740873266550e-10
1.021936539096190e-01,9.932321104158483e-10
1.024066461020100e-01,9.928909370410212e-10
1.026196382944020e-01,9.925505637131175e-10
1.028326304867940e-01,9.922109869430851e-10
1.030456226791860e-01,9.918722032418710e-10
1.032586148715780e-01,9.915342091204220e-10
1.034716070639700e-01,9.911970010896844e-10
1.036845992563620e-01,9.908605756720991e-10
1.038975914487540e-01,9.905249294360777e-10
1.041105836411450e-01,9.901900589615245e-10
1.043235758335370e-01,9.898559608283390e-10
1.045365680259290e-01,9.895226316164261e-10
1.047495602183210e-01,9.891900679056886e-10
1.049625524107130e-01,9.888582662760296e-10
1.051755446031050e-01,9.885272233073515e-10
1.053885367954970e-01,9.881969355795579e-10
1.056015289878880e-01,9.878673996725529e-10
1.058145211802800e-01,9.875386122297661e-10
1.060275133726720e-01,9.872105701486468e-10
1.062405055650640e-01,9.868832703901206e-10
1.064534977574560e-01,9.865567099151126e-10
1.066664899498480e-01,9.862308856845490e-10
1.068794821422400e-01,9.859057946593548e-10
1.070924743346320e-01,9.855814338004557e-10
1.073054665270230e-01,9.852578000687787e-10
1.075184587194150e-01,9.849348904252464e-10
1.077314509118070e-01,9.846127018307858e-10
1.079444431041990e-01,9.842912312863035e-10
1.081574352965910e-01,9.839704759527404e-10
1.083704274889830e-01,9.836504330310742e-10
1.085834196813750e-01,9.833310997222821e-10
1.087964118737660e-01,9.830124732273431e-10
1.090094040661580e-01,9.826945507472316e-10
1.092223962585500e-01,9.823773294829265e-10
1.094353884509420e-01,9.820608066354051e-10
1.096483806433340e-01,9.817449794056453e-10
1.098613728357260e-01,9.814298449946238e-10
1.100743650281180e-01,9.811154005467360e-10
1.102873572205100e-01,9.808016429799598e-10
1.105003494129010e-01,9.804885691556490e-10
1.107133416052930e-01,9.801761759351532e-10
1.109263337976850e-01,9.798644601798255e-10
1.111393259900770e-01,9.795534187510188e-10
1.113523181824690e-01,9.792430485100851e-10
1.115653103748610e-01,9.789333463183768e-10
1.117783025672530e-01,9.786243090372462e-10
1.119912947596450e-01,9.783159335280453e-10
1.122042869520360e-01,9.780082168233290e-10
1.124172791444280e-01,9.777011566405007e-10
1.126302713368200e-01,9.773947508681951e-10
1.128432635292120e-01,9.770889973950443e-10
1.130562557216040e-01,9.767838941096816e-10
1.132692479139960e-01,9.764794389007393e-10
1.134822401063880e-01,9.761756296568505e-10
1.136952322987790e-01,9.758724642666492e-10
1.139082244911710e-01,9.755699406187653e-10
1.141212166835630e-01,9.752680566018332e-10
1.143342088759550e-01,9.749668099998716e-10
1.145472010683470e-01,9.746661981785447e-10
1.147601932607390e-01,9.743662183989511e-10
1.149731854531310e-01,9.740668679221900e-10
1.151861776455230e-01,9.737681440093606e-10
1.153991698379140e-01,9.734700439215635e-10
1.156121620303060e-01,9.731725649198952e-10
1.158251542226980e-01,9.728757042654558e-10
1.160381464150900e-01,9.725794592193448e-10
1.162511386074820e-01,9.722838270426612e-10
1.164641307998740e-01,9.719888050541061e-10
1.166771229922660e-01,9.716943908026639e-10
1.168901151846570e-01,9.714005818948595e-10
1.171031073770490e-01,9.711073759372138e-10
1.173160995694410e-01,9.708147705362517e-10
1.175290917618330e-01,9.705227632984968e-10
1.177420839542250e-01,9.702313518304728e-10
1.179550761466170e-01,9.699405337387035e-10
1.181680683390090e-01,9.696503066297119e-10
1.183810605314010e-01,9.693606681100225e-10
1.185940527237920e-01,9.690716158983389e-10
1.188070449161840e-01,9.687831481623292e-10
1.190200371085760e-01,9.684952631819687e-10
1.192330293009680e-01,9.682079592372321e-10
1.194460214933600e-01,9.679212346080935e-10
1.196590136857520e-01,9.676350875745278e-10
1.198720058781440e-01,9.673495164165091e-10
1.200849980705360e-01,9.670645194140121e-10
1.202979902629270e-01,9.667800948470121e-10
1.205109824553190e-01,9.664962409954810e-10
1.207239746477110e-01,9.662129559847146e-10
1.209369668401030e-01,9.659302373211347e-10
1.211499590324950e-01,9.656480823564055e-10
1.213629512248870e-01,9.653664884421929e-10
1.215759434172790e-01,9.650854529301614e-10
1.217889356096700e-01,9.648049731719773e-10
1.220019278020620e-01,9.645250465193030e-10
1.222149199944540e-01,9.642456703238050e-10
1.224279121868460e-01,9.639668419371483e-10
1.226409043792380e-01,9.636885587109978e-10
1.228538965716300e-01,9.634108181690988e-10
1.230668887640220e-01,9.631336185234764e-10
1.232798809564140e-01,9.628569581582137e-10
1.234928731488050e-01,9.625808354573967e-10
1.237058653411970e-01,9.623052488051061e-10
1.239188575335890e-01,9.620301965854273e-10
1.241318497259810e-01,9.617556771824441e-10
1.243448419183730e-01,9.614816889802405e-10
1.245578341107650e-01,9.612082303629003e-10
1.247708263031570e-01,9.609352997145072e-10
1.249838184955480e-01,9.606628953517867e-10
1.251968106879400e-01,9.603910153221206e-10
1.254098028803320e-01,9.601196576055844e-10
1.256227950727240e-01,9.598488201822528e-10
1.258357872651160e-01,9.595785010322001e-10
1.260487794575080e-01,9.593086981355006e-10
1.262617716499000e-01,9.590394094722287e-10
1.264747638422920e-01,9.587706330224591e-10
1.266877560346830e-01,9.585023667662672e-10
1.269007482270750e-01,9.582346086837248e-10
1.271137404194670e-01,9.579673568480502e-10
1.273267326118590e-01,9.577006097047750e-10
1.275397248042510e-01,9.574343657924471e-10
1.277527169966430e-01,9.571686236496145e-10
1.279657091890350e-01,9.569033818148248e-10
1.281787013814270e-01,9.566386388266257e-10
1.283916935738180e-01,9.563743932235663e-10
1.286046857662100e-01,9.561106435441919e-10
1.288176779586020e-01,9.558473883270515e-10
1.290306701509940e-01,9.555846261106930e-10
1.292436623433860e-01,9.553223553385204e-10
1.294566545357780e-01,9.550605740732028e-10
1.296696467281700e-01,9.547992802821860e-10
1.298826389205610e-01,9.545384719329165e-10
1.300956311129530e-01,9.542781469928372e-10
1.303086233053450e-01,9.540183034293951e-10
1.305216154977370e-01,9.537589392100357e-10
1.307346076901290e-01,9.535000523022042e-10
1.309475998825210e-01,9.532416406733465e-10
1.311605920749130e-01,9.529837022909078e-10
1.313735842673050e-01,9.527262352193064e-10
1.315865764596960e-01,9.524692379108938e-10
1.317995686520880e-01,9.522127089150129e-10
1.320125608444800e-01,9.519566467810093e-10
1.322255530368720e-01,9.517010500582284e-10
1.324385452292640e-01,9.514459172960147e-10
1.326515374216560e-01,9.511912470437132e-10
1.328645296140480e-01,9.509370378506689e-10
1.330775218064400e-01,9.506832882662264e-10
1.332905139988310e-01,9.504299968397321e-10
1.335035061912230e-01,9.501771621129765e-10
1.337164983836150e-01,9.499247825975545e-10
1.339294905760070e-01,9.496728567975105e-10
1.341424827683990e-01,9.494213832168892e-10
1.343554749607910e-01,9.491703603597354e-10
1.345684671531830e-01,9.489197867300938e-10
1.347814593455740e-01,9.486696608320100e-10
1.349944515379660e-01,9.484199811695265e-10
1.352074437303580e-01,9.481707462466891e-10
1.354204359227500e-01,9.479219545675428e-10
1.356334281151420e-01,9.476736046449676e-10
1.358464203075340e-01,9.474256950271694e-10
1.360594124999260e-01,9.471782242711806e-10
1.362724046923180e-01,9.469311909340340e-10
1.364853968847090e-01,9.466845935727633e-10
1.366983890771010e-01,9.464384307443986e-10
1.369113812694930e-01,9.461927010059735e-10
1.371243734618850e-01,9.459474029145207e-10
1.373373656542770e-01,9.457025350270728e-10
1.375503578466690e-01,9.454580959006622e-10
1.377633500390610e-01,9.452140840943187e-10
1.379763422314520e-01,9.449704981750657e-10
1.381893344238440e-01,9.447273367119232e-10
1.384023266162360e-01,9.444845982739146e-10
1.386153188086280e-01,9.442422814300613e-10
1.388283110010200e-01,9.440003847493858e-10
1.390413031934120e-01,9.437589068009102e-10
1.392542953858040e-01,9.435178461536561e-10
1.394672875781960e-01,9.432772013766459e-10
1.396802797705870e-01,9.430369710389027e-10
1.398932719629790e-01,9.427971537550393e-10
1.401062641553710e-01,9.425577483220974e-10
1.403192563477630e-01,9.423187535827365e-10
1.405322485401550e-01,9.420801683796161e-10
1.407452407325470e-01,9.418419915553960e-10
1.409582329249390e-01,9.416042219527355e-10
1.411712251173300e-01,9.413668584142953e-10
1.413842173097220e-01,9.411298997827330e-10
1.415972095021140e-01,9.408933449007089e-10
1.418102016945060e-01,9.406571926108829e-10
1.420231938868980e-01,9.404214416866438e-10
1.422361860792900e-01,9.401860906243040e-10
1.424491782716820e-01,9.399511378509090e-10
1.426621704640740e-01,9.397165817935036e-10
1.428751626564650e-01,9.394824208791344e-10
1.430881548488570e-01,9.392486535348441e-10
1.433011470412490e-01,9.390152781876793e-10
1.435141392336410e-01,9.387822932646850e-10
1.437271314260330e-01,9.385496971929065e-10
1.439401236184250e-01,9.383174883993887e-10
1.441531158108170e-01,9.380856655210155e-10
1.443661080032090e-01,9.378542280337456e-10
1.445791001956000e-01,9.376231756232375e-10
1.447920923879920e-01,9.373925079751465e-10
1.450050845803840e-01,9.371622247751311e-10
1.452180767727760e-01,9.369323257088492e-10
1.454310689651680e-01,9.367028104619580e-10
1.456440611575600e-01,9.364736787201153e-10
1.458570533499520e-01,9.362449301689784e-10
1.460700455423430e-01,9.360165644942061e-10
1.462830377347350e-01,9.357885807222507e-10
1.464960299271270e-01,9.355609752444469e-10
1.467090221195190e-01,9.353337437937706e-10
1.469220143119110e-01,9.351068821031980e-10
1.471350065043030e-01,9.348803859057044e-10
1.473479986966950e-01,9.346542509342662e-10
1.475609908890870e-01,9.344284729218590e-10
1.477739830814780e-01,9.342030476014600e-10
1.479869752738700e-01,9.339779707060427e-10
1.481999674662620e-01,9.337532379685844e-10
1.484129596586540e-01,9.335288475943276e-10
1.486259518510460e-01,9.333048076821173e-10
1.488389440434380e-01,9.330811288053317e-10
1.490519362358300e-01,9.328578215373493e-10
1.492649284282220e-01,9.326348964515482e-10
1.494779206206130e-01,9.324123641213081e-10
1.496909128130050e-01,9.321902351200055e-10
1.499039050053970e-01,9.319685200210196e-10
1.501168971977890e-01,9.317472293977286e-10
1.503298893901810e-01,9.315263738235116e-10
1.505428815825730e-01,9.313059547377356e-10
1.507558737749650e-01,9.310859370382659e-10
1.509688659673560e-01,9.308662764862266e-10
1.511818581597480e-01,9.306469288427396e-10
1.513948503521400e-01,9.304278498689294e-10
1.516078425445320e-01,9.302089953259199e-10
1.518208347369240e-01,9.299903209748343e-10
1.520338269293160e-01,9.297717825767965e-10
1.522468191217080e-01,9.295533358929301e-10
1.524598113141000e-01,9.293349366843586e-10
1.526728035064910e-01,9.291165745966789e-10
1.528857956988830e-01,9.288983747917748e-10
1.530987878912750e-01,9.286804963052083e-10
1.533117800836670e-01,9.284630981725394e-10
1.535247722760590e-01,9.282463394293287e-10
1.537377644684510e-01,9.280303791111366e-10
1.539507566608430e-01,9.278153762535235e-10
1.541637488532340e-01,9.276014898920510e-10
1.543767410456260e-01,9.273888790622773e-10
1.545897332380180e-01,9.271777027997638e-10
1.548027254304100e-01,9.269679942105396e-10
1.550157176228020e-01,9.267592829182719e-10
1.552287098151940e-01,9.265509727349514e-10
1.554417020075860e-01,9.263424674725686e-10
1.556546941999780e-01,9.261331709431139e-10
1.558676863923690e-01,9.259224869585792e-10
1.560806785847610e-01,9.257098193309529e-10
1.562936707771530e-01,9.254945718722263e-10
1.565066629695450e-01,9.252761483943905e-10
1.567196551619370e-01,9.250539527094356e-10
1.569326473543290e-01,9.248278575306799e-10
1.571456395467210e-01,9.245996123616559e-10
1.573586317391130e-01,9.243714361998627e-10
1.575716239315040e-01,9.241455480427998e-10
1.577846161238960e-01,9.239241668879644e-10
1.579976083162880e-01,9.237095117328564e-10
1.582106005086800e-01,9.235038015749747e-10
1.584235927010720e-01,9.233092554118185e-10
1.586365848934640e-01,9.231280922408866e-10
1.588495770858560e-01,9.229625310596778e-10
1.590625692782470e-01,9.228138391938341e-10
1.592755614706390e-01,9.226794760527717e-10
1.594885536630310e-01,9.225559487595561e-10
1.597015458554230e-01,9.224397644372519e-10
1.599145380478150e-01,9.223274302089236e-10
1.601275302402070e-01,9.222154531976358e-10
1.603405224325990e-01,9.221003405264529e-10
1.605535146249910e-01,9.219785993184400e-10
1.607665068173820e-01,9.218467366966619e-10
1.609794990097740e-01,9.217012597841821e-10
1.611924912021660e-01,9.215396256639959e-10
1.614054833945580e-01,9.213630913118165e-10
1.616184755869500e-01,9.211738636897860e-10
1.618314677793420e-01,9.209741497600474e-10
1.620444599717340e-01,9.207661564847426e-10
1.622574521641260e-01,9.205520908260145e-10
1.624704443565170e-01,9.203341597460062e-10
1.626834365489090e-01,9.201145702068584e-10
1.628964287413010e-01,9.198955291707144e-10
1.631094209336930e-01,9.196792435997167e-10
1.633224131260850e-01,9.194674537458933e-10
1.635354053184770e-01,9.192600335711750e-10
1.637483975108690e-01,9.190563906025168e-10
1.639613897032600e-01,9.188559323668753e-10
1.641743818956520e-01,9.186580663912037e-10
1.643873740880440e-01,9.184622002024588e-10
1.646003662804360e-01,9.182677413275956e-10
1.648133584728280e-01,9.180740972935698e-10
1.650263506652200e-01,9.178806756273364e-10
1.652393428576120e-01,9.176868838558512e-10
1.654523350500040e-01,9.174922546612400e-10
1.656653272423950e-01,9.172968210442037e-10
1.658783194347870e-01,9.171007410096021e-10
1.660913116271790e-01,9.169041725622979e-10
1.663043038195710e-01,9.167072737071529e-10
1.665172960119630e-01,9.165102024490285e-10
1.667302882043550e-01,9.163131167927869e-10
1.669432803967470e-01,9.161161747432893e-10
1.671562725891380e-01,9.159195343053987e-10
1.673692647815300e-01,9.157233534839750e-10
1.675822569739220e-01,9.155277567284118e-10
1.677952491663140e-01,9.153327341996298e-10
1.680082413587060e-01,9.151382424697729e-10
1.682212335510980e-01,9.149442381109861e-10
1.684342257434900e-01,9.147506776954133e-10
1.686472179358820e-01,9.145575177951991e-10
1.688602101282730e-01,9.143647149824892e-10
1.690732023206650e-01,9.141722258294254e-10
1.692861945130570e-01,9.139800069081540e-10
1.694991867054490e-01,9.137880147908188e-10
1.697121788978410e-01,9.135962150625823e-10
1.699251710902330e-01,9.134046093674303e-10
1.701381632826250e-01,9.132132083657426e-10
1.703511554750170e-01,9.130220227178987e-10
1.705641476674080e-01,9.128310630842793e-10
1.707771398598000e-01,9.126403401252627e-10
1.709901320521920e-01,9.124498645012290e-10
1.712031242445840e-01,9.122596468725583e-10
1.714161164369760e-01,9.120696978996304e-10
1.716291086293680e-01,9.118800282428248e-10
1.718421008217600e-01,9.116906461690600e-10
1.720550930141510e-01,9.115015503725727e-10
1.722680852065430e-01,9.113127371547177e-10
1.724810773989350e-01,9.111242028168525e-10
1.726940695913270e-01,9.109359436603331e-10
1.729070617837190e-01,9.107479559865161e-10
1.731200539761110e-01,9.105602360967580e-10
1.733330461685030e-01,9.103727802924151e-10
1.735460383608950e-01,9.101855848748439e-10
1.737590305532860e-01,9.099986461454012e-10
1.739720227456780e-01,9.098119610461249e-10
1.741850149380700e-01,9.096255290806826e-10
1.743980071304620e-01,9.094393503928722e-10
1.746109993228540e-01,9.092534251264927e-10
1.748239915152460e-01,9.090677534253417e-10
1.750369837076380e-01,9.088823354332180e-10
1.752499759000290e-01,9.086971712939205e-10
1.754629680924210e-01,9.085122611512460e-10
1.756759602848130e-01,9.083276051489935e-10
1.758889524772050e-01,9.081432034309613e-10
1.761019446695970e-01,9.079590559730947e-10
1.763149368619890e-01,9.077751620794768e-10
1.765279290543810e-01,9.075915208861133e-10
1.767409212467730e-01,9.074081315290088e-10
1.769539134391640e-01,9.072249931441700e-10
1.771669056315560e-01,9.070421048676000e-10
1.773798978239480e-01,9.068594658353054e-10
1.775928900163400e-01,9.066770751832911e-10
1.778058822087320e-01,9.064949320475624e-10
1.780188744011240e-01,9.063130355641249e-10
1.782318665935160e-01,9.061313849245040e-10
1.784448587859070e-01,9.059499795423886e-10
1.786578509782990e-01,9.057688188870254e-10
1.788708431706910e-01,9.055879024276638e-10
1.790838353630830e-01,9.054072296335521e-10
1.792968275554750e-01,9.052267999739390e-10
1.795098197478670e-01,9.050466129180726e-10
1.797228119402590e-01,9.048666679352017e-10
1.799358041326510e-01,9.046869644945746e-10
1.801487963250420e-01,9.045075020654405e-10
1.803617885174340e-01,9.043282801017765e-10
1.805747807098260e-01,9.041492979964808e-10
1.807877729022180e-01,9.039705551271790e-10
1.810007650946100e-01,9.037920508714971e-10
1.812137572870020e-01,9.036137846070608e-10
1.814267494793940e-01,9.034357557114963e-10
1.816397416717860e-01,9.032579635624292e-10
1.818527338641770e-01,9.030804075374862e-10
1.820657260565690e-01,9.029030870142918e-10
1.822787182489610e-01,9.027260013704720e-10
1.824917104413530e-01,9.025491499903159e-10
1.827047026337450e-01,9.023725322847539e-10
1.829176948261370e-01,9.021961476713758e-10
1.831306870185290e-01,9.020199955677716e-10
1.833436792109200e-01,9.018440753915321e-10
1.835566714033120e-01,9.016683865602453e-10
1.837696635957040e-01,9.014929284915019e-10
1.839826557880960e-01,9.013177006028917e-10
1.841956479804880e-01,9.011427023120048e-10
1.844086401728800e-01,9.009679330364307e-10
1.846216323652720e-01,9.007933921977457e-10
1.848346245576640e-01,9.006190792334618e-10
1.850476167500550e-01,9.004449935850740e-10
1.852606089424470e-01,9.002711346940742e-10
1.854736011348390e-01,9.000975020019570e-10
1.856865933272310e-01,8.999240949502165e-10
1.858995855196230e-01,8.997509129803466e-10
1.861125777120150e-01,8.995779555338409e-10
1.863255699044070e-01,8.994052220521933e-10
1.865385620967990e-01,8.992327119768981e-10
1.867515542891900e-01,8.990604247696516e-10
1.869645464815820e-01,8.988883599730015e-10
1.871775386739740e-01,8.987165171497209e-10
1.873905308663660e-01,8.985448958625825e-10
1.876035230587580e-01,8.983734956743590e-10
1.878165152511500e-01,8.982023161478230e-10
1.880295074435420e-01,8.980313568457472e-10
1.882424996359330e-01,8.978606173309049e-10
1.884554918283250e-01,8.976900971660673e-10
1.886684840207170e-01,8.975197959140077e-10
1.888814762131090e-01,8.973497130959384e-10
1.890944684055010e-01,8.971798480667918e-10
1.893074605978930e-01,8.970102001399217e-10
1.895204527902850e-01,8.968407686286814e-10
1.897334449826770e-01,8.966715528464244e-10
1.899464371750680e-01,8.965025521065050e-10
1.901594293674600e-01,8.963337657222751e-10
1.903724215598520e-01,8.961651930070890e-10
1.905854137522440e-01,8.959968332743002e-10
1.907984059446360e-01,8.958286858372622e-10
1.910113981370280e-01,8.956607500673049e-10
1.912243903294200e-01,8.954930255676452e-10
1.914373825218110e-01,8.953255119994674e-10
1.916503747142030e-01,8.951582090239536e-10
1.918633669065950e-01,8.949911163022882e-10
1.920763590989870e-01,8.948242334956546e-10
1.922893512913790e-01,8.946575602652366e-10
1.925023434837710e-01,8.944910962722179e-10
1.927153356761630e-01,8.943248411777819e-10
1.929283278685550e-01,8.941587946431123e-10
1.931413200609460e-01,8.939929562891886e-10
1.933543122533380e-01,8.938273255762316e-10
1.935673044457300e-01,8.936619019242911e-10
1.937802966381220e-01,8.934966847534161e-10
1.939932888305140e-01,8.933316734836557e-10
1.942062810229060e-01,8.931668675350589e-10
1.944192732152980e-01,8.930022663276747e-10
1.946322654076900e-01,8.928378692815523e-10
1.948452576000810e-01,8.926736758167413e-10
1.950582497924730e-01,8.925096853532895e-10
1.952712419848650e-01,8.923458973328416e-10
1.954842341772570e-01,8.921823112833629e-10
1.956972263696490e-01,8.920189267543841e-10
1.959102185620410e-01,8.918557432954349e-10
1.961232107544330e-01,8.916927604560459e-10
1.963362029468240e-01,8.915299777857481e-10
1.965491951392160e-01,8.913673948340701e-10
1.967621873316080e-01,8.912050111505432e-10
1.969751795240000e-01,8.910428262846973e-10
1.971881717163920e-01,8.908808397860629e-10
1.974011639087840e-01,8.907190512327041e-10
1.976141561011760e-01,8.905574603168652e-10
1.978271482935680e-01,8.903960667593471e-10
1.980401404859590e-01,8.902348702809518e-10
1.982531326783510e-01,8.900738706024785e-10
1.984661248707430e-01,8.899130674447290e-10
1.986791170631350e-01,8.897524605285045e-10
1.988921092555270e-01,8.895920495746056e-10
1.991051014479190e-01,8.894318343038333e-10
1.993180936403110e-01,8.892718144369889e-10
1.995310858327020e-01,8.891119895979852e-10
1.997440780250940e-01,8.889523590231443e-10
1.999570702174860e-01,8.887929218518847e-10
2.001700624098780e-01,8.886336772236238e-10
2.003830546022700e-01,8.884746242777792e-10
2.005960467946620e-01,8.883157621537682e-10
2.008090389870540e-01,8.881570899910090e-10
2.010220311794460e-01,8.879986069289186e-10
2.012350233718370e-01,8.878403121069156e-10
2.014480155642290e-01,8.876822046644161e-10
2.016610077566210e-01,8.875242839265643e-10
2.018739999490130e-01,8.873665499612457e-10
2.020869921414050e-01,8.872090030219903e-10
2.022999843337970e-01,8.870516433623280e-10
2.025129765261890e-01,8.868944712357890e-10
2.027259687185810e-01,8.867374868959032e-10
2.029389609109720e-01,8.865806905962013e-10
2.031519531033640e-01,8.864240825902119e-10
2.033649452957560e-01,8.862676631314658e-10
2.035779374881480e-01,8.861114324734930e-10
2.037909296805400e-01,8.859553906407669e-10
2.040039218729320e-01,8.857995367420194e-10
2.042169140653240e-01,8.856438696571670e-10
2.044299062577150e-01,8.854883882661271e-10
2.046428984501070e-01,8.853330914488157e-10
2.048558906424990e-01,8.851779780851499e-10
2.050688828348910e-01,8.850230470550466e-10
2.052818750272830e-01,8.848682972384226e-10
2.054948672196750e-01,8.847137275151949e-10
2.057078594120670e-01,8.845593367652804e-10
2.059208516044590e-01,8.844051240702530e-10
2.061338437968500e-01,8.842510893187783e-10
2.063468359892420e-01,8.840972326014078e-10
2.065598281816340e-01,8.839435540086949e-10
2.067728203740260e-01,8.837900536311926e-10
2.069858125664180e-01,8.836367315594537e-10
2.071988047588100e-01,8.834835878840308e-10
2.074117969512020e-01,8.833306226954771e-10
2.076247891435940e-01,8.831778360843452e-10
2.078377813359850e-01,8.830252281411885e-10
2.080507735283770e-01,8.828727988422056e-10
2.082637657207690e-01,8.827205477060629e-10
2.084767579131610e-01,8.825684741370134e-10
2.086897501055530e-01,8.824165775393099e-10
2.089027422979450e-01,8.822648573172053e-10
2.091157344903370e-01,8.821133128749522e-10
2.093287266827280e-01,8.819619436168040e-10
2.095417188751200e-01,8.818107489470122e-10
2.097547110675120e-01,8.816597282698302e-10
2.099677032599040e-01,8.815088809895108e-10
2.101806954522960e-01,8.813582065561165e-10
2.103936876446880e-01,8.812077046029387e-10
2.106066798370800e-01,8.810573748090745e-10
2.108196720294720e-01,8.809072168536210e-10
2.110326642218630e-01,8.807572304156760e-10
2.112456564142550e-01,8.806074151743348e-10
2.114586486066470e-01,8.804577708086955e-10
2.116716407990390e-01,8.803082969978548e-10
2.118846329914310e-01,8.801589934209098e-10
2.120976251838230e-01,8.800098597569576e-10
2.123106173762150e-01,8.798608956765195e-10
2.125236095686060e-01,8.797121008158268e-10
2.127366017609980e-01,8.795634748025390e-10
2.129495939533900e-01,8.794150172643179e-10
2.131625861457820e-01,8.792667278288243e-10
2.133755783381740e-01,8.791186061237194e-10
2.135885705305660e-01,8.789706517766639e-10
2.138015627229580e-01,8.788228644153192e-10
2.140145549153500e-01,8.786752436673459e-10
2.142275471077410e-01,8.785277891604058e-10
2.144405393001330e-01,8.783805005619403e-10
2.146535314925250e-01,8.782333776984145e-10
2.148665236849170e-01,8.780864204360217e-10
2.150795158773090e-01,8.779396286409553e-10
2.152925080697010e-01,8.777930021794085e-10
2.155055002620930e-01,8.776465409175750e-10
2.157184924544850e-01,8.775002447216479e-10
2.159314846468760e-01,8.773541134578214e-10
2.161444768392680e-01,8.772081469922876e-10
2.163574690316600e-01,8.770623451912403e-10
2.165704612240520e-01,8.769167078148573e-10
2.167834534164440e-01,8.767712341990680e-10
2.169964456088360e-01,8.766259235736941e-10
2.172094378012280e-01,8.764807751685565e-10
2.174224299936190e-01,8.763357882134774e-10
2.176354221860110e-01,8.761909619382768e-10
2.178484143784030e-01,8.760462955727766e-10
2.180614065707950e-01,8.759017883467982e-10
2.182743987631870e-01,8.757574394901627e-10
2.184873909555790e-01,8.756132482326918e-10
2.187003831479710e-01,8.754692139498940e-10
2.189133753403630e-01,8.753253366001026e-10
2.191263675327540e-01,8.751816162873762e-10
2.193393597251460e-01,8.750380531157712e-10
2.195523519175380e-01,8.748946471893464e-10
2.197653441099300e-01,8.747513986121592e-10
2.199783363023220e-01,8.746083074882679e-10
2.201913284947140e-01,8.744653739217300e-10
2.204043206871060e-01,8.743225980166036e-10
2.206173128794970e-01,8.741799798769473e-10
2.208303050718890e-01,8.740375194917101e-10
2.210432972642810e-01,8.738952163894981e-10
2.212562894566730e-01,8.737530699838514e-10
2.214692816490650e-01,8.736110796883100e-10
2.216822738414570e-01,8.734692449164134e-10
2.218952660338490e-01,8.733275650817021e-10
2.221082582262410e-01,8.731860395977154e-10
2.223212504186320e-01,8.730446678779942e-10
2.225342426110240e-01,8.729034493360773e-10
2.227472348034160e-01,8.727623833855048e-10
2.229602269958080e-01,8.726214694956967e-10
2.231732191882000e-01,8.724807073594816e-10
2.233862113805920e-01,8.723400967255133e-10
2.235992035729840e-01,8.721996373424454e-10
2.238121957653760e-01,8.720593289589318e-10
2.240251879577670e-01,8.719191713236265e-10
2.242381801501590e-01,8.717791641851823e-10
2.244511723425510e-01,8.716393072922535e-10
2.246641645349430e-01,8.714996003934937e-10
2.248771567273350e-01,8.713600432375564e-10
2.250901489197270e-01,8.712206355786596e-10
2.253031411121190e-01,8.710813771932895e-10
2.255161333045100e-01,8.709422678635036e-10
2.257291254969020e-01,8.708033073713578e-10
2.259421176892940e-01,8.706644954989098e-10
2.261551098816860e-01,8.705258320282166e-10
2.263681020740780e-01,8.703873167413351e-10
2.265810942664700e-01,8.702489494203224e-10
2.267940864588620e-01,8.701107298472355e-10
2.270070786512540e-01,8.699726578041314e-10
2.272200708436450e-01,8.698347330610321e-10
2.274330630360370e-01,8.696969553397996e-10
2.276460552284290e-01,8.695593243502551e-10
2.278590474208210e-01,8.694218398022192e-10
2.280720396132130e-01,8.692845014055122e-10
2.282850318056050e-01,8.691473088699548e-10
2.284980239979970e-01,8.690102619053671e-10
2.287110161903880e-01,8.688733602215707e-10
2.289240083827800e-01,8.687366035283844e-10
2.291370005751720e-01,8.685999915356294e-10
2.293499927675640e-01,8.684635239347496e-10
2.295629849599560e-01,8.683272003436817e-10
2.297759771523480e-01,8.681910203619866e-10
2.299889693447400e-01,8.680549835892247e-10
2.302019615371320e-01,8.679190896249566e-10
2.304149537295230e-01,8.677833380687435e-10
2.306279459219150e-01,8.676477285201448e-10
2.308409381143070e-01,8.675122605787217e-10
2.310539303066990e-01,8.673769338440346e-10
2.312669224990910e-01,8.672417479156441e-10
2.314799146914830e-01,8.671067024331788e-10
2.316929068838750e-01,8.669717971964883e-10
2.319058990762670e-01,8.668370320454649e-10
2.321188912686580e-01,8.667024068200013e-10
2.323318834610500e-01,8.665679213599887e-10
2.325448756534420e-01,8.664335755053196e-10
2.327578678458340e-01,8.662993690958864e-10
2.329708600382260e-01,8.661653019715813e-10
2.331838522306180e-01,8.660313739722964e-10
2.333968444230100e-01,8.658975849379241e-10
2.336098366154010e-01,8.657639346807907e-10
2.338228288077930e-01,8.656304229030238e-10
2.340358210001850e-01,8.654970492792219e-10
2.342488131925770e-01,8.653638134839817e-10
2.344618053849690e-01,8.652307151919005e-10
2.346747975773610e-01,8.650977540775757e-10
2.348877897697530e-01,8.649649298156043e-10
2.351007819621450e-01,8.648322420805837e-10
2.353137741545360e-01,8.646996905471116e-10
2.355267663469280e-01,8.645672748897840e-10
2.357397585393200e-01,8.644349947979612e-10
2.359527507317120e-01,8.643028500200813e-10
2.361657429241040e-01,8.641708403193582e-10
2.363787351164960e-01,8.640389654590065e-10
2.365917273088880e-01,8.639072252022405e-10
2.368047195012800e-01,8.637756193122745e-10
2.370177116936710e-01,8.636441475523233e-10
2.372307038860630e-01,8.635128096856000e-10
2.374436960784550e-01,8.633816054753197e-10
2.376566882708470e-01,8.632505346846967e-10
2.378696804632390e-01,8.631195970722535e-10
2.380826726556310e-01,8.629887923777418e-10
2.382956648480230e-01,8.628581203362203e-10
2.385086570404140e-01,8.627275806827484e-10
2.387216492328060e-01,8.625971731523829e-10
2.389346414251980e-01,8.624668974801837e-10
2.391476336175900e-01,8.623367534012088e-10
2.393606258099820e-01,8.622067406505169e-10
2.395736180023740e-01,8.620768589631666e-10
2.397866101947660e-01,8.619471080742165e-10
2.399996023871580e-01,8.618174877270823e-10
2.402125945795490e-01,8.616879976986048e-10
2.404255867719410e-01,8.615586377739775e-10
2.406385789643330e-01,8.614294077383960e-10
2.408515711567250e-01,8.613003073770551e-10
2.410645633491170e-01,8.611713364751498e-10
2.412775555415090e-01,8.610424948178751e-10
2.414905477339010e-01,8.609137821904256e-10
2.417035399262920e-01,8.607851983779969e-10
2.419165321186840e-01,8.606567431657829e-10
2.421295243110760e-01,8.605284163321849e-10
2.423425165034680e-01,8.604002176284412e-10
2.425555086958600e-01,8.602721467990016e-10
2.427685008882520e-01,8.601442035883166e-10
2.429814930806440e-01,8.600163877408362e-10
2.431944852730360e-01,8.598886990010108e-10
2.434074774654270e-01,8.597611371132911e-10
2.436204696578190e-01,8.596337018221261e-10
2.438334618502110e-01,8.595063928719665e-10
2.440464540426030e-01,8.593792100072629e-10
2.442594462349950e-01,8.592521529772363e-10
2.444724384273870e-01,8.591252215502062e-10
2.446854306197790e-01,8.589984154992694e-10
2.448984228121710e-01,8.588717345975220e-10
2.451114150045620e-01,8.587451786180616e-10
2.453244071969540e-01,8.586187473339839e-10
2.455373993893460e-01,8.584924405183857e-10
2.457503915817380e-01,8.583662579443640e-10
2.459633837741300e-01,8.582401993850153e-10
2.461763759665220e-01,8.581142646134362e-10
2.463893681589140e-01,8.579884534029510e-10
2.466023603513050e-01,8.578627655277946e-10
2.468153525436970e-01,8.577372007624278e-10
2.470283447360890e-01,8.576117588813131e-10
2.472413369284810e-01,8.574864396589129e-10
2.474543291208730e-01,8.573612428696889e-10
2.476673213132650e-01,8.572361682881031e-10
2.478803135056570e-01,8.571112156886176e-10
2.480933056980490e-01,8.569863848456945e-10
2.483062978904400e-01,8.568616755337962e-10
2.485192900828320e-01,8.567370875226472e-10
2.487322822752240e-01,8.566126205630261e-10
2.489452744676160e-01,8.564882744009746e-10
2.491582666600080e-01,8.563640487825340e-10
2.493712588524000e-01,8.562399434537461e-10
2.495842510447920e-01,8.561159581606519e-10
2.497972432371830e-01,8.559920926492936e-10
2.500102354295750e-01,8.558683466657116e-10
2.502232276219670e-01,8.557447199559479e-10
2.504362198143590e-01,8.556212122660439e-10
2.506492120067510e-01,8.554978233648756e-10
2.508622041991430e-01,8.553745531126309e-10
2.510751963915350e-01,8.552514013923199e-10
2.512881885839270e-01,8.551283680869520e-10
2.515011807763180e-01,8.550054530795380e-10
2.517141729687100e-01,8.548826562530864e-10
2.519271651611020e-01,8.547599774906076e-10
2.521401573534940e-01,8.546374166751112e-10
2.523531495458860e-01,8.545149736896075e-10
2.525661417382780e-01,8.543926484171058e-10
2.527791339306700e-01,8.542704407133125e-10
2.529921261230620e-01,8.541483503247831e-10
2.532051183154530e-01,8.540263769708025e-10
2.534181105078450e-01,8.539045203706533e-10
2.536311027002370e-01,8.537827802436202e-10
2.538440948926290e-01,8.536611563089875e-10
2.540570870850210e-01,8.535396482860388e-10
2.542700792774130e-01,8.534182558940583e-10
2.544830714698050e-01,8.532969788523304e-10
2.546960636621960e-01,8.531758168801392e-10
2.549090558545880e-01,8.530547697059893e-10
2.551220480469800e-01,8.529338370952906e-10
2.553350402393720e-01,8.528130188226838e-10
2.555480324317640e-01,8.526923146628091e-10
2.557610246241560e-01,8.525717243903068e-10
2.559740168165480e-01,8.524512477798174e-10
2.561870090089400e-01,8.523308846059813e-10
2.564000012013310e-01,8.522106346434395e-10
2.566129933937230e-01,8.520904976668310e-10
2.568259855861150e-01,8.519704734507971e-10
2.570389777785070e-01,8.518505617788207e-10
2.572519699708990e-01,8.517307624697649e-10
2.574649621632910e-01,8.516110753513384e-10
2.576779543556830e-01,8.514915002512506e-10
2.578909465480740e-01,8.513720369972111e-10
2.581039387404660e-01,8.512526854169282e-10
2.583169309328580e-01,8.511334453381110e-10
2.585299231252500e-01,8.510143165884692e-10
2.587429153176420e-01,8.508952989957117e-10
2.589559075100340e-01,8.507763923875476e-10
2.591688997024260e-01,8.506575966027037e-10
2.593818918948180e-01,8.505389115239721e-10
2.595948840872090e-01,8.504203370451602e-10
2.598078762796010e-01,8.503018730600743e-10
2.600208684719930e-01,8.501835194625223e-10
2.602338606643850e-01,8.500652761463112e-10
2.604468528567770e-01,8.499471430052481e-10
2.606598450491690e-01,8.498291199331405e-10
2.608728372415610e-01,8.497112068237955e-10
2.610858294339530e-01,8.495934035710202e-10
2.612988216263440e-01,8.494757100293653e-10
2.615118138187360e-01,8.493581258964176e-10
2.617248060111280e-01,8.492406508305406e-10
2.619377982035200e-01,8.491232844900972e-10
2.621507903959120e-01,8.490060265334511e-10
2.623637825883040e-01,8.488888766189650e-10
2.625767747806960e-01,8.487718344050023e-10
2.627897669730870e-01,8.486548995499266e-10
2.630027591654790e-01,8.485380717120998e-10
2.632157513578710e-01,8.484213505498860e-10
2.634287435502630e-01,8.483047357665510e-10
2.636417357426550e-01,8.481882272450969e-10
2.638547279350470e-01,8.480718249134899e-10
2.640677201274390e-01,8.479555286996968e-10
2.642807123198310e-01,8.478393385316836e-10
2.644937045122220e-01,8.477232543374178e-10
2.647066967046140e-01,8.476072760448643e-10
2.649196888970060e-01,8.474914035819906e-10
2.651326810893980e-01,8.473756368767627e-10
2.653456732817900e-01,8.472599758571473e-10
2.655586654741820e-01,8.471444204196100e-10
2.657716576665740e-01,8.470289703345668e-10
2.659846498589660e-01,8.469136253409088e-10
2.661976420513570e-01,8.467983851775279e-10
2.664106342437490e-01,8.466832495833144e-10
2.666236264361410e-01,8.465682182971600e-10
2.668366186285330e-01,8.464532910579563e-10
2.670496108209250e-01,8.463384676045944e-10
2.672626030133170e-01,8.462237476759658e-10
2.674755952057090e-01,8.461091310109616e-10
2.676885873981000e-01,8.459946173990930e-10
2.679015795904920e-01,8.458802068323599e-10
2.681145717828840e-01,8.457658993533896e-10
2.683275639752760e-01,8.456516950048094e-10
2.685405561676680e-01,8.455375938292462e-10
2.687535483600600e-01,8.454235958693268e-10
2.689665405524520e-01,8.453097011676783e-10
2.691795327448440e-01,8.451959097669278e-10
2.693925249372350e-01,8.450822217097029e-10
2.696055171296270e-01,8.449686370386292e-10
2.698185093220190e-01,8.448551556973679e-10
2.700315015144110e-01,8.447417772338095e-10
2.702444937068030e-01,8.446285010969253e-10
2.704574858991950e-01,8.445153267356871e-10
2.706704780915870e-01,8.444022535990664e-10
2.708834702839780e-01,8.442892811360353e-10
2.710964624763700e-01,8.441764087955644e-10
2.713094546687620e-01,8.440636360266260e-10
2.715224468611540e-01,8.439509622781913e-10
2.717354390535460e-01,8.438383869992322e-10
2.719484312459380e-01,8.437259097724137e-10
2.721614234383300e-01,8.436135307148801e-10
2.723744156307220e-01,8.435012500773226e-10
2.725874078231130e-01,8.433890681104328e-10
2.728004000155050e-01,8.432769850649002e-10
2.730133922078970e-01,8.431650011914166e-10
2.732263844002890e-01,8.430531167406730e-10
2.734393765926810e-01,8.429413319633601e-10
2.736523687850730e-01,8.428296471101691e-10
2.738653609774650e-01,8.427180624317908e-10
2.740783531698570e-01,8.426065779946604e-10
2.742913453622480e-01,8.424951931277843e-10
2.745043375546400e-01,8.423839069757091e-10
2.747173297470320e-01,8.422727186829826e-10
2.749303219394240e-01,8.421616273941526e-10
2.751433141318160e-01,8.420506322537664e-10
2.753563063242080e-01,8.419397324063714e-10
2.755692985166000e-01,8.418289269965151e-10
2.757822907089910e-01,8.417182151687457e-10
2.759952829013830e-01,8.416075960676095e-10
2.762082750937750e-01,8.414970694325079e-10
2.764212672861670e-01,8.413866373828281e-10
2.766342594785590e-01,8.412763026330977e-10
2.768472516709510e-01,8.411660678978439e-10
2.770602438633430e-01,8.410559358915940e-10
2.772732360557350e-01,8.409459093288751e-10
2.774862282481260e-01,8.408359909242156e-10
2.776992204405180e-01,8.407261833921414e-10
2.779122126329100e-01,8.406164894471804e-10
2.781252048253020e-01,8.405069118038602e-10
2.783381970176940e-01,8.403974507404987e-10
2.785511892100860e-01,8.402880967912408e-10
