7.791356504680618e-06,4.322786243785858e-09
8.610780621332552e-06,4.155869256513069e-09
9.516384324626089e-06,3.998560610572683e-09
1.051723120080771e-05,3.850330733049460e-09
1.162333806181051e-05,3.710668620058244e-09
1.284577519687474e-05,3.579082056568866e-09
1.419677716772344e-05,3.455098129694715e-09
1.568986525616830e-05,3.338263779618282e-09
1.733998278964274e-05,3.228146281501328e-09
1.916364469904539e-05,3.124333592800168e-09
2.117910280571951e-05,3.026434582290603e-09
2.340652849181556e-05,2.934079107450956e-09
2.586821458226360e-05,2.846917984843540e-09
2.858879845885812e-05,2.764622807526432e-09
3.159550863945590e-05,2.686885599096430e-09
3.491843729013453e-05,2.613418239216608e-09
3.859084139770492e-05,2.543951558734326e-09
4.264947561681323e-05,2.478234017267056e-09
4.713496012287843e-05,2.416029864562839e-09
5.209218715246060e-05,2.357116888114397e-09
5.757077029985334e-05,2.301284471859243e-09
6.362554106661115e-05,2.248333839658735e-09
7.031709763364645e-05,2.198078097952635e-09
7.771241134819200e-05,2.150341564156667e-09
8.588549699555374e-05,2.104959052256226e-09
9.491815356395940e-05,2.061775159727180e-09
1.049007829163263e-04,2.020643558931401e-09
1.159332945624905e-04,1.981426315777578e-09
1.281261055871622e-04,1.943993231703943e-09
1.416012457412214e-04,1.908221221628695e-09
1.564935787564811e-04,1.873993740806355e-09
1.729521521072439e-04,1.841200259690613e-09
1.911416887275217e-04,1.809735805937115e-09
2.112442356135248e-04,1.779500593790742e-09
2.334609858111876e-04,1.750399757792594e-09
2.580142920237960e-04,1.722343245047945e-09
2.851498919925769e-04,1.695245906384120e-09
3.151393679226079e-04,1.669027867902161e-09
3.482828645688079e-04,1.643615239202053e-09
3.849120931855259e-04,1.618941233408932e-09
4.253936514042669e-04,1.594947683327485e-09
4.701326922660057e-04,1.571586858767539e-09
5.195769791289974e-04,1.548823258265752e-09
5.742213670349657e-04,1.526634782301171e-09
6.346127553846864e-04,1.505012361259160e-09
7.013555614910102e-04,1.483956916337887e-09
7.751177697904812e-04,1.463472777996779e-09
8.566376172560946e-04,1.443557813574753e-09
9.467309819210534e-04,1.424192756637866e-09
1.046299548460350e-03,1.405335157664515e-09
1.156339832554060e-03,1.386924909355541e-09
1.277953154351212e-03,1.368799596726284e-09
1.405748469786333e-03,1.351874192221460e-09
1.533543785221454e-03,1.336827121643728e-09
1.661339100656575e-03,1.323358020738075e-09
1.789134416091696e-03,1.311166525249486e-09
1.916929731526817e-03,1.299982517306870e-09
2.000000000000000e-03,1.293180377885873e-09
2.044725046961939e-03,1.289657108614612e-09
2.172520362397060e-03,1.280084750099569e-09
2.300315677832181e-03,1.271179307140317e-09
2.428110993267302e-03,1.262856216357298e-09
2.555906308702423e-03,1.255038271421297e-09
2.683701624137544e-03,1.247677694209138e-09
2.811496939572665e-03,1.240734063650312e-09
2.939292255007787e-03,1.234166958674315e-09
3.067087570442908e-03,1.227935958210638e-09
3.194882885878029e-03,1.222004279733429e-09
3.322678201313150e-03,1.216349695042205e-09
3.450473516748271e-03,1.210953614554519e-09
3.578268832183392e-03,1.205797448687925e-09
3.706064147618514e-03,1.200862607859975e-09
3.833859463053635e-03,1.196131253025938e-09
3.961654778488756e-03,1.191588547281549e-09
4.089450093923877e-03,1.187220404255055e-09
4.217245409358998e-03,1.183012737574705e-09
4.345040724794119e-03,1.178951460868749e-09
4.472836040229241e-03,1.175023927665404e-09
4.600631355664362e-03,1.171223251129983e-09
4.728426671099482e-03,1.167543984346371e-09
4.856221986534604e-03,1.163980680398454e-09
4.984017301969726e-03,1.160527892370118e-09
5.111812617404846e-03,1.157180239769094e-09
5.239607932839968e-03,1.153932607796604e-09
5.367403248275089e-03,1.150779948076770e-09
5.495198563710209e-03,1.147717212233715e-09
5.622993879145331e-03,1.144739351891565e-09
5.750789194580453e-03,1.141841466105029e-09
5.878584510015573e-03,1.139019243652847e-09
6.006379825450694e-03,1.136268520745180e-09
6.134175140885816e-03,1.133585133592192e-09
6.261970456320937e-03,1.130964918404045e-09
6.389765771756058e-03,1.128404199218746e-09
6.517561087191179e-03,1.125901251364780e-09
6.645356402626300e-03,1.123454837988023e-09
6.773151718061422e-03,1.121063722234354e-09
6.900947033496543e-03,1.118726667249649e-09
7.028742348931663e-03,1.116442250340130e-09
7.156537664366785e-03,1.114208305453972e-09
7.284332979801906e-03,1.112022480699989e-09
7.412128295237027e-03,1.109882424186994e-09
7.539923610672148e-03,1.107785784023798e-09
7.667718926107269e-03,1.105730340406914e-09
7.795514241542391e-03,1.103714401888487e-09
7.923309556977513e-03,1.101736409110774e-09
8.051104872412632e-03,1.099794802716033e-09
8.178900187847754e-03,1.097888023346523e-09
8.306695503282877e-03,1.096014717688419e-09
8.434490818717996e-03,1.094174356599927e-09
8.562286134153118e-03,1.092366616981353e-09
8.690081449588239e-03,1.090591175733003e-09
8.817876765023359e-03,1.088847709755184e-09
8.945672080458482e-03,1.087135695960783e-09
9.073467395893601e-03,1.085453811308600e-09
9.201262711328723e-03,1.083800532767811e-09
9.329058026763846e-03,1.082174337307592e-09
9.456853342198965e-03,1.080573701897117e-09
9.584648657634087e-03,1.078997302178626e-09
9.712443973069206e-03,1.077444608480226e-09
9.840239288504329e-03,1.075915289799895e-09
9.968034603939451e-03,1.074409015135613e-09
1.009582991937457e-02,1.072925453485358e-09
1.022362523480969e-02,1.071464231996573e-09
1.035142055024482e-02,1.070024810414242e-09
1.047921586567993e-02,1.068606606632657e-09
1.060701118111506e-02,1.067209038546108e-09
1.073480649655018e-02,1.065831524048885e-09
1.086260181198530e-02,1.064473481035280e-09
1.099039712742042e-02,1.063134327399582e-09
1.111819244285554e-02,1.061813481036083e-09
1.124598775829066e-02,1.060510359839074e-09
1.137378307372578e-02,1.059224381702844e-09
1.150157838916090e-02,1.057955011126048e-09
1.162937370459603e-02,1.056701899011340e-09
1.175716902003114e-02,1.055464742859013e-09
1.188496433546627e-02,1.054243240169359e-09
1.201275965090139e-02,1.053037088442672e-09
1.214055496633651e-02,1.051845985179243e-09
1.226835028177163e-02,1.050669627879365e-09
1.239614559720675e-02,1.049507714043332e-09
1.252394091264187e-02,1.048359941171435e-09
1.265173622807700e-02,1.047226006763966e-09
1.277953154351211e-02,1.046105614445323e-09
1.290732685894724e-02,1.044998492338481e-09
1.303512217438236e-02,1.043904374691604e-09
1.316291748981748e-02,1.042822995752858e-09
1.329071280525260e-02,1.041754089770405e-09
1.341850812068772e-02,1.040697390992411e-09
1.354630343612284e-02,1.039652633667039e-09
1.367409875155796e-02,1.038619552042454e-09
1.380189406699308e-02,1.037597880366820e-09
1.392968938242821e-02,1.036587352888301e-09
1.405748469786333e-02,1.035587713355316e-09
1.418528001329845e-02,1.034598743517847e-09
1.431307532873357e-02,1.033620234626408e-09
1.444087064416869e-02,1.032651977931511e-09
1.456866595960381e-02,1.031693764683668e-09
1.469646127503893e-02,1.030745386133393e-09
1.482425659047405e-02,1.029806633531198e-09
1.495205190590917e-02,1.028877298127596e-09
1.507984722134430e-02,1.027957171173100e-09
1.520764253677942e-02,1.027046043918221e-09
1.533543785221454e-02,1.026143719869443e-09
1.546323316764966e-02,1.025250051554205e-09
1.559102848308478e-02,1.024364903754458e-09
1.571882379851990e-02,1.023488141252152e-09
1.584661911395502e-02,1.022619628829237e-09
1.597441442939014e-02,1.021759231267663e-09
1.610220974482527e-02,1.020906813349380e-09
1.623000506026039e-02,1.020062239856339e-09
1.635780037569551e-02,1.019225375570490e-09
1.648559569113063e-02,1.018396085273782e-09
1.661339100656575e-02,1.017574239931381e-09
1.674118632200087e-02,1.016759735243811e-09
1.686898163743599e-02,1.015952473096061e-09
1.699677695287111e-02,1.015152355373121e-09
1.712457226830624e-02,1.014359283959981e-09
1.725236758374135e-02,1.013573160741630e-09
1.738016289917648e-02,1.012793887603059e-09
1.750795821461160e-02,1.012021366429257e-09
1.763575353004672e-02,1.011255499105214e-09
1.776354884548184e-02,1.010496187515919e-09
1.789134416091696e-02,1.009743333036088e-09
1.801913947635208e-02,1.008996834999279e-09
1.814693479178720e-02,1.008256592228749e-09
1.827473010722232e-02,1.007522503547756e-09
1.840252542265745e-02,1.006794467779555e-09
1.853032073809257e-02,1.006072383747404e-09
1.865811605352769e-02,1.005356150274559e-09
1.878591136896281e-02,1.004645666184277e-09
1.891370668439793e-02,1.003940830299814e-09
1.904150199983305e-02,1.003241541444428e-09
1.916929731526817e-02,1.002547702106146e-09
1.929709263070329e-02,1.001859229431389e-09
1.942488794613842e-02,1.001176044231005e-09
1.955268326157353e-02,1.000498067315845e-09
1.968047857700866e-02,9.998252194967550e-10
1.980827389244378e-02,9.991574215845844e-10
1.993606920787890e-02,9.984945943901812e-10
2.006386452331402e-02,9.978366587243940e-10
2.019165983874914e-02,9.971835353980714e-10
2.031945515418426e-02,9.965351452220617e-10
2.044725046961939e-02,9.958914145744352e-10
2.057504578505450e-02,9.952522921046847e-10
2.070284110048963e-02,9.946177320307911e-10
2.083063641592475e-02,9.939876885707360e-10
2.095843173135987e-02,9.933621159425005e-10
2.108622704679499e-02,9.927409683640657e-10
2.121402236223011e-02,9.921242000534131e-10
2.134181767766523e-02,9.915117652285239e-10
2.146961299310035e-02,9.909036181073791e-10
2.159740830853547e-02,9.902997129079604e-10
2.172520362397060e-02,9.897000035717547e-10
2.185299893940572e-02,9.891044429342304e-10
2.198079425484084e-02,9.885129835543390e-10
2.210858957027596e-02,9.879255779910325e-10
2.223638488571108e-02,9.873421788032630e-10
2.236418020114620e-02,9.867627385499824e-10
2.249197551658132e-02,9.861872097901427e-10
2.261977083201644e-02,9.856155450826958e-10
2.274756614745157e-02,9.850476969865936e-10
2.287536146288669e-02,9.844836180607883e-10
2.300315677832181e-02,9.839232598415104e-10
2.313095209375693e-02,9.833665697742472e-10
2.325874740919205e-02,9.828134942818346e-10
2.338654272462717e-02,9.822639797871088e-10
2.351433804006229e-02,9.817179727129055e-10
2.364213335549741e-02,9.811754194820613e-10
2.376992867093253e-02,9.806362665174118e-10
2.389772398636766e-02,9.801004602417935e-10
2.402551930180278e-02,9.795679470780423e-10
2.415331461723790e-02,9.790386734489943e-10
2.428110993267302e-02,9.785125893843228e-10
2.440890524810814e-02,9.779896593394861e-10
2.453670056354326e-02,9.774698513759987e-10
2.466449587897838e-02,9.769531335553744e-10
2.479229119441350e-02,9.764394739391272e-10
2.492008650984863e-02,9.759288405887710e-10
2.504788182528375e-02,9.754212015658197e-10
2.517567714071887e-02,9.749165249317877e-10
2.530347245615399e-02,9.744147787481886e-10
2.543126777158911e-02,9.739159310765368e-10
2.555906308702423e-02,9.734199520244186e-10
2.568685840245935e-02,9.729268198841397e-10
2.581465371789447e-02,9.724365149942923e-10
2.594244903332960e-02,9.719490176934684e-10
2.607024434876471e-02,9.714643083202607e-10
2.619803966419984e-02,9.709823672132611e-10
2.632583497963496e-02,9.705031747110618e-10
2.645363029507008e-02,9.700267111522550e-10
2.658142561050520e-02,9.695529568754334e-10
2.670922092594032e-02,9.690818922191886e-10
2.683701624137544e-02,9.686134955783940e-10
2.696481155681056e-02,9.681477375732147e-10
2.709260687224568e-02,9.676845868801813e-10
2.722040218768081e-02,9.672240121758239e-10
2.734819750311593e-02,9.667659821366731e-10
2.747599281855105e-02,9.663104654392594e-10
2.760378813398617e-02,9.658574307601134e-10
2.773158344942129e-02,9.654068467757653e-10
2.785937876485641e-02,9.649586821627455e-10
2.798717408029153e-02,9.645129055975847e-10
2.811496939572665e-02,9.640694862975627e-10
2.824276471116178e-02,9.636283956427517e-10
2.837056002659689e-02,9.631896055538694e-10
2.849835534203202e-02,9.627530879516340e-10
2.862615065746714e-02,9.623188147567628e-10
2.875394597290226e-02,9.618867578899743e-10
2.888174128833738e-02,9.614568892719860e-10
2.900953660377250e-02,9.610291808235160e-10
2.913733191920762e-02,9.606036044652825e-10
2.926512723464274e-02,9.601801321180026e-10
2.939292255007787e-02,9.597587385723456e-10
2.952071786551299e-02,9.593394100995259e-10
2.964851318094811e-02,9.589221358410817e-10
2.977630849638323e-02,9.585069049385514e-10
2.990410381181835e-02,9.580937065334731e-10
3.003189912725347e-02,9.576825297673847e-10
3.015969444268859e-02,9.572733637818247e-10
3.028748975812371e-02,9.568661977183307e-10
3.041528507355883e-02,9.564610207184411e-10
3.054308038899396e-02,9.560578219236942e-10
3.067087570442908e-02,9.556565899648122e-10
3.079867101986420e-02,9.552573114292737e-10
3.092646633529932e-02,9.548599723937503e-10
3.105426165073444e-02,9.544645589349145e-10
3.118205696616956e-02,9.540710571294378e-10
3.130985228160468e-02,9.536794530539926e-10
3.143764759703981e-02,9.532897327852505e-10
3.156544291247493e-02,9.529018823998840e-10
3.169323822791005e-02,9.525158879745648e-10
3.182103354334517e-02,9.521317355859649e-10
3.194882885878029e-02,9.517494097784659e-10
3.207662417421541e-02,9.513688889677979e-10
3.220441948965053e-02,9.509901500376552e-10
3.233221480508566e-02,9.506131698717324e-10
3.246001012052077e-02,9.502379253537239e-10
3.258780543595589e-02,9.498643933673242e-10
3.271560075139102e-02,9.494925507962277e-10
3.284339606682614e-02,9.491223745241291e-10
3.297119138226126e-02,9.487538414347224e-10
3.309898669769638e-02,9.483869284117024e-10
3.322678201313150e-02,9.480216141389795e-10
3.335457732856662e-02,9.476578845018847e-10
3.348237264400174e-02,9.472957271862443e-10
3.361016795943687e-02,9.469351298778844e-10
3.373796327487198e-02,9.465760802626315e-10
3.386575859030710e-02,9.462185660263117e-10
3.399355390574223e-02,9.458625748547509e-10
3.412134922117735e-02,9.455080944337759e-10
3.424914453661247e-02,9.451551124492125e-10
3.437693985204759e-02,9.448036165868870e-10
3.450473516748271e-02,9.444535958881632e-10
3.463253048291783e-02,9.441050448165730e-10
3.476032579835295e-02,9.437579591911949e-10
3.488812111378808e-02,9.434123348311080e-10
3.501591642922319e-02,9.430681675553910e-10
3.514371174465832e-02,9.427254531831226e-10
3.527150706009344e-02,9.423841875333820e-10
3.539930237552856e-02,9.420443664252474e-10
3.552709769096368e-02,9.417059856777980e-10
3.565489300639881e-02,9.413690411101125e-10
3.578268832183392e-02,9.410335269375191e-10
3.591048363726904e-02,9.406994309607972e-10
3.603827895270417e-02,9.403667393772019e-10
3.616607426813929e-02,9.400354383839881e-10
3.629386958357441e-02,9.397055141784112e-10
3.642166489900953e-02,9.393769529577261e-10
3.654946021444465e-02,9.390497409191880e-10
3.667725552987977e-02,9.387238642600518e-10
3.680505084531489e-02,9.383993091775728e-10
3.693284616075002e-02,9.380760618690063e-10
3.706064147618514e-02,9.377541084178253e-10
3.718843679162025e-02,9.374334344523360e-10
3.731623210705538e-02,9.371140254870414e-10
3.744402742249050e-02,9.367958670364457e-10
3.757182273792562e-02,9.364789446150521e-10
3.769961805336074e-02,9.361632437373641e-10
3.782741336879586e-02,9.358487499178854e-10
3.795520868423098e-02,9.355354486711195e-10
3.808300399966610e-02,9.352233255115701e-10
3.821079931510123e-02,9.349123659537404e-10
3.833859463053635e-02,9.346025574685408e-10
3.846638994597146e-02,9.342938953526310e-10
3.859418526140659e-02,9.339863768591412e-10
3.872198057684171e-02,9.336799992412006e-10
3.884977589227683e-02,9.333747597519390e-10
3.897757120771195e-02,9.330706556444859e-10
3.910536652314707e-02,9.327676841719707e-10
3.923316183858219e-02,9.324658425875232e-10
3.936095715401731e-02,9.321651281442727e-10
3.948875246945244e-02,9.318655380953490e-10
3.961654778488756e-02,9.315670693867133e-10
3.974434310032268e-02,9.312697177357245e-10
3.987213841575780e-02,9.309734785526092e-10
3.999993373119292e-02,9.306783472475936e-10
4.012772904662804e-02,9.303843192309036e-10
4.025552436206317e-02,9.300913899127659e-10
4.038331967749829e-02,9.297995547034068e-10
4.051111499293340e-02,9.295088090130525e-10
4.063891030836853e-02,9.292191482519293e-10
4.076670562380365e-02,9.289305678302636e-10
4.089450093923877e-02,9.286430617681714e-10
4.102229625467389e-02,9.283566185247569e-10
4.115009157010902e-02,9.280712251687285e-10
4.127788688554413e-02,9.277868687687944e-10
4.140568220097925e-02,9.275035363936629e-10
4.153347751641438e-02,9.272212151120425e-10
4.166127283184950e-02,9.269398919926414e-10
4.178906814728462e-02,9.266595541041679e-10
4.191686346271974e-02,9.263801885153305e-10
4.204465877815486e-02,9.261017822948374e-10
4.217245409358998e-02,9.258243236046260e-10
4.230024940902510e-02,9.255478049796754e-10
4.242804472446023e-02,9.252722200482565e-10
4.255584003989534e-02,9.249975624386404e-10
4.268363535533046e-02,9.247238257790979e-10
4.281143067076559e-02,9.244510036979000e-10
4.293922598620071e-02,9.241790898233176e-10
4.306702130163583e-02,9.239080777836217e-10
4.319481661707095e-02,9.236379612070833e-10
4.332261193250607e-02,9.233687337219730e-10
4.345040724794119e-02,9.231003900716083e-10
4.357820256337631e-02,9.228329294592882e-10
4.370599787881144e-02,9.225663522032573e-10
4.383379319424656e-02,9.223006586217599e-10
4.396158850968167e-02,9.220358490330401e-10
4.408938382511680e-02,9.217719237553425e-10
4.421717914055192e-02,9.215088831069113e-10
4.434497445598704e-02,9.212467274059909e-10
4.447276977142216e-02,9.209854569708257e-10
4.460056508685728e-02,9.207250721196598e-10
4.472836040229240e-02,9.204655718448823e-10
4.485615571772752e-02,9.202069498348490e-10
4.498395103316265e-02,9.199491984517540e-10
4.511174634859777e-02,9.196923100577922e-10
4.523954166403289e-02,9.194362770151577e-10
4.536733697946801e-02,9.191810916860452e-10
4.549513229490313e-02,9.189267464326489e-10
4.562292761033825e-02,9.186732336171634e-10
4.575072292577338e-02,9.184205456017832e-10
4.587851824120850e-02,9.181686747487027e-10
4.600631355664361e-02,9.179176133851343e-10
4.613410887207874e-02,9.176673536983582e-10
4.626190418751386e-02,9.174178878406694e-10
4.638969950294898e-02,9.171692079643629e-10
4.651749481838410e-02,9.169213062217342e-10
4.664529013381922e-02,9.166741747650782e-10
4.677308544925434e-02,9.164278057466901e-10
4.690088076468946e-02,9.161821913188650e-10
4.702867608012459e-02,9.159373236338981e-10
4.715647139555971e-02,9.156931948440846e-10
4.728426671099482e-02,9.154497975069824e-10
4.741206202642995e-02,9.152071258011464e-10
4.753985734186507e-02,9.149651743103685e-10
4.766765265730019e-02,9.147239376184397e-10
4.779544797273531e-02,9.144834103091515e-10
4.792324328817044e-02,9.142435869662956e-10
4.805103860360555e-02,9.140044621736630e-10
4.817883391904067e-02,9.137660305150454e-10
4.830662923447580e-02,9.135282865742340e-10
4.843442454991092e-02,9.132912249350201e-10
4.856221986534604e-02,9.130548440566911e-10
4.869001518078116e-02,9.128191578988611e-10
4.881781049621628e-02,9.125841842958124e-10
4.894560581165140e-02,9.123499410818271e-10
4.907340112708652e-02,9.121164460911874e-10
4.920119644252165e-02,9.118837171581756e-10
4.932899175795677e-02,9.116517721170736e-10
4.945678707339188e-02,9.114206288021641e-10
4.958458238882701e-02,9.111903050477288e-10
4.971237770426213e-02,9.109608186880501e-10
4.984017301969725e-02,9.107321554320415e-10
4.996796833513237e-02,9.105041724802154e-10
5.000000000000000e-02,9.104471150245946e-10
5.009576365056749e-02,9.102767093224873e-10
5.022355896600261e-02,9.100497312125539e-10
5.035135428143774e-02,9.098232682744479e-10
5.047914959687286e-02,9.095973511717737e-10
5.060694491230798e-02,9.093720105681347e-10
5.073474022774310e-02,9.091472771271351e-10
5.086253554317822e-02,9.089231815123786e-10
5.099033085861334e-02,9.086997543874692e-10
5.111812617404846e-02,9.084770189978152e-10
5.124592148948359e-02,9.082549689166409e-10
5.137371680491870e-02,9.080335902992742e-10
5.150151212035382e-02,9.078128693010429e-10
5.162930743578895e-02,9.075927920772749e-10
5.175710275122407e-02,9.073733447832979e-10
5.188489806665919e-02,9.071545135744397e-10
5.201269338209431e-02,9.069362846060284e-10
5.214048869752943e-02,9.067186440333916e-10
5.226828401296455e-02,9.065015780118572e-10
5.239607932839967e-02,9.062850757211271e-10
5.252387464383480e-02,9.060691384372597e-10
5.265166995926992e-02,9.058537704601179e-10
5.277946527470503e-02,9.056389760895645e-10
5.290726059014016e-02,9.054247596254621e-10
5.303505590557528e-02,9.052111253676737e-10
5.316285122101040e-02,9.049980776160621e-10
5.329064653644552e-02,9.047856206704897e-10
5.341844185188065e-02,9.045737588308197e-10
5.354623716731576e-02,9.043624963969145e-10
5.367403248275088e-02,9.041518361323545e-10
5.380182779818601e-02,9.039417746551791e-10
5.392962311362113e-02,9.037323070469410e-10
5.405741842905625e-02,9.035234283891929e-10
5.418521374449137e-02,9.033151337634873e-10
5.431300905992649e-02,9.031074182513770e-10
5.444080437536161e-02,9.029002769344143e-10
5.456859969079673e-02,9.026937048941520e-10
5.469639500623186e-02,9.024876972121428e-10
5.482419032166697e-02,9.022822489699391e-10
5.495198563710210e-02,9.020773549942131e-10
5.507978095253722e-02,9.018730090921233e-10
5.520757626797234e-02,9.016692048159515e-10
5.533537158340746e-02,9.014659357179793e-10
5.546316689884258e-02,9.012631953504887e-10
5.559096221427770e-02,9.010609772657613e-10
5.571875752971282e-02,9.008592750160792e-10
5.584655284514795e-02,9.006580821537237e-10
5.597434816058307e-02,9.004573922309770e-10
5.610214347601819e-02,9.002571988001207e-10
5.622993879145331e-02,9.000574965526373e-10
5.635773410688843e-02,8.998582847364392e-10
5.648552942232355e-02,8.996595637384538e-10
5.661332473775867e-02,8.994613339456079e-10
5.674112005319380e-02,8.992635957448291e-10
5.686891536862891e-02,8.990663495230444e-10
5.699671068406403e-02,8.988695956671811e-10
5.712450599949916e-02,8.986733345641662e-10
5.725230131493428e-02,8.984775666009271e-10
5.738009663036940e-02,8.982822921643910e-10
5.750789194580452e-02,8.980875116337069e-10
5.763568726123964e-02,8.978932253569102e-10
5.776348257667476e-02,8.976994336742570e-10
5.789127789210988e-02,8.975061369260031e-10
5.801907320754501e-02,8.973133354524045e-10
5.814686852298013e-02,8.971210295937173e-10
5.827466383841524e-02,8.969292196901975e-10
5.840245915385037e-02,8.967379060821011e-10
5.853025446928549e-02,8.965470891096839e-10
5.865804978472061e-02,8.963567691132024e-10
5.878584510015573e-02,8.961669453835957e-10
5.891364041559085e-02,8.959776130145162e-10
5.904143573102597e-02,8.957887660502893e-10
5.916923104646109e-02,8.956003985352402e-10
5.929702636189622e-02,8.954125045136942e-10
5.942482167733134e-02,8.952250780299766e-10
5.955261699276646e-02,8.950381131284126e-10
5.968041230820158e-02,8.948516038533276e-10
5.980820762363670e-02,8.946655442490467e-10
5.993600293907182e-02,8.944799283598953e-10
6.006379825450694e-02,8.942947507344830e-10
6.019159356994207e-02,8.941100079384179e-10
6.031938888537718e-02,8.939256970415228e-10
6.044718420081231e-02,8.937418151136206e-10
6.057497951624743e-02,8.935583592245341e-10
6.070277483168255e-02,8.933753264440863e-10
6.083057014711767e-02,8.931927138420997e-10
6.095836546255279e-02,8.930105184883977e-10
6.108616077798791e-02,8.928287374528026e-10
6.121395609342303e-02,8.926473678051377e-10
6.134175140885816e-02,8.924664074563094e-10
6.146954672429328e-02,8.922858576818691e-10
6.159734203972840e-02,8.921057205986053e-10
6.172513735516352e-02,8.919259983233072e-10
6.185293267059864e-02,8.917466929727641e-10
6.198072798603376e-02,8.915678066637647e-10
6.210852330146888e-02,8.913893415130983e-10
6.223631861690401e-02,8.912112996375541e-10
6.236411393233912e-02,8.910336831539209e-10
6.249190924777424e-02,8.908564941789878e-10
6.261970456320937e-02,8.906797340525242e-10
6.274749987864449e-02,8.905034010061656e-10
6.287529519407961e-02,8.903274924945000e-10
6.300309050951473e-02,8.901520059721161e-10
6.313088582494986e-02,8.899769388936018e-10
6.325868114038498e-02,8.898022887135456e-10
6.338647645582010e-02,8.896280528865355e-10
6.351427177125522e-02,8.894542288671601e-10
6.364206708669033e-02,8.892808141100075e-10
6.376986240212545e-02,8.891078060696659e-10
6.389765771756058e-02,8.889352017630307e-10
6.402545303299570e-02,8.887629964563236e-10
6.415324834843082e-02,8.885911849781228e-10
6.428104366386594e-02,8.884197621570062e-10
6.440883897930107e-02,8.882487228215521e-10
6.453663429473619e-02,8.880780618003387e-10
6.466442961017131e-02,8.879077739219439e-10
6.479222492560642e-02,8.877378540149458e-10
6.492002024104154e-02,8.875682969079227e-10
6.504781555647667e-02,8.873990974294526e-10
6.517561087191179e-02,8.872302513763624e-10
6.530340618734691e-02,8.870617584188792e-10
6.543120150278203e-02,8.868936191956808e-10
6.555899681821716e-02,8.867258343454446e-10
6.568679213365228e-02,8.865584045068489e-10
6.581458744908740e-02,8.863913303185711e-10
6.594238276452252e-02,8.862246124192892e-10
6.607017807995763e-02,8.860582514476808e-10
6.619797339539275e-02,8.858922480424240e-10
6.632576871082788e-02,8.857266028421963e-10
6.645356402626300e-02,8.855613165480900e-10
6.658135934169812e-02,8.853963901108625e-10
6.670915465713324e-02,8.852318245436893e-10
6.683694997256837e-02,8.850676208597463e-10
6.696474528800349e-02,8.849037800722087e-10
6.709254060343861e-02,8.847403031942523e-10
6.722033591887373e-02,8.845771912390527e-10
6.734813123430886e-02,8.844144452197855e-10
6.747592654974396e-02,8.842520661496261e-10
6.760372186517909e-02,8.840900550417502e-10
6.773151718061421e-02,8.839284120010241e-10
6.785931249604933e-02,8.837671334992350e-10
6.798710781148445e-02,8.836062150999405e-10
6.811490312691958e-02,8.834456523666980e-10
6.824269844235470e-02,8.832854408630651e-10
6.837049375778982e-02,8.831255761525992e-10
6.849828907322494e-02,8.829660537988579e-10
6.862608438866007e-02,8.828068693653986e-10
6.875387970409517e-02,8.826480184157787e-10
6.888167501953030e-02,8.824894965135560e-10
6.900947033496542e-02,8.823312995460534e-10
6.913726565040054e-02,8.821734246958085e-10
6.926506096583566e-02,8.820158694691999e-10
6.939285628127079e-02,8.818586313726062e-10
6.952065159670591e-02,8.817017079124066e-10
6.964844691214103e-02,8.815450965949794e-10
6.977624222757615e-02,8.813887949267037e-10
6.990403754301128e-02,8.812328004139581e-10
7.003183285844640e-02,8.810771105631214e-10
7.015962817388151e-02,8.809217228805725e-10
7.028742348931663e-02,8.807666356311784e-10
7.041521880475175e-02,8.806118501138903e-10
7.054301412018688e-02,8.804573683862129e-10
7.067080943562200e-02,8.803031925056504e-10
7.079860475105712e-02,8.801493245297078e-10
7.092640006649224e-02,8.799957665158894e-10
7.105419538192737e-02,8.798425205217000e-10
7.118199069736249e-02,8.796895886046440e-10
7.130978601279761e-02,8.795369728222262e-10
7.152277820518949e-02,8.792833212945649e-10
7.173577039758135e-02,8.790305598631655e-10
7.194876258997322e-02,8.787786815717528e-10
7.216175478236508e-02,8.785276761675996e-10
7.237474697475696e-02,8.782775333979789e-10
7.258773916714882e-02,8.780282430101635e-10
7.280073135954070e-02,8.777797947514265e-10
7.301372355193256e-02,8.775321783690407e-10
7.322671574432443e-02,8.772853836102790e-10
7.343970793671629e-02,8.770394002224143e-10
7.365270012910817e-02,8.767942179527195e-10
7.386569232150003e-02,8.765498276268037e-10
7.407868451389191e-02,8.763062243836117e-10
7.429167670628377e-02,8.760634044404205e-10
7.450466889867564e-02,8.758213640145072e-10
7.471766109106751e-02,8.755800993231489e-10
7.493065328345938e-02,8.753396065836227e-10
7.514364547585124e-02,8.750998820132054e-10
7.535663766824312e-02,8.748609218291741e-10
7.556962986063498e-02,8.746227222488060e-10
7.578262205302685e-02,8.743852794893781e-10
7.599561424541872e-02,8.741485895688842e-10
7.620860643781059e-02,8.739126477082082e-10
7.642159863020245e-02,8.736774489289631e-10
7.663459082259433e-02,8.734429882527608e-10
7.684758301498619e-02,8.732092607012141e-10
7.706057520737807e-02,8.729762612959355e-10
7.727356739976993e-02,8.727439850585373e-10
7.748655959216180e-02,8.725124270106319e-10
7.769955178455366e-02,8.722815821738321e-10
7.791254397694554e-02,8.720514455697501e-10
7.812553616933740e-02,8.718220123877719e-10
7.833852836172928e-02,8.715932784883389e-10
7.855152055412114e-02,8.713652398996475e-10
7.876451274651301e-02,8.711378926498938e-10
7.897750493890487e-02,8.709112327672740e-10
7.919049713129675e-02,8.706852562799840e-10
7.940348932368861e-02,8.704599592162204e-10
7.961648151608049e-02,8.702353376041792e-10
7.982947370847235e-02,8.700113874720566e-10
8.004246590086422e-02,8.697881048480487e-10
8.025545809325609e-02,8.695654858321375e-10
8.046845028564796e-02,8.693435268114644e-10
8.068144247803982e-02,8.691222242449650e-10
8.089443467043170e-02,8.689015745915750e-10
8.110742686282357e-02,8.686815743102297e-10
8.132041905521543e-02,8.684622198598647e-10
8.153341124760730e-02,8.682435076994157e-10
8.174640343999917e-02,8.680254342878182e-10
8.195939563239105e-02,8.678079960840075e-10
8.217238782478291e-02,8.675911895469192e-10
8.238538001717477e-02,8.673750112123013e-10
8.259837220956665e-02,8.671594579231598e-10
8.281136440195852e-02,8.669445265993178e-10
8.302435659435038e-02,8.667302141605986e-10
8.323734878674224e-02,8.665165175268249e-10
8.345034097913412e-02,8.663034336178203e-10
8.366333317152599e-02,8.660909593534074e-10
8.387632536391786e-02,8.658790916534095e-10
8.408931755630973e-02,8.656678274376499e-10
8.430230974870159e-02,8.654571636259514e-10
8.451530194109347e-02,8.652470971690375e-10
8.472829413348533e-02,8.650376251412323e-10
8.494128632587720e-02,8.648287446477605e-10
8.515427851826907e-02,8.646204527938469e-10
8.536727071066094e-02,8.644127466847159e-10
8.558026290305280e-02,8.642056234255925e-10
8.579325509544468e-02,8.639990801217011e-10
8.600624728783654e-02,8.637931138782665e-10
8.621923948022842e-02,8.635877218005132e-10
8.643223167262028e-02,8.633829009936660e-10
8.664522386501215e-02,8.631786485622651e-10
8.685821605740401e-02,8.629749616081129e-10
8.707120824979589e-02,8.627718372323271e-10
8.728420044218775e-02,8.625692725360262e-10
8.749719263457963e-02,8.623672646203274e-10
8.771018482697149e-02,8.621658105863492e-10
8.792317701936336e-02,8.619649075352094e-10
8.813616921175522e-02,8.617645525680260e-10
8.834916140414710e-02,8.615647427859168e-10
8.856215359653896e-02,8.613654752899998e-10
8.877514578893084e-02,8.611667471755288e-10
8.898813798132270e-02,8.609685555143014e-10
8.920113017371457e-02,8.607708973722518e-10
8.941412236610644e-02,8.605737698153140e-10
8.962711455849831e-02,8.603771699094223e-10
8.984010675089017e-02,8.601810947205105e-10
9.005309894328205e-02,8.599855413145129e-10
9.026609113567391e-02,8.597905067573635e-10
9.047908332806578e-02,8.595959881149965e-10
9.069207552045766e-02,8.594019824533457e-10
9.090506771284952e-02,8.592084868639900e-10
9.111805990524138e-02,8.590154985410923e-10
9.133105209763326e-02,8.588230147044628e-10
9.154404429002513e-02,8.586310325739124e-10
9.175703648241700e-02,8.584395493692516e-10
9.197002867480886e-02,8.582485623102912e-10
9.218302086720073e-02,8.580580686168414e-10
9.239601305959261e-02,8.578680655087131e-10
9.260900525198447e-02,8.576785502057168e-10
9.282199744437633e-02,8.574895199276630e-10
9.303498963676821e-02,8.573009719552209e-10
9.324798182916008e-02,8.571129038125010e-10
9.346097402155194e-02,8.569253130844774e-10
9.367396621394380e-02,8.567381973561233e-10
9.388695840633568e-02,8.565515542124126e-10
9.409995059872756e-02,8.563653812383189e-10
9.431294279111942e-02,8.561796760188158e-10
9.452593498351128e-02,8.559944361388770e-10
9.473892717590315e-02,8.558096591834761e-10
9.495191936829503e-02,8.556253427375867e-10
9.516491156068689e-02,8.554414844551702e-10
9.537790375307875e-02,8.552580822661429e-10
9.559089594547063e-02,8.550751341694094e-10
9.580388813786250e-02,8.548926381638746e-10
9.601688033025436e-02,8.547105922484436e-10
9.622987252264624e-02,8.545289944220213e-10
9.644286471503810e-02,8.543478426835127e-10
9.665585690742998e-02,8.541671350318227e-10
9.686884909982184e-02,8.539868694658564e-10
9.708184129221371e-02,8.538070439845185e-10
9.729483348460558e-02,8.536276566299249e-10
9.750782567699745e-02,8.534487056170306e-10
9.772081786938931e-02,8.532701892039998e-10
9.793381006178119e-02,8.530921056489966e-10
9.814680225417305e-02,8.529144532101854e-10
9.835979444656492e-02,8.527372301457303e-10
9.857278663895679e-02,8.525604347137953e-10
9.878577883134866e-02,8.523840651725450e-10
9.899877102374052e-02,8.522081197801435e-10
9.921176321613240e-02,8.520325967947547e-10
9.942475540852426e-02,8.518574944830180e-10
9.963774760091614e-02,8.516828111454701e-10
9.985073979330800e-02,8.515085450911215e-10
1.000637319857000e-01,8.513346946289832e-10
1.002767241780920e-01,8.511612580680659e-10
1.004897163704840e-01,8.509882337173804e-10
1.007027085628750e-01,8.508156198859386e-10
1.009157007552670e-01,8.506434148827491e-10
1.011286929476590e-01,8.504716170168240e-10
1.013416851400510e-01,8.503002245971740e-10
1.015546773324430e-01,8.501292359209914e-10
1.017676695248350e-01,8.499586492381857e-10
1.019806617172270e-01,8.497884627868422e-10
1.021936539096190e-01,8.496186748050475e-10
1.024066461020100e-01,8.494492835308879e-10
1.026196382944020e-01,8.492802872024476e-10
1.028326304867940e-01,8.491116840578135e-10
1.030456226791860e-01,8.489434723350716e-10
1.032586148715780e-01,8.487756502723076e-10
1.034716070639700e-01,8.486082161076076e-10
1.036845992563620e-01,8.484411680694322e-10
1.038975914487540e-01,8.482745043477456e-10
1.041105836411450e-01,8.481082231228896e-10
1.043235758335370e-01,8.479423225752037e-10
1.045365680259290e-01,8.477768008850295e-10
1.047495602183210e-01,8.476116562327082e-10
1.049625524107130e-01,8.474468867985809e-10
1.051755446031050e-01,8.472824907629882e-10
1.053885367954970e-01,8.471184663062713e-10
1.056015289878880e-01,8.469548116087720e-10
1.058145211802800e-01,8.467915248599687e-10
1.060275133726720e-01,8.466286042858836e-10
1.062405055650640e-01,8.464660481216695e-10
1.064534977574560e-01,8.463038546024797e-10
1.066664899498480e-01,8.461420219634668e-10
1.068794821422400e-01,8.459805484397837e-10
1.070924743346320e-01,8.458194322665837e-10
1.073054665270230e-01,8.456586716790201e-10
1.075184587194150e-01,8.454982649122446e-10
1.077314509118070e-01,8.453382102014109e-10
1.079444431041990e-01,8.451785058139897e-10
1.081574352965910e-01,8.450191501468126e-10
1.083704274889830e-01,8.448601416290740e-10
1.085834196813750e-01,8.447014786899680e-10
1.087964118737660e-01,8.445431597586898e-10
1.090094040661580e-01,8.443851832644318e-10
1.092223962585500e-01,8.442275476363894e-10
1.094353884509420e-01,8.440702513037567e-10
1.096483806433340e-01,8.439132926957278e-10
1.098613728357260e-01,8.437566702414971e-10
1.100743650281180e-01,8.436003824161201e-10
1.102873572205100e-01,8.434444278781685e-10
1.105003494129010e-01,8.432888053321110e-10
1.107133416052930e-01,8.431335134824139e-10
1.109263337976850e-01,8.429785510335462e-10
1.111393259900770e-01,8.428239166899756e-10
1.113523181824690e-01,8.426696091561703e-10
1.115653103748610e-01,8.425156271365983e-10
1.117783025672530e-01,8.423619693357275e-10
1.119912947596450e-01,8.422086344580258e-10
1.122042869520360e-01,8.420556212451510e-10
1.124172791444280e-01,8.419029285875232e-10
1.126302713368200e-01,8.417505554127600e-10
1.128432635292120e-01,8.415985006484776e-10
1.130562557216040e-01,8.414467632222924e-10
1.132692479139960e-01,8.412953420618208e-10
1.134822401063880e-01,8.411442360946790e-10
1.136952322987790e-01,8.409934442484843e-10
1.139082244911710e-01,8.408429654508515e-10
1.141212166835630e-01,8.406927986293977e-10
1.143342088759550e-01,8.405429427227958e-10
1.145472010683470e-01,8.403933967139347e-10
1.147601932607390e-01,8.402441595967547e-10
1.149731854531310e-01,8.400952303651960e-10
1.151861776455230e-01,8.399466080131987e-10
1.153991698379140e-01,8.397982915347038e-10
1.156121620303060e-01,8.396502799236503e-10
1.158251542226980e-01,8.395025721739789e-10
1.160381464150900e-01,8.393551672796301e-10
1.162511386074820e-01,8.392080642345439e-10
1.164641307998740e-01,8.390612620163764e-10
1.166771229922660e-01,8.389147595376830e-10
1.168901151846570e-01,8.387685556947527e-10
1.171031073770490e-01,8.386226493838731e-10
1.173160995694410e-01,8.384770395013336e-10
1.175290917618330e-01,8.383317249434228e-10
1.177420839542250e-01,8.381867046064293e-10
1.179550761466170e-01,8.380419773866421e-10
1.181680683390090e-01,8.378975421803497e-10
1.183810605314010e-01,8.377533978838408e-10
1.185940527237920e-01,8.376095433729927e-10
1.188070449161840e-01,8.374659774419867e-10
1.190200371085760e-01,8.373226988645719e-10
1.192330293009680e-01,8.371797064144959e-10
1.194460214933600e-01,8.370369988655070e-10
1.196590136857520e-01,8.368945749913530e-10
1.198720058781440e-01,8.367524335657820e-10
1.200849980705360e-01,8.366105733625418e-10
1.202979902629270e-01,8.364689931553814e-10
1.205109824553190e-01,8.363276917180472e-10
1.207239746477110e-01,8.361866678226041e-10
1.209369668401030e-01,8.360459202343792e-10
1.211499590324950e-01,8.359054477170149e-10
1.213629512248870e-01,8.357652490341533e-10
1.215759434172790e-01,8.356253229494370e-10
1.217889356096700e-01,8.354856682265089e-10
1.220019278020620e-01,8.353462836290100e-10
1.222149199944540e-01,8.352071679205834e-10
1.224279121868460e-01,8.350683198648714e-10
1.226409043792380e-01,8.349297382255163e-10
1.228538965716300e-01,8.347914217918123e-10
1.230668887640220e-01,8.346533694556540e-10
1.232798809564140e-01,8.345155801345848e-10
1.234928731488050e-01,8.343780527461484e-10
1.237058653411970e-01,8.342407862078868e-10
1.239188575335890e-01,8.341037794373439e-10
1.241318497259810e-01,8.339670313520633e-10
1.243448419183730e-01,8.338305408695878e-10
1.245578341107650e-01,8.336943069074609e-10
1.247708263031570e-01,8.335583283832258e-10
1.249838184955480e-01,8.334226042510890e-10
1.251968106879400e-01,8.332871336118503e-10
1.254098028803320e-01,8.331519156029471e-10
1.256227950727240e-01,8.330169493618157e-10
1.258357872651160e-01,8.328822340258928e-10
1.260487794575080e-01,8.327477687326153e-10
1.262617716499000e-01,8.326135526194193e-10
1.264747638422920e-01,8.324795848237416e-10
1.266877560346830e-01,8.323458644830195e-10
1.269007482270750e-01,8.322123907346880e-10
1.271137404194670e-01,8.320791627446104e-10
1.273267326118590e-01,8.319461797922730e-10
1.275397248042510e-01,8.318134411855502e-10
1.277527169966430e-01,8.316809462323157e-10
1.279657091890350e-01,8.315486942404435e-10
1.281787013814270e-01,8.314166845178077e-10
1.283916935738180e-01,8.312849163722825e-10
1.286046857662100e-01,8.311533891117409e-10
1.288176779586020e-01,8.310221020440572e-10
1.290306701509940e-01,8.308910544771055e-10
1.292436623433860e-01,8.307602457247476e-10
1.294566545357780e-01,8.306296751248073e-10
1.296696467281700e-01,8.304993420211016e-10
1.298826389205610e-01,8.303692457574478e-10
1.300956311129530e-01,8.302393856776615e-10
1.303086233053450e-01,8.301097611255602e-10
1.305216154977370e-01,8.299803714449606e-10
1.307346076901290e-01,8.298512159796796e-10
1.309475998825210e-01,8.297222940735341e-10
1.311605920749130e-01,8.295936050703409e-10
1.313735842673050e-01,8.294651483018534e-10
1.315865764596960e-01,8.293369230515660e-10
1.317995686520880e-01,8.292089285909061e-10
1.320125608444800e-01,8.290811641913016e-10
1.322255530368720e-01,8.289536291241809e-10
1.324385452292640e-01,8.288263226609718e-10
1.326515374216560e-01,8.286992440731022e-10
1.328645296140480e-01,8.285723926320004e-10
1.330775218064400e-01,8.284457676090939e-10
1.332905139988310e-01,8.283193682758117e-10
1.335035061912230e-01,8.281931938851798e-10
1.337164983836150e-01,8.280672436166386e-10
1.339294905760070e-01,8.279415166312347e-10
1.341424827683990e-01,8.278160120900148e-10
1.343554749607910e-01,8.276907291540253e-10
1.345684671531830e-01,8.275656669843127e-10
1.347814593455740e-01,8.274408247419243e-10
1.349944515379660e-01,8.273162015879056e-10
1.352074437303580e-01,8.271917966833033e-10
1.354204359227500e-01,8.270676091891642e-10
1.356334281151420e-01,8.269436382587209e-10
1.358464203075340e-01,8.268198830139657e-10
1.360594124999260e-01,8.266963425690847e-10
1.362724046923180e-01,8.265730160382640e-10
1.364853968847090e-01,8.264499025356907e-10
1.366983890771010e-01,8.263270011755492e-10
1.369113812694930e-01,8.262043110720270e-10
1.371243734618850e-01,8.260818313393097e-10
1.373373656542770e-01,8.259595610915837e-10
1.375503578466690e-01,8.258374994430352e-10
1.377633500390610e-01,8.257156455210972e-10
1.379763422314520e-01,8.255939985062209e-10
1.381893344238440e-01,8.254725575921189e-10
1.384023266162360e-01,8.253513219725052e-10
1.386153188086280e-01,8.252302908410931e-10
1.388283110010200e-01,8.251094633915964e-10
1.390413031934120e-01,8.249888388177280e-10
1.392542953858040e-01,8.248684163132020e-10
1.394672875781960e-01,8.247481950717313e-10
1.396802797705870e-01,8.246281742870303e-10
1.398932719629790e-01,8.245083531819183e-10
1.401062641553710e-01,8.243887310956788e-10
1.403192563477630e-01,8.242693073967185e-10
1.405322485401550e-01,8.241500814534440e-10
1.407452407325470e-01,8.240310526342618e-10
1.409582329249390e-01,8.239122203075788e-10
1.411712251173300e-01,8.237935838418020e-10
1.413842173097220e-01,8.236751426053371e-10
1.415972095021140e-01,8.235568959665912e-10
1.418102016945060e-01,8.234388432939709e-10
1.420231938868980e-01,8.233209839838557e-10
1.422361860792900e-01,8.232033175445121e-10
1.424491782716820e-01,8.230858435121784e-10
1.426621704640740e-01,8.229685614230924e-10
1.428751626564650e-01,8.228514708134931e-10
1.430881548488570e-01,8.227345712196171e-10
1.433011470412490e-01,8.226178621777033e-10
1.435141392336410e-01,8.225013432239896e-10
1.437271314260330e-01,8.223850138947140e-10
1.439401236184250e-01,8.222688737261149e-10
1.441531158108170e-01,8.221529222625021e-10
1.443661080032090e-01,8.220371590804620e-10
1.445791001956000e-01,8.219215837646486e-10
1.447920923879920e-01,8.218061958997138e-10
1.450050845803840e-01,8.216909950703114e-10
1.452180767727760e-01,8.215759808610943e-10
1.454310689651680e-01,8.214611528567159e-10
1.456440611575600e-01,8.213465106418293e-10
1.458570533499520e-01,8.212320538010875e-10
1.460700455423430e-01,8.211177819191443e-10
1.462830377347350e-01,8.210036945683431e-10
1.464960299271270e-01,8.208897912718247e-10
1.467090221195190e-01,8.207760715404366e-10
1.469220143119110e-01,8.206625348850266e-10
1.471350065043030e-01,8.205491808164420e-10
1.473479986966950e-01,8.204360088455303e-10
1.475609908890870e-01,8.203230184831391e-10
1.477739830814780e-01,8.202102092401163e-10
1.479869752738700e-01,8.200975806273085e-10
1.481999674662620e-01,8.199851321555637e-10
1.484129596586540e-01,8.198728633146402e-10
1.486259518510460e-01,8.197607735099018e-10
1.488389440434380e-01,8.196488621256034e-10
1.490519362358300e-01,8.195371285460001e-10
1.492649284282220e-01,8.194255721553472e-10
1.494779206206130e-01,8.193141923379004e-10
1.496909128130050e-01,8.192029884779135e-10
1.499039050053970e-01,8.190919599596424e-10
1.501168971977890e-01,8.189811061673422e-10
1.503298893901810e-01,8.188704264852681e-10
1.505428815825730e-01,8.187599202900937e-10
1.507558737749650e-01,8.186495869281640e-10
1.509688659673560e-01,8.185394257382408e-10
1.511818581597480e-01,8.184294360590842e-10
1.513948503521400e-01,8.183196172294559e-10
1.516078425445320e-01,8.182099685881173e-10
1.518208347369240e-01,8.181004894738297e-10
1.520338269293160e-01,8.179911792253541e-10
1.522468191217080e-01,8.178820371814520e-10
1.524598113141000e-01,8.177730626808846e-10
1.526728035064910e-01,8.176642550668895e-10
1.528857956988830e-01,8.175556137006057e-10
1.530987878912750e-01,8.174471379476476e-10
1.533117800836670e-01,8.173388271736297e-10
1.535247722760590e-01,8.172306807441659e-10
1.537377644684510e-01,8.171226980248707e-10
1.539507566608430e-01,8.170148783813582e-10
1.541637488532340e-01,8.169072211792432e-10
1.543767410456260e-01,8.167997257841390e-10
1.545897332380180e-01,8.166923915616601e-10
1.548027254304100e-01,8.165852179189580e-10
1.550157176228020e-01,8.164782044292528e-10
1.552287098151940e-01,8.163713507072637e-10
1.554417020075860e-01,8.162646563677088e-10
1.556546941999780e-01,8.161581210253068e-10
1.558676863923690e-01,8.160517442947770e-10
1.560806785847610e-01,8.159455257908369e-10
1.562936707771530e-01,8.158394651282056e-10
1.565066629695450e-01,8.157335619216017e-10
1.567196551619370e-01,8.156278157857438e-10
1.569326473543290e-01,8.155222262911934e-10
1.571456395467210e-01,8.154167928317733e-10
1.573586317391130e-01,8.153115147570927e-10
1.575716239315040e-01,8.152063914167617e-10
1.577846161238960e-01,8.151014221603892e-10
1.579976083162880e-01,8.149966063375848e-10
1.582106005086800e-01,8.148919432979586e-10
1.584235927010720e-01,8.147874323911199e-10
1.586365848934640e-01,8.146830729666785e-10
1.588495770858560e-01,8.145788643742437e-10
1.590625692782470e-01,8.144748062209734e-10
1.592755614706390e-01,8.143708991445467e-10
1.594885536630310e-01,8.142671440403580e-10
1.597015458554230e-01,8.141635418038017e-10
1.599145380478150e-01,8.140600933302713e-10
1.601275302402070e-01,8.139567995151613e-10
1.603405224325990e-01,8.138536612538655e-10
1.605535146249910e-01,8.137506794417779e-10
1.607665068173820e-01,8.136478549742932e-10
1.609794990097740e-01,8.135451887468043e-10
1.611924912021660e-01,8.134426807193937e-10
1.614054833945580e-01,8.133403271108434e-10
1.616184755869500e-01,8.132381232045976e-10
1.618314677793420e-01,8.131360642840997e-10
1.620444599717340e-01,8.130341456327941e-10
1.622574521641260e-01,8.129323625341242e-10
1.624704443565170e-01,8.128307102715347e-10
1.626834365489090e-01,8.127291841284686e-10
1.628964287413010e-01,8.126277793883700e-10
1.631094209336930e-01,8.125264913346830e-10
1.633224131260850e-01,8.124253186915849e-10
1.635354053184770e-01,8.123242739421291e-10
1.637483975108690e-01,8.122233730080742e-10
1.639613897032600e-01,8.121226318111792e-10
1.641743818956520e-01,8.120220662732015e-10
1.643873740880440e-01,8.119216923159001e-10
1.646003662804360e-01,8.118215258610335e-10
1.648133584728280e-01,8.117215828303603e-10
1.650263506652200e-01,8.116218791456388e-10
1.652393428576120e-01,8.115224307286276e-10
1.654523350500040e-01,8.114232405777663e-10
1.656653272423950e-01,8.113242600294138e-10
1.658783194347870e-01,8.112254275122019e-10
1.660913116271790e-01,8.111266814547637e-10
1.663043038195710e-01,8.110279602857317e-10
1.665172960119630e-01,8.109292024337384e-10
1.667302882043550e-01,8.108303463274166e-10
1.669432803967470e-01,8.107313303953987e-10
1.671562725891380e-01,8.106320930663178e-10
1.673692647815300e-01,8.105325727688057e-10
1.675822569739220e-01,8.104327560656160e-10
1.677952491663140e-01,8.103328221515164e-10
1.680082413587060e-01,8.102329984031732e-10
1.682212335510980e-01,8.101335121972530e-10
1.684342257434900e-01,8.100345909104219e-10
1.686472179358820e-01,8.099364619193461e-10
1.688602101282730e-01,8.098393526006927e-10
1.690732023206650e-01,8.097434903311267e-10
1.692861945130570e-01,8.096491024873152e-10
1.694991867054490e-01,8.095564164459241e-10
1.697121788978410e-01,8.094655469987132e-10
1.699251710902330e-01,8.093761585134781e-10
1.701381632826250e-01,8.092878027309362e-10
1.703511554750170e-01,8.092000313918044e-10
1.705641476674080e-01,8.091123962368000e-10
1.707771398598000e-01,8.090244490066396e-10
1.709901320521920e-01,8.089357414420406e-10
1.712031242445840e-01,8.088458252837199e-10
1.714161164369760e-01,8.087542522723948e-10
1.716291086293680e-01,8.086605741487826e-10
1.718421008217600e-01,8.085644855943075e-10
1.720550930141510e-01,8.084662529837348e-10
1.722680852065430e-01,8.083662855977924e-10
1.724810773989350e-01,8.082649927172098e-10
1.726940695913270e-01,8.081627836227157e-10
1.729070617837190e-01,8.080600675950391e-10
1.731200539761110e-01,8.079572539149090e-10
1.733330461685030e-01,8.078547518630542e-10
1.735460383608950e-01,8.077529707202037e-10
1.737590305532860e-01,8.076523197670867e-10
1.739720227456780e-01,8.075531239184153e-10
1.741850149380700e-01,8.074553707700313e-10
1.743980071304620e-01,8.073589636243419e-10
1.746109993228540e-01,8.072638057837541e-10
1.748239915152460e-01,8.071698005506752e-10
1.750369837076380e-01,8.070768512275118e-10
1.752499759000290e-01,8.069848611166717e-10
1.754629680924210e-01,8.068937335205607e-10
1.756759602848130e-01,8.068033717415867e-10
1.758889524772050e-01,8.067136790821564e-10
1.761019446695970e-01,8.066245716358204e-10
1.763149368619890e-01,8.065360166949616e-10
1.765279290543810e-01,8.064479943602417e-10
1.767409212467730e-01,8.063604847323223e-10
1.769539134391640e-01,8.062734679118653e-10
1.771669056315560e-01,8.061869239995315e-10
1.773798978239480e-01,8.061008330959831e-10
1.775928900163400e-01,8.060151753018817e-10
1.778058822087320e-01,8.059299307178888e-10
1.780188744011240e-01,8.058450794446660e-10
1.782318665935160e-01,8.057605932725524e-10
1.784448587859070e-01,8.056764107386094e-10
1.786578509782990e-01,8.055924620635801e-10
1.788708431706910e-01,8.055086774682081e-10
1.790838353630830e-01,8.054249871732373e-10
1.792968275554750e-01,8.053413213994112e-10
1.795098197478670e-01,8.052576103674733e-10
1.797228119402590e-01,8.051737842981673e-10
1.799358041326510e-01,8.050897734122369e-10
1.801487963250420e-01,8.050055079304259e-10
1.803617885174340e-01,8.049209251328904e-10
1.805747807098260e-01,8.048359905389015e-10
1.807877729022180e-01,8.047506767278741e-10
1.810007650946100e-01,8.046649562792228e-10
1.812137572870020e-01,8.045788017723623e-10
1.814267494793940e-01,8.044921857867078e-10
1.816397416717860e-01,8.044050809016737e-10
1.818527338641770e-01,8.043174596966754e-10
1.820657260565690e-01,8.042292947511267e-10
1.822787182489610e-01,8.041405586444430e-10
1.824917104413530e-01,8.040512320892423e-10
1.827047026337450e-01,8.039613283225957e-10
1.829176948261370e-01,8.038708687105976e-10
1.831306870185290e-01,8.037798746193425e-10
1.833436792109200e-01,8.036883674149254e-10
1.835566714033120e-01,8.035963684634398e-10
1.837696635957040e-01,8.035038991309805e-10
1.839826557880960e-01,8.034109807836421e-10
1.841956479804880e-01,8.033176347875188e-10
1.844086401728800e-01,8.032238825087055e-10
1.846216323652720e-01,8.031297514614341e-10
1.848346245576640e-01,8.030352937385770e-10
1.850476167500550e-01,8.029405675741913e-10
1.852606089424470e-01,8.028456312023326e-10
1.854736011348390e-01,8.027505428570575e-10
1.856865933272310e-01,8.026553607724227e-10
1.858995855196230e-01,8.025601431824846e-10
1.861125777120150e-01,8.024649483212997e-10
1.863255699044070e-01,8.023698344229245e-10
1.865385620967990e-01,8.022748597214153e-10
1.867515542891900e-01,8.021800813053561e-10
1.869645464815820e-01,8.020855516789916e-10
1.871775386739740e-01,8.019913221998706e-10
1.873905308663660e-01,8.018974442255421e-10
1.876035230587580e-01,8.018039691135544e-10
1.878165152511500e-01,8.017109482214567e-10
1.880295074435420e-01,8.016184329067974e-10
1.882424996359330e-01,8.015264745271255e-10
1.884554918283250e-01,8.014351244399891e-10
1.886684840207170e-01,8.013444340029370e-10
1.888814762131090e-01,8.012544472879370e-10
1.890944684055010e-01,8.011651792180712e-10
1.893074605978930e-01,8.010766374275608e-10
1.895204527902850e-01,8.009888295506269e-10
1.897334449826770e-01,8.009017632214903e-10
1.899464371750680e-01,8.008154460743724e-10
1.901594293674600e-01,8.007298857434933e-10
1.903724215598520e-01,8.006450898630745e-10
1.905854137522440e-01,8.005610660673370e-10
1.907984059446360e-01,8.004778219905016e-10
1.910113981370280e-01,8.003953569236077e-10
1.912243903294200e-01,8.003136367877623e-10
1.914373825218110e-01,8.002326191622880e-10
1.916503747142030e-01,8.001522616265063e-10
1.918633669065950e-01,8.000725217597398e-10
1.920763590989870e-01,7.999933571413110e-10
1.922893512913790e-01,7.999147253505419e-10
1.925023434837710e-01,7.998365839667548e-10
1.927153356761630e-01,7.997588905692724e-10
1.929283278685550e-01,7.996816027374167e-10
1.931413200609460e-01,7.996046749694226e-10
1.933543122533380e-01,7.995280494440107e-10
1.935673044457300e-01,7.994516652612328e-10
1.937802966381220e-01,7.993754615211402e-10
1.939932888305140e-01,7.992993773237843e-10
1.942062810229060e-01,7.992233517692164e-10
1.944192732152980e-01,7.991473239574882e-10
1.946322654076900e-01,7.990712329886509e-10
1.948452576000810e-01,7.989950179627563e-10
1.950582497924730e-01,7.989186179798553e-10
1.952712419848650e-01,7.988419762261880e-10
1.954842341772570e-01,7.987650522212904e-10
1.956972263696490e-01,7.986878095651593e-10
1.959102185620410e-01,7.986102118577919e-10
1.961232107544330e-01,7.985322226991850e-10
1.963362029468240e-01,7.984538056893360e-10
1.965491951392160e-01,7.983749244282410e-10
1.967621873316080e-01,7.982955425158976e-10
1.969751795240000e-01,7.982156235523023e-10
1.971881717163920e-01,7.981351311374525e-10
1.974011639087840e-01,7.980540375569744e-10
1.976141561011760e-01,7.979723498528569e-10
1.978271482935680e-01,7.978900837596406e-10
1.980401404859590e-01,7.978072550118671e-10
1.982531326783510e-01,7.977238793440766e-10
1.984661248707430e-01,7.976399724908105e-10
1.986791170631350e-01,7.975555501866102e-10
1.988921092555270e-01,7.974706281660164e-10
1.991051014479190e-01,7.973852221635701e-10
1.993180936403110e-01,7.972993479138126e-10
1.995310858327020e-01,7.972130277070904e-10
1.997440780250940e-01,7.971263100593192e-10
1.999570702174860e-01,7.970392500433955e-10
2.001700624098780e-01,7.969519027322155e-10
2.003830546022700e-01,7.968643231986754e-10
2.005960467946620e-01,7.967765665156714e-10
2.008090389870540e-01,7.966886877560997e-10
2.010220311794460e-01,7.966007419928565e-10
2.012350233718370e-01,7.965127842988384e-10
2.014480155642290e-01,7.964248697469406e-10
2.016610077566210e-01,7.963370533362644e-10
2.018739999490130e-01,7.962493897707915e-10
2.020869921414050e-01,7.961619336807412e-10
2.022999843337970e-01,7.960747396963322e-10
2.025129765261890e-01,7.959878624477832e-10
2.027259687185810e-01,7.959013565653132e-10
2.029389609109720e-01,7.958152766791415e-10
2.031519531033640e-01,7.957296774194860e-10
2.033649452957560e-01,7.956446134165659e-10
2.035779374881480e-01,7.955601393006004e-10
2.037909296805400e-01,7.954763029889409e-10
2.040039218729320e-01,7.953931255616453e-10
2.042169140653240e-01,7.953106213929902e-10
2.044299062577150e-01,7.952288048572517e-10
2.046428984501070e-01,7.951476903287054e-10
2.048558906424990e-01,7.950672921816277e-10
2.050688828348910e-01,7.949876247902950e-10
2.052818750272830e-01,7.949087025289832e-10
2.054948672196750e-01,7.948305397719686e-10
2.057078594120670e-01,7.947531508935274e-10
2.059208516044590e-01,7.946765417813661e-10
2.061338437968500e-01,7.946006843575013e-10
2.063468359892420e-01,7.945255420476703e-10
2.065598281816340e-01,7.944510782776112e-10
2.067728203740260e-01,7.943772564730618e-10
2.069858125664180e-01,7.943040400597601e-10
2.071988047588100e-01,7.942313924634440e-10
2.074117969512020e-01,7.941592771098513e-10
2.076247891435940e-01,7.940876574247199e-10
2.078377813359850e-01,7.940164968337881e-10
2.080507735283770e-01,7.939457547332629e-10
2.082637657207690e-01,7.938753743969947e-10
2.084767579131610e-01,7.938052950671840e-10
2.086897501055530e-01,7.937354559860318e-10
2.089027422979450e-01,7.936657963957387e-10
2.091157344903370e-01,7.935962555385052e-10
2.093287266827280e-01,7.935267726565327e-10
2.095417188751200e-01,7.934572869920210e-10
2.097547110675120e-01,7.933877377871712e-10
2.099677032599040e-01,7.933180642841842e-10
2.101806954522960e-01,7.932482089565106e-10
2.103936876446880e-01,7.931781272020085e-10
2.106066798370800e-01,7.931077776494888e-10
2.108196720294720e-01,7.930371189277634e-10
2.110326642218630e-01,7.929661096656434e-10
2.112456564142550e-01,7.928947084919395e-10
2.114586486066470e-01,7.928228740354634e-10
2.116716407990390e-01,7.927505649250264e-10
2.118846329914310e-01,7.926777397894399e-10
2.120976251838230e-01,7.926043572575150e-10
2.123106173762150e-01,7.925303842559718e-10
2.125236095686060e-01,7.924558208913951e-10
2.127366017609980e-01,7.923806755623930e-10
2.129495939533900e-01,7.923049566675739e-10
2.131625861457820e-01,7.922286726055467e-10
2.133755783381740e-01,7.921518317749198e-10
2.135885705305660e-01,7.920744425743016e-10
2.138015627229580e-01,7.919965134023010e-10
2.140145549153500e-01,7.919180526575263e-10
2.142275471077410e-01,7.918390687385863e-10
2.144405393001330e-01,7.917595773089885e-10
2.146535314925250e-01,7.916796230725636e-10
2.148665236849170e-01,7.915992579884075e-10
2.150795158773090e-01,7.915185340156158e-10
2.152925080697010e-01,7.914375031132845e-10
2.155055002620930e-01,7.913562172405090e-10
2.157184924544850e-01,7.912747283563851e-10
2.159314846468760e-01,7.911930884200089e-10
2.161444768392680e-01,7.911113493904753e-10
2.163574690316600e-01,7.910295632268806e-10
2.165704612240520e-01,7.909477826887124e-10
2.167834534164440e-01,7.908660637384246e-10
2.169964456088360e-01,7.907844631395613e-10
2.172094378012280e-01,7.907030376556669e-10
2.174224299936190e-01,7.906218440502863e-10
2.176354221860110e-01,7.905409390869627e-10
2.178484143784030e-01,7.904603795292410e-10
2.180614065707950e-01,7.903802221406656e-10
2.182743987631870e-01,7.903005236847808e-10
2.184873909555790e-01,7.902213409251309e-10
2.187003831479710e-01,7.901427247778211e-10
2.189133753403630e-01,7.900647027662218e-10
2.191263675327540e-01,7.899872965647744e-10
2.193393597251460e-01,7.899105278479189e-10
2.195523519175380e-01,7.898344182900972e-10
2.197653441099300e-01,7.897589895657502e-10
2.199783363023220e-01,7.896842633493190e-10
2.201913284947140e-01,7.896102613152445e-10
2.204043206871060e-01,7.895370051379682e-10
2.206173128794970e-01,7.894645164919312e-10
2.208303050718890e-01,7.893928079455139e-10
2.210432972642810e-01,7.893218556494636e-10
2.212562894566730e-01,7.892516266517703e-10
2.214692816490650e-01,7.891820880004240e-10
2.216822738414570e-01,7.891132067434149e-10
2.218952660338490e-01,7.890449499287329e-10
2.221082582262410e-01,7.889772846043681e-10
2.223212504186320e-01,7.889101778183108e-10
2.225342426110240e-01,7.888435966185506e-10
2.227472348034160e-01,7.887775080530775e-10
2.229602269958080e-01,7.887118763112466e-10
2.231732191882000e-01,7.886466541534751e-10
2.233862113805920e-01,7.885817914843460e-10
2.235992035729840e-01,7.885172382084430e-10
2.238121957653760e-01,7.884529442303492e-10
2.240251879577670e-01,7.883888594546481e-10
2.242381801501590e-01,7.883249337859224e-10
2.244511723425510e-01,7.882611171287557e-10
2.246641645349430e-01,7.881973593877315e-10
2.248771567273350e-01,7.881336104674328e-10
2.250901489197270e-01,7.880698148334087e-10
2.253031411121190e-01,7.880058951818068e-10
2.255161333045100e-01,7.879417687631065e-10
2.257291254969020e-01,7.878773528277864e-10
2.259421176892940e-01,7.878125646263258e-10
2.261551098816860e-01,7.877473214092039e-10
2.263681020740780e-01,7.876815404268998e-10
2.265810942664700e-01,7.876151389298927e-10
2.267940864588620e-01,7.875480341686616e-10
2.270070786512540e-01,7.874801433936858e-10
2.272200708436450e-01,7.874114209480468e-10
2.274330630360370e-01,7.873419695898551e-10
2.276460552284290e-01,7.872719291921382e-10
2.278590474208210e-01,7.872014396279232e-10
2.280720396132130e-01,7.871306407702377e-10
2.282850318056050e-01,7.870596724921088e-10
2.284980239979970e-01,7.869886746665637e-10
2.287110161903880e-01,7.869177871666299e-10
2.289240083827800e-01,7.868471498653342e-10
2.291370005751720e-01,7.867769026357042e-10
2.293499927675640e-01,7.867070836285401e-10
2.295629849599560e-01,7.866373241090309e-10
2.297759771523480e-01,7.865671536217870e-10
2.299889693447400e-01,7.864961017114184e-10
2.302019615371320e-01,7.864236979225355e-10
2.304149537295230e-01,7.863494717997489e-10
2.306279459219150e-01,7.862729528876680e-10
2.308409381143070e-01,7.861936707309035e-10
2.310539303066990e-01,7.861111548740656e-10
2.312669224990910e-01,7.860249348617647e-10
2.314799146914830e-01,7.859349509628764e-10
2.316929068838750e-01,7.858427858227869e-10
2.319058990762670e-01,7.857504325509131e-10
2.321188912686580e-01,7.856598842566725e-10
2.323318834610500e-01,7.855731340494810e-10
2.325448756534420e-01,7.854921750387559e-10
2.327578678458340e-01,7.854190003339146e-10
2.329708600382260e-01,7.853556030443736e-10
2.331838522306180e-01,7.853039762795500e-10
2.333968444230100e-01,7.852661131488608e-10
2.336098366154010e-01,7.852424749395224e-10
2.338228288077930e-01,7.852273994825904e-10
2.340358210001850e-01,7.852136947026408e-10
2.342488131925770e-01,7.851941685242493e-10
2.344618053849690e-01,7.851616288719919e-10
2.346747975773610e-01,7.851088836704446e-10
2.348877897697530e-01,7.850287408441829e-10
2.351007819621450e-01,7.849140083177829e-10
2.353137741545360e-01,7.847574940158212e-10
2.355267663469280e-01,7.845520058628725e-10
2.357397585393200e-01,7.842960346509891e-10
2.359527507317120e-01,7.840108134194969e-10
2.361657429241040e-01,7.837232634651589e-10
2.363787351164960e-01,7.834603060847386e-10
2.365917273088880e-01,7.832488625749993e-10
2.368047195012800e-01,7.831158542327046e-10
2.370177116936710e-01,7.830882023546176e-10
2.372307038860630e-01,7.831928282375011e-10
2.374436960784550e-01,7.834566531781193e-10
2.376566882708470e-01,7.839065984732353e-10
2.378696804632390e-01,7.845596260064603e-10
2.380826726556310e-01,7.853928534268573e-10
2.382956648480230e-01,7.863734356790960e-10
2.385086570404140e-01,7.874685277078407e-10
2.387216492328060e-01,7.886452844577714e-10
2.389346414251980e-01,7.898708608735529e-10
2.391476336175900e-01,7.911124118998546e-10
2.393606258099820e-01,7.923370924813460e-10
2.395736180023740e-01,7.935120575626973e-10
2.397866101947660e-01,7.946044620885776e-10
2.399996023871580e-01,7.955887274129896e-10
2.402125945795490e-01,7.964683363539256e-10
2.404255867719410e-01,7.972540360522043e-10
2.406385789643330e-01,7.979565736486318e-10
2.408515711567250e-01,7.985866962840183e-10
2.410645633491170e-01,7.991551510991743e-10
2.412775555415090e-01,7.996726852349103e-10
2.414905477339010e-01,8.001500458320362e-10
2.417035399262920e-01,8.005979800313609e-10
2.419165321186840e-01,8.010272349736985e-10
2.421295243110760e-01,8.014455852817418e-10
2.423425165034680e-01,8.018489208834844e-10
2.425555086958600e-01,8.022301618770780e-10
2.427685008882520e-01,8.025822283606734e-10
2.429814930806440e-01,8.028980404324222e-10
2.431944852730360e-01,8.031705181904754e-10
2.434074774654270e-01,8.033925817329834e-10
2.436204696578190e-01,8.035571511580994e-10
2.438334618502110e-01,8.036571465639736e-10
2.440464540426030e-01,8.036854880487575e-10
2.442594462349950e-01,8.036372004936160e-10
2.444724384273870e-01,8.035157333633322e-10
2.446854306197790e-01,8.033266436323666e-10
2.448984228121710e-01,8.030754882751793e-10
2.451114150045620e-01,8.027678242662320e-10
2.453244071969540e-01,8.024092085799819e-10
2.455373993893460e-01,8.020051981908908e-10
2.457503915817380e-01,8.015613500734187e-10
2.459633837741300e-01,8.010832212020258e-10
2.461763759665220e-01,8.005763685511726e-10
2.463893681589140e-01,8.000449038293684e-10
2.466023603513050e-01,7.994871557240329e-10
2.468153525436970e-01,7.989000066778156e-10
2.470283447360890e-01,7.982803391333739e-10
2.472413369284810e-01,7.976250355333622e-10
2.474543291208730e-01,7.969309783204359e-10
2.476673213132650e-01,7.961950499372498e-10
2.478803135056570e-01,7.954141328264585e-10
2.480933056980490e-01,7.945851094307169e-10
2.483062978904400e-01,7.937048621926841e-10
2.485192900828320e-01,7.927729628253626e-10
2.487322822752240e-01,7.917997404428236e-10
2.489452744676160e-01,7.907982135893085e-10
2.491582666600080e-01,7.897814008090586e-10
2.493712588524000e-01,7.887623206463154e-10
2.495842510447920e-01,7.877539916453202e-10
2.497972432371830e-01,7.867694323503194e-10
2.500102354295750e-01,7.858216613055447e-10
2.502232276219670e-01,7.849236970552422e-10
2.504362198143590e-01,7.840885581436539e-10
2.506492120067510e-01,7.833265443734946e-10
2.508622041991430e-01,7.826370836159993e-10
2.510751963915350e-01,7.820168865179772e-10
2.512881885839270e-01,7.814626637262374e-10
2.515011807763180e-01,7.809711258875914e-10
2.517141729687100e-01,7.805389836488436e-10
2.519271651611020e-01,7.801629476568057e-10
2.521401573534940e-01,7.798397285582868e-10
2.523531495458860e-01,7.795660370000960e-10
2.525661417382780e-01,7.793385836290425e-10
2.527791339306700e-01,7.791553443411233e-10
2.529921261230620e-01,7.790193530546778e-10
2.532051183154530e-01,7.789349074504670e-10
2.534181105078450e-01,7.789063052092506e-10
2.536311027002370e-01,7.789378440117895e-10
2.538440948926290e-01,7.790338215388441e-10
2.540570870850210e-01,7.791985354711753e-10
2.542700792774130e-01,7.794362834895431e-10
2.544830714698050e-01,7.797513632747083e-10
2.546960636621960e-01,7.801480725074294e-10
2.549090558545880e-01,7.806281804507101e-10
2.551220480469800e-01,7.811833375188152e-10
2.553350402393720e-01,7.818026631187422e-10
2.555480324317640e-01,7.824752766574885e-10
2.557610246241560e-01,7.831902975420516e-10
2.559740168165480e-01,7.839368451794290e-10
2.561870090089400e-01,7.847040389766178e-10
2.564000012013310e-01,7.854809983406122e-10
2.566129933937230e-01,7.862568426784168e-10
2.568259855861150e-01,7.870206913970251e-10
2.570389777785070e-01,7.877638603039842e-10
2.572519699708990e-01,7.884864525928719e-10
2.574649621632910e-01,7.891907687498225e-10
2.576779543556830e-01,7.898791092609703e-10
2.578909465480740e-01,7.905537746124459e-10
2.581039387404660e-01,7.912170652903906e-10
2.583169309328580e-01,7.918712817809350e-10
2.585299231252500e-01,7.925187245702138e-10
2.587429153176420e-01,7.931616941443607e-10
2.589559075100340e-01,7.938024909895106e-10
2.591688997024260e-01,7.944412246330615e-10
2.593818918948180e-01,7.950692416944492e-10
2.595948840872090e-01,7.956756982978370e-10
2.598078762796010e-01,7.962497505673960e-10
2.600208684719930e-01,7.967805546272892e-10
2.602338606643850e-01,7.972572666016820e-10
2.604468528567770e-01,7.976690426147407e-10
2.606598450491690e-01,7.980050387906308e-10
2.608728372415610e-01,7.982544112535180e-10
2.610858294339530e-01,7.984063161275679e-10
2.612988216263440e-01,7.984531444004409e-10
2.615118138187360e-01,7.984002211504763e-10
2.617248060111280e-01,7.982561036384123e-10
2.619377982035200e-01,7.980293491249880e-10
2.621507903959120e-01,7.977285148709421e-10
2.623637825883040e-01,7.973621581370141e-10
2.625767747806960e-01,7.969388361839424e-10
2.627897669730870e-01,7.964671062724687e-10
2.630027591654790e-01,7.959555256633272e-10
2.632157513578710e-01,7.954126516172591e-10
2.634287435502630e-01,7.948452182691874e-10
2.636417357426550e-01,7.942526622527800e-10
2.638547279350470e-01,7.936325945760358e-10
2.640677201274390e-01,7.929826262469543e-10
2.642807123198310e-01,7.923003682735350e-10
2.644937045122220e-01,7.915834316637808e-10
2.647066967046140e-01,7.908294274256839e-10
2.649196888970060e-01,7.900359665672472e-10
2.651326810893980e-01,7.892006600964701e-10
2.653456732817900e-01,7.883211190213520e-10
2.655586654741820e-01,7.873973106550353e-10
2.657716576665740e-01,7.864386310788665e-10
2.659846498589660e-01,7.854568344534827e-10
2.661976420513570e-01,7.844636749395265e-10
2.664106342437490e-01,7.834709066976258e-10
2.666236264361410e-01,7.824902838884229e-10
2.668366186285330e-01,7.815335606725557e-10
2.670496108209250e-01,7.806124912106612e-10
2.672626030133170e-01,7.797388296633774e-10
2.674755952057090e-01,7.789243301913418e-10
2.676885873981000e-01,7.781786146792093e-10
2.679015795904920e-01,7.775027753317101e-10
2.681145717828840e-01,7.768957717896043e-10
2.683275639752760e-01,7.763565636936482e-10
2.685405561676680e-01,7.758841106845986e-10
2.687535483600600e-01,7.754773724032114e-10
2.689665405524520e-01,7.751353084902433e-10
2.691795327448440e-01,7.748568785864507e-10
2.693925249372350e-01,7.746410423325907e-10
2.696055171296270e-01,7.744867593694178e-10
2.698185093220190e-01,7.743933346317016e-10
2.700315015144110e-01,7.743614538970609e-10
2.702444937068030e-01,7.743921480705478e-10
2.704574858991950e-01,7.744864480572143e-10
2.706704780915870e-01,7.746453847621128e-10
2.708834702839780e-01,7.748699890902938e-10
2.710964624763700e-01,7.751612919468118e-10
2.713094546687620e-01,7.755203242367178e-10
2.715224468611540e-01,7.759481168650640e-10
2.717354390535460e-01,7.764457007369026e-10
2.719484312459380e-01,7.770127210081832e-10
2.721614234383300e-01,7.776432828866474e-10
2.723744156307220e-01,7.783301073546135e-10
2.725874078231130e-01,7.790659153943974e-10
2.728004000155050e-01,7.798434279883244e-10
2.730133922078970e-01,7.806553661187103e-10
2.732263844002890e-01,7.814944507678741e-10
2.734393765926810e-01,7.823534029181345e-10
2.736523687850730e-01,7.832249435518107e-10
2.738653609774650e-01,7.841017936512214e-10
2.740783531698570e-01,7.849768807341963e-10
2.742913453622480e-01,7.858439589148036e-10
2.745043375546400e-01,7.866969890697974e-10
2.747173297470320e-01,7.875299320759189e-10
2.749303219394240e-01,7.883367488099137e-10
2.751433141318160e-01,7.891114001485274e-10
2.753563063242080e-01,7.898478469685057e-10
2.755692985166000e-01,7.905400501465939e-10
2.757822907089910e-01,7.911819705595350e-10
2.759952829013830e-01,7.917675690840800e-10
2.762082750937750e-01,7.922912324117013e-10
2.764212672861670e-01,7.927490509030425e-10
2.766342594785590e-01,7.931375409386278e-10
2.768472516709510e-01,7.934532188989817e-10
2.770602438633430e-01,7.936926011646287e-10
2.772732360557350e-01,7.938522041160928e-10
2.774862282481260e-01,7.939285441338982e-10
2.776992204405180e-01,7.939181375985700e-10
2.779122126329100e-01,7.938175008906320e-10
2.781252048253020e-01,7.936231503906084e-10
2.783381970176940e-01,7.933338032040527e-10
2.785511892100860e-01,7.929569787383710e-10
