7.791356504680618e-06,4.922815324835398e-09
8.610780621332552e-06,4.853752268350367e-09
9.516384324626089e-06,4.785432783829215e-09
1.051723120080771e-05,4.717855376087329e-09
1.162333806181051e-05,4.651017365747563e-09
1.284577519687474e-05,4.584916785976707e-09
1.419677716772344e-05,4.519552230173935e-09
1.568986525616830e-05,4.454922590154886e-09
1.733998278964274e-05,4.391027107825080e-09
1.916364469904539e-05,4.327865413627480e-09
2.117910280571951e-05,4.265437480674017e-09
2.340652849181556e-05,4.203743303290058e-09
2.586821458226360e-05,4.142779597104406e-09
2.858879845885812e-05,4.082539314146235e-09
3.159550863945590e-05,4.023015321681036e-09
3.491843729013453e-05,3.964200518691100e-09
3.859084139770492e-05,3.906087839662492e-09
4.264947561681323e-05,3.848670242798429e-09
4.713496012287843e-05,3.791940726758208e-09
5.209218715246060e-05,3.735892328498404e-09
5.757077029985334e-05,3.680518116113338e-09
6.362554106661115e-05,3.625811202972030e-09
7.031709763364645e-05,3.571764742885317e-09
7.771241134819200e-05,3.518371931512018e-09
8.588549699555374e-05,3.465626010808099e-09
9.491815356395940e-05,3.413520269558521e-09
1.049007829163263e-04,3.362048047132023e-09
1.159332945624905e-04,3.311202730839643e-09
1.281261055871622e-04,3.260977765357236e-09
1.416012457412214e-04,3.211366652403829e-09
1.564935787564811e-04,3.162362949156689e-09
1.729521521072439e-04,3.113960279585560e-09
1.911416887275217e-04,3.066152338463023e-09
2.112442356135248e-04,3.018932886750138e-09
2.334609858111876e-04,2.972295769360990e-09
2.580142920237960e-04,2.926234919668252e-09
2.851498919925769e-04,2.880744361444516e-09
3.151393679226079e-04,2.835818229374749e-09
3.482828645688079e-04,2.791450777415974e-09
3.849120931855259e-04,2.747636389772547e-09
4.253936514042669e-04,2.704369601260811e-09
4.701326922660057e-04,2.661645106874856e-09
5.195769791289974e-04,2.619457772105611e-09
5.742213670349657e-04,2.577802632322872e-09
6.346127553846864e-04,2.536674872781149e-09
7.013555614910102e-04,2.496069798285332e-09
7.751177697904812e-04,2.455982754849622e-09
8.566376172560946e-04,2.416409051887444e-09
9.467309819210534e-04,2.377343878226140e-09
1.046299548460350e-03,2.338782259102460e-09
1.156339832554060e-03,2.300719117451897e-09
1.277953154351212e-03,2.262964225810947e-09
1.405748469786333e-03,2.227432187346024e-09
1.533543785221454e-03,2.195548284534168e-09
1.661339100656575e-03,2.166706153162193e-09
1.789134416091696e-03,2.140299429016914e-09
1.916929731526817e-03,2.115804142897074e-09
2.000000000000000e-03,2.100809395547254e-09
2.044725046961939e-03,2.093025409849499e-09
2.172520362397060e-03,2.071824437344397e-09
2.300315677832181e-03,2.052023434735505e-09
2.428110993267302e-03,2.033441455198158e-09
2.555906308702423e-03,2.015914416569527e-09
2.683701624137544e-03,1.999345695344777e-09
2.811496939572665e-03,1.983655532686240e-09
2.939292255007787e-03,1.968764169756245e-09
3.067087570442908e-03,1.954591847717125e-09
3.194882885878029e-03,1.941065135678772e-09
3.322678201313150e-03,1.928135914796568e-09
3.450473516748271e-03,1.915762394301080e-09
3.578268832183392e-03,1.903902783422872e-09
3.706064147618514e-03,1.892515291392512e-09
3.833859463053635e-03,1.881561010980172e-09
3.961654778488756e-03,1.871012569074487e-09
4.089450093923877e-03,1.860845476083714e-09
4.217245409358998e-03,1.851035242416110e-09
4.345040724794119e-03,1.841557378479932e-09
4.472836040229241e-03,1.832388894762829e-09
4.600631355664362e-03,1.823512802108781e-09
4.728426671099482e-03,1.814913611460546e-09
4.856221986534604e-03,1.806575833760879e-09
4.984017301969726e-03,1.798483979952535e-09
5.111812617404846e-03,1.790623411147810e-09
5.239607932839968e-03,1.782982889113050e-09
5.367403248275089e-03,1.775552025772087e-09
5.495198563710209e-03,1.768320433048753e-09
5.622993879145331e-03,1.761277722866880e-09
5.750789194580453e-03,1.754414024143351e-09
5.878584510015573e-03,1.747721533773117e-09
6.006379825450694e-03,1.741192965647111e-09
6.134175140885816e-03,1.734821033656268e-09
6.261970456320937e-03,1.728598451691523e-09
6.389765771756058e-03,1.722518265039762e-09
6.517561087191179e-03,1.716574844557493e-09
6.645356402626300e-03,1.710762892490074e-09
6.773151718061422e-03,1.705077111082866e-09
6.900947033496543e-03,1.699512202581228e-09
7.028742348931663e-03,1.694063091051040e-09
7.156537664366785e-03,1.688725587839562e-09
7.284332979801906e-03,1.683495726114225e-09
7.412128295237027e-03,1.678369539042461e-09
7.539923610672148e-03,1.673343059791701e-09
7.667718926107269e-03,1.668412475604792e-09
7.795514241542391e-03,1.663574590031880e-09
7.923309556977513e-03,1.658826360701345e-09
8.051104872412632e-03,1.654164745241564e-09
8.178900187847754e-03,1.649586701280916e-09
8.306695503282877e-03,1.645089295679482e-09
8.434490818717996e-03,1.640670032222223e-09
8.562286134153118e-03,1.636326523924836e-09
8.690081449588239e-03,1.632056383803022e-09
8.817876765023359e-03,1.627857224872479e-09
8.945672080458482e-03,1.623726743520098e-09
9.073467395893601e-03,1.619662969619375e-09
9.201262711328723e-03,1.615664016415918e-09
9.329058026763846e-03,1.611727997155333e-09
9.456853342198965e-03,1.607853025083230e-09
9.584648657634087e-03,1.604037263407057e-09
9.712443973069206e-03,1.600279075180031e-09
9.840239288504329e-03,1.596576873416409e-09
9.968034603939451e-03,1.592929071130447e-09
1.009582991937457e-02,1.589334081336401e-09
1.022362523480969e-02,1.585790388299224e-09
1.035142055024482e-02,1.582296761287198e-09
1.047921586567993e-02,1.578852040819571e-09
1.060701118111506e-02,1.575455067415589e-09
1.073480649655018e-02,1.572104681594501e-09
1.086260181198530e-02,1.568799723875555e-09
1.099039712742042e-02,1.565539034777998e-09
1.111819244285554e-02,1.562321454821077e-09
1.124598775829066e-02,1.559145824524041e-09
1.137378307372578e-02,1.556010984406138e-09
1.150157838916090e-02,1.552915835226069e-09
1.162937370459603e-02,1.549859518682964e-09
1.175716902003114e-02,1.546841236706718e-09
1.188496433546627e-02,1.543860191227221e-09
1.201275965090139e-02,1.540915584174367e-09
1.214055496633651e-02,1.538006617478049e-09
1.226835028177163e-02,1.535132493068157e-09
1.239614559720675e-02,1.532292412874586e-09
1.252394091264187e-02,1.529485578827227e-09
1.265173622807700e-02,1.526711192855974e-09
1.277953154351211e-02,1.523968492076367e-09
1.290732685894724e-02,1.521256854359006e-09
1.303512217438236e-02,1.518575692766374e-09
1.316291748981748e-02,1.515924420360952e-09
1.329071280525260e-02,1.513302450205220e-09
1.341850812068772e-02,1.510709195361660e-09
1.354630343612284e-02,1.508144068892753e-09
1.367409875155796e-02,1.505606483860981e-09
1.380189406699308e-02,1.503095853328824e-09
1.392968938242821e-02,1.500611590358763e-09
1.405748469786333e-02,1.498153132641348e-09
1.418528001329845e-02,1.495720016380820e-09
1.431307532873357e-02,1.493311802410204e-09
1.444087064416869e-02,1.490928051562522e-09
1.456866595960381e-02,1.488568324670800e-09
1.469646127503893e-02,1.486232182568061e-09
1.482425659047405e-02,1.483919186087329e-09
1.495205190590917e-02,1.481628896061627e-09
1.507984722134430e-02,1.479360873323979e-09
1.520764253677942e-02,1.477114678707409e-09
1.533543785221454e-02,1.474889889911492e-09
1.546323316764966e-02,1.472686152097986e-09
1.559102848308478e-02,1.470503127293190e-09
1.571882379851990e-02,1.468340477523405e-09
1.584661911395502e-02,1.466197864814931e-09
1.597441442939014e-02,1.464074951194068e-09
1.610220974482527e-02,1.461971398687116e-09
1.623000506026039e-02,1.459886869320374e-09
1.635780037569551e-02,1.457821025120144e-09
1.648559569113063e-02,1.455773528112725e-09
1.661339100656575e-02,1.453744052477889e-09
1.674118632200087e-02,1.451732321014206e-09
1.686898163743599e-02,1.449738068676179e-09
1.699677695287111e-02,1.447761030418311e-09
1.712457226830624e-02,1.445800941195103e-09
1.725236758374135e-02,1.443857535961056e-09
1.738016289917648e-02,1.441930549670674e-09
1.750795821461160e-02,1.440019717278458e-09
1.763575353004672e-02,1.438124773738910e-09
1.776354884548184e-02,1.436245454006531e-09
1.789134416091696e-02,1.434381501943563e-09
1.801913947635208e-02,1.432532697044160e-09
1.814693479178720e-02,1.430698827710700e-09
1.827473010722232e-02,1.428879682345560e-09
1.840252542265745e-02,1.427075049351117e-09
1.853032073809257e-02,1.425284717129748e-09
1.865811605352769e-02,1.423508474083829e-09
1.878591136896281e-02,1.421746108615738e-09
1.891370668439793e-02,1.419997409127851e-09
1.904150199983305e-02,1.418262164022546e-09
1.916929731526817e-02,1.416540168390167e-09
1.929709263070329e-02,1.414831244071674e-09
1.942488794613842e-02,1.413135219595363e-09
1.955268326157353e-02,1.411451923489536e-09
1.968047857700866e-02,1.409781184282489e-09
1.980827389244378e-02,1.408122830502523e-09
1.993606920787890e-02,1.406476690677935e-09
2.006386452331402e-02,1.404842593337024e-09
2.019165983874914e-02,1.403220367008090e-09
2.031945515418426e-02,1.401609840219430e-09
2.044725046961939e-02,1.400010846611433e-09
2.057504578505450e-02,1.398423240275173e-09
2.070284110048963e-02,1.396846880414977e-09
2.083063641592475e-02,1.395281626235172e-09
2.095843173135987e-02,1.393727336940085e-09
2.108622704679499e-02,1.392183871734043e-09
2.121402236223011e-02,1.390651089821372e-09
2.134181767766523e-02,1.389128850406400e-09
2.146961299310035e-02,1.387617012693454e-09
2.159740830853547e-02,1.386115435886859e-09
2.172520362397060e-02,1.384623983162954e-09
2.185299893940572e-02,1.383142533586742e-09
2.198079425484084e-02,1.381670970195553e-09
2.210858957027596e-02,1.380209176026718e-09
2.223638488571108e-02,1.378757034117565e-09
2.236418020114620e-02,1.377314427505426e-09
2.249197551658132e-02,1.375881239227629e-09
2.261977083201644e-02,1.374457352321504e-09
2.274756614745157e-02,1.373042649824381e-09
2.287536146288669e-02,1.371637014773590e-09
2.300315677832181e-02,1.370240333338272e-09
2.313095209375693e-02,1.368852504214382e-09
2.325874740919205e-02,1.367473429229472e-09
2.338654272462717e-02,1.366103010211094e-09
2.351433804006229e-02,1.364741148986800e-09
2.364213335549741e-02,1.363387747384140e-09
2.376992867093253e-02,1.362042707230667e-09
2.389772398636766e-02,1.360705930353932e-09
2.402551930180278e-02,1.359377318581487e-09
2.415331461723790e-02,1.358056773740884e-09
2.428110993267302e-02,1.356744200161914e-09
2.440890524810814e-02,1.355439512182249e-09
2.453670056354326e-02,1.354142626641257e-09
2.466449587897838e-02,1.352853460378306e-09
2.479229119441350e-02,1.351571930232766e-09
2.492008650984863e-02,1.350297953044004e-09
2.504788182528375e-02,1.349031445651390e-09
2.517567714071887e-02,1.347772324894292e-09
2.530347245615399e-02,1.346520507612078e-09
2.543126777158911e-02,1.345275910644119e-09
2.555906308702423e-02,1.344038452849701e-09
2.568685840245935e-02,1.342808061168218e-09
2.581465371789447e-02,1.341584664559192e-09
2.594244903332960e-02,1.340368191982147e-09
2.607024434876471e-02,1.339158572396609e-09
2.619803966419984e-02,1.337955734762098e-09
2.632583497963496e-02,1.336759608038139e-09
2.645363029507008e-02,1.335570121184256e-09
2.658142561050520e-02,1.334387203159973e-09
2.670922092594032e-02,1.333210782924812e-09
2.683701624137544e-02,1.332040791088786e-09
2.696481155681056e-02,1.330877164863723e-09
2.709260687224568e-02,1.329719843111866e-09
2.722040218768081e-02,1.328568764695458e-09
2.734819750311593e-02,1.327423868476745e-09
2.747599281855105e-02,1.326285093317970e-09
2.760378813398617e-02,1.325152378081377e-09
2.773158344942129e-02,1.324025661629210e-09
2.785937876485641e-02,1.322904882823712e-09
2.798717408029153e-02,1.321789980527129e-09
2.811496939572665e-02,1.320680894961627e-09
2.824276471116178e-02,1.319577571788547e-09
2.837056002659689e-02,1.318479958028894e-09
2.849835534203202e-02,1.317388000703670e-09
2.862615065746714e-02,1.316301646833881e-09
2.875394597290226e-02,1.315220843440529e-09
2.888174128833738e-02,1.314145537544620e-09
2.900953660377250e-02,1.313075676167156e-09
2.913733191920762e-02,1.312011206329143e-09
2.926512723464274e-02,1.310952075051583e-09
2.939292255007787e-02,1.309898230485945e-09
2.952071786551299e-02,1.308849625305852e-09
2.964851318094811e-02,1.307806213315536e-09
2.977630849638323e-02,1.306767948319231e-09
2.990410381181835e-02,1.305734784121171e-09
3.003189912725347e-02,1.304706674525589e-09
3.015969444268859e-02,1.303683573336719e-09
3.028748975812371e-02,1.302665434358793e-09
3.041528507355883e-02,1.301652211396045e-09
3.054308038899396e-02,1.300643858252709e-09
3.067087570442908e-02,1.299640329680139e-09
3.079867101986420e-02,1.298641584218135e-09
3.092646633529932e-02,1.297647581353601e-09
3.105426165073444e-02,1.296658280573442e-09
3.118205696616956e-02,1.295673641364561e-09
3.130985228160468e-02,1.294693623213863e-09
3.143764759703981e-02,1.293718185608252e-09
3.156544291247493e-02,1.292747288034631e-09
3.169323822791005e-02,1.291780889979905e-09
3.182103354334517e-02,1.290818950930977e-09
3.194882885878029e-02,1.289861431174452e-09
3.207662417421541e-02,1.288908294195472e-09
3.220441948965053e-02,1.287959504278742e-09
3.233221480508566e-02,1.287015025708973e-09
3.246001012052077e-02,1.286074822770870e-09
3.258780543595589e-02,1.285138859749143e-09
3.271560075139102e-02,1.284207100928498e-09
3.284339606682614e-02,1.283279510593645e-09
3.297119138226126e-02,1.282356053029290e-09
3.309898669769638e-02,1.281436692520142e-09
3.322678201313150e-02,1.280521394030357e-09
3.335457732856662e-02,1.279610125242091e-09
3.348237264400174e-02,1.278702854517056e-09
3.361016795943687e-02,1.277799550216962e-09
3.373796327487198e-02,1.276900180703519e-09
3.386575859030710e-02,1.276004714338439e-09
3.399355390574223e-02,1.275113119483432e-09
3.412134922117735e-02,1.274225364500208e-09
3.424914453661247e-02,1.273341417750479e-09
3.437693985204759e-02,1.272461247595954e-09
3.450473516748271e-02,1.271584822978810e-09
3.463253048291783e-02,1.270712115163088e-09
3.476032579835295e-02,1.269843095993299e-09
3.488812111378808e-02,1.268977737313956e-09
3.501591642922319e-02,1.268116010969568e-09
3.514371174465832e-02,1.267257888804648e-09
3.527150706009344e-02,1.266403342663706e-09
3.539930237552856e-02,1.265552344391254e-09
3.552709769096368e-02,1.264704865831802e-09
3.565489300639881e-02,1.263860878829862e-09
3.578268832183392e-02,1.263020355729231e-09
3.591048363726904e-02,1.262183270870711e-09
3.603827895270417e-02,1.261349599094319e-09
3.616607426813929e-02,1.260519315240071e-09
3.629386958357441e-02,1.259692394147986e-09
3.642166489900953e-02,1.258868810658080e-09
3.654946021444465e-02,1.258048539610370e-09
3.667725552987977e-02,1.257231555844873e-09
3.680505084531489e-02,1.256417834201607e-09
3.693284616075002e-02,1.255607349520589e-09
3.706064147618514e-02,1.254800077073727e-09
3.718843679162025e-02,1.253995993860649e-09
3.731623210705538e-02,1.253195077312950e-09
3.744402742249050e-02,1.252397304862229e-09
3.757182273792562e-02,1.251602653940081e-09
3.769961805336074e-02,1.250811101978103e-09
3.782741336879586e-02,1.250022626407892e-09
3.795520868423098e-02,1.249237204661045e-09
3.808300399966610e-02,1.248454814169157e-09
3.821079931510123e-02,1.247675432363826e-09
3.833859463053635e-02,1.246899037051406e-09
3.846638994597146e-02,1.246125607537299e-09
3.859418526140659e-02,1.245355123501680e-09
3.872198057684171e-02,1.244587564624721e-09
3.884977589227683e-02,1.243822910586595e-09
3.897757120771195e-02,1.243061141067475e-09
3.910536652314707e-02,1.242302235747535e-09
3.923316183858219e-02,1.241546174306946e-09
3.936095715401731e-02,1.240792936425883e-09
3.948875246945244e-02,1.240042501784518e-09
3.961654778488756e-02,1.239294850390281e-09
3.974434310032268e-02,1.238549963559554e-09
3.987213841575780e-02,1.237807822935937e-09
3.999993373119292e-02,1.237068410163030e-09
4.012772904662804e-02,1.236331706884434e-09
4.025552436206317e-02,1.235597694743748e-09
4.038331967749829e-02,1.234866355384575e-09
4.051111499293340e-02,1.234137670450513e-09
4.063891030836853e-02,1.233411621585163e-09
4.076670562380365e-02,1.232688190432126e-09
4.089450093923877e-02,1.231967358921824e-09
4.102229625467389e-02,1.231249110132078e-09
4.115009157010902e-02,1.230533427427591e-09
4.127788688554413e-02,1.229820294173067e-09
4.140568220097925e-02,1.229109693733208e-09
4.153347751641438e-02,1.228401609472717e-09
4.166127283184950e-02,1.227696024756296e-09
4.178906814728462e-02,1.226992922948649e-09
4.191686346271974e-02,1.226292287414478e-09
4.204465877815486e-02,1.225594101518485e-09
4.217245409358998e-02,1.224898348877604e-09
4.230024940902510e-02,1.224205014117719e-09
4.242804472446023e-02,1.223514082116959e-09
4.255584003989534e-02,1.222825537753452e-09
4.268363535533046e-02,1.222139365905328e-09
4.281143067076559e-02,1.221455551450715e-09
4.293922598620071e-02,1.220774079267743e-09
4.306702130163583e-02,1.220094934234539e-09
4.319481661707095e-02,1.219418101229234e-09
4.332261193250607e-02,1.218743565129955e-09
4.345040724794119e-02,1.218071311038002e-09
4.357820256337631e-02,1.217401324947311e-09
4.370599787881144e-02,1.216733593074970e-09
4.383379319424656e-02,1.216068101638063e-09
4.396158850968167e-02,1.215404836853679e-09
4.408938382511680e-02,1.214743784938903e-09
4.421717914055192e-02,1.214084932110822e-09
4.434497445598704e-02,1.213428264586522e-09
4.447276977142216e-02,1.212773768583091e-09
4.460056508685728e-02,1.212121430317613e-09
4.472836040229240e-02,1.211471236204765e-09
4.485615571772752e-02,1.210823173449669e-09
4.498395103316265e-02,1.210177229455078e-09
4.511174634859777e-02,1.209533391623750e-09
4.523954166403289e-02,1.208891647358440e-09
4.536733697946801e-02,1.208251984061902e-09
4.549513229490313e-02,1.207614389136895e-09
4.562292761033825e-02,1.206978849986171e-09
4.575072292577338e-02,1.206345354012488e-09
4.587851824120850e-02,1.205713888618601e-09
4.600631355664361e-02,1.205084441383404e-09
4.613410887207874e-02,1.204457000590370e-09
4.626190418751386e-02,1.203831554699128e-09
4.638969950294898e-02,1.203208092169303e-09
4.651749481838410e-02,1.202586601460522e-09
4.664529013381922e-02,1.201967071032413e-09
4.677308544925434e-02,1.201349489344603e-09
4.690088076468946e-02,1.200733844856718e-09
4.702867608012459e-02,1.200120126028384e-09
4.715647139555971e-02,1.199508321319230e-09
4.728426671099482e-02,1.198898419344851e-09
4.741206202642995e-02,1.198290409344700e-09
4.753985734186507e-02,1.197684280714188e-09
4.766765265730019e-02,1.197080022848726e-09
4.779544797273531e-02,1.196477625143727e-09
4.792324328817044e-02,1.195877076994600e-09
4.805103860360555e-02,1.195278367796759e-09
4.817883391904067e-02,1.194681486945614e-09
4.830662923447580e-02,1.194086423836577e-09
4.843442454991092e-02,1.193493167865059e-09
4.856221986534604e-02,1.192901708570408e-09
4.869001518078116e-02,1.192312036067652e-09
4.881781049621628e-02,1.191724140615727e-09
4.894560581165140e-02,1.191138012473565e-09
4.907340112708652e-02,1.190553641900102e-09
4.920119644252165e-02,1.189971019154271e-09
4.932899175795677e-02,1.189390134495007e-09
4.945678707339188e-02,1.188810978181244e-09
4.958458238882701e-02,1.188233540471916e-09
4.971237770426213e-02,1.187657811625957e-09
4.984017301969725e-02,1.187083782002052e-09
4.996796833513237e-02,1.186511442357910e-09
5.000000000000000e-02,1.186368250266645e-09
5.009576365056749e-02,1.185940783563362e-09
5.022355896600261e-02,1.185371796596099e-09
5.035135428143774e-02,1.184804472489442e-09
5.047914959687286e-02,1.184238802277177e-09
5.060694491230798e-02,1.183674776993087e-09
5.073474022774310e-02,1.183112387670958e-09
5.086253554317822e-02,1.182551625344574e-09
5.099033085861334e-02,1.181992481047720e-09
5.111812617404846e-02,1.181434945920751e-09
5.124592148948359e-02,1.180879011530300e-09
5.137371680491870e-02,1.180324669549563e-09
5.150151212035382e-02,1.179771911651740e-09
5.162930743578895e-02,1.179220729510029e-09
5.175710275122407e-02,1.178671114797628e-09
5.188489806665919e-02,1.178123059187735e-09
5.201269338209431e-02,1.177576554353548e-09
5.214048869752943e-02,1.177031591968266e-09
5.226828401296455e-02,1.176488163705087e-09
5.239607932839967e-02,1.175946261341485e-09
5.252387464383480e-02,1.175405877072002e-09
5.265166995926992e-02,1.174867003195434e-09
5.277946527470503e-02,1.174329632010579e-09
5.290726059014016e-02,1.173793755816235e-09
5.303505590557528e-02,1.173259366911199e-09
5.316285122101040e-02,1.172726457594268e-09
5.329064653644552e-02,1.172195020164240e-09
5.341844185188065e-02,1.171665046919911e-09
5.354623716731576e-02,1.171136530160081e-09
5.367403248275088e-02,1.170609462275836e-09
5.380182779818601e-02,1.170083836027447e-09
5.392962311362113e-02,1.169559644267489e-09
5.405741842905625e-02,1.169036879848536e-09
5.418521374449137e-02,1.168515535623161e-09
5.431300905992649e-02,1.167995604443939e-09
5.444080437536161e-02,1.167477079163443e-09
5.456859969079673e-02,1.166959952634248e-09
5.469639500623186e-02,1.166444217708927e-09
5.482419032166697e-02,1.165929867240055e-09
5.495198563710210e-02,1.165416894164437e-09
5.507978095253722e-02,1.164905291755809e-09
5.520757626797234e-02,1.164395053372136e-09
5.533537158340746e-02,1.163886172371384e-09
5.546316689884258e-02,1.163378642111518e-09
5.559096221427770e-02,1.162872455950505e-09
5.571875752971282e-02,1.162367607246311e-09
5.584655284514795e-02,1.161864089356900e-09
5.597434816058307e-02,1.161361895640239e-09
5.610214347601819e-02,1.160861019454294e-09
5.622993879145331e-02,1.160361454233465e-09
5.635773410688843e-02,1.159863193717866e-09
5.648552942232355e-02,1.159366231724033e-09
5.661332473775867e-02,1.158870562068504e-09
5.674112005319380e-02,1.158376178567814e-09
5.686891536862891e-02,1.157883075038501e-09
5.699671068406403e-02,1.157391245297099e-09
5.712450599949916e-02,1.156900683160146e-09
5.725230131493428e-02,1.156411382444178e-09
5.738009663036940e-02,1.155923336965732e-09
5.750789194580452e-02,1.155436540611072e-09
5.763568726123964e-02,1.154950987545401e-09
5.776348257667476e-02,1.154466672003658e-09
5.789127789210988e-02,1.153983588220785e-09
5.801907320754501e-02,1.153501730431723e-09
5.814686852298013e-02,1.153021092871414e-09
5.827466383841524e-02,1.152541669774797e-09
5.840245915385037e-02,1.152063455376815e-09
5.853025446928549e-02,1.151586443912407e-09
5.865804978472061e-02,1.151110629616516e-09
5.878584510015573e-02,1.150636006787540e-09
5.891364041559085e-02,1.150162569977715e-09
5.904143573102597e-02,1.149690313802734e-09
5.916923104646109e-02,1.149219232878292e-09
5.929702636189622e-02,1.148749321820081e-09
5.942482167733134e-02,1.148280575243796e-09
5.955261699276646e-02,1.147812987765132e-09
5.968041230820158e-02,1.147346553999781e-09
5.980820762363670e-02,1.146881268563438e-09
5.993600293907182e-02,1.146417126071797e-09
6.006379825450694e-02,1.145954121198798e-09
6.019159356994207e-02,1.145492248851351e-09
6.031938888537718e-02,1.145031503994607e-09
6.044718420081231e-02,1.144571881593713e-09
6.057497951624743e-02,1.144113376613819e-09
6.070277483168255e-02,1.143655984020073e-09
6.083057014711767e-02,1.143199698777626e-09
6.095836546255279e-02,1.142744515851627e-09
6.108616077798791e-02,1.142290430207223e-09
6.121395609342303e-02,1.141837436809564e-09
6.134175140885816e-02,1.141385530677124e-09
6.146954672429328e-02,1.140934707041692e-09
6.159734203972840e-02,1.140484961188391e-09
6.172513735516352e-02,1.140036288402344e-09
6.185293267059864e-02,1.139588683968675e-09
6.198072798603376e-02,1.139142143172507e-09
6.210852330146888e-02,1.138696661298963e-09
6.223631861690401e-02,1.138252233633167e-09
6.236411393233912e-02,1.137808855460241e-09
6.249190924777424e-02,1.137366522065309e-09
6.261970456320937e-02,1.136925228782378e-09
6.274749987864449e-02,1.136484971140988e-09
6.287529519407961e-02,1.136045744719563e-09
6.300309050951473e-02,1.135607545096530e-09
6.313088582494986e-02,1.135170367850313e-09
6.325868114038498e-02,1.134734208559339e-09
6.338647645582010e-02,1.134299062802031e-09
6.351427177125522e-02,1.133864926156816e-09
6.364206708669033e-02,1.133431794202119e-09
6.376986240212545e-02,1.132999662516365e-09
6.389765771756058e-02,1.132568526722946e-09
6.402545303299570e-02,1.132138382625114e-09
6.415324834843082e-02,1.131709226071083e-09
6.428104366386594e-02,1.131281052909066e-09
6.440883897930107e-02,1.130853858987278e-09
6.453663429473619e-02,1.130427640153932e-09
6.466442961017131e-02,1.130002392257241e-09
6.479222492560642e-02,1.129578111145421e-09
6.492002024104154e-02,1.129154792666683e-09
6.504781555647667e-02,1.128732432669243e-09
6.517561087191179e-02,1.128311027042743e-09
6.530340618734691e-02,1.127890571842558e-09
6.543120150278203e-02,1.127471063165502e-09
6.555899681821716e-02,1.127052497108388e-09
6.568679213365228e-02,1.126634869768029e-09
6.581458744908740e-02,1.126218177241239e-09
6.594238276452252e-02,1.125802415624831e-09
6.607017807995763e-02,1.125387581015617e-09
6.619797339539275e-02,1.124973669510412e-09
6.632576871082788e-02,1.124560677206027e-09
6.645356402626300e-02,1.124148600237527e-09
6.658135934169812e-02,1.123737434892975e-09
6.670915465713324e-02,1.123327177498687e-09
6.683694997256837e-02,1.122917824380979e-09
6.696474528800349e-02,1.122509371866167e-09
6.709254060343861e-02,1.122101816280567e-09
6.722033591887373e-02,1.121695153950495e-09
6.734813123430886e-02,1.121289381202267e-09
6.747592654974396e-02,1.120884494362199e-09
6.760372186517909e-02,1.120480489756606e-09
6.773151718061421e-02,1.120077363746982e-09
6.785931249604933e-02,1.119675112835516e-09
6.798710781148445e-02,1.119273733559573e-09
6.811490312691958e-02,1.118873222456517e-09
6.824269844235470e-02,1.118473576063711e-09
6.837049375778982e-02,1.118074790918520e-09
6.849828907322494e-02,1.117676863558308e-09
6.862608438866007e-02,1.117279790520438e-09
6.875387970409517e-02,1.116883568342275e-09
6.888167501953030e-02,1.116488193561182e-09
6.900947033496542e-02,1.116093662747945e-09
6.913726565040054e-02,1.115699972607049e-09
6.926506096583566e-02,1.115307119876409e-09
6.939285628127079e-02,1.114915101293939e-09
6.952065159670591e-02,1.114523913597553e-09
6.964844691214103e-02,1.114133553525167e-09
6.977624222757615e-02,1.113744017814695e-09
6.990403754301128e-02,1.113355303204051e-09
7.003183285844640e-02,1.112967406431150e-09
7.015962817388151e-02,1.112580324233906e-09
7.028742348931663e-02,1.112194053378032e-09
7.041521880475175e-02,1.111808590740432e-09
7.054301412018688e-02,1.111423933225815e-09
7.067080943562200e-02,1.111040077738884e-09
7.079860475105712e-02,1.110657021184347e-09
7.092640006649224e-02,1.110274760466909e-09
7.105419538192737e-02,1.109893292491277e-09
7.118199069736249e-02,1.109512614162156e-09
7.130978601279761e-02,1.109132722384253e-09
7.152277820518949e-02,1.108501308905702e-09
7.173577039758135e-02,1.107872057547153e-09
7.194876258997322e-02,1.107244954896614e-09
7.216175478236508e-02,1.106619987725721e-09
7.237474697475696e-02,1.105997142806103e-09
7.258773916714882e-02,1.105376406909394e-09
7.280073135954070e-02,1.104757766807226e-09
7.301372355193256e-02,1.104141209271230e-09
7.322671574432443e-02,1.103526721073041e-09
7.343970793671629e-02,1.102914288984289e-09
7.365270012910817e-02,1.102303899776607e-09
7.386569232150003e-02,1.101695540419593e-09
7.407868451389191e-02,1.101089198674702e-09
7.429167670628377e-02,1.100484862501356e-09
7.450466889867564e-02,1.099882519858974e-09
7.471766109106751e-02,1.099282158706978e-09
7.493065328345938e-02,1.098683767004788e-09
7.514364547585124e-02,1.098087332711825e-09
7.535663766824312e-02,1.097492843787509e-09
7.556962986063498e-02,1.096900288191261e-09
7.578262205302685e-02,1.096309653882503e-09
7.599561424541872e-02,1.095720928988720e-09
7.620860643781059e-02,1.095134102309646e-09
7.642159863020245e-02,1.094549162813074e-09
7.663459082259433e-02,1.093966099466795e-09
7.684758301498619e-02,1.093384901238598e-09
7.706057520737807e-02,1.092805557096275e-09
7.727356739976993e-02,1.092228056007617e-09
7.748655959216180e-02,1.091652386940416e-09
7.769955178455366e-02,1.091078538862461e-09
7.791254397694554e-02,1.090506500741545e-09
7.812553616933740e-02,1.089936261697272e-09
7.833852836172928e-02,1.089367811456472e-09
7.855152055412114e-02,1.088801139897774e-09
7.876451274651301e-02,1.088236236899803e-09
7.897750493890487e-02,1.087673092341188e-09
7.919049713129675e-02,1.087111696100556e-09
7.940348932368861e-02,1.086552038056533e-09
7.961648151608049e-02,1.085994108087748e-09
7.982947370847235e-02,1.085437896072828e-09
8.004246590086422e-02,1.084883391890400e-09
8.025545809325609e-02,1.084330585554437e-09
8.046845028564796e-02,1.083779467620333e-09
8.068144247803982e-02,1.083230028778842e-09
8.089443467043170e-02,1.082682259720720e-09
8.110742686282357e-02,1.082136151136719e-09
8.132041905521543e-02,1.081591693717596e-09
8.153341124760730e-02,1.081048878154106e-09
8.174640343999917e-02,1.080507695137002e-09
8.195939563239105e-02,1.079968135357039e-09
8.217238782478291e-02,1.079430189504974e-09
8.238538001717477e-02,1.078893848392985e-09
8.259837220956665e-02,1.078359103318975e-09
8.281136440195852e-02,1.077825945702278e-09
8.302435659435038e-02,1.077294366962230e-09
8.323734878674224e-02,1.076764358518165e-09
8.345034097913412e-02,1.076235911789418e-09
8.366333317152599e-02,1.075709018195323e-09
8.387632536391786e-02,1.075183669155217e-09
8.408931755630973e-02,1.074659856088433e-09
8.430230974870159e-02,1.074137570414307e-09
8.451530194109347e-02,1.073616803661512e-09
8.472829413348533e-02,1.073097547796080e-09
8.494128632587720e-02,1.072579794893385e-09
8.515427851826907e-02,1.072063537028797e-09
8.536727071066094e-02,1.071548766277689e-09
8.558026290305280e-02,1.071035474715433e-09
8.579325509544468e-02,1.070523654417401e-09
8.600624728783654e-02,1.070013297458964e-09
8.621923948022842e-02,1.069504395915496e-09
8.643223167262028e-02,1.068996941862367e-09
8.664522386501215e-02,1.068490927473332e-09
8.685821605740401e-02,1.067986345315659e-09
8.707120824979589e-02,1.067483188054993e-09
8.728420044218775e-02,1.066981448356980e-09
8.749719263457963e-02,1.066481118887266e-09
8.771018482697149e-02,1.065982192311495e-09
8.792317701936336e-02,1.065484661295313e-09
8.813616921175522e-02,1.064988518504366e-09
8.834916140414710e-02,1.064493756604298e-09
8.856215359653896e-02,1.064000368260756e-09
8.877514578893084e-02,1.063508346228466e-09
8.898813798132270e-02,1.063017683618460e-09
8.920113017371457e-02,1.062528373630843e-09
8.941412236610644e-02,1.062040409465719e-09
8.962711455849831e-02,1.061553784323192e-09
8.984010675089017e-02,1.061068491403368e-09
9.005309894328205e-02,1.060584523906349e-09
9.026609113567391e-02,1.060101875032243e-09
9.047908332806578e-02,1.059620537981151e-09
9.069207552045766e-02,1.059140505953179e-09
9.090506771284952e-02,1.058661772229085e-09
9.111805990524138e-02,1.058184330412256e-09
9.133105209763326e-02,1.057708174186746e-09
9.154404429002513e-02,1.057233297236605e-09
9.175703648241700e-02,1.056759693245885e-09
9.197002867480886e-02,1.056287355898639e-09
9.218302086720073e-02,1.055816278878918e-09
9.239601305959261e-02,1.055346455870773e-09
9.260900525198447e-02,1.054877880558257e-09
9.282199744437633e-02,1.054410546625421e-09
9.303498963676821e-02,1.053944447829733e-09
9.324798182916008e-02,1.053479578222326e-09
9.346097402155194e-02,1.053015931927758e-09
9.367396621394380e-02,1.052553503070584e-09
9.388695840633568e-02,1.052092285775359e-09
9.409995059872756e-02,1.051632274166639e-09
9.431294279111942e-02,1.051173462368980e-09
9.452593498351128e-02,1.050715844506937e-09
9.473892717590315e-02,1.050259414705066e-09
9.495191936829503e-02,1.049804167087923e-09
9.516491156068689e-02,1.049350095846727e-09
9.537790375307875e-02,1.048897195439359e-09
9.559089594547063e-02,1.048445460390364e-09
9.580388813786250e-02,1.047994885224289e-09
9.601688033025436e-02,1.047545464465678e-09
9.622987252264624e-02,1.047097192639078e-09
9.644286471503810e-02,1.046650064269034e-09
9.665585690742998e-02,1.046204073880092e-09
9.686884909982184e-02,1.045759215996798e-09
9.708184129221371e-02,1.045315485143698e-09
9.729483348460558e-02,1.044872875906195e-09
9.750782567699745e-02,1.044431383113128e-09
9.772081786938931e-02,1.043991001654191e-09
9.793381006178119e-02,1.043551726419076e-09
9.814680225417305e-02,1.043113552297479e-09
9.835979444656492e-02,1.042676474179094e-09
9.857278663895679e-02,1.042240486953614e-09
9.878577883134866e-02,1.041805585510733e-09
9.899877102374052e-02,1.041371764740146e-09
9.921176321613240e-02,1.040939019531545e-09
9.942475540852426e-02,1.040507344830298e-09
9.963774760091614e-02,1.040076735804445e-09
9.985073979330800e-02,1.039647187677693e-09
1.000637319857000e-01,1.039218695673748e-09
1.002767241780920e-01,1.038791255016320e-09
1.004897163704840e-01,1.038364860929115e-09
1.007027085628750e-01,1.037939508635843e-09
1.009157007552670e-01,1.037515193360207e-09
1.011286929476590e-01,1.037091910325916e-09
1.013416851400510e-01,1.036669654756677e-09
1.015546773324430e-01,1.036248421927047e-09
1.017676695248350e-01,1.035828207315018e-09
1.019806617172270e-01,1.035409006449453e-09
1.021936539096190e-01,1.034990814859212e-09
1.024066461020100e-01,1.034573628073161e-09
1.026196382944020e-01,1.034157441620158e-09
1.028326304867940e-01,1.033742251029067e-09
1.030456226791860e-01,1.033328051828751e-09
1.032586148715780e-01,1.032914839548070e-09
1.034716070639700e-01,1.032502609715888e-09
1.036845992563620e-01,1.032091357907945e-09
1.038975914487540e-01,1.031681079887473e-09
1.041105836411450e-01,1.031271771464574e-09
1.043235758335370e-01,1.030863428449345e-09
1.045365680259290e-01,1.030456046651888e-09
1.047495602183210e-01,1.030049621882305e-09
1.049625524107130e-01,1.029644149950696e-09
1.051755446031050e-01,1.029239626667160e-09
1.053885367954970e-01,1.028836047841800e-09
1.056015289878880e-01,1.028433409284717e-09
1.058145211802800e-01,1.028031706848718e-09
1.060275133726720e-01,1.027630936557387e-09
1.062405055650640e-01,1.027231094476980e-09
1.064534977574560e-01,1.026832176673753e-09
1.066664899498480e-01,1.026434179213962e-09
1.068794821422400e-01,1.026037098163865e-09
1.070924743346320e-01,1.025640929589718e-09
1.073054665270230e-01,1.025245669557779e-09
1.075184587194150e-01,1.024851314134300e-09
1.077314509118070e-01,1.024457859385540e-09
1.079444431041990e-01,1.024065301417738e-09
1.081574352965910e-01,1.023673636497170e-09
1.083704274889830e-01,1.023282860930149e-09
1.085834196813750e-01,1.022892971022990e-09
1.087964118737660e-01,1.022503963082008e-09
1.090094040661580e-01,1.022115833413512e-09
1.092223962585500e-01,1.021728578323819e-09
1.094353884509420e-01,1.021342194119243e-09
1.096483806433340e-01,1.020956677106096e-09
1.098613728357260e-01,1.020572023590693e-09
1.100743650281180e-01,1.020188229915228e-09
1.102873572205100e-01,1.019805292565470e-09
1.105003494129010e-01,1.019423208063097e-09
1.107133416052930e-01,1.019041972929785e-09
1.109263337976850e-01,1.018661583687211e-09
1.111393259900770e-01,1.018282036857053e-09
1.113523181824690e-01,1.017903328960987e-09
1.115653103748610e-01,1.017525456520692e-09
1.117783025672530e-01,1.017148416057844e-09
1.119912947596450e-01,1.016772204094121e-09
1.122042869520360e-01,1.016396817185139e-09
1.124172791444280e-01,1.016022252022278e-09
1.126302713368200e-01,1.015648505330864e-09
1.128432635292120e-01,1.015275573836222e-09
1.130562557216040e-01,1.014903454263678e-09
1.132692479139960e-01,1.014532143338558e-09
1.134822401063880e-01,1.014161637786186e-09
1.136952322987790e-01,1.013791934331889e-09
1.139082244911710e-01,1.013423029700991e-09
1.141212166835630e-01,1.013054920618817e-09
1.143342088759550e-01,1.012687603842383e-09
1.145472010683470e-01,1.012321076255434e-09
1.147601932607390e-01,1.011955334773391e-09
1.149731854531310e-01,1.011590376311674e-09
1.151861776455230e-01,1.011226197785705e-09
1.153991698379140e-01,1.010862796110904e-09
1.156121620303060e-01,1.010500168202689e-09
1.158251542226980e-01,1.010138310976483e-09
1.160381464150900e-01,1.009777221347706e-09
1.162511386074820e-01,1.009416896231777e-09
1.164641307998740e-01,1.009057332570386e-09
1.166771229922660e-01,1.008698527410228e-09
1.168901151846570e-01,1.008340477824241e-09
1.171031073770490e-01,1.007983180885357e-09
1.173160995694410e-01,1.007626633666514e-09
1.175290917618330e-01,1.007270833240647e-09
1.177420839542250e-01,1.006915776680691e-09
1.179550761466170e-01,1.006561461059582e-09
1.181680683390090e-01,1.006207883450256e-09
1.183810605314010e-01,1.005855040925648e-09
1.185940527237920e-01,1.005502930595114e-09
1.188070449161840e-01,1.005151549713761e-09
1.190200371085760e-01,1.004800895573161e-09
1.192330293009680e-01,1.004450965464883e-09
1.194460214933600e-01,1.004101756680497e-09
1.196590136857520e-01,1.003753266511573e-09
1.198720058781440e-01,1.003405492249682e-09
1.200849980705360e-01,1.003058431186391e-09
1.202979902629270e-01,1.002712080613274e-09
1.205109824553190e-01,1.002366437821897e-09
1.207239746477110e-01,1.002021500092460e-09
1.209369668401030e-01,1.001677264659672e-09
1.211499590324950e-01,1.001333728746864e-09
1.213629512248870e-01,1.000990889577368e-09
1.215759434172790e-01,1.000648744374517e-09
1.217889356096700e-01,1.000307290361644e-09
1.220019278020620e-01,9.999665247620776e-10
1.222149199944540e-01,9.996264447991512e-10
1.224279121868460e-01,9.992870476961972e-10
1.226409043792380e-01,9.989483306765470e-10
1.228538965716300e-01,9.986102911218145e-10
1.230668887640220e-01,9.982729270467007e-10
1.232798809564140e-01,9.979362366241677e-10
1.234928731488050e-01,9.976002180271810e-10
1.237058653411970e-01,9.972648694286998e-10
1.239188575335890e-01,9.969301890016885e-10
1.241318497259810e-01,9.965961749191101e-10
1.243448419183730e-01,9.962628253539277e-10
1.245578341107650e-01,9.959301384791043e-10
1.247708263031570e-01,9.955981124676022e-10
1.249838184955480e-01,9.952667450092290e-10
1.251968106879400e-01,9.949360318618723e-10
1.254098028803320e-01,9.946059683006252e-10
1.256227950727240e-01,9.942765496005790e-10
1.258357872651160e-01,9.939477710368257e-10
1.260487794575080e-01,9.936196278844561e-10
1.262617716499000e-01,9.932921154185623e-10
1.264747638422920e-01,9.929652289142351e-10
1.266877560346830e-01,9.926389636465677e-10
1.269007482270750e-01,9.923133148906488e-10
1.271137404194670e-01,9.919882798257120e-10
1.273267326118590e-01,9.916638632423808e-10
1.275397248042510e-01,9.913400718328340e-10
1.277527169966430e-01,9.910169122892511e-10
1.279657091890350e-01,9.906943913038115e-10
1.281787013814270e-01,9.903725155686936e-10
1.283916935738180e-01,9.900512917760786e-10
1.286046857662100e-01,9.897307266181424e-10
1.288176779586020e-01,9.894108267870659e-10
1.290306701509940e-01,9.890915989750279e-10
1.292436623433860e-01,9.887730428690112e-10
1.294566545357780e-01,9.884551301234295e-10
1.296696467281700e-01,9.881378253816072e-10
1.298826389205610e-01,9.878210932868703e-10
1.300956311129530e-01,9.875048984825399e-10
1.303086233053450e-01,9.871892056119421e-10
1.305216154977370e-01,9.868739793184014e-10
1.307346076901290e-01,9.865591842452421e-10
1.309475998825210e-01,9.862447850357886e-10
1.311605920749130e-01,9.859307463333651e-10
1.313735842673050e-01,9.856170590207975e-10
1.315865764596960e-01,9.853038189506320e-10
1.317995686520880e-01,9.849911482207708e-10
1.320125608444800e-01,9.846791689291202e-10
1.322255530368720e-01,9.843680031735849e-10
1.324385452292640e-01,9.840577730520700e-10
1.326515374216560e-01,9.837486006624803e-10
1.328645296140480e-01,9.834406081027207e-10
1.330775218064400e-01,9.831339174706959e-10
1.332905139988310e-01,9.828286508643123e-10
1.335035061912230e-01,9.825248325056139e-10
1.337164983836150e-01,9.822220951904034e-10
1.339294905760070e-01,9.819199738772138e-10
1.341424827683990e-01,9.816180035245779e-10
1.343554749607910e-01,9.813157190910286e-10
1.345684671531830e-01,9.810126555350988e-10
1.347814593455740e-01,9.807083478153226e-10
1.349944515379660e-01,9.804023308902305e-10
1.352074437303580e-01,9.800941397183563e-10
1.354204359227500e-01,9.797833092582328e-10
1.356334281151420e-01,9.794697399168082e-10
1.358464203075340e-01,9.791547931552487e-10
1.360594124999260e-01,9.788401955135086e-10
1.362724046923180e-01,9.785276735315427e-10
1.364853968847090e-01,9.782189537493066e-10
1.366983890771010e-01,9.779157627067521e-10
1.369113812694930e-01,9.776198269438349e-10
1.371243734618850e-01,9.773328730005097e-10
1.373373656542770e-01,9.770566274167311e-10
1.375503578466690e-01,9.767928167324530e-10
1.377633500390610e-01,9.765424276582981e-10
1.379763422314520e-01,9.763034858300010e-10
1.381893344238440e-01,9.760732761749211e-10
1.384023266162360e-01,9.758490836204202e-10
1.386153188086280e-01,9.756281930938595e-10
1.388283110010200e-01,9.754078895226003e-10
1.390413031934120e-01,9.751854578340034e-10
1.392542953858040e-01,9.749581829554302e-10
1.394672875781960e-01,9.747233498142414e-10
1.396802797705870e-01,9.744782433377999e-10
1.398932719629790e-01,9.742208857969154e-10
1.401062641553710e-01,9.739522496766977e-10
1.403192563477630e-01,9.736740452260115e-10
1.405322485401550e-01,9.733879826937209e-10
1.407452407325470e-01,9.730957723286913e-10
1.409582329249390e-01,9.727991243797869e-10
1.411712251173300e-01,9.724997490958740e-10
1.413842173097220e-01,9.721993567258143e-10
1.415972095021140e-01,9.718996575184737e-10
1.418102016945060e-01,9.716023617227172e-10
1.420231938868980e-01,9.713088178261769e-10
1.422361860792900e-01,9.710189273060915e-10
1.424491782716820e-01,9.707322298957354e-10
1.426621704640740e-01,9.704482653283832e-10
1.428751626564650e-01,9.701665733373102e-10
1.430881548488570e-01,9.698866936557882e-10
1.433011470412490e-01,9.696081660170931e-10
1.435141392336410e-01,9.693305301544994e-10
1.437271314260330e-01,9.690533258012811e-10
1.439401236184250e-01,9.687760926907124e-10
1.441531158108170e-01,9.684984675348199e-10
1.443661080032090e-01,9.682204748316102e-10
1.445791001956000e-01,9.679422359933416e-10
1.447920923879920e-01,9.676638724322688e-10
1.450050845803840e-01,9.673855055606500e-10
1.452180767727760e-01,9.671072567907423e-10
1.454310689651680e-01,9.668292475348029e-10
1.456440611575600e-01,9.665515992050888e-10
1.458570533499520e-01,9.662744332138565e-10
1.460700455423430e-01,9.659978709733651e-10
1.462830377347350e-01,9.657220079174393e-10
1.464960299271270e-01,9.654468356328267e-10
1.467090221195190e-01,9.651723197611511e-10
1.469220143119110e-01,9.648984259440366e-10
1.471350065043030e-01,9.646251198231068e-10
1.473479986966950e-01,9.643523670399860e-10
1.475609908890870e-01,9.640801332362978e-10
1.477739830814780e-01,9.638083840536675e-10
1.479869752738700e-01,9.635370851337165e-10
1.481999674662620e-01,9.632662021180701e-10
1.484129596586540e-01,9.629957076146336e-10
1.486259518510460e-01,9.627256021092099e-10
1.488389440434380e-01,9.624558930602710e-10
1.490519362358300e-01,9.621865879262885e-10
1.492649284282220e-01,9.619176941657341e-10
1.494779206206130e-01,9.616492192370809e-10
1.496909128130050e-01,9.613811705987982e-10
1.499039050053970e-01,9.611135557093591e-10
1.501168971977890e-01,9.608463820272353e-10
1.503298893901810e-01,9.605796570108986e-10
1.505428815825730e-01,9.603133862644858e-10
1.507558737749650e-01,9.600475679736856e-10
1.509688659673560e-01,9.597821984692980e-10
1.511818581597480e-01,9.595172740821205e-10
1.513948503521400e-01,9.592527911429531e-10
1.516078425445320e-01,9.589887459825951e-10
1.518208347369240e-01,9.587251349318461e-10
1.520338269293160e-01,9.584619543215055e-10
1.522468191217080e-01,9.581992004823718e-10
1.524598113141000e-01,9.579368697452449e-10
1.526728035064910e-01,9.576749589499428e-10
1.528857956988830e-01,9.574134669720256e-10
1.530987878912750e-01,9.571523931959126e-10
1.533117800836670e-01,9.568917370060223e-10
1.535247722760590e-01,9.566314977867721e-10
1.537377644684510e-01,9.563716749225806e-10
1.539507566608430e-01,9.561122677978658e-10
1.541637488532340e-01,9.558532757970468e-10
1.543767410456260e-01,9.555946983045395e-10
1.545897332380180e-01,9.553365347047630e-10
1.548027254304100e-01,9.550787842570554e-10
1.550157176228020e-01,9.548214457206691e-10
1.552287098151940e-01,9.545645177298933e-10
1.554417020075860e-01,9.543079989190176e-10
1.556546941999780e-01,9.540518879223311e-10
1.558676863923690e-01,9.537961833741244e-10
1.560806785847610e-01,9.535408839086844e-10
1.562936707771530e-01,9.532859881603018e-10
1.565066629695450e-01,9.530314947632658e-10
1.567196551619370e-01,9.527774023518659e-10
1.569326473543290e-01,9.525237096045813e-10
1.571456395467210e-01,9.522704153767644e-10
1.573586317391130e-01,9.520175185680132e-10
1.575716239315040e-01,9.517650180779266e-10
1.577846161238960e-01,9.515129128061011e-10
1.579976083162880e-01,9.512612016521351e-10
1.582106005086800e-01,9.510098835156273e-10
1.584235927010720e-01,9.507589572961756e-10
1.586365848934640e-01,9.505084218933782e-10
1.588495770858560e-01,9.502582762068328e-10
1.590625692782470e-01,9.500085191344288e-10
1.592755614706390e-01,9.497591495672100e-10
1.594885536630310e-01,9.495101663945119e-10
1.597015458554230e-01,9.492615685056693e-10
1.599145380478150e-01,9.490133547900171e-10
1.601275302402070e-01,9.487655241368894e-10
1.603405224325990e-01,9.485180754356216e-10
1.605535146249910e-01,9.482710075755477e-10
1.607665068173820e-01,9.480243194460043e-10
1.609794990097740e-01,9.477780099363231e-10
1.611924912021660e-01,9.475320779458879e-10
1.614054833945580e-01,9.472865224142717e-10
1.616184755869500e-01,9.470413422910953e-10
1.618314677793420e-01,9.467965365259800e-10
1.620444599717340e-01,9.465521040685464e-10
1.622574521641260e-01,9.463080438684158e-10
1.624704443565170e-01,9.460643548752101e-10
1.626834365489090e-01,9.458210360385479e-10
1.628964287413010e-01,9.455780863080515e-10
1.631094209336930e-01,9.453355046333417e-10
1.633224131260850e-01,9.450932899704426e-10
1.635354053184770e-01,9.448514413009836e-10
1.637483975108690e-01,9.446099576129928e-10
1.639613897032600e-01,9.443688378945002e-10
1.641743818956520e-01,9.441280811335318e-10
1.643873740880440e-01,9.438876863181171e-10
1.646003662804360e-01,9.436476524362847e-10
1.648133584728280e-01,9.434079784760635e-10
1.650263506652200e-01,9.431686634254815e-10
1.652393428576120e-01,9.429297062725671e-10
1.654523350500040e-01,9.426911060122088e-10
1.656653272423950e-01,9.424528616667173e-10
1.658783194347870e-01,9.422149722652517e-10
1.660913116271790e-01,9.419774368369739e-10
1.663043038195710e-01,9.417402544110452e-10
1.665172960119630e-01,9.415034240166268e-10
1.667302882043550e-01,9.412669446828796e-10
1.669432803967470e-01,9.410308154389649e-10
1.671562725891380e-01,9.407950353140447e-10
1.673692647815300e-01,9.405596033372784e-10
1.675822569739220e-01,9.403245185441979e-10
1.677952491663140e-01,9.400897799958276e-10
1.680082413587060e-01,9.398553867595684e-10
1.682212335510980e-01,9.396213379028210e-10
1.684342257434900e-01,9.393876324929861e-10
1.686472179358820e-01,9.391542695974643e-10
1.688602101282730e-01,9.389212482836578e-10
1.690732023206650e-01,9.386885676189650e-10
1.692861945130570e-01,9.384562266707879e-10
1.694991867054490e-01,9.382242245065270e-10
1.697121788978410e-01,9.379925601995933e-10
1.699251710902330e-01,9.377612328474423e-10
1.701381632826250e-01,9.375302415535418e-10
1.703511554750170e-01,9.372995854213598e-10
1.705641476674080e-01,9.370692635543653e-10
1.707771398598000e-01,9.368392750560235e-10
1.709901320521920e-01,9.366096190298039e-10
1.712031242445840e-01,9.363802945791739e-10
1.714161164369760e-01,9.361513008076018e-10
1.716291086293680e-01,9.359226368185552e-10
1.718421008217600e-01,9.356943017212382e-10
1.720550930141510e-01,9.354662946477983e-10
1.722680852065430e-01,9.352386147361150e-10
1.724810773989350e-01,9.350112611240701e-10
1.726940695913270e-01,9.347842329495457e-10
1.729070617837190e-01,9.345575293504224e-10
1.731200539761110e-01,9.343311494645819e-10
1.733330461685030e-01,9.341050924299055e-10
1.735460383608950e-01,9.338793573842743e-10
1.737590305532860e-01,9.336539434655709e-10
1.739720227456780e-01,9.334288498171213e-10
1.741850149380700e-01,9.332040756040318e-10
1.743980071304620e-01,9.329796199968497e-10
1.746109993228540e-01,9.327554821661223e-10
1.748239915152460e-01,9.325316612823972e-10
1.750369837076380e-01,9.323081565162217e-10
1.752499759000290e-01,9.320849670381443e-10
1.754629680924210e-01,9.318620920187102e-10
1.756759602848130e-01,9.316395306284679e-10
1.758889524772050e-01,9.314172820379647e-10
1.761019446695970e-01,9.311953454229163e-10
1.763149368619890e-01,9.309737199797244e-10
1.765279290543810e-01,9.307524049099663e-10
1.767409212467730e-01,9.305313994152189e-10
1.769539134391640e-01,9.303107026970602e-10
1.771669056315560e-01,9.300903139570652e-10
1.773798978239480e-01,9.298702323968122e-10
1.775928900163400e-01,9.296504572178781e-10
1.778058822087320e-01,9.294309876218396e-10
1.780188744011240e-01,9.292118228102744e-10
1.782318665935160e-01,9.289929619896847e-10
1.784448587859070e-01,9.287744043862860e-10
1.786578509782990e-01,9.285561492312194e-10
1.788708431706910e-01,9.283381957556292e-10
1.790838353630830e-01,9.281205431906591e-10
1.792968275554750e-01,9.279031907674521e-10
1.795098197478670e-01,9.276861377171516e-10
1.797228119402590e-01,9.274693832709014e-10
1.799358041326510e-01,9.272529266598443e-10
1.801487963250420e-01,9.270367671151249e-10
1.803617885174340e-01,9.268209038725643e-10
1.805747807098260e-01,9.266053361867053e-10
1.807877729022180e-01,9.263900633167701e-10
1.810007650946100e-01,9.261750845219805e-10
1.812137572870020e-01,9.259603990615586e-10
1.814267494793940e-01,9.257460061947266e-10
1.816397416717860e-01,9.255319051807065e-10
1.818527338641770e-01,9.253180952787213e-10
1.820657260565690e-01,9.251045757479909e-10
1.822787182489610e-01,9.248913458477386e-10
1.824917104413530e-01,9.246784048416543e-10
1.827047026337450e-01,9.244657520112965e-10
1.829176948261370e-01,9.242533866426886e-10
1.831306870185290e-01,9.240413080218551e-10
1.833436792109200e-01,9.238295154348209e-10
1.835566714033120e-01,9.236180081676078e-10
1.837696635957040e-01,9.234067855062407e-10
1.839826557880960e-01,9.231958467367438e-10
1.841956479804880e-01,9.229851911451410e-10
1.844086401728800e-01,9.227748180174562e-10
1.846216323652720e-01,9.225647266439765e-10
1.848346245576640e-01,9.223549163320318e-10
1.850476167500550e-01,9.221453863932118e-10
1.852606089424470e-01,9.219361361391024e-10
1.854736011348390e-01,9.217271648812930e-10
1.856865933272310e-01,9.215184719313722e-10
1.858995855196230e-01,9.213100566009281e-10
1.861125777120150e-01,9.211019182015488e-10
1.863255699044070e-01,9.208940560448231e-10
1.865385620967990e-01,9.206864694423389e-10
1.867515542891900e-01,9.204791577097056e-10
1.869645464815820e-01,9.202721201786180e-10
1.871775386739740e-01,9.200653561847978e-10
1.873905308663660e-01,9.198588650639659e-10
1.876035230587580e-01,9.196526461518433e-10
1.878165152511500e-01,9.194466987841509e-10
1.880295074435420e-01,9.192410222966096e-10
1.882424996359330e-01,9.190356160249412e-10
1.884554918283250e-01,9.188304793048647e-10
1.886684840207170e-01,9.186256114721018e-10
1.888814762131090e-01,9.184210118663015e-10
1.890944684055010e-01,9.182166798428273e-10
1.893074605978930e-01,9.180126147609722e-10
1.895204527902850e-01,9.178088159800293e-10
1.897334449826770e-01,9.176052828592917e-10
1.899464371750680e-01,9.174020147580535e-10
1.901594293674600e-01,9.171990110356060e-10
1.903724215598520e-01,9.169962710512431e-10
1.905854137522440e-01,9.167937941642581e-10
1.907984059446360e-01,9.165915797339439e-10
1.910113981370280e-01,9.163896271232028e-10
1.912243903294200e-01,9.161879357093723e-10
1.914373825218110e-01,9.159865048733994e-10
1.916503747142030e-01,9.157853339962279e-10
1.918633669065950e-01,9.155844224588048e-10
1.920763590989870e-01,9.153837696420760e-10
1.922893512913790e-01,9.151833749269876e-10
1.925023434837710e-01,9.149832376944855e-10
1.927153356761630e-01,9.147833573255156e-10
1.929283278685550e-01,9.145837332010238e-10
1.931413200609460e-01,9.143843647055836e-10
1.933543122533380e-01,9.141852512382662e-10
1.935673044457300e-01,9.139863922017687e-10
1.937802966381220e-01,9.137877869987884e-10
1.939932888305140e-01,9.135894350320218e-10
1.942062810229060e-01,9.133913357041653e-10
1.944192732152980e-01,9.131934884179159e-10
1.946322654076900e-01,9.129958925759700e-10
1.948452576000810e-01,9.127985475810252e-10
1.950582497924730e-01,9.126014528357765e-10
1.952712419848650e-01,9.124046077461562e-10
1.954842341772570e-01,9.122080117310265e-10
1.956972263696490e-01,9.120116642124793e-10
1.959102185620410e-01,9.118155646126072e-10
1.961232107544330e-01,9.116197123535022e-10
1.963362029468240e-01,9.114241068572579e-10
1.965491951392160e-01,9.112287475459644e-10
1.967621873316080e-01,9.110336338417151e-10
1.969751795240000e-01,9.108387651666020e-10
1.971881717163920e-01,9.106441409427179e-10
1.974011639087840e-01,9.104497605955452e-10
1.976141561011760e-01,9.102556235641345e-10
1.978271482935680e-01,9.100617292909296e-10
1.980401404859590e-01,9.098680772183751e-10
1.982531326783510e-01,9.096746667889129e-10
1.984661248707430e-01,9.094814974449876e-10
1.986791170631350e-01,9.092885686290430e-10
1.988921092555270e-01,9.090958797835227e-10
1.991051014479190e-01,9.089034303508706e-10
1.993180936403110e-01,9.087112197735305e-10
1.995310858327020e-01,9.085192474968725e-10
1.997440780250940e-01,9.083275129779687e-10
1.999570702174860e-01,9.081360156768199e-10
2.001700624098780e-01,9.079447550534261e-10
2.003830546022700e-01,9.077537305677874e-10
2.005960467946620e-01,9.075629416799036e-10
2.008090389870540e-01,9.073723878497751e-10
2.010220311794460e-01,9.071820685374013e-10
2.012350233718370e-01,9.069919832027835e-10
2.014480155642290e-01,9.068021313059198e-10
2.016610077566210e-01,9.066125123098372e-10
2.018739999490130e-01,9.064231256896635e-10
2.020869921414050e-01,9.062339709235517e-10
2.022999843337970e-01,9.060450474896542e-10
2.025129765261890e-01,9.058563548661238e-10
2.027259687185810e-01,9.056678925311135e-10
2.029389609109720e-01,9.054796599627767e-10
2.031519531033640e-01,9.052916566392642e-10
2.033649452957560e-01,9.051038820387297e-10
2.035779374881480e-01,9.049163356393261e-10
2.037909296805400e-01,9.047290169220181e-10
2.040039218729320e-01,9.045419253790141e-10
2.042169140653240e-01,9.043550605053313e-10
2.044299062577150e-01,9.041684217959881e-10
2.046428984501070e-01,9.039820087460004e-10
2.048558906424990e-01,9.037958208503860e-10
2.050688828348910e-01,9.036098576041627e-10
2.052818750272830e-01,9.034241185023479e-10
2.054948672196750e-01,9.032386030399590e-10
2.057078594120670e-01,9.030533107120134e-10
2.059208516044590e-01,9.028682410162263e-10
2.061338437968500e-01,9.026833934611118e-10
2.063468359892420e-01,9.024987675578822e-10
2.065598281816340e-01,9.023143628177526e-10
2.067728203740260e-01,9.021301787519369e-10
2.069858125664180e-01,9.019462148716490e-10
2.071988047588100e-01,9.017624706881034e-10
2.074117969512020e-01,9.015789457125137e-10
2.076247891435940e-01,9.013956394560943e-10
2.078377813359850e-01,9.012125514300600e-10
2.080507735283770e-01,9.010296811482082e-10
2.082637657207690e-01,9.008470281346835e-10
2.084767579131610e-01,9.006645919162153e-10
2.086897501055530e-01,9.004823720195335e-10
2.089027422979450e-01,9.003003679713681e-10
2.091157344903370e-01,9.001185792984488e-10
2.093287266827280e-01,8.999370055275062e-10
2.095417188751200e-01,8.997556461852686e-10
2.097547110675120e-01,8.995745007984667e-10
2.099677032599040e-01,8.993935688938302e-10
2.101806954522960e-01,8.992128500005679e-10
2.103936876446880e-01,8.990323436578041e-10
2.106066798370800e-01,8.988520494071412e-10
2.108196720294720e-01,8.986719667901824e-10
2.110326642218630e-01,8.984920953485313e-10
2.112456564142550e-01,8.983124346237889e-10
2.114586486066470e-01,8.981329841575589e-10
2.116716407990390e-01,8.979537434914441e-10
2.118846329914310e-01,8.977747121670474e-10
2.120976251838230e-01,8.975958897259715e-10
2.123106173762150e-01,8.974172757122011e-10
2.125236095686060e-01,8.972388696792460e-10
2.127366017609980e-01,8.970606711829930e-10
2.129495939533900e-01,8.968826797793321e-10
2.131625861457820e-01,8.967048950241519e-10
2.133755783381740e-01,8.965273164733418e-10
2.135885705305660e-01,8.963499436827901e-10
2.138015627229580e-01,8.961727762083862e-10
2.140145549153500e-01,8.959958136060187e-10
2.142275471077410e-01,8.958190554315773e-10
2.144405393001330e-01,8.956425012432243e-10
2.146535314925250e-01,8.954661506082186e-10
2.148665236849170e-01,8.952900030960901e-10
2.150795158773090e-01,8.951140582763689e-10
2.152925080697010e-01,8.949383157185851e-10
2.155055002620930e-01,8.947627749922686e-10
2.157184924544850e-01,8.945874356669496e-10
2.159314846468760e-01,8.944122973121586e-10
2.161444768392680e-01,8.942373594974242e-10
2.163574690316600e-01,8.940626217922773e-10
2.165704612240520e-01,8.938880837684712e-10
2.167834534164440e-01,8.937137450066577e-10
2.169964456088360e-01,8.935396050897135e-10
2.172094378012280e-01,8.933656636005156e-10
2.174224299936190e-01,8.931919201219418e-10
2.176354221860110e-01,8.930183742368674e-10
2.178484143784030e-01,8.928450255281701e-10
2.180614065707950e-01,8.926718735787270e-10
2.182743987631870e-01,8.924989179714147e-10
2.184873909555790e-01,8.923261582891106e-10
2.187003831479710e-01,8.921535941166702e-10
2.189133753403630e-01,8.919812250468654e-10
2.191263675327540e-01,8.918090506744486e-10
2.193393597251460e-01,8.916370705941692e-10
2.195523519175380e-01,8.914652844007795e-10
2.197653441099300e-01,8.912936916890306e-10
2.199783363023220e-01,8.911222920536741e-10
2.201913284947140e-01,8.909510850894608e-10
2.204043206871060e-01,8.907800703911427e-10
2.206173128794970e-01,8.906092475534713e-10
2.208303050718890e-01,8.904386161736829e-10
2.210432972642810e-01,8.902681758589586e-10
2.212562894566730e-01,8.900979262189646e-10
2.214692816490650e-01,8.899278668633667e-10
2.216822738414570e-01,8.897579974018309e-10
2.218952660338490e-01,8.895883174440231e-10
2.221082582262410e-01,8.894188265996092e-10
2.223212504186320e-01,8.892495244782558e-10
2.225342426110240e-01,8.890804106896276e-10
2.227472348034160e-01,8.889114848433909e-10
2.229602269958080e-01,8.887427465494220e-10
2.231732191882000e-01,8.885741954184366e-10
2.233862113805920e-01,8.884058310613603e-10
2.235992035729840e-01,8.882376530891185e-10
2.238121957653760e-01,8.880696611126372e-10
2.240251879577670e-01,8.879018547428425e-10
2.242381801501590e-01,8.877342335906584e-10
2.244511723425510e-01,8.875667972670115e-10
2.246641645349430e-01,8.873995453828274e-10
2.248771567273350e-01,8.872324775490315e-10
2.250901489197270e-01,8.870655933848446e-10
2.253031411121190e-01,8.868988925426877e-10
2.255161333045100e-01,8.867323746832875e-10
2.257291254969020e-01,8.865660394673688e-10
2.259421176892940e-01,8.863998865556583e-10
2.261551098816860e-01,8.862339156088822e-10
2.263681020740780e-01,8.860681262877665e-10
2.265810942664700e-01,8.859025182530374e-10
2.267940864588620e-01,8.857370911654210e-10
2.270070786512540e-01,8.855718446856434e-10
2.272200708436450e-01,8.854067784523005e-10
2.274330630360370e-01,8.852418920154342e-10
2.276460552284290e-01,8.850771849029451e-10
2.278590474208210e-01,8.849126566427323e-10
2.280720396132130e-01,8.847483067626954e-10
2.282850318056050e-01,8.845841347907334e-10
2.284980239979970e-01,8.844201402547461e-10
2.287110161903880e-01,8.842563226826335e-10
2.289240083827800e-01,8.840926816022935e-10
2.291370005751720e-01,8.839292165416262e-10
2.293499927675640e-01,8.837659271195230e-10
2.295629849599560e-01,8.836028133188411e-10
2.297759771523480e-01,8.834398752134280e-10
2.299889693447400e-01,8.832771128771312e-10
2.302019615371320e-01,8.831145263837985e-10
2.304149537295230e-01,8.829521158072781e-10
2.306279459219150e-01,8.827898812214162e-10
2.308409381143070e-01,8.826278227000610e-10
2.310539303066990e-01,8.824659403170605e-10
2.312669224990910e-01,8.823042341462618e-10
2.314799146914830e-01,8.821427039299852e-10
2.316929068838750e-01,8.819813480848595e-10
2.319058990762670e-01,8.818201646961966e-10
2.321188912686580e-01,8.816591518493085e-10
2.323318834610500e-01,8.814983076295054e-10
2.325448756534420e-01,8.813376301220995e-10
2.327578678458340e-01,8.811771174124023e-10
2.329708600382260e-01,8.810167675857253e-10
2.331838522306180e-01,8.808565787273800e-10
2.333968444230100e-01,8.806965489226781e-10
2.336098366154010e-01,8.805366775022886e-10
2.338228288077930e-01,8.803769687751906e-10
2.340358210001850e-01,8.802174282941649e-10
2.342488131925770e-01,8.800580616119912e-10
2.344618053849690e-01,8.798988742814497e-10
2.346747975773610e-01,8.797398718553203e-10
2.348877897697530e-01,8.795810598863830e-10
2.351007819621450e-01,8.794224439274175e-10
2.353137741545360e-01,8.792640295312050e-10
2.355267663469280e-01,8.791058222505237e-10
2.357397585393200e-01,8.789478230028915e-10
2.359527507317120e-01,8.787900141559843e-10
2.361657429241040e-01,8.786323734378185e-10
2.363787351164960e-01,8.784748785764109e-10
2.365917273088880e-01,8.783175072997782e-10
2.368047195012800e-01,8.781602373359370e-10
2.370177116936710e-01,8.780030464129043e-10
2.372307038860630e-01,8.778459122586957e-10
2.374436960784550e-01,8.776888126013284e-10
2.376566882708470e-01,8.775317251688189e-10
2.378696804632390e-01,8.773746450010979e-10
2.380826726556310e-01,8.772176363971920e-10
2.382956648480230e-01,8.770607809737624e-10
2.385086570404140e-01,8.769041603474714e-10
2.387216492328060e-01,8.767478561349792e-10
2.389346414251980e-01,8.765919499529477e-10
2.391476336175900e-01,8.764365234180385e-10
2.393606258099820e-01,8.762816581469129e-10
2.395736180023740e-01,8.761274357562326e-10
2.397866101947660e-01,8.759739378626588e-10
2.399996023871580e-01,8.758211814608295e-10
2.402125945795490e-01,8.756689250944040e-10
2.404255867719410e-01,8.755168627035717e-10
2.406385789643330e-01,8.753646882285243e-10
2.408515711567250e-01,8.752120956094530e-10
2.410645633491170e-01,8.750587787865484e-10
2.412775555415090e-01,8.749044317000017e-10
2.414905477339010e-01,8.747487482900036e-10
2.417035399262920e-01,8.745914224967460e-10
2.419165321186840e-01,8.744321482604184e-10
2.421295243110760e-01,8.742708607629139e-10
2.423425165034680e-01,8.741084597164864e-10
2.425555086958600e-01,8.739460858569183e-10
2.427685008882520e-01,8.737848799199916e-10
2.429814930806440e-01,8.736259826414887e-10
2.431944852730360e-01,8.734705347571921e-10
2.434074774654270e-01,8.733196770028844e-10
2.436204696578190e-01,8.731745501143468e-10
2.438334618502110e-01,8.730362948273620e-10
2.440464540426030e-01,8.729060518777125e-10
2.442594462349950e-01,8.727840626417706e-10
2.444724384273870e-01,8.726669687288536e-10
2.446854306197790e-01,8.725505112237849e-10
2.448984228121710e-01,8.724304312113873e-10
2.451114150045620e-01,8.723024697764847e-10
2.453244071969540e-01,8.721623680038987e-10
2.455373993893460e-01,8.720058669784534e-10
2.457503915817380e-01,8.718287077849715e-10
2.459633837741300e-01,8.716266315082762e-10
2.461763759665220e-01,8.713953792331905e-10
2.463893681589140e-01,8.711340495983247e-10
2.466023603513050e-01,8.708551760044976e-10
2.468153525436970e-01,8.705746516802263e-10
2.470283447360890e-01,8.703083698540318e-10
2.472413369284810e-01,8.700722237544339e-10
2.474543291208730e-01,8.698821066099519e-10
2.476673213132650e-01,8.697539116491057e-10
2.478803135056570e-01,8.697035321004148e-10
2.480933056980490e-01,8.697468611923988e-10
2.483062978904400e-01,8.698997921535766e-10
2.485192900828320e-01,8.701656837686907e-10
2.487322822752240e-01,8.704977555575920e-10
2.489452744676160e-01,8.708366918514548e-10
2.491582666600080e-01,8.711231769814530e-10
2.493712588524000e-01,8.712978952787609e-10
2.495842510447920e-01,8.713015310745524e-10
2.497972432371830e-01,8.710747687000033e-10
2.500102354295750e-01,8.705582924862858e-10
2.502232276219670e-01,8.696927867645745e-10
2.504362198143590e-01,8.684189358660435e-10
2.506492120067510e-01,8.667242177606000e-10
2.508622041991430e-01,8.647832327426295e-10
2.510751963915350e-01,8.628173486336675e-10
2.512881885839270e-01,8.610479332552493e-10
2.515011807763180e-01,8.596963544289149e-10
2.517141729687100e-01,8.589839799761856e-10
2.519271651611020e-01,8.591321777186047e-10
2.521401573534940e-01,8.603623154777070e-10
2.523531495458860e-01,8.628957610750281e-10
2.525661417382780e-01,8.669538823321018e-10
2.527791339306700e-01,8.725833657452010e-10
2.529921261230620e-01,8.791325831586804e-10
2.532051183154530e-01,8.857754303558333e-10
2.534181105078450e-01,8.916858031200475e-10
2.536311027002370e-01,8.960375972346149e-10
2.538440948926290e-01,8.980047084828618e-10
2.540570870850210e-01,8.967610326481096e-10
2.542700792774130e-01,8.914804655136825e-10
2.544830714698050e-01,8.813369028629079e-10
2.546960636621960e-01,8.655042404791907e-10
2.549090558545880e-01,8.435021647273161e-10
2.551220480469800e-01,8.162342324083905e-10
2.553350402393720e-01,7.849501450505449e-10
2.555480324317640e-01,7.508996041818969e-10
2.557610246241560e-01,7.153323113305789e-10
2.559740168165480e-01,6.794979680247182e-10
2.561870090089400e-01,6.446462757924479e-10
2.564000012013310e-01,6.120269361620325e-10
2.566129933937230e-01,5.828896506612855e-10
2.568259855861150e-01,5.584841208185052e-10
2.570389777785070e-01,5.397259771075597e-10
2.572519699708990e-01,5.261942944654301e-10
2.574649621632910e-01,5.171339411011638e-10
2.576779543556830e-01,5.117897852238053e-10
2.578909465480740e-01,5.094066950424006e-10
2.581039387404660e-01,5.092295387659711e-10
2.583169309328580e-01,5.105031846035773e-10
2.585299231252500e-01,5.124725007642609e-10
2.587429153176420e-01,5.143823554570636e-10
2.589559075100340e-01,5.154776168910280e-10
2.591688997024260e-01,5.151629730705903e-10
2.593818918948180e-01,5.134823235630266e-10
2.595948840872090e-01,5.106393539234414e-10
2.598078762796010e-01,5.068377497068964e-10
2.600208684719930e-01,5.022811964684907e-10
2.602338606643850e-01,4.971733797633168e-10
2.604468528567770e-01,4.917179851464596e-10
2.606598450491690e-01,4.861186981730101e-10
2.608728372415610e-01,4.805792043980564e-10
2.610858294339530e-01,4.753031893766909e-10
2.612988216263440e-01,4.704514743631625e-10
2.615118138187360e-01,4.660134944758657e-10
2.617248060111280e-01,4.619358560588582e-10
2.619377982035200e-01,4.581651654561755e-10
2.621507903959120e-01,4.546480290118490e-10
2.623637825883040e-01,4.513310530699153e-10
2.625767747806960e-01,4.481608439744078e-10
2.627897669730870e-01,4.450840080693761e-10
2.630027591654790e-01,4.420471516988244e-10
2.632157513578710e-01,4.389968812068022e-10
2.634287435502630e-01,4.358912431185655e-10
2.636417357426550e-01,4.327340760468420e-10
2.638547279350470e-01,4.295406744722445e-10
2.640677201274390e-01,4.263263328753873e-10
2.642807123198310e-01,4.231063457368845e-10
2.644937045122220e-01,4.198960075373656e-10
2.647066967046140e-01,4.167106127574126e-10
2.649196888970060e-01,4.135654558776560e-10
2.651326810893980e-01,4.104758313787094e-10
2.653456732817900e-01,4.074570337411875e-10
2.655586654741820e-01,4.045212548153352e-10
2.657716576665740e-01,4.016682712586449e-10
2.659846498589660e-01,3.988947547621564e-10
2.661976420513570e-01,3.961973770169230e-10
2.664106342437490e-01,3.935728097139582e-10
2.666236264361410e-01,3.910177245443158e-10
2.668366186285330e-01,3.885287931990360e-10
2.670496108209250e-01,3.861026873691585e-10
2.672626030133170e-01,3.837360787457235e-10
2.674755952057090e-01,3.814256390197713e-10
2.676885873981000e-01,3.791688358238839e-10
2.679015795904920e-01,3.769663207717336e-10
2.681145717828840e-01,3.748195415260601e-10
2.683275639752760e-01,3.727299457495929e-10
2.685405561676680e-01,3.706989811050609e-10
2.687535483600600e-01,3.687280952551919e-10
2.689665405524520e-01,3.668187358627148e-10
2.691795327448440e-01,3.649723505903593e-10
2.693925249372350e-01,3.631903871008623e-10
2.696055171296270e-01,3.614742930569352e-10
2.698185093220190e-01,3.598252567195572e-10
2.700315015144110e-01,3.582434289929790e-10
2.702444937068030e-01,3.567287015048352e-10
2.704574858991950e-01,3.552809658827598e-10
2.706704780915870e-01,3.539001137543872e-10
2.708834702839780e-01,3.525860367473579e-10
2.710964624763700e-01,3.513386264892944e-10
2.713094546687620e-01,3.501577746078366e-10
2.715224468611540e-01,3.490433727306192e-10
2.717354390535460e-01,3.479953124852764e-10
2.719484312459380e-01,3.470135444118344e-10
2.721614234383300e-01,3.460982545702946e-10
2.723744156307220e-01,3.452496878682743e-10
2.725874078231130e-01,3.444680892133939e-10
2.728004000155050e-01,3.437537035132632e-10
2.730133922078970e-01,3.431067756755032e-10
2.732263844002890e-01,3.425275506077306e-10
2.734393765926810e-01,3.420162732175627e-10
2.736523687850730e-01,3.415731884126164e-10
2.738653609774650e-01,3.411985411005087e-10
2.740783531698570e-01,3.408924192819389e-10
2.742913453622480e-01,3.406542829848762e-10
2.745043375546400e-01,3.404834351577912e-10
2.747173297470320e-01,3.403791787491582e-10
2.749303219394240e-01,3.403408167074504e-10
2.751433141318160e-01,3.403676519811407e-10
2.753563063242080e-01,3.404589875187021e-10
2.755692985166000e-01,3.406141262686076e-10
2.757822907089910e-01,3.408323711793291e-10
2.759952829013830e-01,3.411130251993415e-10
2.762082750937750e-01,3.414557858080588e-10
2.764212672861670e-01,3.418619289887738e-10
2.766342594785590e-01,3.423331254458001e-10
2.768472516709510e-01,3.428710458834513e-10
2.770602438633430e-01,3.434773610060413e-10
2.772732360557350e-01,3.441537415178835e-10
2.774862282481260e-01,3.449018581232877e-10
2.776992204405180e-01,3.457233815265748e-10
2.779122126329100e-01,3.466199824320550e-10
2.781252048253020e-01,3.475933315440419e-10
2.783381970176940e-01,3.486435140137044e-10
2.785511892100860e-01,3.497642732106622e-10
