7.791356504680618e-06,7.155822628578307e-10
8.610780621332552e-06,7.144447000316360e-10
9.516384324626089e-06,7.133037513860109e-10
1.051723120080771e-05,7.121571406701057e-10
1.162333806181051e-05,7.110032562281581e-10
1.284577519687474e-05,7.098408100773864e-10
1.419677716772344e-05,7.086686013327202e-10
1.568986525616830e-05,7.074855159930374e-10
1.733998278964274e-05,7.062905214052093e-10
1.916364469904539e-05,7.050826654514678e-10
2.117910280571951e-05,7.038610791069383e-10
2.340652849181556e-05,7.026249586290243e-10
2.586821458226360e-05,7.013735763407679e-10
2.858879845885812e-05,7.001062639688267e-10
3.159550863945590e-05,6.988224229951636e-10
3.491843729013453e-05,6.975215038597703e-10
3.859084139770492e-05,6.962030112880058e-10
4.264947561681323e-05,6.948664960022838e-10
4.713496012287843e-05,6.935115554328632e-10
5.209218715246060e-05,6.921377976396803e-10
5.757077029985334e-05,6.907448988269469e-10
6.362554106661115e-05,6.893325311071793e-10
7.031709763364645e-05,6.879003984161805e-10
7.771241134819200e-05,6.864482203077327e-10
8.588549699555374e-05,6.849757356648051e-10
9.491815356395940e-05,6.834826901053603e-10
1.049007829163263e-04,6.819688721246884e-10
1.159332945624905e-04,6.804340977777021e-10
1.281261055871622e-04,6.788782174362255e-10
1.416012457412214e-04,6.773011399312991e-10
1.564935787564811e-04,6.757028036868096e-10
1.729521521072439e-04,6.740831680618244e-10
1.911416887275217e-04,6.724421733168302e-10
2.112442356135248e-04,6.707797487204822e-10
2.334609858111876e-04,6.690958215484137e-10
2.580142920237960e-04,6.673903845960457e-10
2.851498919925769e-04,6.656634428361321e-10
3.151393679226079e-04,6.639149827358137e-10
3.482828645688079e-04,6.621449819109121e-10
3.849120931855259e-04,6.603534596051100e-10
4.253936514042669e-04,6.585404279750287e-10
4.701326922660057e-04,6.567058917305428e-10
5.195769791289974e-04,6.548498813561210e-10
5.742213670349657e-04,6.529724108413157e-10
6.346127553846864e-04,6.510735127374277e-10
7.013555614910102e-04,6.491532117883274e-10
7.751177697904812e-04,6.472115419667652e-10
8.566376172560946e-04,6.452485347098744e-10
9.467309819210534e-04,6.432642244819918e-10
1.046299548460350e-03,6.412586493017585e-10
1.156339832554060e-03,6.392318430410369e-10
1.277953154351212e-03,6.371770926065330e-10
1.405748469786333e-03,6.351988633132788e-10
1.533543785221454e-03,6.333823306766941e-10
1.661339100656575e-03,6.317033456380878e-10
1.789134416091696e-03,6.301377591387689e-10
1.916929731526817e-03,6.286644978999436e-10
2.000000000000000e-03,6.277520050057098e-10
2.044725046961939e-03,6.272747758027108e-10
2.172520362397060e-03,6.259620367079442e-10
2.300315677832181e-03,6.247184704445469e-10
2.428110993267302e-03,6.235361653506590e-10
2.555906308702423e-03,6.224079029164281e-10
2.683701624137544e-03,6.213292372404723e-10
2.811496939572665e-03,6.202964155736370e-10
2.939292255007787e-03,6.193056851667674e-10
3.067087570442908e-03,6.183532932707088e-10
3.194882885878029e-03,6.174357699898585e-10
3.322678201313150e-03,6.165507768542315e-10
3.450473516748271e-03,6.156962582530989e-10
3.578268832183392e-03,6.148701585757325e-10
3.706064147618514e-03,6.140704222114035e-10
3.833859463053635e-03,6.132951268217961e-10
3.961654778488756e-03,6.125428831563981e-10
4.089450093923877e-03,6.118124352361863e-10
4.217245409358998e-03,6.111025270821373e-10
4.345040724794119e-03,6.104119027152281e-10
4.472836040229241e-03,6.097393785144795e-10
4.600631355664362e-03,6.090840602929591e-10
4.728426671099482e-03,6.084451262227135e-10
4.856221986534604e-03,6.078217544757894e-10
4.984017301969726e-03,6.072131232242337e-10
5.111812617404846e-03,6.066184530052880e-10
5.239607932839968e-03,6.060371338157734e-10
5.367403248275089e-03,6.054685980171057e-10
5.495198563710209e-03,6.049122779707006e-10
5.622993879145331e-03,6.043676060379737e-10
5.750789194580453e-03,6.038340410516285e-10
5.878584510015573e-03,6.033111477298217e-10
6.006379825450694e-03,6.027985172621479e-10
6.134175140885816e-03,6.022957408382021e-10
6.261970456320937e-03,6.018024096475787e-10
6.389765771756058e-03,6.013181323068274e-10
6.517561087191179e-03,6.008425871395716e-10
6.645356402626300e-03,6.003754698960160e-10
6.773151718061422e-03,5.999164763263651e-10
6.900947033496543e-03,5.994653021808240e-10
7.028742348931663e-03,5.990216551526769e-10
7.156537664366785e-03,5.985852907074877e-10
7.284332979801906e-03,5.981559762538815e-10
7.412128295237027e-03,5.977334792004833e-10
7.539923610672148e-03,5.973175669559176e-10
7.667718926107269e-03,5.969080153800755e-10
7.795514241542391e-03,5.965046341382190e-10
7.923309556977513e-03,5.961072413470309e-10
8.051104872412632e-03,5.957156551231936e-10
8.178900187847754e-03,5.953296935833899e-10
8.306695503282877e-03,5.949491809556547e-10
8.434490818717996e-03,5.945739659133251e-10
8.562286134153118e-03,5.942039032410369e-10
8.690081449588239e-03,5.938388477234258e-10
8.817876765023359e-03,5.934786541451274e-10
8.945672080458482e-03,5.931231820402504e-10
9.073467395893601e-03,5.927723099409008e-10
9.201262711328723e-03,5.924259211287095e-10
9.329058026763846e-03,5.920838988853076e-10
9.456853342198965e-03,5.917461264923264e-10
9.584648657634087e-03,5.914124901035089e-10
9.712443973069206e-03,5.910828873609545e-10
9.840239288504329e-03,5.907572187788283e-10
9.968034603939451e-03,5.904353848712955e-10
1.009582991937457e-02,5.901172861525211e-10
1.022362523480969e-02,5.898028273393000e-10
1.035142055024482e-02,5.894919299589761e-10
1.047921586567993e-02,5.891845197415391e-10
1.060701118111506e-02,5.888805224169785e-10
1.073480649655018e-02,5.885798637152838e-10
1.086260181198530e-02,5.882824693664446e-10
1.099039712742042e-02,5.879882651004504e-10
1.111819244285554e-02,5.876971766472909e-10
1.124598775829066e-02,5.874091297369552e-10
1.137378307372578e-02,5.871240500994332e-10
1.150157838916090e-02,5.868418670388849e-10
1.162937370459603e-02,5.865625241551207e-10
1.175716902003114e-02,5.862859686216061e-10
1.188496433546627e-02,5.860121476118061e-10
1.201275965090139e-02,5.857410082991859e-10
1.214055496633651e-02,5.854724978572111e-10
1.226835028177163e-02,5.852065634593465e-10
1.239614559720675e-02,5.849431522790578e-10
1.252394091264187e-02,5.846822114898101e-10
1.265173622807700e-02,5.844236882650685e-10
1.277953154351211e-02,5.841675320969566e-10
1.290732685894724e-02,5.839137017530513e-10
1.303512217438236e-02,5.836621583199982e-10
1.316291748981748e-02,5.834128628844433e-10
1.329071280525260e-02,5.831657765330321e-10
1.341850812068772e-02,5.829208603524106e-10
1.354630343612284e-02,5.826780754292243e-10
1.367409875155796e-02,5.824373828501192e-10
1.380189406699308e-02,5.821987437017409e-10
1.392968938242821e-02,5.819621190707350e-10
1.405748469786333e-02,5.817274710555682e-10
1.418528001329845e-02,5.814947658020478e-10
1.431307532873357e-02,5.812639704678316e-10
1.444087064416869e-02,5.810350522105771e-10
1.456866595960381e-02,5.808079781879419e-10
1.469646127503893e-02,5.805827155575835e-10
1.482425659047405e-02,5.803592314771597e-10
1.495205190590917e-02,5.801374931043278e-10
1.507984722134430e-02,5.799174675967455e-10
1.520764253677942e-02,5.796991221120705e-10
1.533543785221454e-02,5.794824269148425e-10
1.546323316764966e-02,5.792673646963899e-10
1.559102848308478e-02,5.790539212545537e-10
1.571882379851990e-02,5.788420823871745e-10
1.584661911395502e-02,5.786318338920931e-10
1.597441442939014e-02,5.784231615671503e-10
1.610220974482527e-02,5.782160512101869e-10
1.623000506026039e-02,5.780104886190435e-10
1.635780037569551e-02,5.778064595915612e-10
1.648559569113063e-02,5.776039499255803e-10
1.661339100656575e-02,5.774029386895342e-10
1.674118632200087e-02,5.772033780315029e-10
1.686898163743599e-02,5.770052133687971e-10
1.699677695287111e-02,5.768083901187275e-10
1.712457226830624e-02,5.766128536986051e-10
1.725236758374135e-02,5.764185495257406e-10
1.738016289917648e-02,5.762254230174448e-10
1.750795821461160e-02,5.760334195910286e-10
1.763575353004672e-02,5.758424846638028e-10
1.776354884548184e-02,5.756525636530782e-10
1.789134416091696e-02,5.754636306777293e-10
1.801913947635208e-02,5.752757746659973e-10
1.814693479178720e-02,5.750891132492431e-10
1.827473010722232e-02,5.749037640588276e-10
1.840252542265745e-02,5.747198447261114e-10
1.853032073809257e-02,5.745374728824553e-10
1.865811605352769e-02,5.743567661592201e-10
1.878591136896281e-02,5.741778421877666e-10
1.891370668439793e-02,5.740008185994559e-10
1.904150199983305e-02,5.738258130256483e-10
1.916929731526817e-02,5.736528854043541e-10
1.929709263070329e-02,5.734818649110132e-10
1.942488794613842e-02,5.733125230331311e-10
1.955268326157353e-02,5.731446312582141e-10
1.968047857700866e-02,5.729779610737677e-10
1.980827389244378e-02,5.728122839672980e-10
1.993606920787890e-02,5.726473714263106e-10
2.006386452331402e-02,5.724829949383114e-10
2.019165983874914e-02,5.723189259908063e-10
2.031945515418426e-02,5.721549360713009e-10
2.044725046961939e-02,5.719908565621530e-10
2.057504578505450e-02,5.718267584523824e-10
2.070284110048963e-02,5.716627726394892e-10
2.083063641592475e-02,5.714990300209731e-10
2.095843173135987e-02,5.713356614943343e-10
2.108622704679499e-02,5.711727979570725e-10
2.121402236223011e-02,5.710105703066879e-10
2.134181767766523e-02,5.708491094406804e-10
2.146961299310035e-02,5.706885462565501e-10
2.159740830853547e-02,5.705290116517965e-10
2.172520362397060e-02,5.703706068922988e-10
2.185299893940572e-02,5.702133147127439e-10
2.198079425484084e-02,5.700570882138447e-10
2.210858957027596e-02,5.699018804963136e-10
2.223638488571108e-02,5.697476446608633e-10
2.236418020114620e-02,5.695943338082065e-10
2.249197551658132e-02,5.694419010390560e-10
2.261977083201644e-02,5.692902994541244e-10
2.274756614745157e-02,5.691394821541242e-10
2.287536146288669e-02,5.689894022397681e-10
2.300315677832181e-02,5.688400210525753e-10
2.313095209375693e-02,5.686913328961585e-10
2.325874740919205e-02,5.685433403143710e-10
2.338654272462717e-02,5.683960458510660e-10
2.351433804006229e-02,5.682494520500968e-10
2.364213335549741e-02,5.681035614553166e-10
2.376992867093253e-02,5.679583766105785e-10
2.389772398636766e-02,5.678139000597360e-10
2.402551930180278e-02,5.676701343466421e-10
2.415331461723790e-02,5.675270820151504e-10
2.428110993267302e-02,5.673847436426084e-10
2.440890524810814e-02,5.672431119411959e-10
2.453670056354326e-02,5.671021776570129e-10
2.466449587897838e-02,5.669619315361598e-10
2.479229119441350e-02,5.668223643247368e-10
2.492008650984863e-02,5.666834667688444e-10
2.504788182528375e-02,5.665452296145830e-10
2.517567714071887e-02,5.664076436080526e-10
2.530347245615399e-02,5.662706994953538e-10
2.543126777158911e-02,5.661343880225868e-10
2.555906308702423e-02,5.659987006603425e-10
2.568685840245935e-02,5.658636317773263e-10
2.581465371789447e-02,5.657291764668099e-10
2.594244903332960e-02,5.655953298220648e-10
2.607024434876471e-02,5.654620869363631e-10
2.619803966419984e-02,5.653294429029761e-10
2.632583497963496e-02,5.651973928151759e-10
2.645363029507008e-02,5.650659317662339e-10
2.658142561050520e-02,5.649350548494221e-10
2.670922092594032e-02,5.648047571580120e-10
2.683701624137544e-02,5.646750337531874e-10
2.696481155681056e-02,5.645458795677833e-10
2.709260687224568e-02,5.644172895025478e-10
2.722040218768081e-02,5.642892584582291e-10
2.734819750311593e-02,5.641617813355755e-10
2.747599281855105e-02,5.640348530353354e-10
2.760378813398617e-02,5.639084684582569e-10
2.773158344942129e-02,5.637826225050884e-10
2.785937876485641e-02,5.636573100765780e-10
2.798717408029153e-02,5.635325260734743e-10
2.811496939572665e-02,5.634082655396023e-10
2.824276471116178e-02,5.632845240910426e-10
2.837056002659689e-02,5.631612974869246e-10
2.849835534203202e-02,5.630385814863782e-10
2.862615065746714e-02,5.629163718485336e-10
2.875394597290226e-02,5.627946643325204e-10
2.888174128833738e-02,5.626734546974685e-10
2.900953660377250e-02,5.625527387025076e-10
2.913733191920762e-02,5.624325121067680e-10
2.926512723464274e-02,5.623127706693792e-10
2.939292255007787e-02,5.621935102232739e-10
2.952071786551299e-02,5.620747268966147e-10
2.964851318094811e-02,5.619564168913768e-10
2.977630849638323e-02,5.618385764095351e-10
2.990410381181835e-02,5.617212016530644e-10
3.003189912725347e-02,5.616042888239399e-10
3.015969444268859e-02,5.614878341241366e-10
3.028748975812371e-02,5.613718337556294e-10
3.041528507355883e-02,5.612562839203933e-10
3.054308038899396e-02,5.611411808204033e-10
3.067087570442908e-02,5.610265207334721e-10
3.079867101986420e-02,5.609123002407599e-10
3.092646633529932e-02,5.607985159992629e-10
3.105426165073444e-02,5.606851646659781e-10
3.118205696616956e-02,5.605722428979013e-10
3.130985228160468e-02,5.604597473520295e-10
3.143764759703981e-02,5.603476746853590e-10
3.156544291247493e-02,5.602360215548862e-10
3.169323822791005e-02,5.601247846176076e-10
3.182103354334517e-02,5.600139605305196e-10
3.194882885878029e-02,5.599035460110124e-10
3.207662417421541e-02,5.597935380180304e-10
3.220441948965053e-02,5.596839335709020e-10
3.233221480508566e-02,5.595747296889551e-10
3.246001012052077e-02,5.594659233915179e-10
3.258780543595589e-02,5.593575116979188e-10
3.271560075139102e-02,5.592494916274855e-10
3.284339606682614e-02,5.591418601995466e-10
3.297119138226126e-02,5.590346144334298e-10
3.309898669769638e-02,5.589277513484637e-10
3.322678201313150e-02,5.588212680181415e-10
3.335457732856662e-02,5.587151617326346e-10
3.348237264400174e-02,5.586094298362881e-10
3.361016795943687e-02,5.585040696734471e-10
3.373796327487198e-02,5.583990785884567e-10
3.386575859030710e-02,5.582944539256619e-10
3.399355390574223e-02,5.581901930294080e-10
3.412134922117735e-02,5.580862932440398e-10
3.424914453661247e-02,5.579827519139026e-10
3.437693985204759e-02,5.578795663833415e-10
3.450473516748271e-02,5.577767340410284e-10
3.463253048291783e-02,5.576742524529439e-10
3.476032579835295e-02,5.575721192293960e-10
3.488812111378808e-02,5.574703319806925e-10
3.501591642922319e-02,5.573688883171412e-10
3.514371174465832e-02,5.572677858490500e-10
3.527150706009344e-02,5.571670221867267e-10
3.539930237552856e-02,5.570665949404793e-10
3.552709769096368e-02,5.569665017206155e-10
3.565489300639881e-02,5.568667401374433e-10
3.578268832183392e-02,5.567673078419950e-10
3.591048363726904e-02,5.566682026481894e-10
3.603827895270417e-02,5.565694224106640e-10
3.616607426813929e-02,5.564709649840566e-10
3.629386958357441e-02,5.563728282230045e-10
3.642166489900953e-02,5.562750099821455e-10
3.654946021444465e-02,5.561775081161171e-10
3.667725552987977e-02,5.560803204795568e-10
3.680505084531489e-02,5.559834449271022e-10
3.693284616075002e-02,5.558868793133910e-10
3.706064147618514e-02,5.557906215261336e-10
3.718843679162025e-02,5.556946695853452e-10
3.731623210705538e-02,5.555990215441197e-10
3.744402742249050e-02,5.555036754555511e-10
3.757182273792562e-02,5.554086293727334e-10
3.769961805336074e-02,5.553138813487605e-10
3.782741336879586e-02,5.552194294367267e-10
3.795520868423098e-02,5.551252716897257e-10
3.808300399966610e-02,5.550314061608517e-10
3.821079931510123e-02,5.549378309031984e-10
3.833859463053635e-02,5.548445440004971e-10
3.846638994597146e-02,5.547515436590290e-10
3.859418526140659e-02,5.546588281157134e-10
3.872198057684171e-02,5.545663956074692e-10
3.884977589227683e-02,5.544742443712160e-10
3.897757120771195e-02,5.543823726438727e-10
3.910536652314707e-02,5.542907786623590e-10
3.923316183858219e-02,5.541994606635936e-10
3.936095715401731e-02,5.541084168844960e-10
3.948875246945244e-02,5.540176455619854e-10
3.961654778488756e-02,5.539271449594476e-10
3.974434310032268e-02,5.538369134461279e-10
3.987213841575780e-02,5.537469494177354e-10
3.999993373119292e-02,5.536572512699790e-10
4.012772904662804e-02,5.535678173985672e-10
4.025552436206317e-02,5.534786461992094e-10
4.038331967749829e-02,5.533897360676141e-10
4.051111499293340e-02,5.533010853994905e-10
4.063891030836853e-02,5.532126925905475e-10
4.076670562380365e-02,5.531245560364937e-10
4.089450093923877e-02,5.530366741565553e-10
4.102229625467389e-02,5.529490454640369e-10
4.115009157010902e-02,5.528616684957646e-10
4.127788688554413e-02,5.527745417885650e-10
4.140568220097925e-02,5.526876638792645e-10
4.153347751641438e-02,5.526010333046894e-10
4.166127283184950e-02,5.525146486016662e-10
4.178906814728462e-02,5.524285083070213e-10
4.191686346271974e-02,5.523426109575811e-10
4.204465877815486e-02,5.522569550901720e-10
4.217245409358998e-02,5.521715392620477e-10
4.230024940902510e-02,5.520863621121738e-10
4.242804472446023e-02,5.520014222999441e-10
4.255584003989534e-02,5.519167184847530e-10
4.268363535533046e-02,5.518322493259943e-10
4.281143067076559e-02,5.517480134830618e-10
4.293922598620071e-02,5.516640096153499e-10
4.306702130163583e-02,5.515802363822524e-10
4.319481661707095e-02,5.514966924431633e-10
4.332261193250607e-02,5.514133764574766e-10
4.345040724794119e-02,5.513302871036696e-10
4.357820256337631e-02,5.512474231365481e-10
4.370599787881144e-02,5.511647833299994e-10
4.383379319424656e-02,5.510823664579106e-10
4.396158850968167e-02,5.510001712941692e-10
4.408938382511680e-02,5.509181966126627e-10
4.421717914055192e-02,5.508364411872779e-10
4.434497445598704e-02,5.507549037919022e-10
4.447276977142216e-02,5.506735832004232e-10
4.460056508685728e-02,5.505924781867279e-10
4.472836040229240e-02,5.505115875400616e-10
4.485615571772752e-02,5.504309101111080e-10
4.498395103316265e-02,5.503504447659123e-10
4.511174634859777e-02,5.502701903705199e-10
4.523954166403289e-02,5.501901457909759e-10
4.536733697946801e-02,5.501103098933255e-10
4.549513229490313e-02,5.500306815436139e-10
4.562292761033825e-02,5.499512596078864e-10
4.575072292577338e-02,5.498720429521881e-10
4.587851824120850e-02,5.497930304425643e-10
4.600631355664361e-02,5.497142209594299e-10
4.613410887207874e-02,5.496356134406801e-10
4.626190418751386e-02,5.495572068385810e-10
4.638969950294898e-02,5.494790001053991e-10
4.651749481838410e-02,5.494009921934001e-10
4.664529013381922e-02,5.493231820548505e-10
4.677308544925434e-02,5.492455686420161e-10
4.690088076468946e-02,5.491681509071634e-10
4.702867608012459e-02,5.490909278025582e-10
4.715647139555971e-02,5.490138982804671e-10
4.728426671099482e-02,5.489370613120482e-10
4.741206202642995e-02,5.488604159440279e-10
4.753985734186507e-02,5.487839612420236e-10
4.766765265730019e-02,5.487076962716525e-10
4.779544797273531e-02,5.486316200985320e-10
4.792324328817044e-02,5.485557317882794e-10
4.805103860360555e-02,5.484800304065123e-10
4.817883391904067e-02,5.484045150188478e-10
4.830662923447580e-02,5.483291846909033e-10
4.843442454991092e-02,5.482540384882962e-10
4.856221986534604e-02,5.481790754673432e-10
4.869001518078116e-02,5.481042946471624e-10
4.881781049621628e-02,5.480296950375731e-10
4.894560581165140e-02,5.479552756483950e-10
4.907340112708652e-02,5.478810354894472e-10
4.920119644252165e-02,5.478069735705493e-10
4.932899175795677e-02,5.477330889015207e-10
4.945678707339188e-02,5.476593804921809e-10
4.958458238882701e-02,5.475858473523492e-10
4.971237770426213e-02,5.475124884918450e-10
4.984017301969725e-02,5.474393030727209e-10
4.996796833513237e-02,5.473662908659942e-10
5.000000000000000e-02,5.473480176279795e-10
5.009576365056749e-02,5.472934517312303e-10
5.022355896600261e-02,5.472207849723587e-10
5.035135428143774e-02,5.471482896067052e-10
5.047914959687286e-02,5.470759646492121e-10
5.060694491230798e-02,5.470038091148212e-10
5.073474022774310e-02,5.469318220184746e-10
5.086253554317822e-02,5.468600023751142e-10
5.099033085861334e-02,5.467883491996824e-10
5.111812617404846e-02,5.467168615491901e-10
5.124592148948359e-02,5.466455386489212e-10
5.137371680491870e-02,5.465743797662272e-10
5.150151212035382e-02,5.465033841684594e-10
5.162930743578895e-02,5.464325511229694e-10
5.175710275122407e-02,5.463618798971082e-10
5.188489806665919e-02,5.462913697582274e-10
5.201269338209431e-02,5.462210199736783e-10
5.214048869752943e-02,5.461508298108122e-10
5.226828401296455e-02,5.460807985369805e-10
5.239607932839967e-02,5.460109254205928e-10
5.252387464383480e-02,5.459412097342907e-10
5.265166995926992e-02,5.458716507517735e-10
5.277946527470503e-02,5.458022477467409e-10
5.290726059014016e-02,5.457329999928923e-10
5.303505590557528e-02,5.456639067639273e-10
5.316285122101040e-02,5.455949673335453e-10
5.329064653644552e-02,5.455261809754459e-10
5.341844185188065e-02,5.454575469633286e-10
5.354623716731576e-02,5.453890645708930e-10
5.367403248275088e-02,5.453207330819556e-10
5.380182779818601e-02,5.452525518208043e-10
5.392962311362113e-02,5.451845201218453e-10
5.405741842905625e-02,5.451166373194848e-10
5.418521374449137e-02,5.450489027481293e-10
5.431300905992649e-02,5.449813157421851e-10
5.444080437536161e-02,5.449138756360582e-10
5.456859969079673e-02,5.448465817641549e-10
5.469639500623186e-02,5.447794334608817e-10
5.482419032166697e-02,5.447124300606450e-10
5.495198563710210e-02,5.446455709046563e-10
5.507978095253722e-02,5.445788553613502e-10
5.520757626797234e-02,5.445122828059667e-10
5.533537158340746e-02,5.444458526137453e-10
5.546316689884258e-02,5.443795641599263e-10
5.559096221427770e-02,5.443134168197494e-10
5.571875752971282e-02,5.442474099684547e-10
5.584655284514795e-02,5.441815429812819e-10
5.597434816058307e-02,5.441158152334710e-10
5.610214347601819e-02,5.440502261002619e-10
5.622993879145331e-02,5.439847749637553e-10
5.635773410688843e-02,5.439194612334940e-10
5.648552942232355e-02,5.438542843258806e-10
5.661332473775867e-02,5.437892436573173e-10
5.674112005319380e-02,5.437243386442070e-10
5.686891536862891e-02,5.436595687029519e-10
5.699671068406403e-02,5.435949332499545e-10
5.712450599949916e-02,5.435304317016175e-10
5.725230131493428e-02,5.434660634743434e-10
5.738009663036940e-02,5.434018279845344e-10
5.750789194580452e-02,5.433377246546893e-10
5.763568726123964e-02,5.432737529316920e-10
5.776348257667476e-02,5.432099122685236e-10
5.789127789210988e-02,5.431462021181653e-10
5.801907320754501e-02,5.430826219335979e-10
5.814686852298013e-02,5.430191711678025e-10
5.827466383841524e-02,5.429558492737603e-10
5.840245915385037e-02,5.428926557044520e-10
5.853025446928549e-02,5.428295899128590e-10
5.865804978472061e-02,5.427666513519623e-10
5.878584510015573e-02,5.427038394803360e-10
5.891364041559085e-02,5.426411537789279e-10
5.904143573102597e-02,5.425785937342792e-10
5.916923104646109e-02,5.425161588329308e-10
5.929702636189622e-02,5.424538485614239e-10
5.942482167733134e-02,5.423916624062995e-10
5.955261699276646e-02,5.423295998540988e-10
5.968041230820158e-02,5.422676603913626e-10
5.980820762363670e-02,5.422058435046321e-10
5.993600293907182e-02,5.421441486804485e-10
6.006379825450694e-02,5.420825754104917e-10
6.019159356994207e-02,5.420211232069958e-10
6.031938888537718e-02,5.419597915873331e-10
6.044718420081231e-02,5.418985800688763e-10
6.057497951624743e-02,5.418374881689974e-10
6.070277483168255e-02,5.417765154050693e-10
6.083057014711767e-02,5.417156612944639e-10
6.095836546255279e-02,5.416549253545537e-10
6.108616077798791e-02,5.415943071027114e-10
6.121395609342303e-02,5.415338060563089e-10
6.134175140885816e-02,5.414734217374299e-10
6.146954672429328e-02,5.414131536870029e-10
6.159734203972840e-02,5.413530014506682e-10
6.172513735516352e-02,5.412929645740664e-10
6.185293267059864e-02,5.412330426028379e-10
6.198072798603376e-02,5.411732350826231e-10
6.210852330146888e-02,5.411135415590623e-10
6.223631861690401e-02,5.410539615777961e-10
6.236411393233912e-02,5.409944946844649e-10
6.249190924777424e-02,5.409351404247090e-10
6.261970456320937e-02,5.408758983485144e-10
6.274749987864449e-02,5.408167680232502e-10
6.287529519407961e-02,5.407577490206304e-10
6.300309050951473e-02,5.406988409123696e-10
6.313088582494986e-02,5.406400432701824e-10
6.325868114038498e-02,5.405813556657834e-10
6.338647645582010e-02,5.405227776708868e-10
6.351427177125522e-02,5.404643088572071e-10
6.364206708669033e-02,5.404059487964588e-10
6.376986240212545e-02,5.403476970603565e-10
6.389765771756058e-02,5.402895532250744e-10
6.402545303299570e-02,5.402315168846241e-10
6.415324834843082e-02,5.401735876374773e-10
6.428104366386594e-02,5.401157650821047e-10
6.440883897930107e-02,5.400580488169774e-10
6.453663429473619e-02,5.400004384405669e-10
6.466442961017131e-02,5.399429335513442e-10
6.479222492560642e-02,5.398855337477804e-10
6.492002024104154e-02,5.398282386283468e-10
6.504781555647667e-02,5.397710477915142e-10
6.517561087191179e-02,5.397139608388795e-10
6.530340618734691e-02,5.396569773845429e-10
6.543120150278203e-02,5.396000970457304e-10
6.555899681821716e-02,5.395433194396686e-10
6.568679213365228e-02,5.394866441835833e-10
6.581458744908740e-02,5.394300708947013e-10
6.594238276452252e-02,5.393735991902485e-10
6.607017807995763e-02,5.393172286874512e-10
6.619797339539275e-02,5.392609590035359e-10
6.632576871082788e-02,5.392047897557286e-10
6.645356402626300e-02,5.391487205648180e-10
6.658135934169812e-02,5.390927510658419e-10
6.670915465713324e-02,5.390368808974006e-10
6.683694997256837e-02,5.389811096980945e-10
6.696474528800349e-02,5.389254371065239e-10
6.709254060343861e-02,5.388698627612895e-10
6.722033591887373e-02,5.388143863009911e-10
6.734813123430886e-02,5.387590073642295e-10
6.747592654974396e-02,5.387037255896048e-10
6.760372186517909e-02,5.386485406157175e-10
6.773151718061421e-02,5.385934520872828e-10
6.785931249604933e-02,5.385384596734746e-10
6.798710781148445e-02,5.384835630495815e-10
6.811490312691958e-02,5.384287618908918e-10
6.824269844235470e-02,5.383740558726938e-10
6.837049375778982e-02,5.383194446702760e-10
6.849828907322494e-02,5.382649279589266e-10
6.862608438866007e-02,5.382105054139341e-10
6.875387970409517e-02,5.381561767105869e-10
6.888167501953030e-02,5.381019415241734e-10
6.900947033496542e-02,5.380477995250838e-10
6.913726565040054e-02,5.379937503641137e-10
6.926506096583566e-02,5.379397936871598e-10
6.939285628127079e-02,5.378859291401180e-10
6.952065159670591e-02,5.378321563688851e-10
6.964844691214103e-02,5.377784750193574e-10
6.977624222757615e-02,5.377248847374313e-10
6.990403754301128e-02,5.376713851690032e-10
7.003183285844640e-02,5.376179759599694e-10
7.015962817388151e-02,5.375646567562264e-10
7.028742348931663e-02,5.375114272151132e-10
7.041521880475175e-02,5.374582870397409e-10
7.054301412018688e-02,5.374052359446646e-10
7.067080943562200e-02,5.373522736444390e-10
7.079860475105712e-02,5.372993998536189e-10
7.092640006649224e-02,5.372466142867592e-10
7.105419538192737e-02,5.371939166584147e-10
7.118199069736249e-02,5.371413066831402e-10
7.130978601279761e-02,5.370887840754906e-10
7.152277820518949e-02,5.370014397710691e-10
7.173577039758135e-02,5.369143360374888e-10
7.194876258997322e-02,5.368274715402594e-10
7.216175478236508e-02,5.367408449422932e-10
7.237474697475696e-02,5.366544549065025e-10
7.258773916714882e-02,5.365683000957999e-10
7.280073135954070e-02,5.364823791730976e-10
7.301372355193256e-02,5.363966908013080e-10
7.322671574432443e-02,5.363112336433437e-10
7.343970793671629e-02,5.362260063621168e-10
7.365270012910817e-02,5.361410076205398e-10
7.386569232150003e-02,5.360562361031140e-10
7.407868451389191e-02,5.359716905806951e-10
7.429167670628377e-02,5.358873698457275e-10
7.450466889867564e-02,5.358032726906558e-10
7.471766109106751e-02,5.357193979079246e-10
7.493065328345938e-02,5.356357442899782e-10
7.514364547585124e-02,5.355523106292613e-10
7.535663766824312e-02,5.354690957182183e-10
7.556962986063498e-02,5.353860983492937e-10
7.578262205302685e-02,5.353033173149320e-10
7.599561424541872e-02,5.352207514227922e-10
7.620860643781059e-02,5.351383995413897e-10
7.642159863020245e-02,5.350562605544538e-10
7.663459082259433e-02,5.349743333457134e-10
7.684758301498619e-02,5.348926167988976e-10
7.706057520737807e-02,5.348111097977353e-10
7.727356739976993e-02,5.347298112259561e-10
7.748655959216180e-02,5.346487199672886e-10
7.769955178455366e-02,5.345678349054621e-10
7.791254397694554e-02,5.344871549242055e-10
7.812553616933740e-02,5.344066789216885e-10
7.833852836172928e-02,5.343264058538397e-10
7.855152055412114e-02,5.342463346910259e-10
7.876451274651301e-02,5.341664644036149e-10
7.897750493890487e-02,5.340867939619737e-10
7.919049713129675e-02,5.340073223364696e-10
7.940348932368861e-02,5.339280484974699e-10
7.961648151608049e-02,5.338489714153418e-10
7.982947370847235e-02,5.337700900604526e-10
8.004246590086422e-02,5.336914034031698e-10
8.025545809325609e-02,5.336129104267182e-10
8.046845028564796e-02,5.335346101657571e-10
8.068144247803982e-02,5.334565016678048e-10
8.089443467043170e-02,5.333785839803798e-10
8.110742686282357e-02,5.333008561510004e-10
8.132041905521543e-02,5.332233172271851e-10
8.153341124760730e-02,5.331459662564524e-10
8.174640343999917e-02,5.330688022863204e-10
8.195939563239105e-02,5.329918243643079e-10
8.217238782478291e-02,5.329150315379330e-10
8.238538001717477e-02,5.328384228662627e-10
8.259837220956665e-02,5.327619974545593e-10
8.281136440195852e-02,5.326857544196342e-10
8.302435659435038e-02,5.326096928782989e-10
8.323734878674224e-02,5.325338119473646e-10
8.345034097913412e-02,5.324581107436427e-10
8.366333317152599e-02,5.323825883839447e-10
8.387632536391786e-02,5.323072439850822e-10
8.408931755630973e-02,5.322320766638665e-10
8.430230974870159e-02,5.321570855371089e-10
8.451530194109347e-02,5.320822697318339e-10
8.472829413348533e-02,5.320076284159169e-10
8.494128632587720e-02,5.319331607674468e-10
8.515427851826907e-02,5.318588659645119e-10
8.536727071066094e-02,5.317847431852008e-10
8.558026290305280e-02,5.317107916076023e-10
8.579325509544468e-02,5.316370104098049e-10
8.600624728783654e-02,5.315633987698971e-10
8.621923948022842e-02,5.314899558659677e-10
8.643223167262028e-02,5.314166808761050e-10
8.664522386501215e-02,5.313435729885261e-10
8.685821605740401e-02,5.312706314319591e-10
8.707120824979589e-02,5.311978554452604e-10
8.728420044218775e-02,5.311252442672858e-10
8.749719263457963e-02,5.310527971368916e-10
8.771018482697149e-02,5.309805132929341e-10
8.792317701936336e-02,5.309083919742691e-10
8.813616921175522e-02,5.308364324197529e-10
8.834916140414710e-02,5.307646338682415e-10
8.856215359653896e-02,5.306929955585911e-10
8.877514578893084e-02,5.306215167371353e-10
8.898813798132270e-02,5.305501966801165e-10
8.920113017371457e-02,5.304790346712536e-10
8.941412236610644e-02,5.304080299942656e-10
8.962711455849831e-02,5.303371819328718e-10
8.984010675089017e-02,5.302664897707911e-10
9.005309894328205e-02,5.301959527917425e-10
9.026609113567391e-02,5.301255702794451e-10
9.047908332806578e-02,5.300553415176180e-10
9.069207552045766e-02,5.299852657899803e-10
9.090506771284952e-02,5.299153423908489e-10
9.111805990524138e-02,5.298455706569365e-10
9.133105209763326e-02,5.297759499355552e-10
9.154404429002513e-02,5.297064795740166e-10
9.175703648241700e-02,5.296371589196331e-10
9.197002867480886e-02,5.295679873197163e-10
9.218302086720073e-02,5.294989641215783e-10
9.239601305959261e-02,5.294300886725308e-10
9.260900525198447e-02,5.293613603198862e-10
9.282199744437633e-02,5.292927784109563e-10
9.303498963676821e-02,5.292243422942454e-10
9.324798182916008e-02,5.291560513230278e-10
9.346097402155194e-02,5.290879048517704e-10
9.367396621394380e-02,5.290199022349399e-10
9.388695840633568e-02,5.289520428270034e-10
9.409995059872756e-02,5.288843259824275e-10
9.431294279111942e-02,5.288167510556791e-10
9.452593498351128e-02,5.287493174012248e-10
9.473892717590315e-02,5.286820243735319e-10
9.495191936829503e-02,5.286148713270668e-10
9.516491156068689e-02,5.285478576319485e-10
9.537790375307875e-02,5.284809827209031e-10
9.559089594547063e-02,5.284142460423099e-10
9.580388813786250e-02,5.283476470445475e-10
9.601688033025436e-02,5.282811851759946e-10
9.622987252264624e-02,5.282148598850298e-10
9.644286471503810e-02,5.281486706200320e-10
9.665585690742998e-02,5.280826168293799e-10
9.686884909982184e-02,5.280166979614521e-10
9.708184129221371e-02,5.279509134646276e-10
9.729483348460558e-02,5.278852627839173e-10
9.750782567699745e-02,5.278197453508619e-10
9.772081786938931e-02,5.277543605936343e-10
9.793381006178119e-02,5.276891079404075e-10
9.814680225417305e-02,5.276239868193544e-10
9.835979444656492e-02,5.275589966586485e-10
9.857278663895679e-02,5.274941368864622e-10
9.878577883134866e-02,5.274294069309689e-10
9.899877102374052e-02,5.273648062203416e-10
9.921176321613240e-02,5.273003341827531e-10
9.942475540852426e-02,5.272359902586865e-10
9.963774760091614e-02,5.271717739378626e-10
9.985073979330800e-02,5.271076847223109e-10
1.000637319857000e-01,5.270437221140610e-10
1.002767241780920e-01,5.269798856151425e-10
1.004897163704840e-01,5.269161747275849e-10
1.007027085628750e-01,5.268525889534182e-10
1.009157007552670e-01,5.267891277946713e-10
1.011286929476590e-01,5.267257907533741e-10
1.013416851400510e-01,5.266625773315564e-10
1.015546773324430e-01,5.265994870328555e-10
1.017676695248350e-01,5.265365193673424e-10
1.019806617172270e-01,5.264736738466966e-10
1.021936539096190e-01,5.264109499825976e-10
1.024066461020100e-01,5.263483472867254e-10
1.026196382944020e-01,5.262858652707590e-10
1.028326304867940e-01,5.262235034463781e-10
1.030456226791860e-01,5.261612613252621e-10
1.032586148715780e-01,5.260991384190909e-10
1.034716070639700e-01,5.260371342395438e-10
1.036845992563620e-01,5.259752483043034e-10
1.038975914487540e-01,5.259134801550607e-10
1.041105836411450e-01,5.258518293395090e-10
1.043235758335370e-01,5.257902954053403e-10
1.045365680259290e-01,5.257288779002482e-10
1.047495602183210e-01,5.256675763719252e-10
1.049625524107130e-01,5.256063903680642e-10
1.051755446031050e-01,5.255453194363582e-10
1.053885367954970e-01,5.254843631245000e-10
1.056015289878880e-01,5.254235209801828e-10
1.058145211802800e-01,5.253627925550434e-10
1.060275133726720e-01,5.253021774164928e-10
1.062405055650640e-01,5.252416751358825e-10
1.064534977574560e-01,5.251812852845646e-10
1.066664899498480e-01,5.251210074338909e-10
1.068794821422400e-01,5.250608411552134e-10
1.070924743346320e-01,5.250007860198839e-10
1.073054665270230e-01,5.249408415992546e-10
1.075184587194150e-01,5.248810074646767e-10
1.077314509118070e-01,5.248212831875026e-10
1.079444431041990e-01,5.247616683431458e-10
1.081574352965910e-01,5.247021625232784e-10
1.083704274889830e-01,5.246427653236399e-10
1.085834196813750e-01,5.245834763399697e-10
1.087964118737660e-01,5.245242951680075e-10
1.090094040661580e-01,5.244652214034922e-10
1.092223962585500e-01,5.244062546421638e-10
1.094353884509420e-01,5.243473944797613e-10
1.096483806433340e-01,5.242886405120247e-10
1.098613728357260e-01,5.242299923346931e-10
1.100743650281180e-01,5.241714495472324e-10
1.102873572205100e-01,5.241130117640186e-10
1.105003494129010e-01,5.240546786031578e-10
1.107133416052930e-01,5.239964496827547e-10
1.109263337976850e-01,5.239383246209149e-10
1.111393259900770e-01,5.238803030357441e-10
1.113523181824690e-01,5.238223845453474e-10
1.115653103748610e-01,5.237645687678307e-10
1.117783025672530e-01,5.237068553212988e-10
1.119912947596450e-01,5.236492438238575e-10
1.122042869520360e-01,5.235917338970638e-10
1.124172791444280e-01,5.235343251762792e-10
1.126302713368200e-01,5.234770173003182e-10
1.128432635292120e-01,5.234198099079947e-10
1.130562557216040e-01,5.233627026381228e-10
1.132692479139960e-01,5.233056951295166e-10
1.134822401063880e-01,5.232487870209901e-10
1.136952322987790e-01,5.231919779513574e-10
1.139082244911710e-01,5.231352675594324e-10
1.141212166835630e-01,5.230786554840290e-10
1.143342088759550e-01,5.230221413670808e-10
1.145472010683470e-01,5.229657248629960e-10
1.147601932607390e-01,5.229094056293006e-10
1.149731854531310e-01,5.228531833235207e-10
1.151861776455230e-01,5.227970576031824e-10
1.153991698379140e-01,5.227410281258118e-10
1.156121620303060e-01,5.226850945489347e-10
1.158251542226980e-01,5.226292565300773e-10
1.160381464150900e-01,5.225735137267657e-10
1.162511386074820e-01,5.225178657965259e-10
1.164641307998740e-01,5.224623124000011e-10
1.166771229922660e-01,5.224068532102954e-10
1.168901151846570e-01,5.223514879036269e-10
1.171031073770490e-01,5.222962161562131e-10
1.173160995694410e-01,5.222410376442722e-10
1.175290917618330e-01,5.221859520440218e-10
1.177420839542250e-01,5.221309590316799e-10
1.179550761466170e-01,5.220760582834644e-10
1.181680683390090e-01,5.220212494755930e-10
1.183810605314010e-01,5.219665322842838e-10
1.185940527237920e-01,5.219119063880665e-10
1.188070449161840e-01,5.218573714747226e-10
1.190200371085760e-01,5.218029272343486e-10
1.192330293009680e-01,5.217485733570410e-10
1.194460214933600e-01,5.216943095328957e-10
1.196590136857520e-01,5.216401354520092e-10
1.198720058781440e-01,5.215860508044777e-10
1.200849980705360e-01,5.215320552803976e-10
1.202979902629270e-01,5.214781485698653e-10
1.205109824553190e-01,5.214243303629767e-10
1.207239746477110e-01,5.213706003536866e-10
1.209369668401030e-01,5.213169582513884e-10
1.211499590324950e-01,5.212634037693354e-10
1.213629512248870e-01,5.212099366207810e-10
1.215759434172790e-01,5.211565565189789e-10
1.217889356096700e-01,5.211032631771826e-10
1.220019278020620e-01,5.210500563086451e-10
1.222149199944540e-01,5.209969356266203e-10
1.224279121868460e-01,5.209439008443616e-10
1.226409043792380e-01,5.208909516751225e-10
1.228538965716300e-01,5.208380878323842e-10
1.230668887640220e-01,5.207853090305380e-10
1.232798809564140e-01,5.207326149842032e-10
1.234928731488050e-01,5.206800054079993e-10
1.237058653411970e-01,5.206274800165449e-10
1.239188575335890e-01,5.205750385244594e-10
1.241318497259810e-01,5.205226806463621e-10
1.243448419183730e-01,5.204704060968719e-10
1.245578341107650e-01,5.204182145906081e-10
1.247708263031570e-01,5.203661058421900e-10
1.249838184955480e-01,5.203140795705531e-10
1.251968106879400e-01,5.202621355118899e-10
1.254098028803320e-01,5.202102734067070e-10
1.256227950727240e-01,5.201584929955107e-10
1.258357872651160e-01,5.201067940188068e-10
1.260487794575080e-01,5.200551762171018e-10
1.262617716499000e-01,5.200036393309018e-10
1.264747638422920e-01,5.199521831007130e-10
1.266877560346830e-01,5.199008072670416e-10
1.269007482270750e-01,5.198495115703935e-10
1.271137404194670e-01,5.197982957530509e-10
1.273267326118590e-01,5.197471595643948e-10
1.275397248042510e-01,5.196961027555795e-10
1.277527169966430e-01,5.196451250777594e-10
1.279657091890350e-01,5.195942262820891e-10
1.281787013814270e-01,5.195434061197226e-10
1.283916935738180e-01,5.194926643418148e-10
1.286046857662100e-01,5.194420006995196e-10
1.288176779586020e-01,5.193914149439915e-10
1.290306701509940e-01,5.193409068263851e-10
1.292436623433860e-01,5.192904760976581e-10
1.294566545357780e-01,5.192401225079828e-10
1.296696467281700e-01,5.191898458073346e-10
1.298826389205610e-01,5.191396457456888e-10
1.300956311129530e-01,5.190895220730209e-10
1.303086233053450e-01,5.190394745393062e-10
1.305216154977370e-01,5.189895028945202e-10
1.307346076901290e-01,5.189396068886385e-10
1.309475998825210e-01,5.188897862716362e-10
1.311605920749130e-01,5.188400407934890e-10
1.313735842673050e-01,5.187903702095484e-10
1.315865764596960e-01,5.187407742966729e-10
1.317995686520880e-01,5.186912528370973e-10
1.320125608444800e-01,5.186418056130577e-10
1.322255530368720e-01,5.185924324067895e-10
1.324385452292640e-01,5.185431330005283e-10
1.326515374216560e-01,5.184939071765095e-10
1.328645296140480e-01,5.184447547169689e-10
1.330775218064400e-01,5.183956754041418e-10
1.332905139988310e-01,5.183466690202639e-10
1.335035061912230e-01,5.182977353463486e-10
1.337164983836150e-01,5.182488741585217e-10
1.339294905760070e-01,5.182000852316880e-10
1.341424827683990e-01,5.181513683407516e-10
1.343554749607910e-01,5.181027232606172e-10
1.345684671531830e-01,5.180541497661890e-10
1.347814593455740e-01,5.180056476323718e-10
1.349944515379660e-01,5.179572166340696e-10
1.352074437303580e-01,5.179088565461871e-10
1.354204359227500e-01,5.178605671436285e-10
1.356334281151420e-01,5.178123482045030e-10
1.358464203075340e-01,5.177641995197322e-10
1.360594124999260e-01,5.177161208834389e-10
1.362724046923180e-01,5.176681120897461e-10
1.364853968847090e-01,5.176201729327768e-10
1.366983890771010e-01,5.175723032066538e-10
1.369113812694930e-01,5.175245027054998e-10
1.371243734618850e-01,5.174767712234381e-10
1.373373656542770e-01,5.174291085545914e-10
1.375503578466690e-01,5.173815144930828e-10
1.377633500390610e-01,5.173339888340092e-10
1.379763422314520e-01,5.172865313763666e-10
1.381893344238440e-01,5.172391419201257e-10
1.384023266162360e-01,5.171918202652579e-10
1.386153188086280e-01,5.171445662117341e-10
1.388283110010200e-01,5.170973795595254e-10
1.390413031934120e-01,5.170502601086029e-10
1.392542953858040e-01,5.170032076589377e-10
1.394672875781960e-01,5.169562220105009e-10
1.396802797705870e-01,5.169093029632637e-10
1.398932719629790e-01,5.168624503188199e-10
1.401062641553710e-01,5.168156638852584e-10
1.403192563477630e-01,5.167689434722918e-10
1.405322485401550e-01,5.167222888896329e-10
1.407452407325470e-01,5.166756999469944e-10
1.409582329249390e-01,5.166291764540889e-10
1.411712251173300e-01,5.165827182206293e-10
1.413842173097220e-01,5.165363250563280e-10
1.415972095021140e-01,5.164899967708978e-10
1.418102016945060e-01,5.164437331740514e-10
1.420231938868980e-01,5.163975340767286e-10
1.422361860792900e-01,5.163513992947766e-10
1.424491782716820e-01,5.163053286452700e-10
1.426621704640740e-01,5.162593219452830e-10
1.428751626564650e-01,5.162133790118902e-10
1.430881548488570e-01,5.161674996621656e-10
1.433011470412490e-01,5.161216837131838e-10
1.435141392336410e-01,5.160759309820188e-10
1.437271314260330e-01,5.160302412857454e-10
1.439401236184250e-01,5.159846144414379e-10
1.441531158108170e-01,5.159390502677877e-10
1.443661080032090e-01,5.158935485899535e-10
1.445791001956000e-01,5.158481092347103e-10
1.447920923879920e-01,5.158027320288324e-10
1.450050845803840e-01,5.157574167990948e-10
1.452180767727760e-01,5.157121633722723e-10
1.454310689651680e-01,5.156669715751397e-10
1.456440611575600e-01,5.156218412344718e-10
1.458570533499520e-01,5.155767721770432e-10
1.460700455423430e-01,5.155317642296291e-10
1.462830377347350e-01,5.154868172191154e-10
1.464960299271270e-01,5.154419309728351e-10
1.467090221195190e-01,5.153971053182327e-10
1.469220143119110e-01,5.153523400827522e-10
1.471350065043030e-01,5.153076350938383e-10
1.473479986966950e-01,5.152629901789351e-10
1.475609908890870e-01,5.152184051654870e-10
1.477739830814780e-01,5.151738798809386e-10
1.479869752738700e-01,5.151294141527336e-10
1.481999674662620e-01,5.150850078083169e-10
1.484129596586540e-01,5.150406606803602e-10
1.486259518510460e-01,5.149963726224566e-10
1.488389440434380e-01,5.149521434934315e-10
1.490519362358300e-01,5.149079731521102e-10
1.492649284282220e-01,5.148638614573182e-10
1.494779206206130e-01,5.148198082678808e-10
1.496909128130050e-01,5.147758134426235e-10
1.499039050053970e-01,5.147318768403714e-10
1.501168971977890e-01,5.146879983199503e-10
1.503298893901810e-01,5.146441777401855e-10
1.505428815825730e-01,5.146004149457395e-10
1.507558737749650e-01,5.145567097246154e-10
1.509688659673560e-01,5.145130618506496e-10
1.511818581597480e-01,5.144694710976779e-10
1.513948503521400e-01,5.144259372395362e-10
1.516078425445320e-01,5.143824600500611e-10
1.518208347369240e-01,5.143390393030883e-10
1.520338269293160e-01,5.142956747724539e-10
1.522468191217080e-01,5.142523662319944e-10
1.524598113141000e-01,5.142091134555452e-10
1.526728035064910e-01,5.141659162748840e-10
1.528857956988830e-01,5.141227747535127e-10
1.530987878912750e-01,5.140796890128568e-10
1.533117800836670e-01,5.140366591743410e-10
1.535247722760590e-01,5.139936853593906e-10
1.537377644684510e-01,5.139507676894304e-10
1.539507566608430e-01,5.139079062858855e-10
1.541637488532340e-01,5.138651012701811e-10
1.543767410456260e-01,5.138223527637418e-10
1.545897332380180e-01,5.137796608879929e-10
1.548027254304100e-01,5.137370255528686e-10
1.550157176228020e-01,5.136944458227370e-10
1.552287098151940e-01,5.136519205506732e-10
1.554417020075860e-01,5.136094485897525e-10
1.556546941999780e-01,5.135670287930502e-10
1.558676863923690e-01,5.135246600136417e-10
1.560806785847610e-01,5.134823411046020e-10
1.562936707771530e-01,5.134400709190063e-10
1.565066629695450e-01,5.133978483099301e-10
1.567196551619370e-01,5.133556721304483e-10
1.569326473543290e-01,5.133135420266352e-10
1.571456395467210e-01,5.132714608185634e-10
1.573586317391130e-01,5.132294321203069e-10
1.575716239315040e-01,5.131874595459397e-10
1.577846161238960e-01,5.131455467095351e-10
1.579976083162880e-01,5.131036972251673e-10
1.582106005086800e-01,5.130619147069100e-10
1.584235927010720e-01,5.130202027688369e-10
1.586365848934640e-01,5.129785650250220e-10
1.588495770858560e-01,5.129370050895393e-10
1.590625692782470e-01,5.128955236202994e-10
1.592755614706390e-01,5.128541094467447e-10
1.594885536630310e-01,5.128127484402460e-10
1.597015458554230e-01,5.127714264721733e-10
1.599145380478150e-01,5.127301294138978e-10
1.601275302402070e-01,5.126888431367897e-10
1.603405224325990e-01,5.126475535122198e-10
1.605535146249910e-01,5.126062464115587e-10
1.607665068173820e-01,5.125649077061770e-10
1.609794990097740e-01,5.125235232674450e-10
1.611924912021660e-01,5.124820900068053e-10
1.614054833945580e-01,5.124406489966031e-10
1.616184755869500e-01,5.123992523495634e-10
1.618314677793420e-01,5.123579521784111e-10
1.620444599717340e-01,5.123168005958713e-10
1.622574521641260e-01,5.122758497146688e-10
1.624704443565170e-01,5.122351516475290e-10
1.626834365489090e-01,5.121947585071763e-10
1.628964287413010e-01,5.121547224063360e-10
1.631094209336930e-01,5.121150954577331e-10
1.633224131260850e-01,5.120758885631464e-10
1.635354053184770e-01,5.120369478291683e-10
1.637483975108690e-01,5.119980781757402e-10
1.639613897032600e-01,5.119590845228037e-10
1.641743818956520e-01,5.119197717902996e-10
1.643873740880440e-01,5.118799448981697e-10
1.646003662804360e-01,5.118394087663552e-10
1.648133584728280e-01,5.117979683147972e-10
1.650263506652200e-01,5.117554284634377e-10
1.652393428576120e-01,5.117115941322177e-10
1.654523350500040e-01,5.116664240860672e-10
1.656653272423950e-01,5.116204920985095e-10
1.658783194347870e-01,5.115745256024306e-10
1.660913116271790e-01,5.115292520307173e-10
1.663043038195710e-01,5.114853988162562e-10
1.665172960119630e-01,5.114436933919338e-10
1.667302882043550e-01,5.114048631906365e-10
1.669432803967470e-01,5.113696356452509e-10
1.671562725891380e-01,5.113387381886638e-10
1.673692647815300e-01,5.113128982537612e-10
1.675822569739220e-01,5.112922697311095e-10
1.677952491663140e-01,5.112747112036816e-10
1.680082413587060e-01,5.112575071428326e-10
1.682212335510980e-01,5.112379420199175e-10
1.684342257434900e-01,5.112133003062917e-10
1.686472179358820e-01,5.111808664733106e-10
1.688602101282730e-01,5.111379249923293e-10
1.690732023206650e-01,5.110817603347030e-10
1.692861945130570e-01,5.110096569717867e-10
1.694991867054490e-01,5.109188993749359e-10
1.697121788978410e-01,5.108079366741549e-10
1.699251710902330e-01,5.106798775064742e-10
1.701381632826250e-01,5.105389956038293e-10
1.703511554750170e-01,5.103895646981560e-10
1.705641476674080e-01,5.102358585213902e-10
1.707771398598000e-01,5.100821508054660e-10
1.709901320521920e-01,5.099327152823199e-10
1.712031242445840e-01,5.097918256838871e-10
1.714161164369760e-01,5.096637557421033e-10
1.716291086293680e-01,5.095527791889040e-10
1.718421008217600e-01,5.094620067251782e-10
1.720550930141510e-01,5.093898974930381e-10
1.722680852065430e-01,5.093337478862340e-10
1.724810773989350e-01,5.092908542985186e-10
1.726940695913270e-01,5.092585131236429e-10
1.729070617837190e-01,5.092340207553589e-10
1.731200539761110e-01,5.092146735874181e-10
1.733330461685030e-01,5.091977680135721e-10
1.735460383608950e-01,5.091806004275726e-10
1.737590305532860e-01,5.091604672231714e-10
1.739720227456780e-01,5.091352363505241e-10
1.741850149380700e-01,5.091050610017530e-10
1.743980071304620e-01,5.090706654336648e-10
1.746109993228540e-01,5.090327739030664e-10
1.748239915152460e-01,5.089921106667642e-10
1.750369837076380e-01,5.089493999815652e-10
1.752499759000290e-01,5.089053661042762e-10
1.754629680924210e-01,5.088607332917034e-10
1.756759602848130e-01,5.088162258006539e-10
1.758889524772050e-01,5.087725678879342e-10
1.761019446695970e-01,5.087303308360820e-10
1.763149368619890e-01,5.086894736208413e-10
1.765279290543810e-01,5.086498020387611e-10
1.767409212467730e-01,5.086111218863895e-10
1.769539134391640e-01,5.085732389602751e-10
1.771669056315560e-01,5.085359590569659e-10
1.773798978239480e-01,5.084990879730107e-10
1.775928900163400e-01,5.084624315049577e-10
1.778058822087320e-01,5.084257954493555e-10
1.780188744011240e-01,5.083889856027524e-10
1.782318665935160e-01,5.083518487668060e-10
1.784448587859070e-01,5.083143958227608e-10
1.786578509782990e-01,5.082766786865501e-10
1.788708431706910e-01,5.082387492741078e-10
1.790838353630830e-01,5.082006595013677e-10
1.792968275554750e-01,5.081624612842634e-10
1.795098197478670e-01,5.081242065387286e-10
1.797228119402590e-01,5.080859471806973e-10
1.799358041326510e-01,5.080477351261029e-10
1.801487963250420e-01,5.080096222908794e-10
1.803617885174340e-01,5.079716496009525e-10
1.805747807098260e-01,5.079338140199410e-10
1.807877729022180e-01,5.078961015203179e-10
1.810007650946100e-01,5.078584980745567e-10
1.812137572870020e-01,5.078209896551302e-10
1.814267494793940e-01,5.077835622345115e-10
1.816397416717860e-01,5.077462017851739e-10
1.818527338641770e-01,5.077088942795905e-10
1.820657260565690e-01,5.076716256902343e-10
1.822787182489610e-01,5.076343819895786e-10
1.824917104413530e-01,5.075971520959477e-10
1.827047026337450e-01,5.075599367080436e-10
1.829176948261370e-01,5.075227394689053e-10
1.831306870185290e-01,5.074855640215723e-10
1.833436792109200e-01,5.074484140090837e-10
1.835566714033120e-01,5.074112930744785e-10
1.837696635957040e-01,5.073742048607961e-10
1.839826557880960e-01,5.073371530110757e-10
1.841956479804880e-01,5.073001411683566e-10
1.844086401728800e-01,5.072631729756778e-10
1.846216323652720e-01,5.072262512879678e-10
1.848346245576640e-01,5.071893758094946e-10
1.850476167500550e-01,5.071525454573070e-10
1.852606089424470e-01,5.071157591484532e-10
1.854736011348390e-01,5.070790157999820e-10
1.856865933272310e-01,5.070423143289420e-10
1.858995855196230e-01,5.070056536523818e-10
1.861125777120150e-01,5.069690326873498e-10
1.863255699044070e-01,5.069324503508951e-10
1.865385620967990e-01,5.068959055600656e-10
1.867515542891900e-01,5.068593974424269e-10
1.869645464815820e-01,5.068229259680581e-10
1.871775386739740e-01,5.067864913177803e-10
1.873905308663660e-01,5.067500936724147e-10
1.876035230587580e-01,5.067137332127819e-10
1.878165152511500e-01,5.066774101197029e-10
1.880295074435420e-01,5.066411245739985e-10
1.882424996359330e-01,5.066048767564900e-10
1.884554918283250e-01,5.065686668479978e-10
1.886684840207170e-01,5.065324950293433e-10
1.888814762131090e-01,5.064963614264158e-10
1.890944684055010e-01,5.064602659453306e-10
1.893074605978930e-01,5.064242084372477e-10
1.895204527902850e-01,5.063881887533262e-10
1.897334449826770e-01,5.063522067447256e-10
1.899464371750680e-01,5.063162622626054e-10
1.901594293674600e-01,5.062803551581249e-10
1.903724215598520e-01,5.062444852824436e-10
1.905854137522440e-01,5.062086524867211e-10
1.907984059446360e-01,5.061728566221165e-10
1.910113981370280e-01,5.061370975542054e-10
1.912243903294200e-01,5.061013752062209e-10
1.914373825218110e-01,5.060656895158102e-10
1.916503747142030e-01,5.060300404206194e-10
1.918633669065950e-01,5.059944278582954e-10
1.920763590989870e-01,5.059588517664852e-10
1.922893512913790e-01,5.059233120828351e-10
1.925023434837710e-01,5.058878087449922e-10
1.927153356761630e-01,5.058523416906031e-10
1.929283278685550e-01,5.058169108573145e-10
1.931413200609460e-01,5.057815161810833e-10
1.933543122533380e-01,5.057461575911095e-10
1.935673044457300e-01,5.057108350149046e-10
1.937802966381220e-01,5.056755483799802e-10
1.939932888305140e-01,5.056402976138477e-10
1.942062810229060e-01,5.056050826440186e-10
1.944192732152980e-01,5.055699033980045e-10
1.946322654076900e-01,5.055347598033168e-10
1.948452576000810e-01,5.054996517874675e-10
1.950582497924730e-01,5.054645792779674e-10
1.952712419848650e-01,5.054295422002943e-10
1.954842341772570e-01,5.053945404717962e-10
1.956972263696490e-01,5.053595740077895e-10
1.959102185620410e-01,5.053246427235911e-10
1.961232107544330e-01,5.052897465345175e-10
1.963362029468240e-01,5.052548853558857e-10
1.965491951392160e-01,5.052200591030119e-10
1.967621873316080e-01,5.051852676912129e-10
1.969751795240000e-01,5.051505110358055e-10
1.971881717163920e-01,5.051157890521066e-10
1.974011639087840e-01,5.050811016597208e-10
1.976141561011760e-01,5.050464487954130e-10
1.978271482935680e-01,5.050118304002395e-10
1.980401404859590e-01,5.049772464152572e-10
1.982531326783510e-01,5.049426967815221e-10
1.984661248707430e-01,5.049081814400908e-10
1.986791170631350e-01,5.048737003320197e-10
1.988921092555270e-01,5.048392533983654e-10
1.991051014479190e-01,5.048048405801842e-10
1.993180936403110e-01,5.047704618185328e-10
1.995310858327020e-01,5.047361170506485e-10
1.997440780250940e-01,5.047018061984915e-10
1.999570702174860e-01,5.046675291802027e-10
2.001700624098780e-01,5.046332859139227e-10
2.003830546022700e-01,5.045990763177920e-10
2.005960467946620e-01,5.045649003099514e-10
2.008090389870540e-01,5.045307578085416e-10
2.010220311794460e-01,5.044966487317031e-10
2.012350233718370e-01,5.044625729975769e-10
2.014480155642290e-01,5.044285305243032e-10
2.016610077566210e-01,5.043945212369134e-10
2.018739999490130e-01,5.043605450879942e-10
2.020869921414050e-01,5.043266020370199e-10
2.022999843337970e-01,5.042926920434650e-10
2.025129765261890e-01,5.042588150668037e-10
2.027259687185810e-01,5.042249710665102e-10
2.029389609109720e-01,5.041911600020588e-10
2.031519531033640e-01,5.041573818329238e-10
2.033649452957560e-01,5.041236365185794e-10
2.035779374881480e-01,5.040899240184999e-10
2.037909296805400e-01,5.040562442831831e-10
2.040039218729320e-01,5.040225972272390e-10
2.042169140653240e-01,5.039889827563099e-10
2.044299062577150e-01,5.039554007760391e-10
2.046428984501070e-01,5.039218511920689e-10
2.048558906424990e-01,5.038883339100423e-10
2.050688828348910e-01,5.038548488356020e-10
2.052818750272830e-01,5.038213958743907e-10
2.054948672196750e-01,5.037879749320513e-10
2.057078594120670e-01,5.037545859142265e-10
2.059208516044590e-01,5.037212287344925e-10
2.061338437968500e-01,5.036879033381781e-10
2.063468359892420e-01,5.036546096785546e-10
2.065598281816340e-01,5.036213477088930e-10
2.067728203740260e-01,5.035881173824647e-10
2.069858125664180e-01,5.035549186525412e-10
2.071988047588100e-01,5.035217514723935e-10
2.074117969512020e-01,5.034886157952930e-10
2.076247891435940e-01,5.034555115745111e-10
2.078377813359850e-01,5.034224387633191e-10
2.080507735283770e-01,5.033893973119470e-10
2.082637657207690e-01,5.033563871584588e-10
2.084767579131610e-01,5.033234082378753e-10
2.086897501055530e-01,5.032904604852176e-10
2.089027422979450e-01,5.032575438355068e-10
2.091157344903370e-01,5.032246582237641e-10
2.093287266827280e-01,5.031918035850105e-10
2.095417188751200e-01,5.031589798542671e-10
2.097547110675120e-01,5.031261869665547e-10
2.099677032599040e-01,5.030934248568947e-10
2.101806954522960e-01,5.030606934615020e-10
2.103936876446880e-01,5.030279927213678e-10
2.106066798370800e-01,5.029953225786770e-10
2.108196720294720e-01,5.029626829756147e-10
2.110326642218630e-01,5.029300738543659e-10
2.112456564142550e-01,5.028974951571155e-10
2.114586486066470e-01,5.028649468260484e-10
2.116716407990390e-01,5.028324288033498e-10
2.118846329914310e-01,5.027999410312047e-10
2.120976251838230e-01,5.027674834517979e-10
2.123106173762150e-01,5.027350560073527e-10
2.125236095686060e-01,5.027026586402453e-10
2.127366017609980e-01,5.026702912928893e-10
2.129495939533900e-01,5.026379539076992e-10
2.131625861457820e-01,5.026056464270890e-10
2.133755783381740e-01,5.025733687934729e-10
2.135885705305660e-01,5.025411209492648e-10
2.138015627229580e-01,5.025089028368791e-10
2.140145549153500e-01,5.024767143987298e-10
2.142275471077410e-01,5.024445555772311e-10
2.144405393001330e-01,5.024124263151375e-10
2.146535314925250e-01,5.023803265565653e-10
2.148665236849170e-01,5.023482562459706e-10
2.150795158773090e-01,5.023162153278097e-10
2.152925080697010e-01,5.022842037465389e-10
2.155055002620930e-01,5.022522214466143e-10
2.157184924544850e-01,5.022202683724922e-10
2.159314846468760e-01,5.021883444686289e-10
2.161444768392680e-01,5.021564496794806e-10
2.163574690316600e-01,5.021245839495033e-10
2.165704612240520e-01,5.020927472234038e-10
2.167834534164440e-01,5.020609394468896e-10
2.169964456088360e-01,5.020291605659189e-10
2.172094378012280e-01,5.019974105264499e-10
2.174224299936190e-01,5.019656892744405e-10
2.176354221860110e-01,5.019339967558490e-10
2.178484143784030e-01,5.019023329166334e-10
2.180614065707950e-01,5.018706977027518e-10
2.182743987631870e-01,5.018390910601625e-10
2.184873909555790e-01,5.018075129348235e-10
2.187003831479710e-01,5.017759632729474e-10
2.189133753403630e-01,5.017444420217642e-10
2.191263675327540e-01,5.017129491287589e-10
2.193393597251460e-01,5.016814845414157e-10
2.195523519175380e-01,5.016500482072194e-10
2.197653441099300e-01,5.016186400736548e-10
2.199783363023220e-01,5.015872600882062e-10
2.201913284947140e-01,5.015559081983586e-10
2.204043206871060e-01,5.015245843515964e-10
2.206173128794970e-01,5.014932884954043e-10
2.208303050718890e-01,5.014620205775089e-10
2.210432972642810e-01,5.014307805466040e-10
2.212562894566730e-01,5.013995683516254e-10
2.214692816490650e-01,5.013683839415087e-10
2.216822738414570e-01,5.013372272651898e-10
2.218952660338490e-01,5.013060982716043e-10
2.221082582262410e-01,5.012749969096882e-10
2.223212504186320e-01,5.012439231283769e-10
2.225342426110240e-01,5.012128768766063e-10
2.227472348034160e-01,5.011818581033119e-10
2.229602269958080e-01,5.011508667576638e-10
2.231732191882000e-01,5.011199027897674e-10
2.233862113805920e-01,5.010889661499623e-10
2.235992035729840e-01,5.010580567885879e-10
2.238121957653760e-01,5.010271746559837e-10
2.240251879577670e-01,5.009963197024891e-10
2.242381801501590e-01,5.009654918784436e-10
2.244511723425510e-01,5.009346911341865e-10
2.246641645349430e-01,5.009039174200575e-10
2.248771567273350e-01,5.008731706863958e-10
2.250901489197270e-01,5.008424508837661e-10
2.253031411121190e-01,5.008117579636334e-10
2.255161333045100e-01,5.007810918776882e-10
2.257291254969020e-01,5.007504525776207e-10
2.259421176892940e-01,5.007198400151213e-10
2.261551098816860e-01,5.006892541418804e-10
2.263681020740780e-01,5.006586949095884e-10
2.265810942664700e-01,5.006281622699357e-10
2.267940864588620e-01,5.005976561746127e-10
2.270070786512540e-01,5.005671765753097e-10
2.272200708436450e-01,5.005367234239348e-10
2.274330630360370e-01,5.005062966732656e-10
2.276460552284290e-01,5.004758962762978e-10
2.278590474208210e-01,5.004455221860273e-10
2.280720396132130e-01,5.004151743554493e-10
2.282850318056050e-01,5.003848527375596e-10
2.284980239979970e-01,5.003545572853537e-10
2.287110161903880e-01,5.003242879518275e-10
2.289240083827800e-01,5.002940446899761e-10
2.291370005751720e-01,5.002638274527952e-10
2.293499927675640e-01,5.002336361934895e-10
2.295629849599560e-01,5.002034708660979e-10
2.297759771523480e-01,5.001733314248687e-10
2.299889693447400e-01,5.001432178240501e-10
2.302019615371320e-01,5.001131300178898e-10
2.304149537295230e-01,5.000830679606363e-10
2.306279459219150e-01,5.000530316065373e-10
2.308409381143070e-01,5.000230209098410e-10
2.310539303066990e-01,4.999930358247956e-10
2.312669224990910e-01,4.999630763056488e-10
2.314799146914830e-01,4.999331423068539e-10
2.316929068838750e-01,4.999032337836819e-10
2.319058990762670e-01,4.998733506916088e-10
2.321188912686580e-01,4.998434929861107e-10
2.323318834610500e-01,4.998136606226631e-10
2.325448756534420e-01,4.997838535567422e-10
2.327578678458340e-01,4.997540717438240e-10
2.329708600382260e-01,4.997243151393842e-10
2.331838522306180e-01,4.996945836988989e-10
2.333968444230100e-01,4.996648773778438e-10
2.336098366154010e-01,4.996351961318814e-10
2.338228288077930e-01,4.996055399174176e-10
2.340358210001850e-01,4.995759086910446e-10
2.342488131925770e-01,4.995463024093548e-10
2.344618053849690e-01,4.995167210289403e-10
2.346747975773610e-01,4.994871645063934e-10
2.348877897697530e-01,4.994576327983062e-10
2.351007819621450e-01,4.994281258612711e-10
2.353137741545360e-01,4.993986436518803e-10
2.355267663469280e-01,4.993691861267257e-10
2.357397585393200e-01,4.993397532426218e-10
2.359527507317120e-01,4.993103449572720e-10
2.361657429241040e-01,4.992809612286019e-10
2.363787351164960e-01,4.992516020145374e-10
2.365917273088880e-01,4.992222672730038e-10
2.368047195012800e-01,4.991929569619270e-10
2.370177116936710e-01,4.991636710392327e-10
2.372307038860630e-01,4.991344094628463e-10
2.374436960784550e-01,4.991051721906936e-10
2.376566882708470e-01,4.990759591807003e-10
2.378696804632390e-01,4.990467703908487e-10
2.380826726556310e-01,4.990176057793463e-10
2.382956648480230e-01,4.989884653044577e-10
2.385086570404140e-01,4.989593489244473e-10
2.387216492328060e-01,4.989302565975793e-10
2.389346414251980e-01,4.989011882821180e-10
2.391476336175900e-01,4.988721439363278e-10
2.393606258099820e-01,4.988431235184732e-10
2.395736180023740e-01,4.988141269868183e-10
2.397866101947660e-01,4.987851542996276e-10
2.399996023871580e-01,4.987562054158041e-10
2.402125945795490e-01,4.987272802968054e-10
2.404255867719410e-01,4.986983789047270e-10
2.406385789643330e-01,4.986695012016650e-10
2.408515711567250e-01,4.986406471497153e-10
2.410645633491170e-01,4.986118167109736e-10
2.412775555415090e-01,4.985830098475362e-10
2.414905477339010e-01,4.985542265214985e-10
2.417035399262920e-01,4.985254666949569e-10
2.419165321186840e-01,4.984967303300069e-10
2.421295243110760e-01,4.984680173871900e-10
2.423425165034680e-01,4.984393278208326e-10
2.425555086958600e-01,4.984106615837079e-10
2.427685008882520e-01,4.983820186285893e-10
2.429814930806440e-01,4.983533989082501e-10
2.431944852730360e-01,4.983248023754634e-10
2.434074774654270e-01,4.982962289830027e-10
2.436204696578190e-01,4.982676786836412e-10
2.438334618502110e-01,4.982391514301520e-10
2.440464540426030e-01,4.982106471753086e-10
2.442594462349950e-01,4.981821658784739e-10
2.444724384273870e-01,4.981537075253872e-10
2.446854306197790e-01,4.981252721083860e-10
2.448984228121710e-01,4.980968596198079e-10
2.451114150045620e-01,4.980684700519904e-10
2.453244071969540e-01,4.980401033972707e-10
2.455373993893460e-01,4.980117596479867e-10
2.457503915817380e-01,4.979834387964757e-10
2.459633837741300e-01,4.979551408350753e-10
2.461763759665220e-01,4.979268657561231e-10
2.463893681589140e-01,4.978986135281292e-10
2.466023603513050e-01,4.978703840242640e-10
2.468153525436970e-01,4.978421770938533e-10
2.470283447360890e-01,4.978139925862242e-10
2.472413369284810e-01,4.977858303507030e-10
2.474543291208730e-01,4.977576902366161e-10
2.476673213132650e-01,4.977295720932905e-10
2.478803135056570e-01,4.977014757700523e-10
2.480933056980490e-01,4.976734011162283e-10
2.483062978904400e-01,4.976453479811450e-10
2.485192900828320e-01,4.976173163034756e-10
2.487322822752240e-01,4.975893063792901e-10
2.489452744676160e-01,4.975613185940109e-10
2.491582666600080e-01,4.975333533330601e-10
2.493712588524000e-01,4.975054109818601e-10
2.495842510447920e-01,4.974774919258327e-10
2.497972432371830e-01,4.974495965504006e-10
2.500102354295750e-01,4.974217252409854e-10
2.502232276219670e-01,4.973938783830094e-10
2.504362198143590e-01,4.973660563618952e-10
2.506492120067510e-01,4.973382592313687e-10
2.508622041991430e-01,4.973104857187445e-10
2.510751963915350e-01,4.972827342198257e-10
2.512881885839270e-01,4.972550031304159e-10
2.515011807763180e-01,4.972272908463184e-10
2.517141729687100e-01,4.971995957633369e-10
2.519271651611020e-01,4.971719162772745e-10
2.521401573534940e-01,4.971442507839348e-10
2.523531495458860e-01,4.971165976791213e-10
2.525661417382780e-01,4.970889553586376e-10
2.527791339306700e-01,4.970613234555404e-10
2.529921261230620e-01,4.970337065489921e-10
2.532051183154530e-01,4.970061104539552e-10
2.534181105078450e-01,4.969785409853913e-10
2.536311027002370e-01,4.969510039582629e-10
2.538440948926290e-01,4.969235051875316e-10
2.540570870850210e-01,4.968960504881599e-10
2.542700792774130e-01,4.968686456751099e-10
2.544830714698050e-01,4.968412965633434e-10
2.546960636621960e-01,4.968140089678229e-10
2.549090558545880e-01,4.967867840935485e-10
2.551220480469800e-01,4.967596046962355e-10
2.553350402393720e-01,4.967324489169160e-10
2.555480324317640e-01,4.967052948966219e-10
2.557610246241560e-01,4.966781207763856e-10
2.559740168165480e-01,4.966509046972389e-10
2.561870090089400e-01,4.966236248002140e-10
2.564000012013310e-01,4.965962592263433e-10
2.566129933937230e-01,4.965687861166585e-10
2.568259855861150e-01,4.965411836121919e-10
2.570389777785070e-01,4.965134470638558e-10
2.572519699708990e-01,4.964856406760606e-10
2.574649621632910e-01,4.964578458700868e-10
2.576779543556830e-01,4.964301440672139e-10
2.578909465480740e-01,4.964026166887225e-10
2.581039387404660e-01,4.963753451558924e-10
2.583169309328580e-01,4.963484108900034e-10
2.585299231252500e-01,4.963218953123361e-10
2.587429153176420e-01,4.962958798441702e-10
2.589559075100340e-01,4.962704459067860e-10
2.591688997024260e-01,4.962456106706838e-10
2.593818918948180e-01,4.962211343304304e-10
2.595948840872090e-01,4.961967128434045e-10
2.598078762796010e-01,4.961720421669843e-10
2.600208684719930e-01,4.961468182585484e-10
2.602338606643850e-01,4.961207370754753e-10
2.604468528567770e-01,4.960934945751434e-10
2.606598450491690e-01,4.960647867149313e-10
2.608728372415610e-01,4.960343094522174e-10
2.610858294339530e-01,4.960017587443803e-10
2.612988216263440e-01,4.959670704072872e-10
2.615118138187360e-01,4.959311392930812e-10
2.617248060111280e-01,4.958950999135974e-10
2.619377982035200e-01,4.958600867806701e-10
2.621507903959120e-01,4.958272344061340e-10
2.623637825883040e-01,4.957976773018237e-10
2.625767747806960e-01,4.957725499795735e-10
2.627897669730870e-01,4.957529869512185e-10
2.630027591654790e-01,4.957401227285928e-10
2.632157513578710e-01,4.957350918235311e-10
2.634287435502630e-01,4.957381345290565e-10
2.636417357426550e-01,4.957459118114973e-10
2.638547279350470e-01,4.957541891922262e-10
2.640677201274390e-01,4.957587321926160e-10
2.642807123198310e-01,4.957553063340395e-10
2.644937045122220e-01,4.957396771378694e-10
2.647066967046140e-01,4.957076101254782e-10
2.649196888970060e-01,4.956548708182388e-10
2.651326810893980e-01,4.955772247375239e-10
2.653456732817900e-01,4.954704374047062e-10
2.655586654741820e-01,4.953336127051221e-10
2.657716576665740e-01,4.951792130061693e-10
2.659846498589660e-01,4.950230415527856e-10
2.661976420513570e-01,4.948809015899093e-10
2.664106342437490e-01,4.947685963624766e-10
2.666236264361410e-01,4.947019291154258e-10
2.668366186285330e-01,4.946967030936949e-10
2.670496108209250e-01,4.947687215422213e-10
2.672626030133170e-01,4.949337877059428e-10
2.674755952057090e-01,4.952077048297969e-10
2.676885873981000e-01,4.955938133464039e-10
2.679015795904920e-01,4.960455990726725e-10
2.681145717828840e-01,4.965040833299071e-10
2.683275639752760e-01,4.969102874394133e-10
2.685405561676680e-01,4.972052327224967e-10
2.687535483600600e-01,4.973299405004632e-10
2.689665405524520e-01,4.972254320946183e-10
2.691795327448440e-01,4.968327288262679e-10
2.693925249372350e-01,4.960928520167221e-10
2.696055171296270e-01,4.949468229872797e-10
2.698185093220190e-01,4.933821892777041e-10
2.700315015144110e-01,4.915725584052470e-10
2.702444937068030e-01,4.897380416601582e-10
2.704574858991950e-01,4.880987503326871e-10
2.706704780915870e-01,4.868747957130837e-10
2.708834702839780e-01,4.862862890915987e-10
2.710964624763700e-01,4.865533417584755e-10
2.713094546687620e-01,4.878960650039680e-10
2.715224468611540e-01,4.905345701183263e-10
2.717354390535460e-01,4.946889683918000e-10
2.719484312459380e-01,5.004777884379955e-10
2.721614234383300e-01,5.076134516128700e-10
2.723744156307220e-01,5.157069082894711e-10
2.725874078231130e-01,5.243691088408070e-10
2.728004000155050e-01,5.332110036400070e-10
2.730133922078970e-01,5.418435430600839e-10
2.732263844002890e-01,5.498776774740853e-10
2.734393765926810e-01,5.569243572550602e-10
2.736523687850730e-01,5.625945327760570e-10
2.738653609774650e-01,5.664991544101267e-10
2.740783531698570e-01,5.683611591230605e-10
2.742913453622480e-01,5.683516765255561e-10
2.745043375546400e-01,5.667539459918589e-10
2.747173297470320e-01,5.638512068962115e-10
2.749303219394240e-01,5.599266986128614e-10
2.751433141318160e-01,5.552636605160561e-10
2.753563063242080e-01,5.501453319800417e-10
2.755692985166000e-01,5.448549523790657e-10
2.757822907089910e-01,5.396757610873987e-10
2.759952829013830e-01,5.348909974792403e-10
2.762082750937750e-01,5.307248948125429e-10
2.764212672861670e-01,5.271656050303184e-10
2.766342594785590e-01,5.241422455310060e-10
2.768472516709510e-01,5.215839337130467e-10
2.770602438633430e-01,5.194197869748785e-10
2.772732360557350e-01,5.175789227149430e-10
2.774862282481260e-01,5.159904583316870e-10
2.776992204405180e-01,5.145835112235358e-10
2.779122126329100e-01,5.132871987889372e-10
2.781252048253020e-01,5.120306384263314e-10
2.783381970176940e-01,5.107552809600180e-10
2.785511892100860e-01,5.094519075649096e-10
