7.791356504680618e-06,4.591760432360112e-09
8.610780621332552e-06,4.519788020571229e-09
9.516384324626089e-06,4.448794431493237e-09
1.051723120080771e-05,4.378770514983409e-09
1.162333806181051e-05,4.309706041985200e-09
1.284577519687474e-05,4.241589353418036e-09
1.419677716772344e-05,4.174407802721121e-09
1.568986525616830e-05,4.108146741160644e-09
1.733998278964274e-05,4.042790613615771e-09
1.916364469904539e-05,3.978323218878224e-09
2.117910280571951e-05,3.914727370997055e-09
2.340652849181556e-05,3.851987040184411e-09
2.586821458226360e-05,3.790086822130285e-09
2.858879845885812e-05,3.729013974196295e-09
3.159550863945590e-05,3.668757888658982e-09
3.491843729013453e-05,3.609308888760955e-09
3.859084139770492e-05,3.550657860999156e-09
4.264947561681323e-05,3.492792626194898e-09
4.713496012287843e-05,3.435700460874227e-09
5.209218715246060e-05,3.379369808466696e-09
5.757077029985334e-05,3.323791858106066e-09
6.362554106661115e-05,3.268958492503373e-09
7.031709763364645e-05,3.214858884581112e-09
7.771241134819200e-05,3.161483900802998e-09
8.588549699555374e-05,3.108826007651139e-09
9.491815356395940e-05,3.056875859037790e-09
1.049007829163263e-04,3.005626409520973e-09
1.159332945624905e-04,2.955069664948227e-09
1.281261055871622e-04,2.905198154543615e-09
1.416012457412214e-04,2.856004805655389e-09
1.564935787564811e-04,2.807482824363479e-09
1.729521521072439e-04,2.759625588868303e-09
1.911416887275217e-04,2.712426780084901e-09
2.112442356135248e-04,2.665879633435955e-09
2.334609858111876e-04,2.619978447552410e-09
2.580142920237960e-04,2.574717029433551e-09
2.851498919925769e-04,2.530089488617318e-09
3.151393679226079e-04,2.486090103816115e-09
3.482828645688079e-04,2.442712956781840e-09
3.849120931855259e-04,2.399952027054402e-09
4.253936514042669e-04,2.357800352236383e-09
4.701326922660057e-04,2.316251227175523e-09
5.195769791289974e-04,2.275297453417776e-09
5.742213670349657e-04,2.234932629796958e-09
6.346127553846864e-04,2.195149612704525e-09
7.013555614910102e-04,2.155941558730323e-09
7.751177697904812e-04,2.117301724989236e-09
8.566376172560946e-04,2.079223169145931e-09
9.467309819210534e-04,2.041699414121983e-09
1.046299548460350e-03,2.004723535464165e-09
1.156339832554060e-03,1.968288988812206e-09
1.277953154351212e-03,1.932207271534487e-09
1.405748469786333e-03,1.898306766630378e-09
1.533543785221454e-03,1.867939123533386e-09
1.661339100656575e-03,1.840512776713674e-09
1.789134416091696e-03,1.815436160641406e-09
1.916929731526817e-03,1.792198471365159e-09
2.000000000000000e-03,1.777985551950983e-09
2.044725046961939e-03,1.770611460033009e-09
2.172520362397060e-03,1.750541578246073e-09
2.300315677832181e-03,1.731816637474311e-09
2.428110993267302e-03,1.714261321981596e-09
2.555906308702423e-03,1.697716728896035e-09
2.683701624137544e-03,1.682089606813059e-09
2.811496939572665e-03,1.667303117197520e-09
2.939292255007787e-03,1.653280421514272e-09
3.067087570442908e-03,1.639944681228168e-09
3.194882885878029e-03,1.627225176438494e-09
3.322678201313150e-03,1.615075662029054e-09
3.450473516748271e-03,1.603456011641485e-09
3.578268832183392e-03,1.592326098917425e-09
3.706064147618514e-03,1.581645797498509e-09
3.833859463053635e-03,1.571377760852968e-09
3.961654778488756e-03,1.561495761716864e-09
4.089450093923877e-03,1.551976352633589e-09
4.217245409358998e-03,1.542796086146532e-09
4.345040724794119e-03,1.533931514799085e-09
4.472836040229241e-03,1.525360633616035e-09
4.600631355664362e-03,1.517067207585044e-09
4.728426671099482e-03,1.509036444193807e-09
4.856221986534604e-03,1.501253550930022e-09
4.984017301969726e-03,1.493703735281385e-09
5.111812617404846e-03,1.486373019568106e-09
5.239607932839968e-03,1.479250685417332e-09
5.367403248275089e-03,1.472326829277171e-09
5.495198563710209e-03,1.465591547595731e-09
5.622993879145331e-03,1.459034936821120e-09
5.750789194580453e-03,1.452647587942322e-09
5.878584510015573e-03,1.446422070117439e-09
6.006379825450694e-03,1.440351447048255e-09
6.134175140885816e-03,1.434428782436553e-09
6.261970456320937e-03,1.428647139984120e-09
6.389765771756058e-03,1.422999900351258e-09
6.517561087191179e-03,1.417481712018773e-09
6.645356402626300e-03,1.412087540419200e-09
6.773151718061422e-03,1.406812350985074e-09
6.900947033496543e-03,1.401651109148928e-09
7.028742348931663e-03,1.396598991407873e-09
7.156537664366785e-03,1.391652018516652e-09
7.284332979801906e-03,1.386806422294250e-09
7.412128295237027e-03,1.382058434559654e-09
7.539923610672148e-03,1.377404287131849e-09
7.667718926107269e-03,1.372840359419879e-09
7.795514241542391e-03,1.368363621198410e-09
7.923309556977513e-03,1.363971189834864e-09
8.051104872412632e-03,1.359660182696663e-09
8.178900187847754e-03,1.355427717151230e-09
8.306695503282877e-03,1.351271013897028e-09
8.434490818717996e-03,1.347187706954866e-09
8.562286134153118e-03,1.343175533675684e-09
8.690081449588239e-03,1.339232231410424e-09
8.817876765023359e-03,1.335355537510023e-09
8.945672080458482e-03,1.331543269308504e-09
9.073467395893601e-03,1.327793564073972e-09
9.201262711328723e-03,1.324104639058495e-09
9.329058026763846e-03,1.320474711514142e-09
9.456853342198965e-03,1.316901998692983e-09
9.584648657634087e-03,1.313384765244614e-09
9.712443973069206e-03,1.309921465407222e-09
9.840239288504329e-03,1.306510600815762e-09
9.968034603939451e-03,1.303150673105187e-09
1.009582991937457e-02,1.299840183910453e-09
1.022362523480969e-02,1.296577702462244e-09
1.035142055024482e-02,1.293362068374681e-09
1.047921586567993e-02,1.290192188857873e-09
1.060701118111506e-02,1.287066971121927e-09
1.073480649655018e-02,1.283985322376952e-09
1.086260181198530e-02,1.280946149833055e-09
1.099039712742042e-02,1.277948360700346e-09
1.111819244285554e-02,1.274990862188931e-09
1.124598775829066e-02,1.272072561508919e-09
1.137378307372578e-02,1.269192365870419e-09
1.150157838916090e-02,1.266349239473635e-09
1.162937370459603e-02,1.263542374462717e-09
1.175716902003114e-02,1.260771019963687e-09
1.188496433546627e-02,1.258034425102569e-09
1.201275965090139e-02,1.255331839005385e-09
1.214055496633651e-02,1.252662510798159e-09
1.226835028177163e-02,1.250025689606913e-09
1.239614559720675e-02,1.247420624557670e-09
1.252394091264187e-02,1.244846564776454e-09
1.265173622807700e-02,1.242302759389285e-09
1.277953154351211e-02,1.239788490731387e-09
1.290732685894724e-02,1.237303173986529e-09
1.303512217438236e-02,1.234846257553563e-09
1.316291748981748e-02,1.232417189831340e-09
1.329071280525260e-02,1.230015419218710e-09
1.341850812068772e-02,1.227640394114524e-09
1.354630343612284e-02,1.225291562917634e-09
1.367409875155796e-02,1.222968374026889e-09
1.380189406699308e-02,1.220670275841142e-09
1.392968938242821e-02,1.218396716759241e-09
1.405748469786333e-02,1.216147168447826e-09
1.418528001329845e-02,1.213921195646029e-09
1.431307532873357e-02,1.211718386361446e-09
1.444087064416869e-02,1.209538328601669e-09
1.456866595960381e-02,1.207380610374295e-09
1.469646127503893e-02,1.205244819686918e-09
1.482425659047405e-02,1.203130544547132e-09
1.495205190590917e-02,1.201037372962532e-09
1.507984722134430e-02,1.198964892940712e-09
1.520764253677942e-02,1.196912692489268e-09
1.533543785221454e-02,1.194880375607749e-09
1.546323316764966e-02,1.192867610259716e-09
1.559102848308478e-02,1.190874080398781e-09
1.571882379851990e-02,1.188899469978557e-09
1.584661911395502e-02,1.186943462952656e-09
1.597441442939014e-02,1.185005743274690e-09
1.610220974482527e-02,1.183085994898270e-09
1.623000506026039e-02,1.181183901777008e-09
1.635780037569551e-02,1.179299147864518e-09
1.648559569113063e-02,1.177431417114411e-09
1.661339100656575e-02,1.175580404756258e-09
1.674118632200087e-02,1.173745851128035e-09
1.686898163743599e-02,1.171927507845956e-09
1.699677695287111e-02,1.170125126526237e-09
1.712457226830624e-02,1.168338458785094e-09
1.725236758374135e-02,1.166567256238742e-09
1.738016289917648e-02,1.164811270503396e-09
1.750795821461160e-02,1.163070253195272e-09
1.763575353004672e-02,1.161343955930586e-09
1.776354884548184e-02,1.159632130325552e-09
1.789134416091696e-02,1.157934536570733e-09
1.801913947635208e-02,1.156250969154999e-09
1.814693479178720e-02,1.154581231142033e-09
1.827473010722232e-02,1.152925125595516e-09
1.840252542265745e-02,1.151282455579130e-09
1.853032073809257e-02,1.149653024156558e-09
1.865811605352769e-02,1.148036634391481e-09
1.878591136896281e-02,1.146433089347581e-09
1.891370668439793e-02,1.144842192088539e-09
1.904150199983305e-02,1.143263745678039e-09
1.916929731526817e-02,1.141697559251615e-09
1.929709263070329e-02,1.140143466231076e-09
1.942488794613842e-02,1.138601306109514e-09
1.955268326157353e-02,1.137070918380023e-09
1.968047857700866e-02,1.135552142535694e-09
1.980827389244378e-02,1.134044818069620e-09
1.993606920787890e-02,1.132548784474894e-09
2.006386452331402e-02,1.131063881244608e-09
2.019165983874914e-02,1.129589947871853e-09
2.031945515418426e-02,1.128126823849724e-09
2.044725046961939e-02,1.126674353622380e-09
2.057504578505450e-02,1.125232401440511e-09
2.070284110048963e-02,1.123800836507000e-09
2.083063641592475e-02,1.122379528024733e-09
2.095843173135987e-02,1.120968345196592e-09
2.108622704679499e-02,1.119567157225462e-09
2.121402236223011e-02,1.118175833314226e-09
2.134181767766523e-02,1.116794242665770e-09
2.146961299310035e-02,1.115422254482976e-09
2.159740830853547e-02,1.114059737968729e-09
2.172520362397060e-02,1.112706565963211e-09
2.185299893940572e-02,1.111362625856372e-09
2.198079425484084e-02,1.110027808675747e-09
2.210858957027596e-02,1.108702005448875e-09
2.223638488571108e-02,1.107385107203291e-09
2.236418020114620e-02,1.106077004966531e-09
2.249197551658132e-02,1.104777589766133e-09
2.261977083201644e-02,1.103486752629633e-09
2.274756614745157e-02,1.102204384584567e-09
2.287536146288669e-02,1.100930376658473e-09
2.300315677832181e-02,1.099664622834210e-09
2.313095209375693e-02,1.098407028915534e-09
2.325874740919205e-02,1.097157503661318e-09
2.338654272462717e-02,1.095915955830439e-09
2.351433804006229e-02,1.094682294181771e-09
2.364213335549741e-02,1.093456427474190e-09
2.376992867093253e-02,1.092238264466571e-09
2.389772398636766e-02,1.091027713917789e-09
2.402551930180278e-02,1.089824684586720e-09
2.415331461723790e-02,1.088629085232238e-09
2.428110993267302e-02,1.087440826956111e-09
2.440890524810814e-02,1.086259830230660e-09
2.453670056354326e-02,1.085086017870588e-09
2.466449587897838e-02,1.083919312690601e-09
2.479229119441350e-02,1.082759637505403e-09
2.492008650984863e-02,1.081606915129699e-09
2.504788182528375e-02,1.080461068378192e-09
2.517567714071887e-02,1.079322020065588e-09
2.530347245615399e-02,1.078189693006591e-09
2.543126777158911e-02,1.077064010015906e-09
2.555906308702423e-02,1.075944895753079e-09
2.568685840245935e-02,1.074832282257408e-09
2.581465371789447e-02,1.073726103413225e-09
2.594244903332960e-02,1.072626293104864e-09
2.607024434876471e-02,1.071532785216656e-09
2.619803966419984e-02,1.070445513632935e-09
2.632583497963496e-02,1.069364412238033e-09
2.645363029507008e-02,1.068289414916283e-09
2.658142561050520e-02,1.067220455552016e-09
2.670922092594032e-02,1.066157468029568e-09
2.683701624137544e-02,1.065100387864968e-09
2.696481155681056e-02,1.064049157100905e-09
2.709260687224568e-02,1.063003719411697e-09
2.722040218768081e-02,1.061964018471660e-09
2.734819750311593e-02,1.060929997955111e-09
2.747599281855105e-02,1.059901601536368e-09
2.760378813398617e-02,1.058878772889745e-09
2.773158344942129e-02,1.057861455689562e-09
2.785937876485641e-02,1.056849593610134e-09
2.798717408029153e-02,1.055843130325778e-09
2.811496939572665e-02,1.054842010668175e-09
2.824276471116178e-02,1.053846184098020e-09
2.837056002659689e-02,1.052855601233149e-09
2.849835534203202e-02,1.051870212691399e-09
2.862615065746714e-02,1.050889969090606e-09
2.875394597290226e-02,1.049914821048606e-09
2.888174128833738e-02,1.048944719183237e-09
2.900953660377250e-02,1.047979614112334e-09
2.913733191920762e-02,1.047019456453736e-09
2.926512723464274e-02,1.046064196825277e-09
2.939292255007787e-02,1.045113786999746e-09
2.952071786551299e-02,1.044168183370039e-09
2.964851318094811e-02,1.043227343484153e-09
2.977630849638323e-02,1.042291224890084e-09
2.990410381181835e-02,1.041359785135829e-09
3.003189912725347e-02,1.040432981769387e-09
3.015969444268859e-02,1.039510772338752e-09
3.028748975812371e-02,1.038593114391923e-09
3.041528507355883e-02,1.037679965476896e-09
3.054308038899396e-02,1.036771283141669e-09
3.067087570442908e-02,1.035867025704457e-09
3.079867101986420e-02,1.034967154564325e-09
3.092646633529932e-02,1.034071631890544e-09
3.105426165073444e-02,1.033180419852383e-09
3.118205696616956e-02,1.032293480619113e-09
3.130985228160468e-02,1.031410776360004e-09
3.143764759703981e-02,1.030532269244325e-09
3.156544291247493e-02,1.029657921441346e-09
3.169323822791005e-02,1.028787695120339e-09
3.182103354334517e-02,1.027921552450572e-09
3.194882885878029e-02,1.027059456479023e-09
3.207662417421541e-02,1.026201373763205e-09
3.220441948965053e-02,1.025347271738190e-09
3.233221480508566e-02,1.024497117839054e-09
3.246001012052077e-02,1.023650879500870e-09
3.258780543595589e-02,1.022808524158711e-09
3.271560075139102e-02,1.021970019247652e-09
3.284339606682614e-02,1.021135332202765e-09
3.297119138226126e-02,1.020304430459126e-09
3.309898669769638e-02,1.019477281451807e-09
3.322678201313150e-02,1.018653853071603e-09
3.335457732856662e-02,1.017834115032336e-09
3.348237264400174e-02,1.017018037503618e-09
3.361016795943687e-02,1.016205590655062e-09
3.373796327487198e-02,1.015396744656282e-09
3.386575859030710e-02,1.014591469676889e-09
3.399355390574223e-02,1.013789735886496e-09
3.412134922117735e-02,1.012991513454717e-09
3.424914453661247e-02,1.012196772551165e-09
3.437693985204759e-02,1.011405483345451e-09
3.450473516748271e-02,1.010617616910605e-09
3.463253048291783e-02,1.009833147933329e-09
3.476032579835295e-02,1.009052052003747e-09
3.488812111378808e-02,1.008274304711982e-09
3.501591642922319e-02,1.007499881648160e-09
3.514371174465832e-02,1.006728758402404e-09
3.527150706009344e-02,1.005960910564838e-09
3.539930237552856e-02,1.005196313725587e-09
3.552709769096368e-02,1.004434943474774e-09
3.565489300639881e-02,1.003676775402524e-09
3.578268832183392e-02,1.002921784382676e-09
3.591048363726904e-02,1.002169942424132e-09
3.603827895270417e-02,1.001421220819608e-09
3.616607426813929e-02,1.000675590861825e-09
3.629386958357441e-02,9.999330238434983e-10
3.642166489900953e-02,9.991934910573469e-10
3.654946021444465e-02,9.984569637960884e-10
3.667725552987977e-02,9.977234133524406e-10
3.680505084531489e-02,9.969928110191219e-10
3.693284616075002e-02,9.962651280888494e-10
3.706064147618514e-02,9.955403405952976e-10
3.718843679162025e-02,9.948184435376750e-10
3.731623210705538e-02,9.940994366569999e-10
3.744402742249050e-02,9.933833196942921e-10
3.757182273792562e-02,9.926700923905702e-10
3.769961805336074e-02,9.919597544868533e-10
3.782741336879586e-02,9.912523057241607e-10
3.795520868423098e-02,9.905477458435111e-10
3.808300399966610e-02,9.898460745859238e-10
3.821079931510123e-02,9.891472916924175e-10
3.833859463053635e-02,9.884513810258754e-10
3.846638994597146e-02,9.877582629356115e-10
3.859418526140659e-02,9.870678418922934e-10
3.872198057684171e-02,9.863800223665891e-10
3.884977589227683e-02,9.856947088291660e-10
3.897757120771195e-02,9.850118057506916e-10
3.910536652314707e-02,9.843312176018337e-10
3.923316183858219e-02,9.836528488532598e-10
3.936095715401731e-02,9.829766039756372e-10
3.948875246945244e-02,9.823023874396338e-10
3.961654778488756e-02,9.816301377097111e-10
3.974434310032268e-02,9.809599292176253e-10
3.987213841575780e-02,9.802918703849854e-10
3.999993373119292e-02,9.796260696334009e-10
4.012772904662804e-02,9.789626353844805e-10
4.025552436206317e-02,9.783016760598336e-10
4.038331967749829e-02,9.776433000810697e-10
4.051111499293340e-02,9.769876158697971e-10
4.063891030836853e-02,9.763347318476256e-10
4.076670562380365e-02,9.756847564361645e-10
4.089450093923877e-02,9.750377636894418e-10
4.102229625467389e-02,9.743936901770409e-10
4.115009157010902e-02,9.737524380939027e-10
4.127788688554413e-02,9.731139096349677e-10
4.140568220097925e-02,9.724780069951762e-10
4.153347751641438e-02,9.718446323694692e-10
4.166127283184950e-02,9.712136879527874e-10
4.178906814728462e-02,9.705850759400713e-10
4.191686346271974e-02,9.699586985262613e-10
4.204465877815486e-02,9.693344579062986e-10
4.217245409358998e-02,9.687122739636014e-10
4.230024940902510e-02,9.680921373375320e-10
4.242804472446023e-02,9.674740563569444e-10
4.255584003989534e-02,9.668580393506939e-10
4.268363535533046e-02,9.662440946476350e-10
4.281143067076559e-02,9.656322305766221e-10
4.293922598620071e-02,9.650224554665101e-10
4.306702130163583e-02,9.644147776461537e-10
4.319481661707095e-02,9.638092054444076e-10
4.332261193250607e-02,9.632057471901263e-10
4.345040724794119e-02,9.626044066973534e-10
4.357820256337631e-02,9.620051697217086e-10
4.370599787881144e-02,9.614080175044097e-10
4.383379319424656e-02,9.608129312866750e-10
4.396158850968167e-02,9.602198923097225e-10
4.408938382511680e-02,9.596288818147698e-10
4.421717914055192e-02,9.590398810430358e-10
4.434497445598704e-02,9.584528712357376e-10
4.447276977142216e-02,9.578678336340939e-10
4.460056508685728e-02,9.572847494793226e-10
4.472836040229240e-02,9.567036015334135e-10
4.485615571772752e-02,9.561243786421455e-10
4.498395103316265e-02,9.555470711724202e-10
4.511174634859777e-02,9.549716694911392e-10
4.523954166403289e-02,9.543981639652042e-10
4.536733697946801e-02,9.538265449615167e-10
4.549513229490313e-02,9.532568028469781e-10
4.562292761033825e-02,9.526889279884902e-10
4.575072292577338e-02,9.521229107529543e-10
4.587851824120850e-02,9.515587415072725e-10
4.600631355664361e-02,9.509964103367045e-10
4.613410887207874e-02,9.504359061998978e-10
4.626190418751386e-02,9.498772177738358e-10
4.638969950294898e-02,9.493203337355007e-10
4.651749481838410e-02,9.487652427618759e-10
4.664529013381922e-02,9.482119335299441e-10
4.677308544925434e-02,9.476603947166886e-10
4.690088076468946e-02,9.471106149990915e-10
4.702867608012459e-02,9.465625830541363e-10
4.715647139555971e-02,9.460162875588058e-10
4.728426671099482e-02,9.454717175325033e-10
4.741206202642995e-02,9.449288633642704e-10
4.753985734186507e-02,9.443877157855467e-10
4.766765265730019e-02,9.438482655277717e-10
4.779544797273531e-02,9.433105033223853e-10
4.792324328817044e-02,9.427744199008265e-10
4.805103860360555e-02,9.422400059945356e-10
4.817883391904067e-02,9.417072523349518e-10
4.830662923447580e-02,9.411761496535146e-10
4.843442454991092e-02,9.406466886816641e-10
4.856221986534604e-02,9.401188601432947e-10
4.869001518078116e-02,9.395926547321262e-10
4.881781049621628e-02,9.390680631343344e-10
4.894560581165140e-02,9.385450760360964e-10
4.907340112708652e-02,9.380236841235877e-10
4.920119644252165e-02,9.375038780829850e-10
4.932899175795677e-02,9.369856486004647e-10
4.945678707339188e-02,9.364689863622030e-10
4.958458238882701e-02,9.359538820543760e-10
4.971237770426213e-02,9.354403263631605e-10
4.984017301969725e-02,9.349283104817578e-10
4.996796833513237e-02,9.344178276315805e-10
5.000000000000000e-02,9.342901155719899e-10
5.009576365056749e-02,9.339088713707736e-10
5.022355896600261e-02,9.334014337716140e-10
5.035135428143774e-02,9.328955061399507e-10
5.047914959687286e-02,9.323910797752591e-10
5.060694491230798e-02,9.318881459770135e-10
5.073474022774310e-02,9.313866960446891e-10
5.086253554317822e-02,9.308867212777602e-10
5.099033085861334e-02,9.303882129757019e-10
5.111812617404846e-02,9.298911626532537e-10
5.124592148948359e-02,9.293955626861979e-10
5.137371680491870e-02,9.289014056655733e-10
5.150151212035382e-02,9.284086841824184e-10
5.162930743578895e-02,9.279173908277720e-10
5.175710275122407e-02,9.274275181926726e-10
5.188489806665919e-02,9.269390588681589e-10
5.201269338209431e-02,9.264520054452693e-10
5.214048869752943e-02,9.259663505150428e-10
5.226828401296455e-02,9.254820866685177e-10
5.239607932839967e-02,9.249992065603341e-10
5.252387464383480e-02,9.245177030995116e-10
5.265166995926992e-02,9.240375692586598e-10
5.277946527470503e-02,9.235587980103878e-10
5.290726059014016e-02,9.230813823273047e-10
5.303505590557528e-02,9.226053151820199e-10
5.316285122101040e-02,9.221305895471421e-10
5.329064653644552e-02,9.216571983952811e-10
5.341844185188065e-02,9.211851346990459e-10
5.354623716731576e-02,9.207143914310457e-10
5.367403248275088e-02,9.202449616067375e-10
5.380182779818601e-02,9.197768384129831e-10
5.392962311362113e-02,9.193100150794975e-10
5.405741842905625e-02,9.188444848359961e-10
5.418521374449137e-02,9.183802409121938e-10
5.431300905992649e-02,9.179172765378062e-10
5.444080437536161e-02,9.174555849425482e-10
5.456859969079673e-02,9.169951593561352e-10
5.469639500623186e-02,9.165359930082822e-10
5.482419032166697e-02,9.160780791287046e-10
5.495198563710210e-02,9.156214111224087e-10
5.507978095253722e-02,9.151659830955597e-10
5.520757626797234e-02,9.147117893296114e-10
5.533537158340746e-02,9.142588241060179e-10
5.546316689884258e-02,9.138070817062327e-10
5.559096221427770e-02,9.133565564117099e-10
5.571875752971282e-02,9.129072425039029e-10
5.584655284514795e-02,9.124591342642658e-10
5.597434816058307e-02,9.120122259742523e-10
5.610214347601819e-02,9.115665119153165e-10
5.622993879145331e-02,9.111219863347544e-10
5.635773410688843e-02,9.106786433432445e-10
5.648552942232355e-02,9.102364770173135e-10
5.661332473775867e-02,9.097954814334875e-10
5.674112005319380e-02,9.093556506682935e-10
5.686891536862891e-02,9.089169787982577e-10
5.699671068406403e-02,9.084794598999068e-10
5.712450599949916e-02,9.080430880497673e-10
5.725230131493428e-02,9.076078573243658e-10
5.738009663036940e-02,9.071737618002284e-10
5.750789194580452e-02,9.067407956965836e-10
5.763568726123964e-02,9.063089538035092e-10
5.776348257667476e-02,9.058782310538079e-10
5.789127789210988e-02,9.054486223802818e-10
5.801907320754501e-02,9.050201227157333e-10
5.814686852298013e-02,9.045927269929645e-10
5.827466383841524e-02,9.041664301447778e-10
5.840245915385037e-02,9.037412271039755e-10
5.853025446928549e-02,9.033171128033598e-10
5.865804978472061e-02,9.028940821757331e-10
5.878584510015573e-02,9.024721301600244e-10
5.891364041559085e-02,9.020512517196709e-10
5.904143573102597e-02,9.016314418242364e-10
5.916923104646109e-02,9.012126954432849e-10
5.929702636189622e-02,9.007950075463804e-10
5.942482167733134e-02,9.003783731030867e-10
5.955261699276646e-02,8.999627870829676e-10
5.968041230820158e-02,8.995482444555875e-10
5.980820762363670e-02,8.991347401905099e-10
5.993600293907182e-02,8.987222692572989e-10
6.006379825450694e-02,8.983108267074616e-10
6.019159356994207e-02,8.979004079202544e-10
6.031938888537718e-02,8.974910083568659e-10
6.044718420081231e-02,8.970826234784844e-10
6.057497951624743e-02,8.966752487462985e-10
6.070277483168255e-02,8.962688796214964e-10
6.083057014711767e-02,8.958635115652664e-10
6.095836546255279e-02,8.954591400387974e-10
6.108616077798791e-02,8.950557605032773e-10
6.121395609342303e-02,8.946533684198946e-10
6.134175140885816e-02,8.942519592886626e-10
6.146954672429328e-02,8.938515287649067e-10
6.159734203972840e-02,8.934520725427844e-10
6.172513735516352e-02,8.930535863164532e-10
6.185293267059864e-02,8.926560657800706e-10
6.198072798603376e-02,8.922595066277937e-10
6.210852330146888e-02,8.918639045537803e-10
6.223631861690401e-02,8.914692552521875e-10
6.236411393233912e-02,8.910755544171732e-10
6.249190924777424e-02,8.906827977428944e-10
6.261970456320937e-02,8.902909809654683e-10
6.274749987864449e-02,8.899000999888539e-10
6.287529519407961e-02,8.895101507589711e-10
6.300309050951473e-02,8.891211292217402e-10
6.313088582494986e-02,8.887330313230812e-10
6.325868114038498e-02,8.883458530089143e-10
6.338647645582010e-02,8.879595902251592e-10
6.351427177125522e-02,8.875742389177365e-10
6.364206708669033e-02,8.871897950325658e-10
6.376986240212545e-02,8.868062545155676e-10
6.389765771756058e-02,8.864236133659084e-10
6.402545303299570e-02,8.860418677957310e-10
6.415324834843082e-02,8.856610140704185e-10
6.428104366386594e-02,8.852810484553541e-10
6.440883897930107e-02,8.849019672159212e-10
6.453663429473619e-02,8.845237666175030e-10
6.466442961017131e-02,8.841464429254827e-10
6.479222492560642e-02,8.837699924052439e-10
6.492002024104154e-02,8.833944113221694e-10
6.504781555647667e-02,8.830196959416427e-10
6.517561087191179e-02,8.826458425606146e-10
6.530340618734691e-02,8.822728476023202e-10
6.543120150278203e-02,8.819007075215681e-10
6.555899681821716e-02,8.815294187731679e-10
6.568679213365228e-02,8.811589778119281e-10
6.581458744908740e-02,8.807893810926578e-10
6.594238276452252e-02,8.804206250701662e-10
6.607017807995763e-02,8.800527061992623e-10
6.619797339539275e-02,8.796856209347551e-10
6.632576871082788e-02,8.793193657314536e-10
6.645356402626300e-02,8.789539370745131e-10
6.658135934169812e-02,8.785893315704776e-10
6.670915465713324e-02,8.782255458562393e-10
6.683694997256837e-02,8.778625765686902e-10
6.696474528800349e-02,8.775004203447224e-10
6.709254060343861e-02,8.771390738212282e-10
6.722033591887373e-02,8.767785336350993e-10
6.734813123430886e-02,8.764187964232281e-10
6.747592654974396e-02,8.760598588225065e-10
6.760372186517909e-02,8.757017174698269e-10
6.773151718061421e-02,8.753443690242229e-10
6.785931249604933e-02,8.749878102332926e-10
6.798710781148445e-02,8.746320378667738e-10
6.811490312691958e-02,8.742770486944041e-10
6.824269844235470e-02,8.739228394859212e-10
6.837049375778982e-02,8.735694070110631e-10
6.849828907322494e-02,8.732167480395672e-10
6.862608438866007e-02,8.728648593411717e-10
6.875387970409517e-02,8.725137376856142e-10
6.888167501953030e-02,8.721633798426323e-10
6.900947033496542e-02,8.718137826426667e-10
6.913726565040054e-02,8.714649431589964e-10
6.926506096583566e-02,8.711168585256177e-10
6.939285628127079e-02,8.707695258765269e-10
6.952065159670591e-02,8.704229423457199e-10
6.964844691214103e-02,8.700771050671930e-10
6.977624222757615e-02,8.697320111749423e-10
6.990403754301128e-02,8.693876578029639e-10
7.003183285844640e-02,8.690440420852540e-10
7.015962817388151e-02,8.687011611558087e-10
7.028742348931663e-02,8.683590121602815e-10
7.041521880475175e-02,8.680175922909568e-10
7.054301412018688e-02,8.676768987517772e-10
7.067080943562200e-02,8.673369287466852e-10
7.079860475105712e-02,8.669976794796238e-10
7.092640006649224e-02,8.666591481545354e-10
7.105419538192737e-02,8.663213319753625e-10
7.118199069736249e-02,8.659842281460482e-10
7.130978601279761e-02,8.656478338705349e-10
7.152277820518949e-02,8.650887459366740e-10
7.173577039758135e-02,8.645316083761632e-10
7.194876258997322e-02,8.639764087548288e-10
7.216175478236508e-02,8.634231347406075e-10
7.237474697475696e-02,8.628717740014359e-10
7.258773916714882e-02,8.623223142052510e-10
7.280073135954070e-02,8.617747430199894e-10
7.301372355193256e-02,8.612290481135880e-10
7.322671574432443e-02,8.606852171539833e-10
7.343970793671629e-02,8.601432378091122e-10
7.365270012910817e-02,8.596030977469116e-10
7.386569232150003e-02,8.590647849272553e-10
7.407868451389191e-02,8.585282884777638e-10
7.429167670628377e-02,8.579935978179939e-10
7.450466889867564e-02,8.574607023675024e-10
7.471766109106751e-02,8.569295915458462e-10
7.493065328345938e-02,8.564002547725817e-10
7.514364547585124e-02,8.558726814672658e-10
7.535663766824312e-02,8.553468610494553e-10
7.556962986063498e-02,8.548227829387070e-10
7.578262205302685e-02,8.543004365545774e-10
7.599561424541872e-02,8.537798113626469e-10
7.620860643781059e-02,8.532608970125840e-10
7.642159863020245e-02,8.527436832000778e-10
7.663459082259433e-02,8.522281596208180e-10
7.684758301498619e-02,8.517143159704934e-10
7.706057520737807e-02,8.512021419447938e-10
7.727356739976993e-02,8.506916272394082e-10
7.748655959216180e-02,8.501827615500259e-10
7.769955178455366e-02,8.496755345723365e-10
7.791254397694554e-02,8.491699360020290e-10
7.812553616933740e-02,8.486659557503097e-10
7.833852836172928e-02,8.481635845904030e-10
7.855152055412114e-02,8.476628135110261e-10
7.876451274651301e-02,8.471636335008966e-10
7.897750493890487e-02,8.466660355487314e-10
7.919049713129675e-02,8.461700106432479e-10
7.940348932368861e-02,8.456755497731633e-10
7.961648151608049e-02,8.451826439271949e-10
7.982947370847235e-02,8.446912840940597e-10
8.004246590086422e-02,8.442014612624753e-10
8.025545809325609e-02,8.437131664937978e-10
8.046845028564796e-02,8.432263911399567e-10
8.068144247803982e-02,8.427411266255291e-10
8.089443467043170e-02,8.422573643750919e-10
8.110742686282357e-02,8.417750958132221e-10
8.132041905521543e-02,8.412943123644968e-10
8.153341124760730e-02,8.408150054534928e-10
8.174640343999917e-02,8.403371665047873e-10
8.195939563239105e-02,8.398607869429572e-10
8.217238782478291e-02,8.393858581925796e-10
8.238538001717477e-02,8.389123718441226e-10
8.259837220956665e-02,8.384403201516396e-10
8.281136440195852e-02,8.379696955350855e-10
8.302435659435038e-02,8.375004904144152e-10
8.323734878674224e-02,8.370326972095832e-10
8.345034097913412e-02,8.365663083405445e-10
8.366333317152599e-02,8.361013162272538e-10
8.387632536391786e-02,8.356377132896660e-10
8.408931755630973e-02,8.351754919477359e-10
8.430230974870159e-02,8.347146446214183e-10
8.451530194109347e-02,8.342551637469488e-10
8.472829413348533e-02,8.337970418256888e-10
8.494128632587720e-02,8.333402713752801e-10
8.515427851826907e-02,8.328848449133647e-10
8.536727071066094e-02,8.324307549575847e-10
8.558026290305280e-02,8.319779940255823e-10
8.579325509544468e-02,8.315265546349995e-10
8.600624728783654e-02,8.310764293034784e-10
8.621923948022842e-02,8.306276105486608e-10
8.643223167262028e-02,8.301800908881892e-10
8.664522386501215e-02,8.297338630336459e-10
8.685821605740401e-02,8.292889204723579e-10
8.707120824979589e-02,8.288452568855828e-10
8.728420044218775e-02,8.284028659545788e-10
8.749719263457963e-02,8.279617413606040e-10
8.771018482697149e-02,8.275218767849164e-10
8.792317701936336e-02,8.270832659087740e-10
8.813616921175522e-02,8.266459024134350e-10
8.834916140414710e-02,8.262097799801570e-10
8.856215359653896e-02,8.257748922901985e-10
8.877514578893084e-02,8.253412330085480e-10
8.898813798132270e-02,8.249087957351184e-10
8.920113017371457e-02,8.244775740535554e-10
8.941412236610644e-02,8.240475615475043e-10
8.962711455849831e-02,8.236187518006109e-10
8.984010675089017e-02,8.231911383965201e-10
9.005309894328205e-02,8.227647149188777e-10
9.026609113567391e-02,8.223394749513291e-10
9.047908332806578e-02,8.219154120775194e-10
9.069207552045766e-02,8.214925198810945e-10
9.090506771284952e-02,8.210707920889797e-10
9.111805990524138e-02,8.206502230012584e-10
9.133105209763326e-02,8.202308070613118e-10
9.154404429002513e-02,8.198125387125212e-10
9.175703648241700e-02,8.193954123982683e-10
9.197002867480886e-02,8.189794225619344e-10
9.218302086720073e-02,8.185645636469008e-10
9.239601305959261e-02,8.181508300965493e-10
9.260900525198447e-02,8.177382163542608e-10
9.282199744437633e-02,8.173267168634170e-10
9.303498963676821e-02,8.169163260941514e-10
9.324798182916008e-02,8.165070386236092e-10
9.346097402155194e-02,8.160988490556898e-10
9.367396621394380e-02,8.156917519942924e-10
9.388695840633568e-02,8.152857420433163e-10
9.409995059872756e-02,8.148808138066609e-10
9.431294279111942e-02,8.144769618882254e-10
9.452593498351128e-02,8.140741808919093e-10
9.473892717590315e-02,8.136724654216119e-10
9.495191936829503e-02,8.132718100812320e-10
9.516491156068689e-02,8.128722095594402e-10
9.537790375307875e-02,8.124736588839929e-10
9.559089594547063e-02,8.120761531674184e-10
9.580388813786250e-02,8.116796875222455e-10
9.601688033025436e-02,8.112842570610031e-10
9.622987252264624e-02,8.108898568962196e-10
9.644286471503810e-02,8.104964821404237e-10
9.665585690742998e-02,8.101041279061442e-10
9.686884909982184e-02,8.097127893059097e-10
9.708184129221371e-02,8.093224614522487e-10
9.729483348460558e-02,8.089331394908328e-10
9.750782567699745e-02,8.085448186999017e-10
9.772081786938931e-02,8.081574943908368e-10
9.793381006178119e-02,8.077711618750197e-10
9.814680225417305e-02,8.073858164638315e-10
9.835979444656492e-02,8.070014534686536e-10
9.857278663895679e-02,8.066180682008673e-10
9.878577883134866e-02,8.062356559718541e-10
9.899877102374052e-02,8.058542120929953e-10
9.921176321613240e-02,8.054737318756722e-10
9.942475540852426e-02,8.050942107050896e-10
9.963774760091614e-02,8.047156442617319e-10
9.985073979330800e-02,8.043380282999001e-10
1.000637319857000e-01,8.039613585738954e-10
1.002767241780920e-01,8.035856308380189e-10
1.004897163704840e-01,8.032108408465719e-10
1.007027085628750e-01,8.028369843538572e-10
1.009157007552670e-01,8.024640571141724e-10
1.011286929476590e-01,8.020920548818204e-10
1.013416851400510e-01,8.017209734111023e-10
1.015546773324430e-01,8.013508084652648e-10
1.017676695248350e-01,8.009815558433447e-10
1.019806617172270e-01,8.006132113533280e-10
1.021936539096190e-01,8.002457708032008e-10
1.024066461020100e-01,7.998792300009511e-10
1.026196382944020e-01,7.995135847545613e-10
1.028326304867940e-01,7.991488308720190e-10
1.030456226791860e-01,7.987849641613106e-10
1.032586148715780e-01,7.984219804304221e-10
1.034716070639700e-01,7.980598754873397e-10
1.036845992563620e-01,7.976986452654744e-10
1.038975914487540e-01,7.973382861998901e-10
1.041105836411450e-01,7.969787948510520e-10
1.043235758335370e-01,7.966201677794209e-10
1.045365680259290e-01,7.962624015454621e-10
1.047495602183210e-01,7.959054927096393e-10
1.049625524107130e-01,7.955494378324167e-10
1.051755446031050e-01,7.951942334742579e-10
1.053885367954970e-01,7.948398761956269e-10
1.056015289878880e-01,7.944863625569889e-10
1.058145211802800e-01,7.941336890356295e-10
1.060275133726720e-01,7.937818517762748e-10
1.062405055650640e-01,7.934308468405417e-10
1.064534977574560e-01,7.930806702900474e-10
1.066664899498480e-01,7.927313181864090e-10
1.068794821422400e-01,7.923827865912438e-10
1.070924743346320e-01,7.920350715661685e-10
1.073054665270230e-01,7.916881691728023e-10
1.075184587194150e-01,7.913420754727587e-10
1.077314509118070e-01,7.909967865276566e-10
1.079444431041990e-01,7.906522985341937e-10
1.081574352965910e-01,7.903086082297647e-10
1.083704274889830e-01,7.899657124870317e-10
1.085834196813750e-01,7.896236081786567e-10
1.087964118737660e-01,7.892822921773036e-10
1.090094040661580e-01,7.889417613556316e-10
1.092223962585500e-01,7.886020125863039e-10
1.094353884509420e-01,7.882630427419832e-10
1.096483806433340e-01,7.879248486953312e-10
1.098613728357260e-01,7.875874273190103e-10
1.100743650281180e-01,7.872507754677309e-10
1.102873572205100e-01,7.869148899243676e-10
1.105003494129010e-01,7.865797674538310e-10
1.107133416052930e-01,7.862454048210276e-10
1.109263337976850e-01,7.859117987908679e-10
1.111393259900770e-01,7.855789461282611e-10
1.113523181824690e-01,7.852468435981165e-10
1.115653103748610e-01,7.849154879653431e-10
1.117783025672530e-01,7.845848759948504e-10
1.119912947596450e-01,7.842550044515472e-10
1.122042869520360e-01,7.839258701754143e-10
1.124172791444280e-01,7.835974703067283e-10
1.126302713368200e-01,7.832698020608516e-10
1.128432635292120e-01,7.829428626531449e-10
1.130562557216040e-01,7.826166492989688e-10
1.132692479139960e-01,7.822911592136841e-10
1.134822401063880e-01,7.819663896126516e-10
1.136952322987790e-01,7.816423377112332e-10
1.139082244911710e-01,7.813190007247871e-10
1.141212166835630e-01,7.809963758686750e-10
1.143342088759550e-01,7.806744603178284e-10
1.145472010683470e-01,7.803532510854986e-10
1.147601932607390e-01,7.800327451445261e-10
1.149731854531310e-01,7.797129394677518e-10
1.151861776455230e-01,7.793938310280164e-10
1.153991698379140e-01,7.790754167981623e-10
1.156121620303060e-01,7.787576937510269e-10
1.158251542226980e-01,7.784406588594527e-10
1.160381464150900e-01,7.781243090962802e-10
1.162511386074820e-01,7.778086414343506e-10
1.164641307998740e-01,7.774936529510425e-10
1.166771229922660e-01,7.771793411416618e-10
1.168901151846570e-01,7.768657036059405e-10
1.171031073770490e-01,7.765527379436060e-10
1.173160995694410e-01,7.762404417543902e-10
1.175290917618330e-01,7.759288126380236e-10
1.177420839542250e-01,7.756178481942367e-10
1.179550761466170e-01,7.753075460227597e-10
1.181680683390090e-01,7.749979037233235e-10
1.183810605314010e-01,7.746889188956581e-10
1.185940527237920e-01,7.743805891037817e-10
1.188070449161840e-01,7.740729117687730e-10
1.190200371085760e-01,7.737658842759611e-10
1.192330293009680e-01,7.734595040106742e-10
1.194460214933600e-01,7.731537683582403e-10
1.196590136857520e-01,7.728486747039870e-10
1.198720058781440e-01,7.725442204332424e-10
1.200849980705360e-01,7.722404029313345e-10
1.202979902629270e-01,7.719372195835927e-10
1.205109824553190e-01,7.716346677753418e-10
1.207239746477110e-01,7.713327449355893e-10
1.209369668401030e-01,7.710314486680961e-10
1.211499590324950e-01,7.707307766203229e-10
1.213629512248870e-01,7.704307264397299e-10
1.215759434172790e-01,7.701312957737780e-10
1.217889356096700e-01,7.698324822699288e-10
1.220019278020620e-01,7.695342835756402e-10
1.222149199944540e-01,7.692366973383739e-10
1.224279121868460e-01,7.689397212055907e-10
1.226409043792380e-01,7.686433528247511e-10
1.228538965716300e-01,7.683475898784114e-10
1.230668887640220e-01,7.680524301895034e-10
1.232798809564140e-01,7.677578716160503e-10
1.234928731488050e-01,7.674639120160767e-10
1.237058653411970e-01,7.671705492476030e-10
1.239188575335890e-01,7.668777811686541e-10
1.241318497259810e-01,7.665856056372530e-10
1.243448419183730e-01,7.662940205114231e-10
1.245578341107650e-01,7.660030236491878e-10
1.247708263031570e-01,7.657126129085700e-10
1.249838184955480e-01,7.654227861422985e-10
1.251968106879400e-01,7.651335411819220e-10
1.254098028803320e-01,7.648448758537008e-10
1.256227950727240e-01,7.645567879838945e-10
1.258357872651160e-01,7.642692753987619e-10
1.260487794575080e-01,7.639823359245626e-10
1.262617716499000e-01,7.636959673875557e-10
1.264747638422920e-01,7.634101676140003e-10
1.266877560346830e-01,7.631249344301570e-10
1.269007482270750e-01,7.628402656622825e-10
1.271137404194670e-01,7.625561591866387e-10
1.273267326118590e-01,7.622726130793555e-10
1.275397248042510e-01,7.619896254664966e-10
1.277527169966430e-01,7.617071944741252e-10
1.279657091890350e-01,7.614253182283051e-10
1.281787013814270e-01,7.611439948550997e-10
1.283916935738180e-01,7.608632224805739e-10
1.286046857662100e-01,7.605829992307884e-10
1.288176779586020e-01,7.603033232318083e-10
1.290306701509940e-01,7.600241926096968e-10
1.292436623433860e-01,7.597456054520752e-10
1.294566545357780e-01,7.594675596927311e-10
1.296696467281700e-01,7.591900532269767e-10
1.298826389205610e-01,7.589130839501265e-10
1.300956311129530e-01,7.586366497574900e-10
1.303086233053450e-01,7.583607485443816e-10
1.305216154977370e-01,7.580853782061139e-10
1.307346076901290e-01,7.578105366379994e-10
1.309475998825210e-01,7.575362217353509e-10
1.311605920749130e-01,7.572624313934811e-10
1.313735842673050e-01,7.569891635989534e-10
1.315865764596960e-01,7.567164167033772e-10
1.317995686520880e-01,7.564441891496285e-10
1.320125608444800e-01,7.561724793805879e-10
1.322255530368720e-01,7.559012858391343e-10
1.324385452292640e-01,7.556306069681469e-10
1.326515374216560e-01,7.553604412105044e-10
1.328645296140480e-01,7.550907870090863e-10
1.330775218064400e-01,7.548216428067712e-10
1.332905139988310e-01,7.545530070464396e-10
1.335035061912230e-01,7.542848781095270e-10
1.337164983836150e-01,7.540172541317586e-10
1.339294905760070e-01,7.537501331874412e-10
1.341424827683990e-01,7.534835133508823e-10
1.343554749607910e-01,7.532173926963884e-10
1.345684671531830e-01,7.529517692982670e-10
1.347814593455740e-01,7.526866412308263e-10
1.349944515379660e-01,7.524220065683710e-10
1.352074437303580e-01,7.521578633852093e-10
1.354204359227500e-01,7.518942097556483e-10
1.356334281151420e-01,7.516310438180791e-10
1.358464203075340e-01,7.513683639670987e-10
1.360594124999260e-01,7.511061686613235e-10
1.362724046923180e-01,7.508444563593693e-10
1.364853968847090e-01,7.505832255198540e-10
1.366983890771010e-01,7.503224746013912e-10
1.369113812694930e-01,7.500622020625983e-10
1.371243734618850e-01,7.498024063620916e-10
1.373373656542770e-01,7.495430859584873e-10
1.375503578466690e-01,7.492842393104015e-10
1.377633500390610e-01,7.490258648930135e-10
1.379763422314520e-01,7.487679612477937e-10
1.381893344238440e-01,7.485105269327921e-10
1.384023266162360e-01,7.482535605060618e-10
1.386153188086280e-01,7.479970605256548e-10
1.388283110010200e-01,7.477410255496233e-10
1.390413031934120e-01,7.474854541360194e-10
1.392542953858040e-01,7.472303448428949e-10
1.394672875781960e-01,7.469756962283021e-10
1.396802797705870e-01,7.467215068502942e-10
1.398932719629790e-01,7.464677752305656e-10
1.401062641553710e-01,7.462144997453514e-10
1.403192563477630e-01,7.459616787345098e-10
1.405322485401550e-01,7.457093105378990e-10
1.407452407325470e-01,7.454573934953770e-10
1.409582329249390e-01,7.452059259468017e-10
1.411712251173300e-01,7.449549062320325e-10
1.413842173097220e-01,7.447043326909251e-10
1.415972095021140e-01,7.444542036633385e-10
1.418102016945060e-01,7.442045174891310e-10
1.420231938868980e-01,7.439552725702578e-10
1.422361860792900e-01,7.437064675570547e-10
1.424491782716820e-01,7.434581011619524e-10
1.426621704640740e-01,7.432101720973812e-10
1.428751626564650e-01,7.429626790757726e-10
1.430881548488570e-01,7.427156208095544e-10
1.433011470412490e-01,7.424689960111583e-10
1.435141392336410e-01,7.422228033930144e-10
1.437271314260330e-01,7.419770416675533e-10
1.439401236184250e-01,7.417317095472049e-10
1.441531158108170e-01,7.414868057275289e-10
1.443661080032090e-01,7.412423288366218e-10
1.445791001956000e-01,7.409982774857222e-10
1.447920923879920e-01,7.407546502860645e-10
1.450050845803840e-01,7.405114458488873e-10
1.452180767727760e-01,7.402686627854273e-10
1.454310689651680e-01,7.400262997069218e-10
1.456440611575600e-01,7.397843552246078e-10
1.458570533499520e-01,7.395428279497222e-10
1.460700455423430e-01,7.393017164935035e-10
1.462830377347350e-01,7.390610194840016e-10
1.464960299271270e-01,7.388207356164885e-10
1.467090221195190e-01,7.385808636030287e-10
1.469220143119110e-01,7.383414021556867e-10
1.471350065043030e-01,7.381023499865275e-10
1.473479986966950e-01,7.378637058076152e-10
1.475609908890870e-01,7.376254683310146e-10
1.477739830814780e-01,7.373876362687913e-10
1.479869752738700e-01,7.371502083330077e-10
1.481999674662620e-01,7.369131832357294e-10
1.484129596586540e-01,7.366765597036522e-10
1.486259518510460e-01,7.364403365220219e-10
1.488389440434380e-01,7.362045124907296e-10
1.490519362358300e-01,7.359690864096658e-10
1.492649284282220e-01,7.357340570787213e-10
1.494779206206130e-01,7.354994232977876e-10
1.496909128130050e-01,7.352651838667534e-10
1.499039050053970e-01,7.350313375855103e-10
1.501168971977890e-01,7.347978832539490e-10
1.503298893901810e-01,7.345648196719605e-10
1.505428815825730e-01,7.343321456378518e-10
1.507558737749650e-01,7.340998599435973e-10
1.509688659673560e-01,7.338679613795887e-10
1.511818581597480e-01,7.336364487362143e-10
1.513948503521400e-01,7.334053208038656e-10
1.516078425445320e-01,7.331745763729333e-10
1.518208347369240e-01,7.329442142338077e-10
1.520338269293160e-01,7.327142331768795e-10
1.522468191217080e-01,7.324846319925393e-10
1.524598113141000e-01,7.322554094711777e-10
1.526728035064910e-01,7.320265644332728e-10
1.528857956988830e-01,7.317980958196292e-10
1.530987878912750e-01,7.315700026011312e-10
1.533117800836670e-01,7.313422837486625e-10
1.535247722760590e-01,7.311149382331065e-10
1.537377644684510e-01,7.308879650253471e-10
1.539507566608430e-01,7.306613630962673e-10
1.541637488532340e-01,7.304351314167524e-10
1.543767410456260e-01,7.302092689576834e-10
1.545897332380180e-01,7.299837746899451e-10
1.548027254304100e-01,7.297586475588700e-10
1.550157176228020e-01,7.295338864076358e-10
1.552287098151940e-01,7.293094900538930e-10
1.554417020075860e-01,7.290854573152919e-10
1.556546941999780e-01,7.288617870094832e-10
1.558676863923690e-01,7.286384779541183e-10
1.560806785847610e-01,7.284155289668457e-10
1.562936707771530e-01,7.281929388653169e-10
1.565066629695450e-01,7.279707064671824e-10
1.567196551619370e-01,7.277488305900928e-10
1.569326473543290e-01,7.275273100918592e-10
1.571456395467210e-01,7.273061439910361e-10
1.573586317391130e-01,7.270853313463905e-10
1.575716239315040e-01,7.268648712166893e-10
1.577846161238960e-01,7.266447626606967e-10
1.579976083162880e-01,7.264250047371799e-10
1.582106005086800e-01,7.262055965049057e-10
1.584235927010720e-01,7.259865370226397e-10
1.586365848934640e-01,7.257678253491485e-10
1.588495770858560e-01,7.255494605431984e-10
1.590625692782470e-01,7.253314416380032e-10
1.592755614706390e-01,7.251137675645272e-10
1.594885536630310e-01,7.248964372281675e-10
1.597015458554230e-01,7.246794495343204e-10
1.599145380478150e-01,7.244628033883823e-10
1.601275302402070e-01,7.242464976957495e-10
1.603405224325990e-01,7.240305313618183e-10
1.605535146249910e-01,7.238149032919847e-10
1.607665068173820e-01,7.235996123916462e-10
1.609794990097740e-01,7.233846575661973e-10
1.611924912021660e-01,7.231700377668627e-10
1.614054833945580e-01,7.229557521281806e-10
1.616184755869500e-01,7.227417998305179e-10
1.618314677793420e-01,7.225281800542417e-10
1.620444599717340e-01,7.223148919797192e-10
1.622574521641260e-01,7.221019347873171e-10
1.624704443565170e-01,7.218893076574037e-10
1.626834365489090e-01,7.216770097703441e-10
1.628964287413010e-01,7.214650403065060e-10
1.631094209336930e-01,7.212533984462567e-10
1.633224131260850e-01,7.210420833374728e-10
1.635354053184770e-01,7.208310939981062e-10
1.637483975108690e-01,7.206204294136383e-10
1.639613897032600e-01,7.204100885695510e-10
1.641743818956520e-01,7.202000704513230e-10
1.643873740880440e-01,7.199903740444364e-10
1.646003662804360e-01,7.197809983343721e-10
1.648133584728280e-01,7.195719423066111e-10
1.650263506652200e-01,7.193632049466342e-10
1.652393428576120e-01,7.191547852399226e-10
1.654523350500040e-01,7.189466822160194e-10
1.656653272423950e-01,7.187388950806132e-10
1.658783194347870e-01,7.185314230833982e-10
1.660913116271790e-01,7.183242654740718e-10
1.663043038195710e-01,7.181174215023308e-10
1.665172960119630e-01,7.179108904178714e-10
1.667302882043550e-01,7.177046714703903e-10
1.669432803967470e-01,7.174987639095840e-10
1.671562725891380e-01,7.172931669851499e-10
1.673692647815300e-01,7.170878799467824e-10
1.675822569739220e-01,7.168829020027944e-10
1.677952491663140e-01,7.166782321958765e-10
1.680082413587060e-01,7.164738695272932e-10
1.682212335510980e-01,7.162698129983092e-10
1.684342257434900e-01,7.160660616101893e-10
1.686472179358820e-01,7.158626143641981e-10
1.688602101282730e-01,7.156594702616011e-10
1.690732023206650e-01,7.154566283036612e-10
1.692861945130570e-01,7.152540874916443e-10
1.694991867054490e-01,7.150518468268147e-10
1.697121788978410e-01,7.148499053736891e-10
1.699251710902330e-01,7.146482624498379e-10
1.701381632826250e-01,7.144469174361077e-10
1.703511554750170e-01,7.142458697133445e-10
1.705641476674080e-01,7.140451186623953e-10
1.707771398598000e-01,7.138446636641045e-10
1.709901320521920e-01,7.136445040993195e-10
1.712031242445840e-01,7.134446393488862e-10
1.714161164369760e-01,7.132450687936510e-10
1.716291086293680e-01,7.130457918144600e-10
1.718421008217600e-01,7.128468077393684e-10
1.720550930141510e-01,7.126481156852958e-10
1.722680852065430e-01,7.124497147163805e-10
1.724810773989350e-01,7.122516038967639e-10
1.726940695913270e-01,7.120537822905863e-10
1.729070617837190e-01,7.118562489619881e-10
1.731200539761110e-01,7.116590029751095e-10
1.733330461685030e-01,7.114620433940913e-10
1.735460383608950e-01,7.112653692830735e-10
1.737590305532860e-01,7.110689797061975e-10
1.739720227456780e-01,7.108728737759434e-10
1.741850149380700e-01,7.106770507980779e-10
1.743980071304620e-01,7.104815101266667e-10
1.746109993228540e-01,7.102862511157754e-10
1.748239915152460e-01,7.100912731194699e-10
1.750369837076380e-01,7.098965754918157e-10
1.752499759000290e-01,7.097021575868795e-10
1.754629680924210e-01,7.095080187587254e-10
1.756759602848130e-01,7.093141583614197e-10
1.758889524772050e-01,7.091205757490281e-10
1.761019446695970e-01,7.089272702826912e-10
1.763149368619890e-01,7.087342413518670e-10
1.765279290543810e-01,7.085414883530976e-10
1.767409212467730e-01,7.083490106829249e-10
1.769539134391640e-01,7.081568077378920e-10
1.771669056315560e-01,7.079648789145395e-10
1.773798978239480e-01,7.077732236094099e-10
1.775928900163400e-01,7.075818412190458e-10
1.778058822087320e-01,7.073907311399890e-10
1.780188744011240e-01,7.071998927687818e-10
1.782318665935160e-01,7.070093253515486e-10
1.784448587859070e-01,7.068190275325277e-10
1.786578509782990e-01,7.066289978054286e-10
1.788708431706910e-01,7.064392346639634e-10
1.790838353630830e-01,7.062497366018433e-10
1.792968275554750e-01,7.060605021127795e-10
1.795098197478670e-01,7.058715296904835e-10
1.797228119402590e-01,7.056828178286664e-10
1.799358041326510e-01,7.054943650210396e-10
1.801487963250420e-01,7.053061697613150e-10
1.803617885174340e-01,7.051182312589387e-10
1.805747807098260e-01,7.049305515864547e-10
1.807877729022180e-01,7.047431335322167e-10
1.810007650946100e-01,7.045559798845782e-10
1.812137572870020e-01,7.043690934318928e-10
1.814267494793940e-01,7.041824769625144e-10
1.816397416717860e-01,7.039961332647965e-10
1.818527338641770e-01,7.038100651270938e-10
1.820657260565690e-01,7.036242753377579e-10
1.822787182489610e-01,7.034387666851437e-10
1.824917104413530e-01,7.032535391507360e-10
1.827047026337450e-01,7.030685814914313e-10
1.829176948261370e-01,7.028838796586998e-10
1.831306870185290e-01,7.026994196040119e-10
1.833436792109200e-01,7.025151872788386e-10
1.835566714033120e-01,7.023311686346485e-10
1.837696635957040e-01,7.021473496229128e-10
1.839826557880960e-01,7.019637161951020e-10
1.841956479804880e-01,7.017802543026862e-10
1.844086401728800e-01,7.015969498971355e-10
1.846216323652720e-01,7.014137995775747e-10
1.848346245576640e-01,7.012308425096510e-10
1.850476167500550e-01,7.010481284946243e-10
1.852606089424470e-01,7.008657073337515e-10
1.854736011348390e-01,7.006836288282926e-10
1.856865933272310e-01,7.005019427795062e-10
1.858995855196230e-01,7.003206989886512e-10
1.861125777120150e-01,7.001399472569864e-10
1.863255699044070e-01,6.999597373857708e-10
1.865385620967990e-01,6.997801191762627e-10
1.867515542891900e-01,6.996011026658533e-10
1.869645464815820e-01,6.994225387515169e-10
1.871775386739740e-01,6.992442385238817e-10
1.873905308663660e-01,6.990660130735752e-10
1.876035230587580e-01,6.988876734912246e-10
1.878165152511500e-01,6.987090308674571e-10
1.880295074435420e-01,6.985298962929002e-10
1.882424996359330e-01,6.983500808581819e-10
1.884554918283250e-01,6.981693956539281e-10
1.886684840207170e-01,6.979876517707667e-10
1.888814762131090e-01,6.978048088553420e-10
1.890944684055010e-01,6.976214209121221e-10
1.893074605978930e-01,6.974381905684777e-10
1.895204527902850e-01,6.972558204517793e-10
1.897334449826770e-01,6.970750131893977e-10
1.899464371750680e-01,6.968964714087041e-10
1.901594293674600e-01,6.967208977370677e-10
1.903724215598520e-01,6.965489948018599e-10
1.905854137522440e-01,6.963814652304512e-10
1.907984059446360e-01,6.962190116502124e-10
1.910113981370280e-01,6.960617819510783e-10
1.912243903294200e-01,6.959077052590258e-10
1.914373825218110e-01,6.957541560554856e-10
1.916503747142030e-01,6.955985088218864e-10
1.918633669065950e-01,6.954381380396590e-10
1.920763590989870e-01,6.952704181902336e-10
1.922893512913790e-01,6.950927237550400e-10
1.925023434837710e-01,6.949024292155084e-10
1.927153356761630e-01,6.946969090530689e-10
1.929283278685550e-01,6.944735377491515e-10
1.931413200609460e-01,6.942317609008325e-10
1.933543122533380e-01,6.939793053165091e-10
1.935673044457300e-01,6.937259672949181e-10
1.937802966381220e-01,6.934815431347950e-10
1.939932888305140e-01,6.932558291348758e-10
1.942062810229060e-01,6.930586215938959e-10
1.944192732152980e-01,6.928997168105913e-10
1.946322654076900e-01,6.927889110836973e-10
1.948452576000810e-01,6.927360007119501e-10
1.950582497924730e-01,6.927507819940844e-10
1.952712419848650e-01,6.928353196640256e-10
1.954842341772570e-01,6.929607738783062e-10
1.956972263696490e-01,6.930905840657734e-10
1.959102185620410e-01,6.931881896552745e-10
1.961232107544330e-01,6.932170300756571e-10
1.963362029468240e-01,6.931405447557688e-10
1.965491951392160e-01,6.929221731244566e-10
1.967621873316080e-01,6.925253546105680e-10
1.969751795240000e-01,6.919135286429500e-10
1.971881717163920e-01,6.910501346504502e-10
1.974011639087840e-01,6.899141578730155e-10
1.976141561011760e-01,6.885467915721936e-10
1.978271482935680e-01,6.870047872117003e-10
1.980401404859590e-01,6.853448962552614e-10
1.982531326783510e-01,6.836238701665759e-10
1.984661248707430e-01,6.818984604093694e-10
1.986791170631350e-01,6.802254184473574e-10
1.988921092555270e-01,6.786614957442568e-10
1.991051014479190e-01,6.772634437637839e-10
1.993180936403110e-01,6.760880139696551e-10
1.995310858327020e-01,6.751765986535853e-10
1.997440780250940e-01,6.745091479157321e-10
1.999570702174860e-01,6.740502499323774e-10
2.001700624098780e-01,6.737644928797976e-10
2.003830546022700e-01,6.736164649342694e-10
2.005960467946620e-01,6.735707542720695e-10
2.008090389870540e-01,6.735919490694744e-10
2.010220311794460e-01,6.736446375027609e-10
2.012350233718370e-01,6.736934077482054e-10
2.014480155642290e-01,6.737028479820851e-10
2.016610077566210e-01,6.736450314616930e-10
2.018739999490130e-01,6.735219652055154e-10
2.020869921414050e-01,6.733431380319778e-10
2.022999843337970e-01,6.731180387595055e-10
2.025129765261890e-01,6.728561562065238e-10
2.027259687185810e-01,6.725669791914585e-10
2.029389609109720e-01,6.722599965327362e-10
2.031519531033640e-01,6.719446970487795e-10
2.033649452957560e-01,6.716305695580153e-10
2.035779374881480e-01,6.713271028788691e-10
2.037909296805400e-01,6.710417796027061e-10
2.040039218729320e-01,6.707740616488586e-10
2.042169140653240e-01,6.705214068271414e-10
2.044299062577150e-01,6.702812729473710e-10
2.046428984501070e-01,6.700511178193607e-10
2.048558906424990e-01,6.698283992529267e-10
2.050688828348910e-01,6.696105750578843e-10
2.052818750272830e-01,6.693951030440490e-10
2.054948672196750e-01,6.691794410212360e-10
2.057078594120670e-01,6.689610467992606e-10
2.059208516044590e-01,6.687379151499840e-10
2.061338437968500e-01,6.685101899216899e-10
2.063468359892420e-01,6.682785525389984e-10
2.065598281816340e-01,6.680436844265331e-10
2.067728203740260e-01,6.678062670089166e-10
2.069858125664180e-01,6.675669817107714e-10
2.071988047588100e-01,6.673265099567199e-10
2.074117969512020e-01,6.670855331713847e-10
2.076247891435940e-01,6.668447327793882e-10
2.078377813359850e-01,6.666047902053542e-10
2.080507735283770e-01,6.663662429582149e-10
2.082637657207690e-01,6.661290527328042e-10
2.084767579131610e-01,6.658930372325802e-10
2.086897501055530e-01,6.656580141610020e-10
2.089027422979450e-01,6.654238012215278e-10
2.091157344903370e-01,6.651902161176167e-10
2.093287266827280e-01,6.649570765527282e-10
2.095417188751200e-01,6.647242002303188e-10
2.097547110675120e-01,6.644914048538483e-10
2.099677032599040e-01,6.642585081267752e-10
2.101806954522960e-01,6.640253663309484e-10
2.103936876446880e-01,6.637919900546917e-10
2.106066798370800e-01,6.635584284611767e-10
2.108196720294720e-01,6.633247307135749e-10
2.110326642218630e-01,6.630909459750588e-10
2.112456564142550e-01,6.628571234087975e-10
2.114586486066470e-01,6.626233121779639e-10
2.116716407990390e-01,6.623895614457292e-10
2.118846329914310e-01,6.621559203752651e-10
2.120976251838230e-01,6.619224381297429e-10
2.123106173762150e-01,6.616891535018181e-10
2.125236095686060e-01,6.614560638167943e-10
2.127366017609980e-01,6.612231560368105e-10
2.129495939533900e-01,6.609904171240090e-10
2.131625861457820e-01,6.607578340405307e-10
2.133755783381740e-01,6.605253937485169e-10
2.135885705305660e-01,6.602930832101084e-10
2.138015627229580e-01,6.600608893874466e-10
2.140145549153500e-01,6.598287992426724e-10
2.142275471077410e-01,6.595967997379281e-10
2.144405393001330e-01,6.593648806642240e-10
2.146535314925250e-01,6.591330431205542e-10
2.148665236849170e-01,6.589012910310318e-10
2.150795158773090e-01,6.586696283197695e-10
2.152925080697010e-01,6.584380589108803e-10
2.155055002620930e-01,6.582065867284773e-10
2.157184924544850e-01,6.579752156966735e-10
2.159314846468760e-01,6.577439497395826e-10
2.161444768392680e-01,6.575127927813157e-10
2.163574690316600e-01,6.572817487459865e-10
2.165704612240520e-01,6.570508207622222e-10
2.167834534164440e-01,6.568200087753154e-10
2.169964456088360e-01,6.565893119343793e-10
2.172094378012280e-01,6.563587293885263e-10
2.174224299936190e-01,6.561282602868702e-10
2.176354221860110e-01,6.558979037785215e-10
2.178484143784030e-01,6.556676590125939e-10
2.180614065707950e-01,6.554375251382002e-10
2.182743987631870e-01,6.552075013044528e-10
2.184873909555790e-01,6.549775866604648e-10
2.187003831479710e-01,6.547477805714772e-10
2.189133753403630e-01,6.545180832673561e-10
2.191263675327540e-01,6.542884951941526e-10
2.193393597251460e-01,6.540590167979140e-10
2.195523519175380e-01,6.538296485246915e-10
2.197653441099300e-01,6.536003908205348e-10
2.199783363023220e-01,6.533712441314938e-10
2.201913284947140e-01,6.531422089036180e-10
2.204043206871060e-01,6.529132855829576e-10
2.206173128794970e-01,6.526844746155632e-10
2.208303050718890e-01,6.524557764106790e-10
2.210432972642810e-01,6.522271912303645e-10
2.212562894566730e-01,6.519987192998882e-10
2.214692816490650e-01,6.517703608445180e-10
2.216822738414570e-01,6.515421160895223e-10
2.218952660338490e-01,6.513139852601695e-10
2.221082582262410e-01,6.510859685817276e-10
2.223212504186320e-01,6.508580662794662e-10
2.225342426110240e-01,6.506302785786512e-10
2.227472348034160e-01,6.504026057045520e-10
2.229602269958080e-01,6.501750478772716e-10
2.231732191882000e-01,6.499476052962619e-10
2.233862113805920e-01,6.497202781558142e-10
2.235992035729840e-01,6.494930666502203e-10
2.238121957653760e-01,6.492659709737717e-10
2.240251879577670e-01,6.490389913207611e-10
2.242381801501590e-01,6.488121278854778e-10
2.244511723425510e-01,6.485853808622146e-10
2.246641645349430e-01,6.483587504452631e-10
2.248771567273350e-01,6.481322368289147e-10
2.250901489197270e-01,6.479058402131210e-10
2.253031411121190e-01,6.476795608204866e-10
2.255161333045100e-01,6.474533988792844e-10
2.257291254969020e-01,6.472273546177839e-10
2.259421176892940e-01,6.470014282642575e-10
2.261551098816860e-01,6.467756200469769e-10
2.263681020740780e-01,6.465499301942137e-10
2.265810942664700e-01,6.463243589342395e-10
2.267940864588620e-01,6.460989064953259e-10
2.270070786512540e-01,6.458735731057444e-10
2.272200708436450e-01,6.456483589958313e-10
2.274330630360370e-01,6.454232644041763e-10
2.276460552284290e-01,6.451982895714371e-10
2.278590474208210e-01,6.449734347382704e-10
2.280720396132130e-01,6.447487001453328e-10
2.282850318056050e-01,6.445240860332810e-10
2.284980239979970e-01,6.442995926427716e-10
2.287110161903880e-01,6.440752202144623e-10
2.289240083827800e-01,6.438509689890076e-10
2.291370005751720e-01,6.436268392070654e-10
2.293499927675640e-01,6.434028310999496e-10
2.295629849599560e-01,6.431789448616048e-10
2.297759771523480e-01,6.429551806766331e-10
2.299889693447400e-01,6.427315387296364e-10
2.302019615371320e-01,6.425080192052172e-10
2.304149537295230e-01,6.422846222879785e-10
2.306279459219150e-01,6.420613481625201e-10
2.308409381143070e-01,6.418381970134453e-10
2.310539303066990e-01,6.416151690253563e-10
2.312669224990910e-01,6.413922643828552e-10
2.314799146914830e-01,6.411694832799662e-10
2.316929068838750e-01,6.409468259483907e-10
2.319058990762670e-01,6.407242926292460e-10
2.321188912686580e-01,6.405018835636508e-10
2.323318834610500e-01,6.402795989927207e-10
2.325448756534420e-01,6.400574391575741e-10
2.327578678458340e-01,6.398354042993285e-10
2.329708600382260e-01,6.396134946591014e-10
2.331838522306180e-01,6.393917104780105e-10
2.333968444230100e-01,6.391700519971731e-10
2.336098366154010e-01,6.389485194476355e-10
2.338228288077930e-01,6.387271130201773e-10
2.340358210001850e-01,6.385058328955213e-10
2.342488131925770e-01,6.382846792543892e-10
2.344618053849690e-01,6.380636522775028e-10
2.346747975773610e-01,6.378427521455842e-10
2.348877897697530e-01,6.376219790393549e-10
2.351007819621450e-01,6.374013331395368e-10
2.353137741545360e-01,6.371808146268528e-10
2.355267663469280e-01,6.369604236820227e-10
2.357397585393200e-01,6.367401605091054e-10
2.359527507317120e-01,6.365200254055471e-10
2.361657429241040e-01,6.363000186921527e-10
2.363787351164960e-01,6.360801406897267e-10
2.365917273088880e-01,6.358603917190736e-10
2.368047195012800e-01,6.356407721009982e-10
2.370177116936710e-01,6.354212821563059e-10
2.372307038860630e-01,6.352019222057994e-10
2.374436960784550e-01,6.349826925702842e-10
2.376566882708470e-01,6.347635935705651e-10
2.378696804632390e-01,6.345446254844365e-10
2.380826726556310e-01,6.343257884176238e-10
2.382956648480230e-01,6.341070824328285e-10
2.385086570404140e-01,6.338885075927526e-10
2.387216492328060e-01,6.336700639600953e-10
2.389346414251980e-01,6.334517515975589e-10
2.391476336175900e-01,6.332335705678447e-10
2.393606258099820e-01,6.330155209336537e-10
2.395736180023740e-01,6.327976027576873e-10
2.397866101947660e-01,6.325798161026465e-10
2.399996023871580e-01,6.323621610778747e-10
2.402125945795490e-01,6.321446379792566e-10
2.404255867719410e-01,6.319272471493027e-10
2.406385789643330e-01,6.317099889305263e-10
2.408515711567250e-01,6.314928636654399e-10
2.410645633491170e-01,6.312758716965560e-10
2.412775555415090e-01,6.310590133663868e-10
2.414905477339010e-01,6.308422890174448e-10
2.417035399262920e-01,6.306256989922435e-10
2.419165321186840e-01,6.304092436332931e-10
2.421295243110760e-01,6.301929232479650e-10
2.423425165034680e-01,6.299767380031243e-10
2.425555086958600e-01,6.297606880305255e-10
2.427685008882520e-01,6.295447734619236e-10
2.429814930806440e-01,6.293289944290732e-10
2.431944852730360e-01,6.291133510637289e-10
2.434074774654270e-01,6.288978434976465e-10
2.436204696578190e-01,6.286824718625788e-10
2.438334618502110e-01,6.284672362902812e-10
2.440464540426030e-01,6.282521369125088e-10
2.442594462349950e-01,6.280371738758678e-10
2.444724384273870e-01,6.278223473864109e-10
2.446854306197790e-01,6.276076576650620e-10
2.448984228121710e-01,6.273931049327443e-10
2.451114150045620e-01,6.271786894103829e-10
2.453244071969540e-01,6.269644113188992e-10
2.455373993893460e-01,6.267502708792180e-10
2.457503915817380e-01,6.265362683122629e-10
2.459633837741300e-01,6.263224038389575e-10
2.461763759665220e-01,6.261086776802256e-10
2.463893681589140e-01,6.258950900500631e-10
2.466023603513050e-01,6.256816411347468e-10
2.468153525436970e-01,6.254683311136181e-10
2.470283447360890e-01,6.252551601660216e-10
2.472413369284810e-01,6.250421284713005e-10
2.474543291208730e-01,6.248292362087982e-10
2.476673213132650e-01,6.246164835578584e-10
2.478803135056570e-01,6.244038706978243e-10
2.480933056980490e-01,6.241913978080393e-10
2.483062978904400e-01,6.239790650678480e-10
2.485192900828320e-01,6.237668726700473e-10
2.487322822752240e-01,6.235548208612620e-10
2.489452744676160e-01,6.233429099015718e-10
2.491582666600080e-01,6.231311400510569e-10
2.493712588524000e-01,6.229195115697971e-10
2.495842510447920e-01,6.227080247178728e-10
2.497972432371830e-01,6.224966797553646e-10
2.500102354295750e-01,6.222854769423506e-10
2.502232276219670e-01,6.220744165389119e-10
2.504362198143590e-01,6.218634988051284e-10
2.506492120067510e-01,6.216527239685497e-10
2.508622041991430e-01,6.214420921266399e-10
2.510751963915350e-01,6.212316033443506e-10
2.512881885839270e-01,6.210212576866337e-10
2.515011807763180e-01,6.208110552184419e-10
2.517141729687100e-01,6.206009960047248e-10
2.519271651611020e-01,6.203910801104354e-10
2.521401573534940e-01,6.201813076005252e-10
2.523531495458860e-01,6.199716785399462e-10
2.525661417382780e-01,6.197621929936499e-10
2.527791339306700e-01,6.195528510917204e-10
2.529921261230620e-01,6.193436532246159e-10
2.532051183154530e-01,6.191345998478520e-10
2.534181105078450e-01,6.189256914169408e-10
2.536311027002370e-01,6.187169283873976e-10
2.538440948926290e-01,6.185083112147365e-10
2.540570870850210e-01,6.182998403544716e-10
2.542700792774130e-01,6.180915162621173e-10
2.544830714698050e-01,6.178833393931876e-10
2.546960636621960e-01,6.176753102031978e-10
2.549090558545880e-01,6.174674290477492e-10
2.551220480469800e-01,6.172596958825981e-10
2.553350402393720e-01,6.170521105634862e-10
2.555480324317640e-01,6.168446729461557e-10
2.557610246241560e-01,6.166373828863483e-10
2.559740168165480e-01,6.164302402398061e-10
2.561870090089400e-01,6.162232448622713e-10
2.564000012013310e-01,6.160163966094864e-10
2.566129933937230e-01,6.158096953371918e-10
2.568259855861150e-01,6.156031409011300e-10
2.570389777785070e-01,6.153967332487808e-10
2.572519699708990e-01,6.151904726946479e-10
2.574649621632910e-01,6.149843596450097e-10
2.576779543556830e-01,6.147783945061450e-10
2.578909465480740e-01,6.145725776843331e-10
2.581039387404660e-01,6.143669095858506e-10
2.583169309328580e-01,6.141613906169772e-10
2.585299231252500e-01,6.139560211839913e-10
2.587429153176420e-01,6.137508016931714e-10
2.589559075100340e-01,6.135457325507962e-10
2.591688997024260e-01,6.133408141053215e-10
2.593818918948180e-01,6.131360464739378e-10
2.595948840872090e-01,6.129314297160258e-10
2.598078762796010e-01,6.127269638909635e-10
2.600208684719930e-01,6.125226490581320e-10
2.602338606643850e-01,6.123184852769112e-10
2.604468528567770e-01,6.121144726066810e-10
2.606598450491690e-01,6.119106111068213e-10
2.608728372415610e-01,6.117069008367119e-10
2.610858294339530e-01,6.115033418557332e-10
2.612988216263440e-01,6.112999342578174e-10
2.615118138187360e-01,6.110966782750431e-10
2.617248060111280e-01,6.108935741740151e-10
2.619377982035200e-01,6.106906222213367e-10
2.621507903959120e-01,6.104878226836113e-10
2.623637825883040e-01,6.102851758274427e-10
2.625767747806960e-01,6.100826819194342e-10
2.627897669730870e-01,6.098803412261905e-10
2.630027591654790e-01,6.096781540143132e-10
2.632157513578710e-01,6.094761205504065e-10
2.634287435502630e-01,6.092742410644580e-10
2.636417357426550e-01,6.090725156398893e-10
2.638547279350470e-01,6.088709443234558e-10
2.640677201274390e-01,6.086695271619127e-10
2.642807123198310e-01,6.084682642020153e-10
2.644937045122220e-01,6.082671554905201e-10
2.647066967046140e-01,6.080662010741801e-10
2.649196888970060e-01,6.078654009997519e-10
2.651326810893980e-01,6.076647553139907e-10
2.653456732817900e-01,6.074642640636519e-10
2.655586654741820e-01,6.072639273435892e-10
2.657716576665740e-01,6.070637454411248e-10
2.659846498589660e-01,6.068637186917149e-10
2.661976420513570e-01,6.066638474308175e-10
2.664106342437490e-01,6.064641319938870e-10
2.666236264361410e-01,6.062645727163811e-10
2.668366186285330e-01,6.060651699337567e-10
2.670496108209250e-01,6.058659239814701e-10
2.672626030133170e-01,6.056668351949783e-10
2.674755952057090e-01,6.054679039097376e-10
2.676885873981000e-01,6.052691303957878e-10
2.679015795904920e-01,6.050705146614757e-10
2.681145717828840e-01,6.048720566497239e-10
2.683275639752760e-01,6.046737563034546e-10
2.685405561676680e-01,6.044756135655894e-10
2.687535483600600e-01,6.042776283790500e-10
2.689665405524520e-01,6.040798006867587e-10
2.691795327448440e-01,6.038821304316370e-10
2.693925249372350e-01,6.036846175566078e-10
2.696055171296270e-01,6.034872620045910e-10
2.698185093220190e-01,6.032900637714045e-10
2.700315015144110e-01,6.030930230643944e-10
2.702444937068030e-01,6.028961401437764e-10
2.704574858991950e-01,6.026994152697662e-10
2.706704780915870e-01,6.025028487025793e-10
2.708834702839780e-01,6.023064407024325e-10
2.710964624763700e-01,6.021101915295395e-10
2.713094546687620e-01,6.019141014441168e-10
2.715224468611540e-01,6.017181707063803e-10
2.717354390535460e-01,6.015223995765454e-10
2.719484312459380e-01,6.013267883518140e-10
2.721614234383300e-01,6.011313374772501e-10
2.723744156307220e-01,6.009360474348637e-10
2.725874078231130e-01,6.007409187066650e-10
2.728004000155050e-01,6.005459517746619e-10
2.730133922078970e-01,6.003511471208651e-10
2.732263844002890e-01,6.001565052272839e-10
2.734393765926810e-01,5.999620265759281e-10
2.736523687850730e-01,5.997677116488072e-10
2.738653609774650e-01,5.995735609279311e-10
2.740783531698570e-01,5.993795745825813e-10
2.742913453622480e-01,5.991857515304413e-10
2.745043375546400e-01,5.989920903761197e-10
2.747173297470320e-01,5.987985897242281e-10
2.749303219394240e-01,5.986052481793772e-10
2.751433141318160e-01,5.984120643461775e-10
2.753563063242080e-01,5.982190368292397e-10
2.755692985166000e-01,5.980261642331744e-10
2.757822907089910e-01,5.978334451625931e-10
2.759952829013830e-01,5.976408782221046e-10
2.762082750937750e-01,5.974484632107584e-10
2.764212672861670e-01,5.972562047065062e-10
2.766342594785590e-01,5.970641084823131e-10
2.768472516709510e-01,5.968721803111443e-10
2.770602438633430e-01,5.966804259659648e-10
2.772732360557350e-01,5.964888512197398e-10
2.774862282481260e-01,5.962974618454352e-10
2.776992204405180e-01,5.961062636160147e-10
2.779122126329100e-01,5.959152623044438e-10
2.781252048253020e-01,5.957244636836881e-10
2.783381970176940e-01,5.955338690898202e-10
2.785511892100860e-01,5.953434621125497e-10
