7.791356504680618e-06,3.114974097055739e-09
8.610780621332552e-06,3.095917590384542e-09
9.516384324626089e-06,3.076944460902941e-09
1.051723120080771e-05,3.058054950161995e-09
1.162333806181051e-05,3.039249228617381e-09
1.284577519687474e-05,3.020527399818522e-09
1.419677716772344e-05,3.001890201951388e-09
1.568986525616830e-05,2.983336788903600e-09
1.733998278964274e-05,2.964867530356583e-09
1.916364469904539e-05,2.946482492677891e-09
2.117910280571951e-05,2.928181395197681e-09
2.340652849181556e-05,2.909964239402663e-09
2.586821458226360e-05,2.891830490023763e-09
2.858879845885812e-05,2.873781010722639e-09
3.159550863945590e-05,2.855814467695946e-09
3.491843729013453e-05,2.837931019431915e-09
3.859084139770492e-05,2.820130396557013e-09
4.264947561681323e-05,2.802412175252862e-09
4.713496012287843e-05,2.784775831507266e-09
5.209218715246060e-05,2.767221606816570e-09
5.757077029985334e-05,2.749748973965702e-09
6.362554106661115e-05,2.732357222976587e-09
7.031709763364645e-05,2.715045960746247e-09
7.771241134819200e-05,2.697814814508978e-09
8.588549699555374e-05,2.680663478523730e-09
9.491815356395940e-05,2.663591335251527e-09
1.049007829163263e-04,2.646597950348477e-09
1.159332945624905e-04,2.629682954605324e-09
1.281261055871622e-04,2.612845772513360e-09
1.416012457412214e-04,2.596085606925294e-09
1.564935787564811e-04,2.579402826640937e-09
1.729521521072439e-04,2.562796146927825e-09
1.911416887275217e-04,2.546264993142363e-09
2.112442356135248e-04,2.529809562482602e-09
2.334609858111876e-04,2.513428787773666e-09
2.580142920237960e-04,2.497122225758263e-09
2.851498919925769e-04,2.480889399053893e-09
3.151393679226079e-04,2.464729966320635e-09
3.482828645688079e-04,2.448643223552951e-09
3.849120931855259e-04,2.432628508702678e-09
4.253936514042669e-04,2.416686122361550e-09
4.701326922660057e-04,2.400814808227018e-09
5.195769791289974e-04,2.385014115773566e-09
5.742213670349657e-04,2.369284268906839e-09
6.346127553846864e-04,2.353624288370818e-09
7.013555614910102e-04,2.338033901371532e-09
7.751177697904812e-04,2.322512884599913e-09
8.566376172560946e-04,2.307060804966242e-09
9.467309819210534e-04,2.291677262331302e-09
1.046299548460350e-03,2.276362649654361e-09
1.156339832554060e-03,2.261116233060582e-09
1.277953154351212e-03,2.245872651226552e-09
1.405748469786333e-03,2.231406429282322e-09
1.533543785221454e-03,2.218314027822840e-09
1.661339100656575e-03,2.206374998048834e-09
1.789134416091696e-03,2.195368891161034e-09
1.916929731526817e-03,2.185104619226103e-09
2.000000000000000e-03,2.178793683343736e-09
2.044725046961939e-03,2.175508367482537e-09
2.172520362397060e-03,2.166526650097229e-09
2.300315677832181e-03,2.158092589865425e-09
2.428110993267302e-03,2.150138225797770e-09
2.555906308702423e-03,2.142601813411000e-09
2.683701624137544e-03,2.135446474250139e-09
2.811496939572665e-03,2.128641546368268e-09
2.939292255007787e-03,2.122156367818465e-09
3.067087570442908e-03,2.115960276653811e-09
3.194882885878029e-03,2.110024998583349e-09
3.322678201313150e-03,2.104331810036295e-09
3.450473516748271e-03,2.098864375145982e-09
3.578268832183392e-03,2.093606358045745e-09
3.706064147618514e-03,2.088541422868917e-09
3.833859463053635e-03,2.083654336104694e-09
3.961654778488756e-03,2.078934273650440e-09
4.089450093923877e-03,2.074371513751738e-09
4.217245409358998e-03,2.069956334654173e-09
4.345040724794119e-03,2.065679014603329e-09
4.472836040229241e-03,2.061530417390566e-09
4.600631355664362e-03,2.057503749005475e-09
4.728426671099482e-03,2.053592800990992e-09
4.856221986534604e-03,2.049791364890050e-09
4.984017301969726e-03,2.046093232245582e-09
5.111812617404846e-03,2.042492524517084e-09
5.239607932839968e-03,2.038984682820937e-09
5.367403248275089e-03,2.035565478185411e-09
5.495198563710209e-03,2.032230681638769e-09
5.622993879145331e-03,2.028976064209279e-09
5.750789194580453e-03,2.025797604689391e-09
5.878584510015573e-03,2.022692112930640e-09
6.006379825450694e-03,2.019656606549926e-09
6.134175140885816e-03,2.016688103164147e-09
6.261970456320937e-03,2.013783620390201e-09
6.389765771756058e-03,2.010940307889842e-09
6.517561087191179e-03,2.008155843498595e-09
6.645356402626300e-03,2.005428037094007e-09
6.773151718061422e-03,2.002754698553629e-09
6.900947033496543e-03,2.000133637755012e-09
7.028742348931663e-03,1.997562753688491e-09
7.156537664366785e-03,1.995040301795263e-09
7.284332979801906e-03,1.992564626629172e-09
7.412128295237027e-03,1.990134072744061e-09
7.539923610672148e-03,1.987746984693772e-09
7.667718926107269e-03,1.985401770080078e-09
7.795514241542391e-03,1.983097088698770e-09
7.923309556977513e-03,1.980831663394722e-09
8.051104872412632e-03,1.978604217012806e-09
8.178900187847754e-03,1.976413472397895e-09
8.306695503282877e-03,1.974258196883450e-09
8.434490818717996e-03,1.972137335756495e-09
8.562286134153118e-03,1.970049878792248e-09
8.690081449588239e-03,1.967994815765930e-09
8.817876765023359e-03,1.965971136452759e-09
8.945672080458482e-03,1.963977865150059e-09
9.073467395893601e-03,1.962014164244326e-09
9.201262711328723e-03,1.960079230644542e-09
9.329058026763846e-03,1.958172261259690e-09
9.456853342198965e-03,1.956292452998749e-09
9.584648657634087e-03,1.954439023912335e-09
9.712443973069206e-03,1.952611276616915e-09
9.840239288504329e-03,1.950808534870246e-09
9.968034603939451e-03,1.949030122430090e-09
1.009582991937457e-02,1.947275363054204e-09
1.022362523480969e-02,1.945543609599049e-09
1.035142055024482e-02,1.943834331316110e-09
1.047921586567993e-02,1.942147026555685e-09
1.060701118111506e-02,1.940481193668070e-09
1.073480649655018e-02,1.938836331003563e-09
1.086260181198530e-02,1.937211936912460e-09
1.099039712742042e-02,1.935607509745058e-09
1.111819244285554e-02,1.934022547851653e-09
1.124598775829066e-02,1.932456549582543e-09
1.137378307372578e-02,1.930909013288024e-09
1.150157838916090e-02,1.929379462934081e-09
1.162937370459603e-02,1.927867524942051e-09
1.175716902003114e-02,1.926372851345262e-09
1.188496433546627e-02,1.924895094177043e-09
1.201275965090139e-02,1.923433905470723e-09
1.214055496633651e-02,1.921988937259629e-09
1.226835028177163e-02,1.920559841577092e-09
1.239614559720675e-02,1.919146270456437e-09
1.252394091264187e-02,1.917747875930995e-09
1.265173622807700e-02,1.916364310034094e-09
1.277953154351211e-02,1.914995239897791e-09
1.290732685894724e-02,1.913640393054414e-09
1.303512217438236e-02,1.912299512137692e-09
1.316291748981748e-02,1.910972339781357e-09
1.329071280525260e-02,1.909658618619138e-09
1.341850812068772e-02,1.908358091284767e-09
1.354630343612284e-02,1.907070500411973e-09
1.367409875155796e-02,1.905795588634487e-09
1.380189406699308e-02,1.904533098586039e-09
1.392968938242821e-02,1.903282772900361e-09
1.405748469786333e-02,1.902044364437602e-09
1.418528001329845e-02,1.900817666964193e-09
1.431307532873357e-02,1.899602484473278e-09
1.444087064416869e-02,1.898398620958004e-09
1.456866595960381e-02,1.897205880411516e-09
1.469646127503893e-02,1.896024066826961e-09
1.482425659047405e-02,1.894852984197483e-09
1.495205190590917e-02,1.893692436516230e-09
1.507984722134430e-02,1.892542227776347e-09
1.520764253677942e-02,1.891402161970979e-09
1.533543785221454e-02,1.890272050686711e-09
1.546323316764966e-02,1.889151735882072e-09
1.559102848308478e-02,1.888041067108124e-09
1.571882379851990e-02,1.886939893915929e-09
1.584661911395502e-02,1.885848065856549e-09
1.597441442939014e-02,1.884765432481048e-09
1.610220974482527e-02,1.883691843340486e-09
1.623000506026039e-02,1.882627147985927e-09
1.635780037569551e-02,1.881571195968433e-09
1.648559569113063e-02,1.880523836839066e-09
1.661339100656575e-02,1.879484925332957e-09
1.674118632200087e-02,1.878454336923612e-09
1.686898163743599e-02,1.877431952269651e-09
1.699677695287111e-02,1.876417652029697e-09
1.712457226830624e-02,1.875411316862371e-09
1.725236758374135e-02,1.874412827426296e-09
1.738016289917648e-02,1.873422064380094e-09
1.750795821461160e-02,1.872438908382386e-09
1.763575353004672e-02,1.871463240091796e-09
1.776354884548184e-02,1.870494940166944e-09
1.789134416091696e-02,1.869533893177074e-09
1.801913947635208e-02,1.868579999334343e-09
1.814693479178720e-02,1.867633162761741e-09
1.827473010722232e-02,1.866693287582257e-09
1.840252542265745e-02,1.865760277918881e-09
1.853032073809257e-02,1.864834037894604e-09
1.865811605352769e-02,1.863914471632415e-09
1.878591136896281e-02,1.863001483255303e-09
1.891370668439793e-02,1.862094976886260e-09
1.904150199983305e-02,1.861194856648275e-09
1.916929731526817e-02,1.860301029591233e-09
1.929709263070329e-02,1.859413414472051e-09
1.942488794613842e-02,1.858531932974268e-09
1.955268326157353e-02,1.857656506781421e-09
1.968047857700866e-02,1.856787057577048e-09
1.980827389244378e-02,1.855923507044687e-09
1.993606920787890e-02,1.855065776867876e-09
2.006386452331402e-02,1.854213788730153e-09
2.019165983874914e-02,1.853367464315056e-09
2.031945515418426e-02,1.852526725306122e-09
2.044725046961939e-02,1.851691495754020e-09
2.057504578505450e-02,1.850861709179021e-09
2.070284110048963e-02,1.850037301469062e-09
2.083063641592475e-02,1.849218208512085e-09
2.095843173135987e-02,1.848404366196026e-09
2.108622704679499e-02,1.847595710408827e-09
2.121402236223011e-02,1.846792177038426e-09
2.134181767766523e-02,1.845993701972761e-09
2.146961299310035e-02,1.845200221099774e-09
2.159740830853547e-02,1.844411670307401e-09
2.172520362397060e-02,1.843627987073588e-09
2.185299893940572e-02,1.842849115236542e-09
2.198079425484084e-02,1.842075000224603e-09
2.210858957027596e-02,1.841305587466111e-09
2.223638488571108e-02,1.840540822389405e-09
2.236418020114620e-02,1.839780650422823e-09
2.249197551658132e-02,1.839025016994706e-09
2.261977083201644e-02,1.838273867533392e-09
2.274756614745157e-02,1.837527147467221e-09
2.287536146288669e-02,1.836784802224532e-09
2.300315677832181e-02,1.836046778912291e-09
2.313095209375693e-02,1.835313031351744e-09
2.325874740919205e-02,1.834583515042648e-09
2.338654272462717e-02,1.833858185484760e-09
2.351433804006229e-02,1.833136998177836e-09
2.364213335549741e-02,1.832419908621634e-09
2.376992867093253e-02,1.831706872315911e-09
2.389772398636766e-02,1.830997844760423e-09
2.402551930180278e-02,1.830292781454929e-09
2.415331461723790e-02,1.829591637899185e-09
2.428110993267302e-02,1.828894370342204e-09
2.440890524810814e-02,1.828200938029699e-09
2.453670056354326e-02,1.827511300956477e-09
2.466449587897838e-02,1.826825419117344e-09
2.479229119441350e-02,1.826143252507106e-09
2.492008650984863e-02,1.825464761120572e-09
2.504788182528375e-02,1.824789904952546e-09
2.517567714071887e-02,1.824118643997837e-09
2.530347245615399e-02,1.823450938251250e-09
2.543126777158911e-02,1.822786747707592e-09
2.555906308702423e-02,1.822126033764561e-09
2.568685840245935e-02,1.821468763431709e-09
2.581465371789447e-02,1.820814905121628e-09
2.594244903332960e-02,1.820164427246909e-09
2.607024434876471e-02,1.819517298220141e-09
2.619803966419984e-02,1.818873486453916e-09
2.632583497963496e-02,1.818232960360825e-09
2.645363029507008e-02,1.817595688353459e-09
2.658142561050520e-02,1.816961638844408e-09
2.670922092594032e-02,1.816330780246264e-09
2.683701624137544e-02,1.815703081213020e-09
2.696481155681056e-02,1.815078511364266e-09
2.709260687224568e-02,1.814457040560986e-09
2.722040218768081e-02,1.813838638664161e-09
2.734819750311593e-02,1.813223275534775e-09
2.747599281855105e-02,1.812610921033812e-09
2.760378813398617e-02,1.812001545022252e-09
2.773158344942129e-02,1.811395117361080e-09
2.785937876485641e-02,1.810791607911278e-09
2.798717408029153e-02,1.810190986533829e-09
2.811496939572665e-02,1.809593224072465e-09
2.824276471116178e-02,1.808998295301537e-09
2.837056002659689e-02,1.808406175977957e-09
2.849835534203202e-02,1.807816841858637e-09
2.862615065746714e-02,1.807230268700489e-09
2.875394597290226e-02,1.806646432260426e-09
2.888174128833738e-02,1.806065308295358e-09
2.900953660377250e-02,1.805486872562198e-09
2.913733191920762e-02,1.804911100817859e-09
2.926512723464274e-02,1.804337968819252e-09
2.939292255007787e-02,1.803767452689688e-09
2.952071786551299e-02,1.803199530018169e-09
2.964851318094811e-02,1.802634178760145e-09
2.977630849638323e-02,1.802071376871064e-09
2.990410381181835e-02,1.801511102306376e-09
3.003189912725347e-02,1.800953333021529e-09
3.015969444268859e-02,1.800398046971973e-09
3.028748975812371e-02,1.799845222113156e-09
3.041528507355883e-02,1.799294836400528e-09
3.054308038899396e-02,1.798746867789537e-09
3.067087570442908e-02,1.798201294713608e-09
3.079867101986420e-02,1.797658097518055e-09
3.092646633529932e-02,1.797117257026157e-09
3.105426165073444e-02,1.796578754061197e-09
3.118205696616956e-02,1.796042569446452e-09
3.130985228160468e-02,1.795508684005205e-09
3.143764759703981e-02,1.794977078560735e-09
3.156544291247493e-02,1.794447733936323e-09
3.169323822791005e-02,1.793920630955248e-09
3.182103354334517e-02,1.793395750440792e-09
3.194882885878029e-02,1.792873073459985e-09
3.207662417421541e-02,1.792352582054771e-09
3.220441948965053e-02,1.791834258510806e-09
3.233221480508566e-02,1.791318085113742e-09
3.246001012052077e-02,1.790804044149236e-09
3.258780543595589e-02,1.790292117902941e-09
3.271560075139102e-02,1.789782288660511e-09
3.284339606682614e-02,1.789274538707601e-09
3.297119138226126e-02,1.788768850329865e-09
3.309898669769638e-02,1.788265205812958e-09
3.322678201313150e-02,1.787763588151596e-09
3.335457732856662e-02,1.787263983176965e-09
3.348237264400174e-02,1.786766377429422e-09
3.361016795943687e-02,1.786270757449325e-09
3.373796327487198e-02,1.785777109777032e-09
3.386575859030710e-02,1.785285420952901e-09
3.399355390574223e-02,1.784795677517290e-09
3.412134922117735e-02,1.784307866010556e-09
3.424914453661247e-02,1.783821972973056e-09
3.437693985204759e-02,1.783337984945150e-09
3.450473516748271e-02,1.782855888079374e-09
3.463253048291783e-02,1.782375666976977e-09
3.476032579835295e-02,1.781897305851385e-09
3.488812111378808e-02,1.781420788916026e-09
3.501591642922319e-02,1.780946100384324e-09
3.514371174465832e-02,1.780473224469707e-09
3.527150706009344e-02,1.780002145385600e-09
3.539930237552856e-02,1.779532847345430e-09
3.552709769096368e-02,1.779065314562623e-09
3.565489300639881e-02,1.778599531250604e-09
3.578268832183392e-02,1.778135482581348e-09
3.591048363726904e-02,1.777673157560738e-09
3.603827895270417e-02,1.777212546153073e-09
3.616607426813929e-02,1.776753638322649e-09
3.629386958357441e-02,1.776296424033763e-09
3.642166489900953e-02,1.775840893250712e-09
3.654946021444465e-02,1.775387035937793e-09
3.667725552987977e-02,1.774934842059302e-09
3.680505084531489e-02,1.774484301579538e-09
3.693284616075002e-02,1.774035404462795e-09
3.706064147618514e-02,1.773588140300081e-09
3.718843679162025e-02,1.773142497189094e-09
3.731623210705538e-02,1.772698462854178e-09
3.744402742249050e-02,1.772256025019675e-09
3.757182273792562e-02,1.771815171409926e-09
3.769961805336074e-02,1.771375889749274e-09
3.782741336879586e-02,1.770938167762060e-09
3.795520868423098e-02,1.770501993172626e-09
3.808300399966610e-02,1.770067353705315e-09
3.821079931510123e-02,1.769634237084468e-09
3.833859463053635e-02,1.769202631513597e-09
3.846638994597146e-02,1.768772527112924e-09
3.859418526140659e-02,1.768343914481858e-09
3.872198057684171e-02,1.767916784219806e-09
3.884977589227683e-02,1.767491126926174e-09
3.897757120771195e-02,1.767066933200372e-09
3.910536652314707e-02,1.766644193641808e-09
3.923316183858219e-02,1.766222898849888e-09
3.936095715401731e-02,1.765803039424020e-09
3.948875246945244e-02,1.765384605963612e-09
3.961654778488756e-02,1.764967589159291e-09
3.974434310032268e-02,1.764551980066544e-09
3.987213841575780e-02,1.764137769832063e-09
3.999993373119292e-02,1.763724949602543e-09
4.012772904662804e-02,1.763313510524678e-09
4.025552436206317e-02,1.762903443745164e-09
4.038331967749829e-02,1.762494740410693e-09
4.051111499293340e-02,1.762087391667961e-09
4.063891030836853e-02,1.761681388663661e-09
4.076670562380365e-02,1.761276722544488e-09
4.089450093923877e-02,1.760873384546123e-09
4.102229625467389e-02,1.760471366260230e-09
4.115009157010902e-02,1.760070659367475e-09
4.127788688554413e-02,1.759671255548529e-09
4.140568220097925e-02,1.759273146484058e-09
4.153347751641438e-02,1.758876323854733e-09
4.166127283184950e-02,1.758480779341220e-09
4.178906814728462e-02,1.758086504624188e-09
4.191686346271974e-02,1.757693491384306e-09
4.204465877815486e-02,1.757301731302242e-09
4.217245409358998e-02,1.756911216215524e-09
4.230024940902510e-02,1.756521938589136e-09
4.242804472446023e-02,1.756133891044932e-09
4.255584003989534e-02,1.755747066204764e-09
4.268363535533046e-02,1.755361456690485e-09
4.281143067076559e-02,1.754977055123948e-09
4.293922598620071e-02,1.754593854127007e-09
4.306702130163583e-02,1.754211846321514e-09
4.319481661707095e-02,1.753831024329323e-09
4.332261193250607e-02,1.753451380772285e-09
4.345040724794119e-02,1.753072908426464e-09
4.357820256337631e-02,1.752695600684726e-09
4.370599787881144e-02,1.752319451094132e-09
4.383379319424656e-02,1.751944453201744e-09
4.396158850968167e-02,1.751570600554623e-09
4.408938382511680e-02,1.751197886699832e-09
4.421717914055192e-02,1.750826305184430e-09
4.434497445598704e-02,1.750455849555481e-09
4.447276977142216e-02,1.750086513360045e-09
4.460056508685728e-02,1.749718290145185e-09
4.472836040229240e-02,1.749351173360062e-09
4.485615571772752e-02,1.748985156062205e-09
4.498395103316265e-02,1.748620231211219e-09
4.511174634859777e-02,1.748256391766710e-09
4.523954166403289e-02,1.747893630688284e-09
4.536733697946801e-02,1.747531940935547e-09
4.549513229490313e-02,1.747171315468104e-09
4.562292761033825e-02,1.746811747245563e-09
4.575072292577338e-02,1.746453229227528e-09
4.587851824120850e-02,1.746095754373606e-09
4.600631355664361e-02,1.745739316073234e-09
4.613410887207874e-02,1.745383909435244e-09
4.626190418751386e-02,1.745029529998334e-09
4.638969950294898e-02,1.744676173301205e-09
4.651749481838410e-02,1.744323834882553e-09
4.664529013381922e-02,1.743972510281078e-09
4.677308544925434e-02,1.743622195035480e-09
4.690088076468946e-02,1.743272884684457e-09
4.702867608012459e-02,1.742924574766707e-09
4.715647139555971e-02,1.742577260820929e-09
4.728426671099482e-02,1.742230938178687e-09
4.741206202642995e-02,1.741885601343024e-09
4.753985734186507e-02,1.741541244609864e-09
4.766765265730019e-02,1.741197862275129e-09
4.779544797273531e-02,1.740855448634741e-09
4.792324328817044e-02,1.740513997984624e-09
4.805103860360555e-02,1.740173504620698e-09
4.817883391904067e-02,1.739833962838888e-09
4.830662923447580e-02,1.739495366935115e-09
4.843442454991092e-02,1.739157711205302e-09
4.856221986534604e-02,1.738820989696101e-09
4.869001518078116e-02,1.738485195457183e-09
4.881781049621628e-02,1.738150321289005e-09
4.894560581165140e-02,1.737816359992023e-09
4.907340112708652e-02,1.737483304366692e-09
4.920119644252165e-02,1.737151147213466e-09
4.932899175795677e-02,1.736819881332801e-09
4.945678707339188e-02,1.736489499525153e-09
4.958458238882701e-02,1.736159994590977e-09
4.971237770426213e-02,1.735831359330728e-09
4.984017301969725e-02,1.735503590455051e-09
4.996796833513237e-02,1.735176700316190e-09
5.000000000000000e-02,1.735094905535918e-09
5.009576365056749e-02,1.734850703474681e-09
5.022355896600261e-02,1.734525599642497e-09
5.035135428143774e-02,1.734201380872557e-09
5.047914959687286e-02,1.733878039154078e-09
5.060694491230798e-02,1.733555566476274e-09
5.073474022774310e-02,1.733233954828361e-09
5.086253554317822e-02,1.732913196199553e-09
5.099033085861334e-02,1.732593282579066e-09
5.111812617404846e-02,1.732274206630744e-09
5.124592148948359e-02,1.731955963716892e-09
5.137371680491870e-02,1.731638549874419e-09
5.150151212035382e-02,1.731321961140233e-09
5.162930743578895e-02,1.731006193551241e-09
5.175710275122407e-02,1.730691243144351e-09
5.188489806665919e-02,1.730377105956471e-09
5.201269338209431e-02,1.730063778024508e-09
5.214048869752943e-02,1.729751255385372e-09
5.226828401296455e-02,1.729439534075968e-09
5.239607932839967e-02,1.729128610136808e-09
5.252387464383480e-02,1.728818479622811e-09
5.265166995926992e-02,1.728509138592497e-09
5.277946527470503e-02,1.728200583104387e-09
5.290726059014016e-02,1.727892809217001e-09
5.303505590557528e-02,1.727585812988860e-09
5.316285122101040e-02,1.727279590478485e-09
5.329064653644552e-02,1.726974137744396e-09
5.341844185188065e-02,1.726669450845114e-09
5.354623716731576e-02,1.726365525839159e-09
5.367403248275088e-02,1.726062358904376e-09
5.380182779818601e-02,1.725759946695932e-09
5.392962311362113e-02,1.725458285988332e-09
5.405741842905625e-02,1.725157373556083e-09
5.418521374449137e-02,1.724857206173692e-09
5.431300905992649e-02,1.724557780615664e-09
5.444080437536161e-02,1.724259093656506e-09
5.456859969079673e-02,1.723961142070725e-09
5.469639500623186e-02,1.723663922632826e-09
5.482419032166697e-02,1.723367432117316e-09
5.495198563710210e-02,1.723071667221179e-09
5.507978095253722e-02,1.722776624331315e-09
5.520757626797234e-02,1.722482299757101e-09
5.533537158340746e-02,1.722188689807918e-09
5.546316689884258e-02,1.721895790793143e-09
5.559096221427770e-02,1.721603599022156e-09
5.571875752971282e-02,1.721312110804334e-09
5.584655284514795e-02,1.721021322449057e-09
5.597434816058307e-02,1.720731230265703e-09
5.610214347601819e-02,1.720441830563652e-09
5.622993879145331e-02,1.720153119780743e-09
5.635773410688843e-02,1.719865094868626e-09
5.648552942232355e-02,1.719577752907392e-09
5.661332473775867e-02,1.719291090977131e-09
5.674112005319380e-02,1.719005106157932e-09
5.686891536862891e-02,1.718719795529887e-09
5.699671068406403e-02,1.718435156173086e-09
5.712450599949916e-02,1.718151185167619e-09
5.725230131493428e-02,1.717867879593577e-09
5.738009663036940e-02,1.717585236531050e-09
5.750789194580452e-02,1.717303253071130e-09
5.763568726123964e-02,1.717021926348922e-09
5.776348257667476e-02,1.716741253510535e-09
5.789127789210988e-02,1.716461231702077e-09
5.801907320754501e-02,1.716181858069655e-09
5.814686852298013e-02,1.715903129759380e-09
5.827466383841524e-02,1.715625043917358e-09
5.840245915385037e-02,1.715347597689699e-09
5.853025446928549e-02,1.715070788222511e-09
5.865804978472061e-02,1.714794612661902e-09
5.878584510015573e-02,1.714519068141343e-09
5.891364041559085e-02,1.714244151743750e-09
5.904143573102597e-02,1.713969860539400e-09
5.916923104646109e-02,1.713696191598572e-09
5.929702636189622e-02,1.713423141991545e-09
5.942482167733134e-02,1.713150708788597e-09
5.955261699276646e-02,1.712878889060004e-09
5.968041230820158e-02,1.712607679876046e-09
5.980820762363670e-02,1.712337078307000e-09
5.993600293907182e-02,1.712067081423146e-09
6.006379825450694e-02,1.711797686395485e-09
6.019159356994207e-02,1.711528890797895e-09
6.031938888537718e-02,1.711260692304965e-09
6.044718420081231e-02,1.710993088591282e-09
6.057497951624743e-02,1.710726077331435e-09
6.070277483168255e-02,1.710459656200012e-09
6.083057014711767e-02,1.710193822871602e-09
6.095836546255279e-02,1.709928575020793e-09
6.108616077798791e-02,1.709663910322174e-09
6.121395609342303e-02,1.709399826450332e-09
6.134175140885816e-02,1.709136321027036e-09
6.146954672429328e-02,1.708873391462758e-09
6.159734203972840e-02,1.708611035115140e-09
6.172513735516352e-02,1.708349249341824e-09
6.185293267059864e-02,1.708088031500452e-09
6.198072798603376e-02,1.707827378948667e-09
6.210852330146888e-02,1.707567289044110e-09
6.223631861690401e-02,1.707307759144425e-09
6.236411393233912e-02,1.707048786607252e-09
6.249190924777424e-02,1.706790368790235e-09
6.261970456320937e-02,1.706532503181710e-09
6.274749987864449e-02,1.706275187792798e-09
6.287529519407961e-02,1.706018420765322e-09
6.300309050951473e-02,1.705762200241103e-09
6.313088582494986e-02,1.705506524361964e-09
6.325868114038498e-02,1.705251391269724e-09
6.338647645582010e-02,1.704996799106205e-09
6.351427177125522e-02,1.704742746013230e-09
6.364206708669033e-02,1.704489230132619e-09
6.376986240212545e-02,1.704236249606193e-09
6.389765771756058e-02,1.703983802445617e-09
6.402545303299570e-02,1.703731886141950e-09
6.415324834843082e-02,1.703480498056109e-09
6.428104366386594e-02,1.703229635549009e-09
6.440883897930107e-02,1.702979295981569e-09
6.453663429473619e-02,1.702729476714705e-09
6.466442961017131e-02,1.702480175109332e-09
6.479222492560642e-02,1.702231388526368e-09
6.492002024104154e-02,1.701983114326729e-09
6.504781555647667e-02,1.701735349871332e-09
6.517561087191179e-02,1.701488092720652e-09
6.530340618734691e-02,1.701241341233483e-09
6.543120150278203e-02,1.700995093968219e-09
6.555899681821716e-02,1.700749349483255e-09
6.568679213365228e-02,1.700504106336984e-09
6.581458744908740e-02,1.700259363087800e-09
6.594238276452252e-02,1.700015118294099e-09
6.607017807995763e-02,1.699771370514274e-09
6.619797339539275e-02,1.699528118306720e-09
6.632576871082788e-02,1.699285360229830e-09
6.645356402626300e-02,1.699043094697802e-09
6.658135934169812e-02,1.698801319548027e-09
6.670915465713324e-02,1.698560032473688e-09
6.683694997256837e-02,1.698319231167973e-09
6.696474528800349e-02,1.698078913324065e-09
6.709254060343861e-02,1.697839076635149e-09
6.722033591887373e-02,1.697599718794412e-09
6.734813123430886e-02,1.697360837495036e-09
6.747592654974396e-02,1.697122430430207e-09
6.760372186517909e-02,1.696884495293111e-09
6.773151718061421e-02,1.696647029901344e-09
6.785931249604933e-02,1.696410032570131e-09
6.798710781148445e-02,1.696173501739096e-09
6.811490312691958e-02,1.695937435847865e-09
6.824269844235470e-02,1.695701833336062e-09
6.837049375778982e-02,1.695466692643313e-09
6.849828907322494e-02,1.695232012209243e-09
6.862608438866007e-02,1.694997790473478e-09
6.875387970409517e-02,1.694764025875642e-09
6.888167501953030e-02,1.694530716855360e-09
6.900947033496542e-02,1.694297861822691e-09
6.913726565040054e-02,1.694065459069410e-09
6.926506096583566e-02,1.693833506857718e-09
6.939285628127079e-02,1.693602003449816e-09
6.952065159670591e-02,1.693370947107906e-09
6.964844691214103e-02,1.693140336094188e-09
6.977624222757615e-02,1.692910168670865e-09
6.990403754301128e-02,1.692680443100136e-09
7.003183285844640e-02,1.692451157644204e-09
7.015962817388151e-02,1.692222310565270e-09
7.028742348931663e-02,1.691993900166863e-09
7.041521880475175e-02,1.691765924917829e-09
7.054301412018688e-02,1.691538383328349e-09
7.067080943562200e-02,1.691311273908601e-09
7.079860475105712e-02,1.691084595168762e-09
7.092640006649224e-02,1.690858345619014e-09
7.105419538192737e-02,1.690632523769533e-09
7.118199069736249e-02,1.690407128130500e-09
7.130978601279761e-02,1.690182157212092e-09
7.152277820518949e-02,1.689808145458597e-09
7.173577039758135e-02,1.689435302382992e-09
7.194876258997322e-02,1.689063620758383e-09
7.216175478236508e-02,1.688693093291956e-09
7.237474697475696e-02,1.688323712690902e-09
7.258773916714882e-02,1.687955471662409e-09
7.280073135954070e-02,1.687588362913663e-09
7.301372355193256e-02,1.687222379151856e-09
7.322671574432443e-02,1.686857513084175e-09
7.343970793671629e-02,1.686493757417807e-09
7.365270012910817e-02,1.686131104859942e-09
7.386569232150003e-02,1.685769548354477e-09
7.407868451389191e-02,1.685409081792139e-09
7.429167670628377e-02,1.685049699300365e-09
7.450466889867564e-02,1.684691395006590e-09
7.471766109106751e-02,1.684334163038251e-09
7.493065328345938e-02,1.683977997522782e-09
7.514364547585124e-02,1.683622892587619e-09
7.535663766824312e-02,1.683268842360200e-09
7.556962986063498e-02,1.682915840967958e-09
7.578262205302685e-02,1.682563882538330e-09
7.599561424541872e-02,1.682212961189676e-09
7.620860643781059e-02,1.681863071004051e-09
7.642159863020245e-02,1.681514206054436e-09
7.663459082259433e-02,1.681166360413811e-09
7.684758301498619e-02,1.680819528155156e-09
7.706057520737807e-02,1.680473703351452e-09
7.727356739976993e-02,1.680128880075678e-09
7.748655959216180e-02,1.679785052400815e-09
7.769955178455366e-02,1.679442214399843e-09
7.791254397694554e-02,1.679100360145742e-09
7.812553616933740e-02,1.678759483861451e-09
7.833852836172928e-02,1.678419580369700e-09
7.855152055412114e-02,1.678080644643164e-09
7.876451274651301e-02,1.677742671654514e-09
7.897750493890487e-02,1.677405656376424e-09
7.919049713129675e-02,1.677069593781568e-09
7.940348932368861e-02,1.676734478842617e-09
7.961648151608049e-02,1.676400306532244e-09
7.982947370847235e-02,1.676067071823123e-09
8.004246590086422e-02,1.675734769687926e-09
8.025545809325609e-02,1.675403395091691e-09
8.046845028564796e-02,1.675072942968906e-09
8.068144247803982e-02,1.674743408246427e-09
8.089443467043170e-02,1.674414785851107e-09
8.110742686282357e-02,1.674087070709798e-09
8.132041905521543e-02,1.673760257749355e-09
8.153341124760730e-02,1.673434341896632e-09
8.174640343999917e-02,1.673109318078481e-09
8.195939563239105e-02,1.672785181221755e-09
8.217238782478291e-02,1.672461926253310e-09
8.238538001717477e-02,1.672139548212681e-09
8.259837220956665e-02,1.671818042590156e-09
8.281136440195852e-02,1.671497404988709e-09
8.302435659435038e-02,1.671177631011319e-09
8.323734878674224e-02,1.670858716260962e-09
8.345034097913412e-02,1.670540656340614e-09
8.366333317152599e-02,1.670223446853251e-09
8.387632536391786e-02,1.669907083401852e-09
8.408931755630973e-02,1.669591561589392e-09
8.430230974870159e-02,1.669276877018847e-09
8.451530194109347e-02,1.668963025334727e-09
8.472829413348533e-02,1.668650002347664e-09
8.494128632587720e-02,1.668337803909823e-09
8.515427851826907e-02,1.668026425873370e-09
8.536727071066094e-02,1.667715864090469e-09
8.558026290305280e-02,1.667406114413286e-09
8.579325509544468e-02,1.667097172693986e-09
8.600624728783654e-02,1.666789034784734e-09
8.621923948022842e-02,1.666481696537694e-09
8.643223167262028e-02,1.666175153805033e-09
8.664522386501215e-02,1.665869402452810e-09
8.685821605740401e-02,1.665564438402666e-09
8.707120824979589e-02,1.665260257590138e-09
8.728420044218775e-02,1.664956855950762e-09
8.749719263457963e-02,1.664654229420071e-09
8.771018482697149e-02,1.664352373933604e-09
8.792317701936336e-02,1.664051285426895e-09
8.813616921175522e-02,1.663750959835481e-09
8.834916140414710e-02,1.663451393094897e-09
8.856215359653896e-02,1.663152581140678e-09
8.877514578893084e-02,1.662854520119008e-09
8.898813798132270e-02,1.662557207018613e-09
8.920113017371457e-02,1.662260639038846e-09
8.941412236610644e-02,1.661964813379058e-09
8.962711455849831e-02,1.661669727238602e-09
8.984010675089017e-02,1.661375377816829e-09
9.005309894328205e-02,1.661081762313093e-09
9.026609113567391e-02,1.660788877926745e-09
9.047908332806578e-02,1.660496721857138e-09
9.069207552045766e-02,1.660205291303623e-09
9.090506771284952e-02,1.659914583223384e-09
9.111805990524138e-02,1.659624593604865e-09
9.133105209763326e-02,1.659335318194311e-09
9.154404429002513e-02,1.659046752737968e-09
9.175703648241700e-02,1.658758892982079e-09
9.197002867480886e-02,1.658471734672889e-09
9.218302086720073e-02,1.658185273556644e-09
9.239601305959261e-02,1.657899505379588e-09
9.260900525198447e-02,1.657614425887966e-09
9.282199744437633e-02,1.657330030828023e-09
9.303498963676821e-02,1.657046316208269e-09
9.324798182916008e-02,1.656763279086304e-09
9.346097402155194e-02,1.656480916782016e-09
9.367396621394380e-02,1.656199226615289e-09
9.388695840633568e-02,1.655918205906011e-09
9.409995059872756e-02,1.655637851974065e-09
9.431294279111942e-02,1.655358162139338e-09
9.452593498351128e-02,1.655079133721716e-09
9.473892717590315e-02,1.654800764041084e-09
9.495191936829503e-02,1.654523050417327e-09
9.516491156068689e-02,1.654245990080919e-09
9.537790375307875e-02,1.653969579904675e-09
9.559089594547063e-02,1.653693816671997e-09
9.580388813786250e-02,1.653418697166286e-09
9.601688033025436e-02,1.653144218170945e-09
9.622987252264624e-02,1.652870376469373e-09
9.644286471503810e-02,1.652597168844973e-09
9.665585690742998e-02,1.652324592081145e-09
9.686884909982184e-02,1.652052642961292e-09
9.708184129221371e-02,1.651781318268815e-09
9.729483348460558e-02,1.651510615032888e-09
9.750782567699745e-02,1.651240531265756e-09
9.772081786938931e-02,1.650971065225428e-09
9.793381006178119e-02,1.650702215169913e-09
9.814680225417305e-02,1.650433979357221e-09
9.835979444656492e-02,1.650166356045360e-09
9.857278663895679e-02,1.649899343492339e-09
9.878577883134866e-02,1.649632939956168e-09
9.899877102374052e-02,1.649367143694855e-09
9.921176321613240e-02,1.649101952966410e-09
9.942475540852426e-02,1.648837365646805e-09
9.963774760091614e-02,1.648573378083941e-09
9.985073979330800e-02,1.648309986243715e-09
1.000637319857000e-01,1.648047186092026e-09
1.002767241780920e-01,1.647784973594771e-09
1.004897163704840e-01,1.647523344717850e-09
1.007027085628750e-01,1.647262295427162e-09
1.009157007552670e-01,1.647001821688602e-09
1.011286929476590e-01,1.646741919468070e-09
1.013416851400510e-01,1.646482584731465e-09
1.015546773324430e-01,1.646223813925123e-09
1.017676695248350e-01,1.645965605417538e-09
1.019806617172270e-01,1.645707958057844e-09
1.021936539096190e-01,1.645450870695175e-09
1.024066461020100e-01,1.645194342178665e-09
1.026196382944020e-01,1.644938371357445e-09
1.028326304867940e-01,1.644682957080650e-09
1.030456226791860e-01,1.644428098197414e-09
1.032586148715780e-01,1.644173793556871e-09
1.034716070639700e-01,1.643920042008154e-09
1.036845992563620e-01,1.643666842266585e-09
1.038975914487540e-01,1.643414192512293e-09
1.041105836411450e-01,1.643162090791622e-09
1.043235758335370e-01,1.642910535150915e-09
1.045365680259290e-01,1.642659523636515e-09
1.047495602183210e-01,1.642409054294766e-09
1.049625524107130e-01,1.642159125172013e-09
1.051755446031050e-01,1.641909734314598e-09
1.053885367954970e-01,1.641660879768866e-09
1.056015289878880e-01,1.641412559581161e-09
1.058145211802800e-01,1.641164770959801e-09
1.060275133726720e-01,1.640917507762383e-09
1.062405055650640e-01,1.640670763009163e-09
1.064534977574560e-01,1.640424529720399e-09
1.066664899498480e-01,1.640178800916346e-09
1.068794821422400e-01,1.639933569617260e-09
1.070924743346320e-01,1.639688828843398e-09
1.073054665270230e-01,1.639444571615018e-09
1.075184587194150e-01,1.639200790952374e-09
1.077314509118070e-01,1.638957479875723e-09
1.079444431041990e-01,1.638714635604140e-09
1.081574352965910e-01,1.638472272163585e-09
1.083704274889830e-01,1.638230407784647e-09
1.085834196813750e-01,1.637989060697916e-09
1.087964118737660e-01,1.637748249133981e-09
1.090094040661580e-01,1.637507991323429e-09
1.092223962585500e-01,1.637268305496851e-09
1.094353884509420e-01,1.637029209884834e-09
1.096483806433340e-01,1.636790722717969e-09
1.098613728357260e-01,1.636552862226844e-09
1.100743650281180e-01,1.636315630565397e-09
1.102873572205100e-01,1.636078965556351e-09
1.105003494129010e-01,1.635842788933474e-09
1.107133416052930e-01,1.635607022430529e-09
1.109263337976850e-01,1.635371587781284e-09
1.111393259900770e-01,1.635136406719504e-09
1.113523181824690e-01,1.634901400978954e-09
1.115653103748610e-01,1.634666492293402e-09
1.117783025672530e-01,1.634431602396612e-09
1.119912947596450e-01,1.634196653022350e-09
1.122042869520360e-01,1.633961626302425e-09
1.124172791444280e-01,1.633726745978633e-09
1.126302713368200e-01,1.633492296199735e-09
1.128432635292120e-01,1.633258561114486e-09
1.130562557216040e-01,1.633025824871647e-09
1.132692479139960e-01,1.632794371619972e-09
1.134822401063880e-01,1.632564485508221e-09
1.136952322987790e-01,1.632336450685152e-09
1.139082244911710e-01,1.632110551299521e-09
1.141212166835630e-01,1.631887071500086e-09
1.143342088759550e-01,1.631666173304298e-09
1.145472010683470e-01,1.631447530319168e-09
1.147601932607390e-01,1.631230694077785e-09
1.149731854531310e-01,1.631015216113240e-09
1.151861776455230e-01,1.630800647958620e-09
1.153991698379140e-01,1.630586541147018e-09
1.156121620303060e-01,1.630372447211520e-09
1.158251542226980e-01,1.630157917685217e-09
1.160381464150900e-01,1.629942504101198e-09
1.162511386074820e-01,1.629725757992552e-09
1.164641307998740e-01,1.629507352207510e-09
1.166771229922660e-01,1.629287444591048e-09
1.168901151846570e-01,1.629066314171420e-09
1.171031073770490e-01,1.628844239976873e-09
1.173160995694410e-01,1.628621501035658e-09
1.175290917618330e-01,1.628398376376027e-09
1.177420839542250e-01,1.628175145026229e-09
1.179550761466170e-01,1.627952086014516e-09
1.181680683390090e-01,1.627729478369137e-09
1.183810605314010e-01,1.627507601118343e-09
1.185940527237920e-01,1.627286673992452e-09
1.188070449161840e-01,1.627066679398152e-09
1.190200371085760e-01,1.626847540378233e-09
1.192330293009680e-01,1.626629179975485e-09
1.194460214933600e-01,1.626411521232699e-09
1.196590136857520e-01,1.626194487192663e-09
1.198720058781440e-01,1.625978000898169e-09
1.200849980705360e-01,1.625761985392005e-09
1.202979902629270e-01,1.625546363716963e-09
1.205109824553190e-01,1.625331058915830e-09
1.207239746477110e-01,1.625116010043465e-09
1.209369668401030e-01,1.624901220218824e-09
1.211499590324950e-01,1.624686708580846e-09
1.213629512248870e-01,1.624472494268472e-09
1.215759434172790e-01,1.624258596420640e-09
1.217889356096700e-01,1.624045034176290e-09
1.220019278020620e-01,1.623831826674360e-09
1.222149199944540e-01,1.623618993053790e-09
1.224279121868460e-01,1.623406552453520e-09
1.226409043792380e-01,1.623194524012488e-09
1.228538965716300e-01,1.622982922511698e-09
1.230668887640220e-01,1.622771745301478e-09
1.232798809564140e-01,1.622560985374756e-09
1.234928731488050e-01,1.622350635724462e-09
1.237058653411970e-01,1.622140689343524e-09
1.239188575335890e-01,1.621931139224871e-09
1.241318497259810e-01,1.621721978361432e-09
1.243448419183730e-01,1.621513199746135e-09
1.245578341107650e-01,1.621304796371911e-09
1.247708263031570e-01,1.621096761231687e-09
1.249838184955480e-01,1.620889088528953e-09
1.251968106879400e-01,1.620681777307636e-09
1.254098028803320e-01,1.620474827821329e-09
1.256227950727240e-01,1.620268240323625e-09
1.258357872651160e-01,1.620062015068114e-09
1.260487794575080e-01,1.619856152308390e-09
1.262617716499000e-01,1.619650652298044e-09
1.264747638422920e-01,1.619445515290669e-09
1.266877560346830e-01,1.619240741539856e-09
1.269007482270750e-01,1.619036331299197e-09
1.271137404194670e-01,1.618832284507902e-09
1.273267326118590e-01,1.618628599848502e-09
1.275397248042510e-01,1.618425275689575e-09
1.277527169966430e-01,1.618222310399697e-09
1.279657091890350e-01,1.618019702347445e-09
1.281787013814270e-01,1.617817449901394e-09
1.283916935738180e-01,1.617615551430124e-09
1.286046857662100e-01,1.617414005302208e-09
1.288176779586020e-01,1.617212809886223e-09
1.290306701509940e-01,1.617011963550747e-09
1.292436623433860e-01,1.616811464763709e-09
1.294566545357780e-01,1.616611312390622e-09
1.296696467281700e-01,1.616411505396432e-09
1.298826389205610e-01,1.616212042746090e-09
1.300956311129530e-01,1.616012923404543e-09
1.303086233053450e-01,1.615814146336740e-09
1.305216154977370e-01,1.615615710507629e-09
1.307346076901290e-01,1.615417614882159e-09
1.309475998825210e-01,1.615219858425278e-09
1.311605920749130e-01,1.615022440101936e-09
1.313735842673050e-01,1.614825358819271e-09
1.315865764596960e-01,1.614628613253164e-09
1.317995686520880e-01,1.614432202021669e-09
1.320125608444800e-01,1.614236123742847e-09
1.322255530368720e-01,1.614040377034753e-09
1.324385452292640e-01,1.613844960515445e-09
1.326515374216560e-01,1.613649872802980e-09
1.328645296140480e-01,1.613455112515417e-09
1.330775218064400e-01,1.613260678270811e-09
1.332905139988310e-01,1.613066568687222e-09
1.335035061912230e-01,1.612872782589825e-09
1.337164983836150e-01,1.612679319632117e-09
1.339294905760070e-01,1.612486179674633e-09
1.341424827683990e-01,1.612293362577907e-09
1.343554749607910e-01,1.612100868202474e-09
1.345684671531830e-01,1.611908696408869e-09
1.347814593455740e-01,1.611716847057627e-09
1.349944515379660e-01,1.611525320009281e-09
1.352074437303580e-01,1.611334115124366e-09
1.354204359227500e-01,1.611143232263417e-09
1.356334281151420e-01,1.610952670959254e-09
1.358464203075340e-01,1.610762429434495e-09
1.360594124999260e-01,1.610572505584377e-09
1.362724046923180e-01,1.610382897304133e-09
1.364853968847090e-01,1.610193602489001e-09
1.366983890771010e-01,1.610004619034214e-09
1.369113812694930e-01,1.609815944835008e-09
1.371243734618850e-01,1.609627577786618e-09
1.373373656542770e-01,1.609439515784280e-09
1.375503578466690e-01,1.609251756723230e-09
1.377633500390610e-01,1.609064298808395e-09
1.379763422314520e-01,1.608877141484215e-09
1.381893344238440e-01,1.608690284505187e-09
1.384023266162360e-01,1.608503727625812e-09
1.386153188086280e-01,1.608317470600589e-09
1.388283110010200e-01,1.608131513184018e-09
1.390413031934120e-01,1.607945855130597e-09
1.392542953858040e-01,1.607760496194828e-09
1.394672875781960e-01,1.607575436131208e-09
1.396802797705870e-01,1.607390674694238e-09
1.398932719629790e-01,1.607206211431227e-09
1.401062641553710e-01,1.607022045060488e-09
1.403192563477630e-01,1.606838174093027e-09
1.405322485401550e-01,1.606654597039852e-09
1.407452407325470e-01,1.606471312411966e-09
1.409582329249390e-01,1.606288318720377e-09
1.411712251173300e-01,1.606105614476091e-09
1.413842173097220e-01,1.605923198190113e-09
1.415972095021140e-01,1.605741068373448e-09
1.418102016945060e-01,1.605559223537104e-09
1.420231938868980e-01,1.605377662445273e-09
1.422361860792900e-01,1.605196384874876e-09
1.424491782716820e-01,1.605015390856010e-09
1.426621704640740e-01,1.604834680418769e-09
1.428751626564650e-01,1.604654253593252e-09
1.430881548488570e-01,1.604474110409553e-09
1.433011470412490e-01,1.604294250897768e-09
1.435141392336410e-01,1.604114675087994e-09
1.437271314260330e-01,1.603935383010327e-09
1.439401236184250e-01,1.603756374694862e-09
1.441531158108170e-01,1.603577649882708e-09
1.443661080032090e-01,1.603399207159396e-09
1.445791001956000e-01,1.603221044821663e-09
1.447920923879920e-01,1.603043161166243e-09
1.450050845803840e-01,1.602865554489874e-09
1.452180767727760e-01,1.602688223089290e-09
1.454310689651680e-01,1.602511165261227e-09
1.456440611575600e-01,1.602334379302422e-09
1.458570533499520e-01,1.602157863509610e-09
1.460700455423430e-01,1.601981616179527e-09
1.462830377347350e-01,1.601805635842364e-09
1.464960299271270e-01,1.601629921961539e-09
1.467090221195190e-01,1.601454474233624e-09
1.469220143119110e-01,1.601279292355196e-09
1.471350065043030e-01,1.601104376022827e-09
1.473479986966950e-01,1.600929724933091e-09
1.475609908890870e-01,1.600755338782562e-09
1.477739830814780e-01,1.600581217267815e-09
1.479869752738700e-01,1.600407360085422e-09
1.481999674662620e-01,1.600233766931957e-09
1.484129596586540e-01,1.600060437384475e-09
1.486259518510460e-01,1.599887370541732e-09
1.488389440434380e-01,1.599714565382853e-09
1.490519362358300e-01,1.599542020886965e-09
1.492649284282220e-01,1.599369736033194e-09
1.494779206206130e-01,1.599197709800668e-09
1.496909128130050e-01,1.599025941168511e-09
1.499039050053970e-01,1.598854429115849e-09
1.501168971977890e-01,1.598683172621810e-09
1.503298893901810e-01,1.598512170665519e-09
1.505428815825730e-01,1.598341422315507e-09
1.507558737749650e-01,1.598170926997980e-09
1.509688659673560e-01,1.598000684228572e-09
1.511818581597480e-01,1.597830693522919e-09
1.513948503521400e-01,1.597660954396657e-09
1.516078425445320e-01,1.597491466365421e-09
1.518208347369240e-01,1.597322228944847e-09
1.520338269293160e-01,1.597153241650571e-09
1.522468191217080e-01,1.596984503998228e-09
1.524598113141000e-01,1.596816015503455e-09
1.526728035064910e-01,1.596647775627153e-09
1.528857956988830e-01,1.596479783611326e-09
1.530987878912750e-01,1.596312038643262e-09
1.533117800836670e-01,1.596144539910247e-09
1.535247722760590e-01,1.595977286599571e-09
1.537377644684510e-01,1.595810277898519e-09
1.539507566608430e-01,1.595643512994381e-09
1.541637488532340e-01,1.595476991074444e-09
1.543767410456260e-01,1.595310711325995e-09
1.545897332380180e-01,1.595144672936321e-09
1.548027254304100e-01,1.594978875105421e-09
1.550157176228020e-01,1.594813317084110e-09
1.552287098151940e-01,1.594647998135901e-09
1.554417020075860e-01,1.594482917524309e-09
1.556546941999780e-01,1.594318074512848e-09
1.558676863923690e-01,1.594153468365031e-09
1.560806785847610e-01,1.593989098344371e-09
1.562936707771530e-01,1.593824963714383e-09
1.565066629695450e-01,1.593661063738580e-09
1.567196551619370e-01,1.593497397680476e-09
1.569326473543290e-01,1.593333964833536e-09
1.571456395467210e-01,1.593170764611100e-09
1.573586317391130e-01,1.593007796456498e-09
1.575716239315040e-01,1.592845059813062e-09
1.577846161238960e-01,1.592682554124120e-09
1.579976083162880e-01,1.592520278833002e-09
1.582106005086800e-01,1.592358233383038e-09
1.584235927010720e-01,1.592196417217559e-09
1.586365848934640e-01,1.592034829779893e-09
1.588495770858560e-01,1.591873470513370e-09
1.590625692782470e-01,1.591712338859649e-09
1.592755614706390e-01,1.591551434253689e-09
1.594885536630310e-01,1.591390756128777e-09
1.597015458554230e-01,1.591230303918202e-09
1.599145380478150e-01,1.591070077055248e-09
1.601275302402070e-01,1.590910074973204e-09
1.603405224325990e-01,1.590750297105357e-09
1.605535146249910e-01,1.590590742884992e-09
1.607665068173820e-01,1.590431411745399e-09
1.609794990097740e-01,1.590272303119862e-09
1.611924912021660e-01,1.590113416428470e-09
1.614054833945580e-01,1.589954751038514e-09
1.616184755869500e-01,1.589796306304085e-09
1.618314677793420e-01,1.589638081579274e-09
1.620444599717340e-01,1.589480076218172e-09
1.622574521641260e-01,1.589322289574870e-09
1.624704443565170e-01,1.589164721003460e-09
1.626834365489090e-01,1.589007369858032e-09
1.628964287413010e-01,1.588850235492678e-09
1.631094209336930e-01,1.588693317261489e-09
1.633224131260850e-01,1.588536614530245e-09
1.635354053184770e-01,1.588380126711477e-09
1.637483975108690e-01,1.588223853229394e-09
1.639613897032600e-01,1.588067793508210e-09
1.641743818956520e-01,1.587911946972135e-09
1.643873740880440e-01,1.587756313045381e-09
1.646003662804360e-01,1.587600891152161e-09
1.648133584728280e-01,1.587445680716685e-09
1.650263506652200e-01,1.587290681163165e-09
1.652393428576120e-01,1.587135891915813e-09
1.654523350500040e-01,1.586981312382153e-09
1.656653272423950e-01,1.586826941903002e-09
1.658783194347870e-01,1.586672779802507e-09
1.660913116271790e-01,1.586518825404818e-09
1.663043038195710e-01,1.586365078034082e-09
1.665172960119630e-01,1.586211537014448e-09
1.667302882043550e-01,1.586058201670065e-09
1.669432803967470e-01,1.585905071325081e-09
1.671562725891380e-01,1.585752145303646e-09
1.673692647815300e-01,1.585599422929907e-09
1.675822569739220e-01,1.585446903622894e-09
1.677952491663140e-01,1.585294587181352e-09
1.680082413587060e-01,1.585142473498999e-09
1.682212335510980e-01,1.584990562469556e-09
1.684342257434900e-01,1.584838853986742e-09
1.686472179358820e-01,1.584687347944276e-09
1.688602101282730e-01,1.584536044235879e-09
1.690732023206650e-01,1.584384942755269e-09
1.692861945130570e-01,1.584234043396166e-09
1.694991867054490e-01,1.584083346052290e-09
1.697121788978410e-01,1.583932850428545e-09
1.699251710902330e-01,1.583782555474434e-09
1.701381632826250e-01,1.583632459950572e-09
1.703511554750170e-01,1.583482562617577e-09
1.705641476674080e-01,1.583332862236065e-09
1.707771398598000e-01,1.583183357566652e-09
1.709901320521920e-01,1.583034047369956e-09
1.712031242445840e-01,1.582884930406591e-09
1.714161164369760e-01,1.582736005437176e-09
1.716291086293680e-01,1.582587271222326e-09
1.718421008217600e-01,1.582438726848517e-09
1.720550930141510e-01,1.582290372705506e-09
1.722680852065430e-01,1.582142209508824e-09
1.724810773989350e-01,1.581994237974009e-09
1.726940695913270e-01,1.581846458816594e-09
1.729070617837190e-01,1.581698872752115e-09
1.731200539761110e-01,1.581551480496106e-09
1.733330461685030e-01,1.581404282764104e-09
1.735460383608950e-01,1.581257280271641e-09
1.737590305532860e-01,1.581110473734255e-09
1.739720227456780e-01,1.580963863452394e-09
1.741850149380700e-01,1.580817448066887e-09
1.743980071304620e-01,1.580671225803834e-09
1.746109993228540e-01,1.580525194889337e-09
1.748239915152460e-01,1.580379353549496e-09
1.750369837076380e-01,1.580233700010411e-09
1.752499759000290e-01,1.580088232498185e-09
1.754629680924210e-01,1.579942949238916e-09
1.756759602848130e-01,1.579797848458706e-09
1.758889524772050e-01,1.579652928383656e-09
1.761019446695970e-01,1.579508187605310e-09
1.763149368619890e-01,1.579363626177969e-09
1.765279290543810e-01,1.579219244521870e-09
1.767409212467730e-01,1.579075043057246e-09
1.769539134391640e-01,1.578931022204333e-09
1.771669056315560e-01,1.578787182383365e-09
1.773798978239480e-01,1.578643524014578e-09
1.775928900163400e-01,1.578500047518206e-09
1.778058822087320e-01,1.578356753314485e-09
1.780188744011240e-01,1.578213641823650e-09
1.782318665935160e-01,1.578070713208968e-09
1.784448587859070e-01,1.577927966605471e-09
1.786578509782990e-01,1.577785400891037e-09
1.788708431706910e-01,1.577643014943544e-09
1.790838353630830e-01,1.577500807640872e-09
1.792968275554750e-01,1.577358777860900e-09
1.795098197478670e-01,1.577216924481505e-09
1.797228119402590e-01,1.577075246380566e-09
1.799358041326510e-01,1.576933742435963e-09
1.801487963250420e-01,1.576792411525574e-09
1.803617885174340e-01,1.576651252776159e-09
1.805747807098260e-01,1.576510266310062e-09
1.807877729022180e-01,1.576369452498532e-09
1.810007650946100e-01,1.576228811712821e-09
1.812137572870020e-01,1.576088344324180e-09
1.814267494793940e-01,1.575948050703858e-09
1.816397416717860e-01,1.575807931223107e-09
1.818527338641770e-01,1.575667986253177e-09
1.820657260565690e-01,1.575528216165318e-09
1.822787182489610e-01,1.575388621330782e-09
1.824917104413530e-01,1.575249201884710e-09
1.827047026337450e-01,1.575109957018049e-09
1.829176948261370e-01,1.574970885685759e-09
1.831306870185290e-01,1.574831986842800e-09
1.833436792109200e-01,1.574693259444132e-09
1.835566714033120e-01,1.574554702444714e-09
1.837696635957040e-01,1.574416314799505e-09
1.839826557880960e-01,1.574278095463467e-09
1.841956479804880e-01,1.574140043391558e-09
1.844086401728800e-01,1.574002157538739e-09
1.846216323652720e-01,1.573864437011188e-09
1.848346245576640e-01,1.573726881519621e-09
1.850476167500550e-01,1.573589490925803e-09
1.852606089424470e-01,1.573452265091496e-09
1.854736011348390e-01,1.573315203878466e-09
1.856865933272310e-01,1.573178307148476e-09
1.858995855196230e-01,1.573041574763291e-09
1.861125777120150e-01,1.572905006584674e-09
1.863255699044070e-01,1.572768602474389e-09
1.865385620967990e-01,1.572632362294202e-09
1.867515542891900e-01,1.572496285925986e-09
1.869645464815820e-01,1.572360373332101e-09
1.871775386739740e-01,1.572224624495041e-09
1.873905308663660e-01,1.572089039397299e-09
1.876035230587580e-01,1.571953618021367e-09
1.878165152511500e-01,1.571818360349738e-09
1.880295074435420e-01,1.571683266364905e-09
1.882424996359330e-01,1.571548336049360e-09
1.884554918283250e-01,1.571413569385597e-09
1.886684840207170e-01,1.571278966356108e-09
1.888814762131090e-01,1.571144526766081e-09
1.890944684055010e-01,1.571010249711331e-09
1.893074605978930e-01,1.570876134110287e-09
1.895204527902850e-01,1.570742178881379e-09
1.897334449826770e-01,1.570608382943035e-09
1.899464371750680e-01,1.570474745213687e-09
1.901594293674600e-01,1.570341264611764e-09
1.903724215598520e-01,1.570207940055694e-09
1.905854137522440e-01,1.570074770463908e-09
1.907984059446360e-01,1.569941754754836e-09
1.910113981370280e-01,1.569808892056381e-09
1.912243903294200e-01,1.569676182334278e-09
1.914373825218110e-01,1.569543625763699e-09
1.916503747142030e-01,1.569411222519817e-09
1.918633669065950e-01,1.569278972777806e-09
1.920763590989870e-01,1.569146876712838e-09
1.922893512913790e-01,1.569014934500086e-09
1.925023434837710e-01,1.568883146314724e-09
1.927153356761630e-01,1.568751512331925e-09
1.929283278685550e-01,1.568620032726861e-09
1.931413200609460e-01,1.568488707482959e-09
1.933543122533380e-01,1.568357535816950e-09
1.935673044457300e-01,1.568226516753973e-09
1.937802966381220e-01,1.568095649319165e-09
1.939932888305140e-01,1.567964932537661e-09
1.942062810229060e-01,1.567834365434598e-09
1.944192732152980e-01,1.567703947035114e-09
1.946322654076900e-01,1.567573676364344e-09
1.948452576000810e-01,1.567443552447426e-09
1.950582497924730e-01,1.567313574309496e-09
1.952712419848650e-01,1.567183741262776e-09
1.954842341772570e-01,1.567054053767023e-09
1.956972263696490e-01,1.566924512568677e-09
1.959102185620410e-01,1.566795118414178e-09
1.961232107544330e-01,1.566665872049968e-09
1.963362029468240e-01,1.566536774222485e-09
1.965491951392160e-01,1.566407825678169e-09
1.967621873316080e-01,1.566279027163461e-09
1.969751795240000e-01,1.566150379424801e-09
1.971881717163920e-01,1.566021883208629e-09
1.974011639087840e-01,1.565893538923088e-09
1.976141561011760e-01,1.565765345622594e-09
1.978271482935680e-01,1.565637302022995e-09
1.980401404859590e-01,1.565509406840143e-09
1.982531326783510e-01,1.565381658789884e-09
1.984661248707430e-01,1.565254056588068e-09
1.986791170631350e-01,1.565126598950545e-09
1.988921092555270e-01,1.564999284593163e-09
1.991051014479190e-01,1.564872112231772e-09
1.993180936403110e-01,1.564745080582221e-09
1.995310858327020e-01,1.564618188603405e-09
1.997440780250940e-01,1.564491436226487e-09
1.999570702174860e-01,1.564364823625721e-09
2.001700624098780e-01,1.564238350975359e-09
2.003830546022700e-01,1.564112018449654e-09
2.005960467946620e-01,1.563985826222861e-09
2.008090389870540e-01,1.563859774469230e-09
2.010220311794460e-01,1.563733863363017e-09
2.012350233718370e-01,1.563608093078474e-09
2.014480155642290e-01,1.563482463789853e-09
2.016610077566210e-01,1.563356975547057e-09
2.018739999490130e-01,1.563231627902692e-09
2.020869921414050e-01,1.563106420285070e-09
2.022999843337970e-01,1.562981352122501e-09
2.025129765261890e-01,1.562856422843296e-09
2.027259687185810e-01,1.562731631875764e-09
2.029389609109720e-01,1.562606978648218e-09
2.031519531033640e-01,1.562482462588966e-09
2.033649452957560e-01,1.562358083126320e-09
2.035779374881480e-01,1.562233839688589e-09
2.037909296805400e-01,1.562109731793657e-09
2.040039218729320e-01,1.561985759317497e-09
2.042169140653240e-01,1.561861922225560e-09
2.044299062577150e-01,1.561738220483299e-09
2.046428984501070e-01,1.561614654056163e-09
2.048558906424990e-01,1.561491222909604e-09
2.050688828348910e-01,1.561367927009073e-09
2.052818750272830e-01,1.561244766320022e-09
2.054948672196750e-01,1.561121740807902e-09
2.057078594120670e-01,1.560998850438163e-09
2.059208516044590e-01,1.560876095095471e-09
2.061338437968500e-01,1.560753474341162e-09
2.063468359892420e-01,1.560630987655695e-09
2.065598281816340e-01,1.560508634519526e-09
2.067728203740260e-01,1.560386414413114e-09
2.069858125664180e-01,1.560264326816917e-09
2.071988047588100e-01,1.560142371211393e-09
2.074117969512020e-01,1.560020547076999e-09
2.076247891435940e-01,1.559898853894194e-09
2.078377813359850e-01,1.559777291143436e-09
2.080507735283770e-01,1.559655858386678e-09
2.082637657207690e-01,1.559534555511945e-09
2.084767579131610e-01,1.559413382488798e-09
2.086897501055530e-01,1.559292339286800e-09
2.089027422979450e-01,1.559171425875515e-09
2.091157344903370e-01,1.559050642224505e-09
2.093287266827280e-01,1.558929988303333e-09
2.095417188751200e-01,1.558809464081560e-09
2.097547110675120e-01,1.558689069528751e-09
2.099677032599040e-01,1.558568804614467e-09
2.101806954522960e-01,1.558448669242126e-09
2.103936876446880e-01,1.558328663050578e-09
2.106066798370800e-01,1.558208785612533e-09
2.108196720294720e-01,1.558089036500702e-09
2.110326642218630e-01,1.557969415287796e-09
2.112456564142550e-01,1.557849921546524e-09
2.114586486066470e-01,1.557730554849597e-09
2.116716407990390e-01,1.557611314769726e-09
2.118846329914310e-01,1.557492200879622e-09
2.120976251838230e-01,1.557373212751995e-09
2.123106173762150e-01,1.557254350003498e-09
2.125236095686060e-01,1.557135612426492e-09
2.127366017609980e-01,1.557016999857248e-09
2.129495939533900e-01,1.556898512132039e-09
2.131625861457820e-01,1.556780149087138e-09
2.133755783381740e-01,1.556661910558816e-09
2.135885705305660e-01,1.556543796383345e-09
2.138015627229580e-01,1.556425806396998e-09
2.140145549153500e-01,1.556307940436047e-09
2.142275471077410e-01,1.556190198336764e-09
2.144405393001330e-01,1.556072579897146e-09
2.146535314925250e-01,1.555955084762192e-09
2.148665236849170e-01,1.555837712538677e-09
2.150795158773090e-01,1.555720462833379e-09
2.152925080697010e-01,1.555603335253070e-09
2.155055002620930e-01,1.555486329404527e-09
2.157184924544850e-01,1.555369444894525e-09
2.159314846468760e-01,1.555252681329839e-09
2.161444768392680e-01,1.555136038317245e-09
2.163574690316600e-01,1.555019515463517e-09
2.165704612240520e-01,1.554903112432618e-09
2.167834534164440e-01,1.554786829117354e-09
2.169964456088360e-01,1.554670665467768e-09
2.172094378012280e-01,1.554554621433904e-09
2.174224299936190e-01,1.554438696965804e-09
2.176354221860110e-01,1.554322892013512e-09
2.178484143784030e-01,1.554207206527070e-09
2.180614065707950e-01,1.554091640456522e-09
2.182743987631870e-01,1.553976193751910e-09
2.184873909555790e-01,1.553860866363279e-09
2.187003831479710e-01,1.553745658184328e-09
2.189133753403630e-01,1.553630568883368e-09
2.191263675327540e-01,1.553515598072351e-09
2.193393597251460e-01,1.553400745363227e-09
2.195523519175380e-01,1.553286010367951e-09
2.197653441099300e-01,1.553171392698475e-09
2.199783363023220e-01,1.553056891966752e-09
2.201913284947140e-01,1.552942507784733e-09
2.204043206871060e-01,1.552828239764372e-09
2.206173128794970e-01,1.552714087517621e-09
2.208303050718890e-01,1.552600050698463e-09
2.210432972642810e-01,1.552486129128973e-09
2.212562894566730e-01,1.552372322673240e-09
2.214692816490650e-01,1.552258631195356e-09
2.216822738414570e-01,1.552145054559410e-09
2.218952660338490e-01,1.552031592629492e-09
2.221082582262410e-01,1.551918245269692e-09
2.223212504186320e-01,1.551805012344101e-09
2.225342426110240e-01,1.551691893716808e-09
2.227472348034160e-01,1.551578889251904e-09
2.229602269958080e-01,1.551465998796824e-09
2.231732191882000e-01,1.551353222132422e-09
2.233862113805920e-01,1.551240559022912e-09
2.235992035729840e-01,1.551128009232510e-09
2.238121957653760e-01,1.551015572525431e-09
2.240251879577670e-01,1.550903248665891e-09
2.242381801501590e-01,1.550791037418102e-09
2.244511723425510e-01,1.550678938546282e-09
2.246641645349430e-01,1.550566951814645e-09
2.248771567273350e-01,1.550455076987406e-09
2.250901489197270e-01,1.550343313825896e-09
2.253031411121190e-01,1.550231662079893e-09
2.255161333045100e-01,1.550120121496291e-09
2.257291254969020e-01,1.550008691821979e-09
2.259421176892940e-01,1.549897372803849e-09
2.261551098816860e-01,1.549786164188793e-09
2.263681020740780e-01,1.549675065723701e-09
2.265810942664700e-01,1.549564077155465e-09
2.267940864588620e-01,1.549453198230976e-09
2.270070786512540e-01,1.549342428697126e-09
2.272200708436450e-01,1.549231768333353e-09
2.274330630360370e-01,1.549121217049326e-09
2.276460552284290e-01,1.549010774787281e-09
2.278590474208210e-01,1.548900441489455e-09
2.280720396132130e-01,1.548790217098082e-09
2.282850318056050e-01,1.548680101555398e-09
2.284980239979970e-01,1.548570094803641e-09
2.287110161903880e-01,1.548460196785046e-09
2.289240083827800e-01,1.548350407441848e-09
2.291370005751720e-01,1.548240726716283e-09
2.293499927675640e-01,1.548131154454354e-09
2.295629849599560e-01,1.548021690117130e-09
2.297759771523480e-01,1.547912333069449e-09
2.299889693447400e-01,1.547803082676147e-09
2.302019615371320e-01,1.547693938302062e-09
2.304149537295230e-01,1.547584899312032e-09
2.306279459219150e-01,1.547475965070893e-09
2.308409381143070e-01,1.547367134943483e-09
2.310539303066990e-01,1.547258408294640e-09
2.312669224990910e-01,1.547149784489199e-09
2.314799146914830e-01,1.547041263076582e-09
2.316929068838750e-01,1.546932844344306e-09
2.319058990762670e-01,1.546824528764353e-09
2.321188912686580e-01,1.546716316808707e-09
2.323318834610500e-01,1.546608208949349e-09
2.325448756534420e-01,1.546500205658264e-09
2.327578678458340e-01,1.546392307407435e-09
2.329708600382260e-01,1.546284514668843e-09
2.331838522306180e-01,1.546176827914472e-09
2.333968444230100e-01,1.546069247616305e-09
2.336098366154010e-01,1.545961774049164e-09
2.338228288077930e-01,1.545854406699715e-09
2.340358210001850e-01,1.545747144857712e-09
2.342488131925770e-01,1.545639987812908e-09
2.344618053849690e-01,1.545532934855055e-09
2.346747975773610e-01,1.545425985273906e-09
2.348877897697530e-01,1.545319138359214e-09
2.351007819621450e-01,1.545212393400731e-09
2.353137741545360e-01,1.545105749688212e-09
2.355267663469280e-01,1.544999206511407e-09
2.357397585393200e-01,1.544892763230847e-09
2.359527507317120e-01,1.544786419490306e-09
2.361657429241040e-01,1.544680175004398e-09
2.363787351164960e-01,1.544574029487742e-09
2.365917273088880e-01,1.544467982654954e-09
2.368047195012800e-01,1.544362034220651e-09
2.370177116936710e-01,1.544256183899451e-09
2.372307038860630e-01,1.544150431405968e-09
2.374436960784550e-01,1.544044776454821e-09
2.376566882708470e-01,1.543939218760627e-09
2.378696804632390e-01,1.543833758207128e-09
2.380826726556310e-01,1.543728395354685e-09
2.382956648480230e-01,1.543623130932841e-09
2.385086570404140e-01,1.543517965671139e-09
2.387216492328060e-01,1.543412900299121e-09
2.389346414251980e-01,1.543307935546330e-09
2.391476336175900e-01,1.543203072142310e-09
2.393606258099820e-01,1.543098310816602e-09
2.395736180023740e-01,1.542993652298750e-09
2.397866101947660e-01,1.542889097318297e-09
2.399996023871580e-01,1.542784646257046e-09
2.402125945795490e-01,1.542680298106042e-09
2.404255867719410e-01,1.542576051508691e-09
2.406385789643330e-01,1.542471905108399e-09
2.408515711567250e-01,1.542367857548572e-09
2.410645633491170e-01,1.542263907472615e-09
2.412775555415090e-01,1.542160053523935e-09
2.414905477339010e-01,1.542056294345937e-09
2.417035399262920e-01,1.541952628582028e-09
2.419165321186840e-01,1.541849054875612e-09
2.421295243110760e-01,1.541745572202257e-09
2.423425165034680e-01,1.541642180865573e-09
2.425555086958600e-01,1.541538881501033e-09
2.427685008882520e-01,1.541435674744107e-09
2.429814930806440e-01,1.541332561230268e-09
2.431944852730360e-01,1.541229541594987e-09
2.434074774654270e-01,1.541126616473736e-09
2.436204696578190e-01,1.541023786501985e-09
2.438334618502110e-01,1.540921052315208e-09
2.440464540426030e-01,1.540818414548874e-09
2.442594462349950e-01,1.540715873636706e-09
2.444724384273870e-01,1.540613429204898e-09
2.446854306197790e-01,1.540511080677632e-09
2.448984228121710e-01,1.540408827479091e-09
2.451114150045620e-01,1.540306669033460e-09
2.453244071969540e-01,1.540204604764919e-09
2.455373993893460e-01,1.540102634097651e-09
2.457503915817380e-01,1.540000756455840e-09
2.459633837741300e-01,1.539898971263668e-09
2.461763759665220e-01,1.539797277945317e-09
2.463893681589140e-01,1.539695676027507e-09
2.466023603513050e-01,1.539594165447235e-09
2.468153525436970e-01,1.539492746244105e-09
2.470283447360890e-01,1.539391418457719e-09
2.472413369284810e-01,1.539290182127682e-09
2.474543291208730e-01,1.539189037293595e-09
2.476673213132650e-01,1.539087983995062e-09
2.478803135056570e-01,1.538987022271687e-09
2.480933056980490e-01,1.538886152163072e-09
2.483062978904400e-01,1.538785373708822e-09
2.485192900828320e-01,1.538684686865909e-09
2.487322822752240e-01,1.538584091260779e-09
2.489452744676160e-01,1.538483586437243e-09
2.491582666600080e-01,1.538383171939114e-09
2.493712588524000e-01,1.538282847310201e-09
2.495842510447920e-01,1.538182612094317e-09
2.497972432371830e-01,1.538082465835273e-09
2.500102354295750e-01,1.537982408076880e-09
2.502232276219670e-01,1.537882438362949e-09
2.504362198143590e-01,1.537782556237292e-09
2.506492120067510e-01,1.537682761394642e-09
2.508622041991430e-01,1.537583054133259e-09
2.510751963915350e-01,1.537483434902239e-09
2.512881885839270e-01,1.537383904150679e-09
2.515011807763180e-01,1.537284462327677e-09
2.517141729687100e-01,1.537185109882328e-09
2.519271651611020e-01,1.537085847263731e-09
2.521401573534940e-01,1.536986674920981e-09
2.523531495458860e-01,1.536887593303177e-09
2.525661417382780e-01,1.536788602859414e-09
2.527791339306700e-01,1.536689703824888e-09
2.529921261230620e-01,1.536590895579680e-09
2.532051183154530e-01,1.536492177290223e-09
2.534181105078450e-01,1.536393548122948e-09
2.536311027002370e-01,1.536295007244286e-09
2.538440948926290e-01,1.536196553820669e-09
2.540570870850210e-01,1.536098187018527e-09
2.542700792774130e-01,1.535999906004293e-09
2.544830714698050e-01,1.535901709944398e-09
2.546960636621960e-01,1.535803598005274e-09
2.549090558545880e-01,1.535705569539161e-09
2.551220480469800e-01,1.535607624641925e-09
2.553350402393720e-01,1.535509763595430e-09
2.555480324317640e-01,1.535411986681542e-09
2.557610246241560e-01,1.535314294182125e-09
2.559740168165480e-01,1.535216686379045e-09
2.561870090089400e-01,1.535119163554167e-09
2.564000012013310e-01,1.535021725989356e-09
2.566129933937230e-01,1.534924373966476e-09
2.568259855861150e-01,1.534827107767394e-09
2.570389777785070e-01,1.534729927595284e-09
2.572519699708990e-01,1.534632833338507e-09
2.574649621632910e-01,1.534535824806701e-09
2.576779543556830e-01,1.534438901809503e-09
2.578909465480740e-01,1.534342064156553e-09
2.581039387404660e-01,1.534245311657487e-09
2.583169309328580e-01,1.534148644121945e-09
2.585299231252500e-01,1.534052061359564e-09
2.587429153176420e-01,1.533955563179983e-09
2.589559075100340e-01,1.533859149392840e-09
2.591688997024260e-01,1.533762819830227e-09
2.593818918948180e-01,1.533666574414037e-09
2.595948840872090e-01,1.533570413088614e-09
2.598078762796010e-01,1.533474335798300e-09
2.600208684719930e-01,1.533378342487438e-09
2.602338606643850e-01,1.533282433100369e-09
2.604468528567770e-01,1.533186607581439e-09
2.606598450491690e-01,1.533090865874987e-09
2.608728372415610e-01,1.532995207925359e-09
2.610858294339530e-01,1.532899633676895e-09
2.612988216263440e-01,1.532804142989501e-09
2.615118138187360e-01,1.532708735385465e-09
2.617248060111280e-01,1.532613410302706e-09
2.619377982035200e-01,1.532518167179144e-09
2.621507903959120e-01,1.532423005452700e-09
2.623637825883040e-01,1.532327924561293e-09
2.625767747806960e-01,1.532232923942842e-09
2.627897669730870e-01,1.532138003035269e-09
2.630027591654790e-01,1.532043161276493e-09
2.632157513578710e-01,1.531948398104432e-09
2.634287435502630e-01,1.531853713101423e-09
2.636417357426550e-01,1.531759106427854e-09
2.638547279350470e-01,1.531664578388728e-09
2.640677201274390e-01,1.531570129289047e-09
2.642807123198310e-01,1.531475759433813e-09
2.644937045122220e-01,1.531381469128027e-09
2.647066967046140e-01,1.531287258676692e-09
2.649196888970060e-01,1.531193128384810e-09
2.651326810893980e-01,1.531099078557383e-09
2.653456732817900e-01,1.531005109499414e-09
2.655586654741820e-01,1.530911221404468e-09
2.657716576665740e-01,1.530817414020203e-09
2.659846498589660e-01,1.530723686982755e-09
2.661976420513570e-01,1.530630039928265e-09
2.664106342437490e-01,1.530536472492866e-09
2.666236264361410e-01,1.530442984312699e-09
2.668366186285330e-01,1.530349575023899e-09
2.670496108209250e-01,1.530256244262605e-09
2.672626030133170e-01,1.530162991664954e-09
2.674755952057090e-01,1.530069816867084e-09
2.676885873981000e-01,1.529976719518013e-09
2.679015795904920e-01,1.529883699318285e-09
2.681145717828840e-01,1.529790755981326e-09
2.683275639752760e-01,1.529697889220563e-09
2.685405561676680e-01,1.529605098749423e-09
2.687535483600600e-01,1.529512384281333e-09
2.689665405524520e-01,1.529419745529718e-09
2.691795327448440e-01,1.529327182208007e-09
2.693925249372350e-01,1.529234694029625e-09
2.696055171296270e-01,1.529142280707999e-09
2.698185093220190e-01,1.529049942068501e-09
2.700315015144110e-01,1.528957678384178e-09
2.702444937068030e-01,1.528865490039968e-09
2.704574858991950e-01,1.528773377420810e-09
2.706704780915870e-01,1.528681340911642e-09
2.708834702839780e-01,1.528589380897402e-09
2.710964624763700e-01,1.528497497763029e-09
2.713094546687620e-01,1.528405691893461e-09
2.715224468611540e-01,1.528313963673636e-09
2.717354390535460e-01,1.528222313488493e-09
2.719484312459380e-01,1.528130741628831e-09
2.721614234383300e-01,1.528039248009095e-09
2.723744156307220e-01,1.527947832449698e-09
2.725874078231130e-01,1.527856494771050e-09
2.728004000155050e-01,1.527765234793561e-09
2.730133922078970e-01,1.527674052337642e-09
2.732263844002890e-01,1.527582947223704e-09
2.734393765926810e-01,1.527491919272159e-09
2.736523687850730e-01,1.527400968303415e-09
2.738653609774650e-01,1.527310094137886e-09
2.740783531698570e-01,1.527219296450917e-09
2.742913453622480e-01,1.527128574337285e-09
2.745043375546400e-01,1.527037926746543e-09
2.747173297470320e-01,1.526947352628243e-09
2.749303219394240e-01,1.526856850931940e-09
2.751433141318160e-01,1.526766420607185e-09
2.753563063242080e-01,1.526676060603532e-09
2.755692985166000e-01,1.526585769870535e-09
2.757822907089910e-01,1.526495547357747e-09
2.759952829013830e-01,1.526405392014719e-09
2.762082750937750e-01,1.526315303403070e-09
2.764212672861670e-01,1.526225283533261e-09
2.766342594785590e-01,1.526135335028113e-09
2.768472516709510e-01,1.526045460510448e-09
2.770602438633430e-01,1.525955662603087e-09
2.772732360557350e-01,1.525865943928850e-09
2.774862282481260e-01,1.525776307110558e-09
2.776992204405180e-01,1.525686754771033e-09
2.779122126329100e-01,1.525597289533095e-09
2.781252048253020e-01,1.525507914019566e-09
2.783381970176940e-01,1.525418628876858e-09
2.785511892100860e-01,1.525329426846300e-09
