7.791356504680618e-06,4.700738728050171e-09
8.610780621332552e-06,4.630811568393769e-09
9.516384324626089e-06,4.562309803656092e-09
1.051723120080771e-05,4.495116109948398e-09
1.162333806181051e-05,4.429128402582750e-09
1.284577519687474e-05,4.364258879442252e-09
1.419677716772344e-05,4.300432749499427e-09
1.568986525616830e-05,4.237586786163184e-09
1.733998278964274e-05,4.175667729158472e-09
1.916364469904539e-05,4.114630646316770e-09
2.117910280571951e-05,4.054437300630357e-09
2.340652849181556e-05,3.995054590803506e-09
2.586821458226360e-05,3.936453194354735e-09
2.858879845885812e-05,3.878606493523326e-09
3.159550863945590e-05,3.821489967623161e-09
3.491843729013453e-05,3.765081200637346e-09
3.859084139770492e-05,3.709360561119814e-09
4.264947561681323e-05,3.654312467733583e-09
4.713496012287843e-05,3.599926688860497e-09
5.209218715246060e-05,3.546198761204853e-09
5.757077029985334e-05,3.493128492502497e-09
6.362554106661115e-05,3.440716287594873e-09
7.031709763364645e-05,3.388959094997517e-09
7.771241134819200e-05,3.337849607402633e-09
8.588549699555374e-05,3.287380697362229e-09
9.491815356395940e-05,3.237550410357741e-09
1.049007829163263e-04,3.188359203562337e-09
1.159332945624905e-04,3.139802696817744e-09
1.281261055871622e-04,3.091874783542660e-09
1.416012457412214e-04,3.044574151335932e-09
1.564935787564811e-04,2.997896845770628e-09
1.729521521072439e-04,2.951837866943207e-09
1.911416887275217e-04,2.906394442167183e-09
2.112442356135248e-04,2.861561306360195e-09
2.334609858111876e-04,2.817334781973531e-09
2.580142920237960e-04,2.773710150351980e-09
2.851498919925769e-04,2.730682767088111e-09
3.151393679226079e-04,2.688248107323401e-09
3.482828645688079e-04,2.646401415097826e-09
3.849120931855259e-04,2.605137861650256e-09
4.253936514042669e-04,2.564452586875118e-09
4.701326922660057e-04,2.524340679267965e-09
5.195769791289974e-04,2.484797148004141e-09
5.742213670349657e-04,2.445817007660215e-09
6.346127553846864e-04,2.407394616200698e-09
7.013555614910102e-04,2.369522046908030e-09
7.751177697904812e-04,2.332191011339598e-09
8.566376172560946e-04,2.295393335361448e-09
9.467309819210534e-04,2.259120951458030e-09
1.046299548460350e-03,2.223365905352171e-09
1.156339832554060e-03,2.188120354121074e-09
1.277953154351212e-03,2.153201296610831e-09
1.405748469786333e-03,2.120377457939691e-09
1.533543785221454e-03,2.090959018120625e-09
1.661339100656575e-03,2.064375988249189e-09
1.789134416091696e-03,2.040058379420942e-09
1.916929731526817e-03,2.017514033954882e-09
2.000000000000000e-03,2.003720055827078e-09
2.044725046961939e-03,1.996561645056002e-09
2.172520362397060e-03,1.977072588693838e-09
2.300315677832181e-03,1.958880953889905e-09
2.428110993267302e-03,1.941817811974852e-09
2.555906308702423e-03,1.925730046878342e-09
2.683701624137544e-03,1.910527792936097e-09
2.811496939572665e-03,1.896136997087854e-09
2.939292255007787e-03,1.882483606273350e-09
3.067087570442908e-03,1.869493567432322e-09
3.194882885878029e-03,1.857098719385639e-09
3.322678201313150e-03,1.845254468716357e-09
3.450473516748271e-03,1.833922114007496e-09
3.578268832183392e-03,1.823062953842070e-09
3.706064147618514e-03,1.812638286803098e-09
3.833859463053635e-03,1.802612091984646e-09
3.961654778488756e-03,1.792959070487818e-09
4.089450093923877e-03,1.783656603906189e-09
4.217245409358998e-03,1.774682073833336e-09
4.345040724794119e-03,1.766012861862834e-09
4.472836040229241e-03,1.757627739402103e-09
4.600631355664362e-03,1.749511037149869e-09
4.728426671099482e-03,1.741648475636660e-09
4.856221986534604e-03,1.734025775393004e-09
4.984017301969726e-03,1.726628656949427e-09
5.111812617404846e-03,1.719443627239482e-09
5.239607932839968e-03,1.712460338786503e-09
5.367403248275089e-03,1.705669230505700e-09
5.495198563710209e-03,1.699060741312279e-09
5.622993879145331e-03,1.692625310121451e-09
5.750789194580453e-03,1.686353853166906e-09
5.878584510015573e-03,1.680239195961683e-09
6.006379825450694e-03,1.674274641340012e-09
6.134175140885816e-03,1.668453492136122e-09
6.261970456320937e-03,1.662769051184244e-09
6.389765771756058e-03,1.657214926851906e-09
6.517561087191179e-03,1.651785949626746e-09
6.645356402626300e-03,1.646477255523152e-09
6.773151718061422e-03,1.641283980555514e-09
6.900947033496543e-03,1.636201260738223e-09
7.028742348931663e-03,1.631224436338123e-09
7.156537664366785e-03,1.626349664631241e-09
7.284332979801906e-03,1.621573307145740e-09
7.412128295237027e-03,1.616891725409778e-09
7.539923610672148e-03,1.612301280951518e-09
7.667718926107269e-03,1.607798477022570e-09
7.795514241542391e-03,1.603380383773527e-09
7.923309556977513e-03,1.599044213081021e-09
8.051104872412632e-03,1.594787176821683e-09
8.178900187847754e-03,1.590606486872148e-09
8.306695503282877e-03,1.586499455482548e-09
8.434490818717996e-03,1.582463796395261e-09
8.562286134153118e-03,1.578497323725278e-09
8.690081449588239e-03,1.574597851587592e-09
8.817876765023359e-03,1.570763194097196e-09
8.945672080458482e-03,1.566991241908247e-09
9.073467395893601e-03,1.563280191833246e-09
9.201262711328723e-03,1.559628317224705e-09
9.329058026763846e-03,1.556033891435135e-09
9.456853342198965e-03,1.552495187817045e-09
9.584648657634087e-03,1.549010525568953e-09
9.712443973069206e-03,1.545578407271929e-09
9.840239288504329e-03,1.542197381352312e-09
9.968034603939451e-03,1.538865996236441e-09
1.009582991937457e-02,1.535582800350655e-09
1.022362523480969e-02,1.532346407435828e-09
1.035142055024482e-02,1.529155692491470e-09
1.047921586567993e-02,1.526009595831875e-09
1.060701118111506e-02,1.522907057771332e-09
1.073480649655018e-02,1.519847018624135e-09
1.086260181198530e-02,1.516828418704576e-09
1.099039712742042e-02,1.513850198326948e-09
1.111819244285554e-02,1.510911297805541e-09
1.124598775829066e-02,1.508010657454650e-09
1.137378307372578e-02,1.505147217588565e-09
1.150157838916090e-02,1.502319973664335e-09
1.162937370459603e-02,1.499528141694114e-09
1.175716902003114e-02,1.496770992824856e-09
1.188496433546627e-02,1.494047798203514e-09
1.201275965090139e-02,1.491357828977042e-09
1.214055496633651e-02,1.488700356292392e-09
1.226835028177163e-02,1.486074651296519e-09
1.239614559720675e-02,1.483479985136376e-09
1.252394091264187e-02,1.480915628958915e-09
1.265173622807700e-02,1.478380853911090e-09
1.277953154351211e-02,1.475874963338261e-09
1.290732685894724e-02,1.473397389390805e-09
1.303512217438236e-02,1.470947596423211e-09
1.316291748981748e-02,1.468525048789967e-09
1.329071280525260e-02,1.466129210845560e-09
1.341850812068772e-02,1.463759546944478e-09
1.354630343612284e-02,1.461415521441208e-09
1.367409875155796e-02,1.459096598690237e-09
1.380189406699308e-02,1.456802243046054e-09
1.392968938242821e-02,1.454531918863144e-09
1.405748469786333e-02,1.452285113014737e-09
1.418528001329845e-02,1.450061402450325e-09
1.431307532873357e-02,1.447860386638794e-09
1.444087064416869e-02,1.445681665049030e-09
1.456866595960381e-02,1.443524837149918e-09
1.469646127503893e-02,1.441389502410346e-09
1.482425659047405e-02,1.439275260299197e-09
1.495205190590917e-02,1.437181710285360e-09
1.507984722134430e-02,1.435108451837718e-09
1.520764253677942e-02,1.433055084425159e-09
1.533543785221454e-02,1.431021222924356e-09
1.546323316764966e-02,1.429006543839466e-09
1.559102848308478e-02,1.427010739080598e-09
1.571882379851990e-02,1.425033500557861e-09
1.584661911395502e-02,1.423074520181366e-09
1.597441442939014e-02,1.421133489861221e-09
1.610220974482527e-02,1.419210101507537e-09
1.623000506026039e-02,1.417304047030422e-09
1.635780037569551e-02,1.415415018339986e-09
1.648559569113063e-02,1.413542707346338e-09
1.661339100656575e-02,1.411686817056257e-09
1.674118632200087e-02,1.409847094867676e-09
1.686898163743599e-02,1.408023299277444e-09
1.699677695287111e-02,1.406215188782410e-09
1.712457226830624e-02,1.404422521879422e-09
1.725236758374135e-02,1.402645057065327e-09
1.738016289917648e-02,1.400882552836975e-09
1.750795821461160e-02,1.399134767691213e-09
1.763575353004672e-02,1.397401460124889e-09
1.776354884548184e-02,1.395682388634851e-09
1.789134416091696e-02,1.393977319845242e-09
1.801913947635208e-02,1.392286052890252e-09
1.814693479178720e-02,1.390608395031810e-09
1.827473010722232e-02,1.388944153531841e-09
1.840252542265745e-02,1.387293135652271e-09
1.853032073809257e-02,1.385655148655027e-09
1.865811605352769e-02,1.384029999802036e-09
1.878591136896281e-02,1.382417496355223e-09
1.891370668439793e-02,1.380817445576515e-09
1.904150199983305e-02,1.379229654727839e-09
1.916929731526817e-02,1.377653937171138e-09
1.929709263070329e-02,1.376090130667284e-09
1.942488794613842e-02,1.374538079076592e-09
1.955268326157353e-02,1.372997626259381e-09
1.968047857700866e-02,1.371468616075964e-09
1.980827389244378e-02,1.369950892386660e-09
1.993606920787890e-02,1.368444299051784e-09
2.006386452331402e-02,1.366948679931653e-09
2.019165983874914e-02,1.365463878886583e-09
2.031945515418426e-02,1.363989739776890e-09
2.044725046961939e-02,1.362526111122992e-09
2.057504578505450e-02,1.361072860087836e-09
2.070284110048963e-02,1.359629858495530e-09
2.083063641592475e-02,1.358196978170183e-09
2.095843173135987e-02,1.356774090935904e-09
2.108622704679499e-02,1.355361068616799e-09
2.121402236223011e-02,1.353957783036979e-09
2.134181767766523e-02,1.352564106020552e-09
2.146961299310035e-02,1.351179909391626e-09
2.159740830853547e-02,1.349805064974309e-09
2.172520362397060e-02,1.348439448211329e-09
2.185299893940572e-02,1.347082949020459e-09
2.198079425484084e-02,1.345735460938380e-09
2.210858957027596e-02,1.344396877501770e-09
2.223638488571108e-02,1.343067092247310e-09
2.236418020114620e-02,1.341745998711680e-09
2.249197551658132e-02,1.340433490431558e-09
2.261977083201644e-02,1.339129460943626e-09
2.274756614745157e-02,1.337833803784562e-09
2.287536146288669e-02,1.336546412491046e-09
2.300315677832181e-02,1.335267183453511e-09
2.313095209375693e-02,1.333996024477000e-09
2.325874740919205e-02,1.332732846220117e-09
2.338654272462717e-02,1.331477559341462e-09
2.351433804006229e-02,1.330230074499637e-09
2.364213335549741e-02,1.328990302353243e-09
2.376992867093253e-02,1.327758153560881e-09
2.389772398636766e-02,1.326533538781153e-09
2.402551930180278e-02,1.325316368672661e-09
2.415331461723790e-02,1.324106553894005e-09
2.428110993267302e-02,1.322904007381285e-09
2.440890524810814e-02,1.321708651179605e-09
2.453670056354326e-02,1.320520409611072e-09
2.466449587897838e-02,1.319339206997793e-09
2.479229119441350e-02,1.318164967661876e-09
2.492008650984863e-02,1.316997615925429e-09
2.504788182528375e-02,1.315837076110559e-09
2.517567714071887e-02,1.314683272539375e-09
2.530347245615399e-02,1.313536129533982e-09
2.543126777158911e-02,1.312395571416490e-09
2.555906308702423e-02,1.311261524348684e-09
2.568685840245935e-02,1.310133921851449e-09
2.581465371789447e-02,1.309012699285541e-09
2.594244903332960e-02,1.307897792011716e-09
2.607024434876471e-02,1.306789135390731e-09
2.619803966419984e-02,1.305686664783341e-09
2.632583497963496e-02,1.304590315550302e-09
2.645363029507008e-02,1.303500023052370e-09
2.658142561050520e-02,1.302415722650302e-09
2.670922092594032e-02,1.301337349704854e-09
2.683701624137544e-02,1.300264841078252e-09
2.696481155681056e-02,1.299198139638476e-09
2.709260687224568e-02,1.298137189754912e-09
2.722040218768081e-02,1.297081935796945e-09
2.734819750311593e-02,1.296032322133961e-09
2.747599281855105e-02,1.294988293135344e-09
2.760378813398617e-02,1.293949793170482e-09
2.773158344942129e-02,1.292916766608758e-09
2.785937876485641e-02,1.291889157819558e-09
2.798717408029153e-02,1.290866911172268e-09
2.811496939572665e-02,1.289849972273955e-09
2.824276471116178e-02,1.288838291681934e-09
2.837056002659689e-02,1.287831821190966e-09
2.849835534203202e-02,1.286830512595811e-09
2.862615065746714e-02,1.285834317691230e-09
2.875394597290226e-02,1.284843188271983e-09
2.888174128833738e-02,1.283857076132829e-09
2.900953660377250e-02,1.282875933068531e-09
2.913733191920762e-02,1.281899710873847e-09
2.926512723464274e-02,1.280928361343539e-09
2.939292255007787e-02,1.279961837299956e-09
2.952071786551299e-02,1.279000095676084e-09
2.964851318094811e-02,1.278043094432629e-09
2.977630849638323e-02,1.277090791530299e-09
2.990410381181835e-02,1.276143144929802e-09
3.003189912725347e-02,1.275200112591845e-09
3.015969444268859e-02,1.274261652477136e-09
3.028748975812371e-02,1.273327722546383e-09
3.041528507355883e-02,1.272398280760293e-09
3.054308038899396e-02,1.271473285079575e-09
3.067087570442908e-02,1.270552694326917e-09
3.079867101986420e-02,1.269636470772905e-09
3.092646633529932e-02,1.268724577550091e-09
3.105426165073444e-02,1.267816977791027e-09
3.118205696616956e-02,1.266913634628263e-09
3.130985228160468e-02,1.266014511194352e-09
3.143764759703981e-02,1.265119570621845e-09
3.156544291247493e-02,1.264228776043295e-09
3.169323822791005e-02,1.263342090591251e-09
3.182103354334517e-02,1.262459477398267e-09
3.194882885878029e-02,1.261580900323651e-09
3.207662417421541e-02,1.260706326133498e-09
3.220441948965053e-02,1.259835722320540e-09
3.233221480508566e-02,1.258969056377510e-09
3.246001012052077e-02,1.258106295797139e-09
3.258780543595589e-02,1.257247408072159e-09
3.271560075139102e-02,1.256392360695302e-09
3.284339606682614e-02,1.255541121159300e-09
3.297119138226126e-02,1.254693656956885e-09
3.309898669769638e-02,1.253849935580788e-09
3.322678201313150e-02,1.253009925141167e-09
3.335457732856662e-02,1.252173596218069e-09
3.348237264400174e-02,1.251340920009061e-09
3.361016795943687e-02,1.250511867711711e-09
3.373796327487198e-02,1.249686410523588e-09
3.386575859030710e-02,1.248864519642259e-09
3.399355390574223e-02,1.248046166265292e-09
3.412134922117735e-02,1.247231321590255e-09
3.424914453661247e-02,1.246419956814716e-09
3.437693985204759e-02,1.245612043136243e-09
3.450473516748271e-02,1.244807552280382e-09
3.463253048291783e-02,1.244006458084605e-09
3.476032579835295e-02,1.243208734914367e-09
3.488812111378808e-02,1.242414357135121e-09
3.501591642922319e-02,1.241623299112323e-09
3.514371174465832e-02,1.240835535211425e-09
3.527150706009344e-02,1.240051039797883e-09
3.539930237552856e-02,1.239269787237151e-09
3.552709769096368e-02,1.238491751894682e-09
3.565489300639881e-02,1.237716908135932e-09
3.578268832183392e-02,1.236945230779679e-09
3.591048363726904e-02,1.236176696457874e-09
3.603827895270417e-02,1.235411282255731e-09
3.616607426813929e-02,1.234648965258461e-09
3.629386958357441e-02,1.233889722551276e-09
3.642166489900953e-02,1.233133531219389e-09
3.654946021444465e-02,1.232380368348011e-09
3.667725552987977e-02,1.231630211022356e-09
3.680505084531489e-02,1.230883036327635e-09
3.693284616075002e-02,1.230138821349061e-09
3.706064147618514e-02,1.229397543564572e-09
3.718843679162025e-02,1.228659182023152e-09
3.731623210705538e-02,1.227923716166580e-09
3.744402742249050e-02,1.227191125436638e-09
3.757182273792562e-02,1.226461389275106e-09
3.769961805336074e-02,1.225734487123764e-09
3.782741336879586e-02,1.225010398424392e-09
3.795520868423098e-02,1.224289102618772e-09
3.808300399966610e-02,1.223570579148684e-09
3.821079931510123e-02,1.222854807455908e-09
3.833859463053635e-02,1.222141767322540e-09
3.846638994597146e-02,1.221431439891966e-09
3.859418526140659e-02,1.220723806647896e-09
3.872198057684171e-02,1.220018849074041e-09
3.884977589227683e-02,1.219316548654114e-09
3.897757120771195e-02,1.218616886871825e-09
3.910536652314707e-02,1.217919845210885e-09
3.923316183858219e-02,1.217225405155007e-09
3.936095715401731e-02,1.216533548187901e-09
3.948875246945244e-02,1.215844255793279e-09
3.961654778488756e-02,1.215157509752038e-09
3.974434310032268e-02,1.214473293033744e-09
3.987213841575780e-02,1.213791588905116e-09
3.999993373119292e-02,1.213112380632873e-09
4.012772904662804e-02,1.212435651483733e-09
4.025552436206317e-02,1.211761384724414e-09
4.038331967749829e-02,1.211089563621634e-09
4.051111499293340e-02,1.210420171442112e-09
4.063891030836853e-02,1.209753191452566e-09
4.076670562380365e-02,1.209088606919714e-09
4.089450093923877e-02,1.208426401370894e-09
4.102229625467389e-02,1.207766559376023e-09
4.115009157010902e-02,1.207109065765691e-09
4.127788688554413e-02,1.206453905370490e-09
4.140568220097925e-02,1.205801063021009e-09
4.153347751641438e-02,1.205150523547840e-09
4.166127283184950e-02,1.204502271781571e-09
4.178906814728462e-02,1.203856292552795e-09
4.191686346271974e-02,1.203212570692100e-09
4.204465877815486e-02,1.202571091030078e-09
4.217245409358998e-02,1.201931838626679e-09
4.230024940902510e-02,1.201294799459323e-09
4.242804472446023e-02,1.200659959734803e-09
4.255584003989534e-02,1.200027305659912e-09
4.268363535533046e-02,1.199396823441442e-09
4.281143067076559e-02,1.198768499286188e-09
4.293922598620071e-02,1.198142319400941e-09
4.306702130163583e-02,1.197518269992496e-09
4.319481661707095e-02,1.196896337267645e-09
4.332261193250607e-02,1.196276507433182e-09
4.345040724794119e-02,1.195658766898461e-09
4.357820256337631e-02,1.195043102883054e-09
4.370599787881144e-02,1.194429502809075e-09
4.383379319424656e-02,1.193817954098637e-09
4.396158850968167e-02,1.193208444173857e-09
4.408938382511680e-02,1.192600960456848e-09
4.421717914055192e-02,1.191995490369725e-09
4.434497445598704e-02,1.191392021334602e-09
4.447276977142216e-02,1.190790540773594e-09
4.460056508685728e-02,1.190191036108816e-09
4.472836040229240e-02,1.189593494941976e-09
4.485615571772752e-02,1.188997905593246e-09
4.498395103316265e-02,1.188404256562433e-09
4.511174634859777e-02,1.187812536349344e-09
4.523954166403289e-02,1.187222733453786e-09
4.536733697946801e-02,1.186634836375566e-09
4.549513229490313e-02,1.186048833614492e-09
4.562292761033825e-02,1.185464713670370e-09
4.575072292577338e-02,1.184882465043009e-09
4.587851824120850e-02,1.184302076232214e-09
4.600631355664361e-02,1.183723535897891e-09
4.613410887207874e-02,1.183146833340362e-09
4.626190418751386e-02,1.182571958020060e-09
4.638969950294898e-02,1.181998899397418e-09
4.651749481838410e-02,1.181427646932869e-09
4.664529013381922e-02,1.180858190086846e-09
4.677308544925434e-02,1.180290518319782e-09
4.690088076468946e-02,1.179724621092110e-09
4.702867608012459e-02,1.179160487864263e-09
4.715647139555971e-02,1.178598108096675e-09
4.728426671099482e-02,1.178037471391563e-09
4.741206202642995e-02,1.177478567918267e-09
4.753985734186507e-02,1.176921387987903e-09
4.766765265730019e-02,1.176365921911588e-09
4.779544797273531e-02,1.175812160000437e-09
4.792324328817044e-02,1.175260092565565e-09
4.805103860360555e-02,1.174709709918090e-09
4.817883391904067e-02,1.174161002369126e-09
4.830662923447580e-02,1.173613960229790e-09
4.843442454991092e-02,1.173068573811198e-09
4.856221986534604e-02,1.172524833555939e-09
4.869001518078116e-02,1.171982730432448e-09
4.881781049621628e-02,1.171442255540602e-09
4.894560581165140e-02,1.170903399980281e-09
4.907340112708652e-02,1.170366154851365e-09
4.920119644252165e-02,1.169830511253732e-09
4.932899175795677e-02,1.169296460287262e-09
4.945678707339188e-02,1.168763993051833e-09
4.958458238882701e-02,1.168233100647326e-09
4.971237770426213e-02,1.167703774173619e-09
4.984017301969725e-02,1.167176004817067e-09
4.996796833513237e-02,1.166649784109946e-09
5.000000000000000e-02,1.166518129584818e-09
5.009576365056749e-02,1.166125103684180e-09
5.022355896600261e-02,1.165601955286533e-09
5.035135428143774e-02,1.165080330722997e-09
5.047914959687286e-02,1.164560221800061e-09
5.060694491230798e-02,1.164041620324212e-09
5.073474022774310e-02,1.163524518101938e-09
5.086253554317822e-02,1.163008906939727e-09
5.099033085861334e-02,1.162494778644065e-09
5.111812617404846e-02,1.161982125117628e-09
5.124592148948359e-02,1.161470938647836e-09
5.137371680491870e-02,1.160961211618294e-09
5.150151212035382e-02,1.160452936412605e-09
5.162930743578895e-02,1.159946105414373e-09
5.175710275122407e-02,1.159440711007204e-09
5.188489806665919e-02,1.158936745574700e-09
5.201269338209431e-02,1.158434201500467e-09
5.214048869752943e-02,1.157933071168107e-09
5.226828401296455e-02,1.157433346961226e-09
5.239607932839967e-02,1.156935021358545e-09
5.252387464383480e-02,1.156438087219221e-09
5.265166995926992e-02,1.155942537497508e-09
5.277946527470503e-02,1.155448365147663e-09
5.290726059014016e-02,1.154955563123942e-09
5.303505590557528e-02,1.154464124380600e-09
5.316285122101040e-02,1.153974041871894e-09
5.329064653644552e-02,1.153485308552079e-09
5.341844185188065e-02,1.152997917375412e-09
5.354623716731576e-02,1.152511861296147e-09
5.367403248275088e-02,1.152027133352597e-09
5.380182779818601e-02,1.151543726919320e-09
5.392962311362113e-02,1.151061635454942e-09
5.405741842905625e-02,1.150580852418089e-09
5.418521374449137e-02,1.150101371267386e-09
5.431300905992649e-02,1.149623185461460e-09
5.444080437536161e-02,1.149146288458936e-09
5.456859969079673e-02,1.148670673718439e-09
5.469639500623186e-02,1.148196334698596e-09
5.482419032166697e-02,1.147723264858032e-09
5.495198563710210e-02,1.147251457732171e-09
5.507978095253722e-02,1.146780907163628e-09
5.520757626797234e-02,1.146311607071817e-09
5.533537158340746e-02,1.145843551376149e-09
5.546316689884258e-02,1.145376733996038e-09
5.559096221427770e-02,1.144911148850895e-09
5.571875752971282e-02,1.144446789860133e-09
5.584655284514795e-02,1.143983650943165e-09
5.597434816058307e-02,1.143521726019403e-09
5.610214347601819e-02,1.143061009008260e-09
5.622993879145331e-02,1.142601493899052e-09
5.635773410688843e-02,1.142143174960688e-09
5.648552942232355e-02,1.141686046531971e-09
5.661332473775867e-02,1.141230102951703e-09
5.674112005319380e-02,1.140775338558685e-09
5.686891536862891e-02,1.140321747691719e-09
5.699671068406403e-02,1.139869324689607e-09
5.712450599949916e-02,1.139418063891151e-09
5.725230131493428e-02,1.138967959635154e-09
5.738009663036940e-02,1.138519006260416e-09
5.750789194580452e-02,1.138071198169294e-09
5.763568726123964e-02,1.137624530018380e-09
5.776348257667476e-02,1.137178996527833e-09
5.789127789210988e-02,1.136734592417808e-09
5.801907320754501e-02,1.136291312408463e-09
5.814686852298013e-02,1.135849151219955e-09
5.827466383841524e-02,1.135408103572441e-09
5.840245915385037e-02,1.134968164186077e-09
5.853025446928549e-02,1.134529327781022e-09
5.865804978472061e-02,1.134091589077431e-09
5.878584510015573e-02,1.133654942853604e-09
5.891364041559085e-02,1.133219384120411e-09
5.904143573102597e-02,1.132784907946864e-09
5.916923104646109e-02,1.132351509401975e-09
5.929702636189622e-02,1.131919183554756e-09
5.942482167733134e-02,1.131487925474219e-09
5.955261699276646e-02,1.131057730229377e-09
5.968041230820158e-02,1.130628592889242e-09
5.980820762363670e-02,1.130200508522827e-09
5.993600293907182e-02,1.129773472199142e-09
6.006379825450694e-02,1.129347479040383e-09
6.019159356994207e-02,1.128922524381449e-09
6.031938888537718e-02,1.128498603610416e-09
6.044718420081231e-02,1.128075712115361e-09
6.057497951624743e-02,1.127653845284357e-09
6.070277483168255e-02,1.127232998505480e-09
6.083057014711767e-02,1.126813167166805e-09
6.095836546255279e-02,1.126394346656408e-09
6.108616077798791e-02,1.125976532362362e-09
6.121395609342303e-02,1.125559719672745e-09
6.134175140885816e-02,1.125143904024407e-09
6.146954672429328e-02,1.124729081049328e-09
6.159734203972840e-02,1.124315246428272e-09
6.172513735516352e-02,1.123902395842002e-09
6.185293267059864e-02,1.123490524971284e-09
6.198072798603376e-02,1.123079629496881e-09
6.210852330146888e-02,1.122669705099559e-09
6.223631861690401e-02,1.122260747460081e-09
6.236411393233912e-02,1.121852752259211e-09
6.249190924777424e-02,1.121445715177715e-09
6.261970456320937e-02,1.121039631941176e-09
6.274749987864449e-02,1.120634498454458e-09
6.287529519407961e-02,1.120230310667245e-09
6.300309050951473e-02,1.119827064529223e-09
6.313088582494986e-02,1.119424755990076e-09
6.325868114038498e-02,1.119023380999490e-09
6.338647645582010e-02,1.118622935507148e-09
6.351427177125522e-02,1.118223415462737e-09
6.364206708669033e-02,1.117824816815940e-09
6.376986240212545e-02,1.117427135516443e-09
6.389765771756058e-02,1.117030367555104e-09
6.402545303299570e-02,1.116634509087461e-09
6.415324834843082e-02,1.116239556310224e-09
6.428104366386594e-02,1.115845505420100e-09
6.440883897930107e-02,1.115452352613796e-09
6.453663429473619e-02,1.115060094088022e-09
6.466442961017131e-02,1.114668726039484e-09
6.479222492560642e-02,1.114278244664891e-09
6.492002024104154e-02,1.113888646160951e-09
6.504781555647667e-02,1.113499926724372e-09
6.517561087191179e-02,1.113112082590018e-09
6.530340618734691e-02,1.112725110145402e-09
6.543120150278203e-02,1.112339005816200e-09
6.555899681821716e-02,1.111953766028088e-09
6.568679213365228e-02,1.111569387206744e-09
6.581458744908740e-02,1.111185865777844e-09
6.594238276452252e-02,1.110803198167065e-09
6.607017807995763e-02,1.110421380800084e-09
6.619797339539275e-02,1.110040410102576e-09
6.632576871082788e-02,1.109660282500219e-09
6.645356402626300e-02,1.109280994453371e-09
6.658135934169812e-02,1.108902542561112e-09
6.670915465713324e-02,1.108524923457206e-09
6.683694997256837e-02,1.108148133775417e-09
6.696474528800349e-02,1.107772170149510e-09
6.709254060343861e-02,1.107397029213248e-09
6.722033591887373e-02,1.107022707600396e-09
6.734813123430886e-02,1.106649201944717e-09
6.747592654974396e-02,1.106276508879975e-09
6.760372186517909e-02,1.105904625039934e-09
6.773151718061421e-02,1.105533547091148e-09
6.785931249604933e-02,1.105163271831323e-09
6.798710781148445e-02,1.104793796090952e-09
6.811490312691958e-02,1.104425116700527e-09
6.824269844235470e-02,1.104057230490543e-09
6.837049375778982e-02,1.103690134291491e-09
6.849828907322494e-02,1.103323824933864e-09
6.862608438866007e-02,1.102958299248156e-09
6.875387970409517e-02,1.102593554064860e-09
6.888167501953030e-02,1.102229586214468e-09
6.900947033496542e-02,1.101866392557764e-09
6.913726565040054e-02,1.101503970076704e-09
6.926506096583566e-02,1.101142315783541e-09
6.939285628127079e-02,1.100781426690531e-09
6.952065159670591e-02,1.100421299809928e-09
6.964844691214103e-02,1.100061932153984e-09
6.977624222757615e-02,1.099703320734954e-09
6.990403754301128e-02,1.099345462565092e-09
7.003183285844640e-02,1.098988354656652e-09
7.015962817388151e-02,1.098631994021888e-09
7.028742348931663e-02,1.098276377698735e-09
7.041521880475175e-02,1.097921502827854e-09
7.054301412018688e-02,1.097567366575591e-09
7.067080943562200e-02,1.097213966108291e-09
7.079860475105712e-02,1.096861298592298e-09
7.092640006649224e-02,1.096509361193959e-09
7.105419538192737e-02,1.096158151079617e-09
7.118199069736249e-02,1.095807665415618e-09
7.130978601279761e-02,1.095457901368306e-09
7.152277820518949e-02,1.094876557185747e-09
7.173577039758135e-02,1.094297196672149e-09
7.194876258997322e-02,1.093719807549746e-09
7.216175478236508e-02,1.093144377708980e-09
7.237474697475696e-02,1.092570895040291e-09
7.258773916714882e-02,1.091999347434121e-09
7.280073135954070e-02,1.091429722780910e-09
7.301372355193256e-02,1.090862008971100e-09
7.322671574432443e-02,1.090296193895132e-09
7.343970793671629e-02,1.089732265443447e-09
7.365270012910817e-02,1.089170211506486e-09
7.386569232150003e-02,1.088610020156283e-09
7.407868451389191e-02,1.088051680191251e-09
7.429167670628377e-02,1.087495180591392e-09
7.450466889867564e-02,1.086940510336712e-09
7.471766109106751e-02,1.086387658407215e-09
7.493065328345938e-02,1.085836613782904e-09
7.514364547585124e-02,1.085287365443784e-09
7.535663766824312e-02,1.084739902369859e-09
7.556962986063498e-02,1.084194213541133e-09
7.578262205302685e-02,1.083650287937611e-09
7.599561424541872e-02,1.083108114693437e-09
7.620860643781059e-02,1.082567683559295e-09
7.642159863020245e-02,1.082028984440004e-09
7.663459082259433e-02,1.081492007240379e-09
7.684758301498619e-02,1.080956741865237e-09
7.706057520737807e-02,1.080423178219394e-09
7.727356739976993e-02,1.079891306207667e-09
7.748655959216180e-02,1.079361115734873e-09
7.769955178455366e-02,1.078832596705829e-09
7.791254397694554e-02,1.078305739025350e-09
7.812553616933740e-02,1.077780532737343e-09
7.833852836172928e-02,1.077256968442046e-09
7.855152055412114e-02,1.076735036878770e-09
7.876451274651301e-02,1.076214728786827e-09
7.897750493890487e-02,1.075696034905528e-09
7.919049713129675e-02,1.075178945974184e-09
7.940348932368861e-02,1.074663452732107e-09
7.961648151608049e-02,1.074149545918610e-09
7.982947370847235e-02,1.073637216273002e-09
8.004246590086422e-02,1.073126454534596e-09
8.025545809325609e-02,1.072617251566441e-09
8.046845028564796e-02,1.072109598726565e-09
8.068144247803982e-02,1.071603487496747e-09
8.089443467043170e-02,1.071098909358767e-09
8.110742686282357e-02,1.070595855794406e-09
8.132041905521543e-02,1.070094318285443e-09
8.153341124760730e-02,1.069594288313657e-09
8.174640343999917e-02,1.069095757360828e-09
8.195939563239105e-02,1.068598716908737e-09
8.217238782478291e-02,1.068103158439163e-09
8.238538001717477e-02,1.067609073544863e-09
8.259837220956665e-02,1.067116454262519e-09
8.281136440195852e-02,1.066625292739797e-09
8.302435659435038e-02,1.066135581124361e-09
8.323734878674224e-02,1.065647311563879e-09
8.345034097913412e-02,1.065160476206015e-09
8.366333317152599e-02,1.064675067198435e-09
8.387632536391786e-02,1.064191076688806e-09
8.408931755630973e-02,1.063708496824792e-09
8.430230974870159e-02,1.063227319754060e-09
8.451530194109347e-02,1.062747537724006e-09
8.472829413348533e-02,1.062269143380952e-09
8.494128632587720e-02,1.061792129470953e-09
8.515427851826907e-02,1.061316488740061e-09
8.536727071066094e-02,1.060842213934330e-09
8.558026290305280e-02,1.060369297799815e-09
8.579325509544468e-02,1.059897733082568e-09
8.600624728783654e-02,1.059427512528644e-09
8.621923948022842e-02,1.058958628884096e-09
8.643223167262028e-02,1.058491074894977e-09
8.664522386501215e-02,1.058024843396987e-09
8.685821605740401e-02,1.057559927584391e-09
8.707120824979589e-02,1.057096320741096e-09
8.728420044218775e-02,1.056634016151008e-09
8.749719263457963e-02,1.056173007098035e-09
8.771018482697149e-02,1.055713286866084e-09
8.792317701936336e-02,1.055254848739059e-09
8.813616921175522e-02,1.054797686000869e-09
8.834916140414710e-02,1.054341791935420e-09
8.856215359653896e-02,1.053887159826619e-09
8.877514578893084e-02,1.053433783039854e-09
8.898813798132270e-02,1.052981655266428e-09
8.920113017371457e-02,1.052530770279116e-09
8.941412236610644e-02,1.052081121850696e-09
8.962711455849831e-02,1.051632703753942e-09
8.984010675089017e-02,1.051185509761631e-09
9.005309894328205e-02,1.050739533646539e-09
9.026609113567391e-02,1.050294769181443e-09
9.047908332806578e-02,1.049851210139117e-09
9.069207552045766e-02,1.049408850292339e-09
9.090506771284952e-02,1.048967683486862e-09
9.111805990524138e-02,1.048527703860370e-09
9.133105209763326e-02,1.048088905623534e-09
9.154404429002513e-02,1.047651282987025e-09
9.175703648241700e-02,1.047214830161514e-09
9.197002867480886e-02,1.046779541357672e-09
9.218302086720073e-02,1.046345410786169e-09
9.239601305959261e-02,1.045912432657676e-09
9.260900525198447e-02,1.045480601182865e-09
9.282199744437633e-02,1.045049910572406e-09
9.303498963676821e-02,1.044620355104144e-09
9.324798182916008e-02,1.044191929324623e-09
9.346097402155194e-02,1.043764627847567e-09
9.367396621394380e-02,1.043338445286699e-09
9.388695840633568e-02,1.042913376255743e-09
9.409995059872756e-02,1.042489415368423e-09
9.431294279111942e-02,1.042066557238461e-09
9.452593498351128e-02,1.041644796479581e-09
9.473892717590315e-02,1.041224127705506e-09
9.495191936829503e-02,1.040804545529960e-09
9.516491156068689e-02,1.040386044627297e-09
9.537790375307875e-02,1.039968619914401e-09
9.559089594547063e-02,1.039552266368786e-09
9.580388813786250e-02,1.039136978967967e-09
9.601688033025436e-02,1.038722752689460e-09
9.622987252264624e-02,1.038309582510779e-09
9.644286471503810e-02,1.037897463409441e-09
9.665585690742998e-02,1.037486390362959e-09
9.686884909982184e-02,1.037076358348849e-09
9.708184129221371e-02,1.036667362344627e-09
9.729483348460558e-02,1.036259397383293e-09
9.750782567699745e-02,1.035852458719784e-09
9.772081786938931e-02,1.035446541664521e-09
9.793381006178119e-02,1.035041641527925e-09
9.814680225417305e-02,1.034637753620416e-09
9.835979444656492e-02,1.034234873252415e-09
9.857278663895679e-02,1.033832995734344e-09
9.878577883134866e-02,1.033432116376622e-09
9.899877102374052e-02,1.033032230489671e-09
9.921176321613240e-02,1.032633333383911e-09
9.942475540852426e-02,1.032235420420556e-09
9.963774760091614e-02,1.031838487163984e-09
9.985073979330800e-02,1.031442529229359e-09
1.000637319857000e-01,1.031047542231847e-09
1.002767241780920e-01,1.030653521786615e-09
1.004897163704840e-01,1.030260463508827e-09
1.007027085628750e-01,1.029868363013650e-09
1.009157007552670e-01,1.029477215916248e-09
1.011286929476590e-01,1.029087017831787e-09
1.013416851400510e-01,1.028697764375433e-09
1.015546773324430e-01,1.028309451208875e-09
1.017676695248350e-01,1.027922074179932e-09
1.019806617172270e-01,1.027535629182969e-09
1.021936539096190e-01,1.027150112112347e-09
1.024066461020100e-01,1.026765518862431e-09
1.026196382944020e-01,1.026381845327581e-09
1.028326304867940e-01,1.025999087402162e-09
1.030456226791860e-01,1.025617240980536e-09
1.032586148715780e-01,1.025236301957066e-09
1.034716070639700e-01,1.024856266226115e-09
1.036845992563620e-01,1.024477129724968e-09
1.038975914487540e-01,1.024098888562576e-09
1.041105836411450e-01,1.023721538890805e-09
1.043235758335370e-01,1.023345076861516e-09
1.045365680259290e-01,1.022969498626576e-09
1.047495602183210e-01,1.022594800337850e-09
1.049625524107130e-01,1.022220978147201e-09
1.051755446031050e-01,1.021848028206495e-09
1.053885367954970e-01,1.021475946667596e-09
1.056015289878880e-01,1.021104729682370e-09
1.058145211802800e-01,1.020734373442053e-09
1.060275133726720e-01,1.020364874295320e-09
1.062405055650640e-01,1.019996228630185e-09
1.064534977574560e-01,1.019628432834666e-09
1.066664899498480e-01,1.019261483296777e-09
1.068794821422400e-01,1.018895376404533e-09
1.070924743346320e-01,1.018530108545952e-09
1.073054665270230e-01,1.018165676109048e-09
1.075184587194150e-01,1.017802075481835e-09
1.077314509118070e-01,1.017439303052330e-09
1.079444431041990e-01,1.017077355244869e-09
1.081574352965910e-01,1.016716228629172e-09
1.083704274889830e-01,1.016355919811329e-09
1.085834196813750e-01,1.015996425397432e-09
1.087964118737660e-01,1.015637741993572e-09
1.090094040661580e-01,1.015279866205838e-09
1.092223962585500e-01,1.014922794640320e-09
1.094353884509420e-01,1.014566523903111e-09
1.096483806433340e-01,1.014211050600300e-09
1.098613728357260e-01,1.013856371337979e-09
1.100743650281180e-01,1.013502482755788e-09
1.102873572205100e-01,1.013149381627626e-09
1.105003494129010e-01,1.012797064760968e-09
1.107133416052930e-01,1.012445528963284e-09
1.109263337976850e-01,1.012094771042049e-09
1.111393259900770e-01,1.011744787804738e-09
1.113523181824690e-01,1.011395576058824e-09
1.115653103748610e-01,1.011047132611780e-09
1.117783025672530e-01,1.010699454271081e-09
1.119912947596450e-01,1.010352537844200e-09
1.122042869520360e-01,1.010006380169615e-09
1.124172791444280e-01,1.009660978209809e-09
1.126302713368200e-01,1.009316328958278e-09
1.128432635292120e-01,1.008972429408516e-09
1.130562557216040e-01,1.008629276554018e-09
1.132692479139960e-01,1.008286867388276e-09
1.134822401063880e-01,1.007945198904785e-09
1.136952322987790e-01,1.007604268097039e-09
1.139082244911710e-01,1.007264071958531e-09
1.141212166835630e-01,1.006924607482755e-09
1.143342088759550e-01,1.006585871691940e-09
1.145472010683470e-01,1.006247861723233e-09
1.147601932607390e-01,1.005910574742499e-09
1.149731854531310e-01,1.005574007915607e-09
1.151861776455230e-01,1.005238158408424e-09
1.153991698379140e-01,1.004903023386818e-09
1.156121620303060e-01,1.004568600016654e-09
1.158251542226980e-01,1.004234885463800e-09
1.160381464150900e-01,1.003901876894125e-09
1.162511386074820e-01,1.003569571473495e-09
1.164641307998740e-01,1.003237966394293e-09
1.166771229922660e-01,1.002907058954905e-09
1.168901151846570e-01,1.002576846480208e-09
1.171031073770490e-01,1.002247326295070e-09
1.173160995694410e-01,1.001918495724368e-09
1.175290917618330e-01,1.001590352092974e-09
1.177420839542250e-01,1.001262892725762e-09
1.179550761466170e-01,1.000936114947606e-09
1.181680683390090e-01,1.000610016083378e-09
1.183810605314010e-01,1.000284593457953e-09
1.185940527237920e-01,9.999598444210157e-10
1.188070449161840e-01,9.996357664215474e-10
1.190200371085760e-01,9.993123569333711e-10
1.192330293009680e-01,9.989896134303095e-10
1.194460214933600e-01,9.986675333861842e-10
1.196590136857520e-01,9.983461142748177e-10
1.198720058781440e-01,9.980253535700316e-10
1.200849980705360e-01,9.977052487456486e-10
1.202979902629270e-01,9.973857972754922e-10
1.205109824553190e-01,9.970669966333809e-10
1.207239746477110e-01,9.967488443156280e-10
1.209369668401030e-01,9.964313379085222e-10
1.211499590324950e-01,9.961144750208528e-10
1.213629512248870e-01,9.957982532614088e-10
1.215759434172790e-01,9.954826702389792e-10
1.217889356096700e-01,9.951677235623550e-10
1.220019278020620e-01,9.948534108403221e-10
1.222149199944540e-01,9.945397296816711e-10
1.224279121868460e-01,9.942266776951914e-10
1.226409043792380e-01,9.939142524896720e-10
1.228538965716300e-01,9.936024516956269e-10
1.230668887640220e-01,9.932912730304652e-10
1.232798809564140e-01,9.929807142333181e-10
1.234928731488050e-01,9.926707730433182e-10
1.237058653411970e-01,9.923614471995938e-10
1.239188575335890e-01,9.920527344412779e-10
1.241318497259810e-01,9.917446325075013e-10
1.243448419183730e-01,9.914371391373957e-10
1.245578341107650e-01,9.911302520700920e-10
1.247708263031570e-01,9.908239690447216e-10
1.249838184955480e-01,9.905182878196520e-10
1.251968106879400e-01,9.902132062301596e-10
1.254098028803320e-01,9.899087221307445e-10
1.256227950727240e-01,9.896048333759067e-10
1.258357872651160e-01,9.893015378201455e-10
1.260487794575080e-01,9.889988333179604e-10
1.262617716499000e-01,9.886967177238508e-10
1.264747638422920e-01,9.883951888923163e-10
1.266877560346830e-01,9.880942446778579e-10
1.269007482270750e-01,9.877938829349717e-10
1.271137404194670e-01,9.874941015368597e-10
1.273267326118590e-01,9.871948984314729e-10
1.275397248042510e-01,9.868962715854375e-10
1.277527169966430e-01,9.865982189653805e-10
1.279657091890350e-01,9.863007385379279e-10
1.281787013814270e-01,9.860038282697057e-10
1.283916935738180e-01,9.857074861273421e-10
1.286046857662100e-01,9.854117100774607e-10
1.288176779586020e-01,9.851164980866894e-10
1.290306701509940e-01,9.848218481216541e-10
1.292436623433860e-01,9.845277581659429e-10
1.294566545357780e-01,9.842342262710161e-10
1.296696467281700e-01,9.839412505053093e-10
1.298826389205610e-01,9.836488289372604e-10
1.300956311129530e-01,9.833569596353022e-10
1.303086233053450e-01,9.830656406678723e-10
1.305216154977370e-01,9.827748701034061e-10
1.307346076901290e-01,9.824846460103401e-10
1.309475998825210e-01,9.821949664571101e-10
1.311605920749130e-01,9.819058295121518e-10
1.313735842673050e-01,9.816172332598669e-10
1.315865764596960e-01,9.813291758485274e-10
1.317995686520880e-01,9.810416554423696e-10
1.320125608444800e-01,9.807546702056345e-10
1.322255530368720e-01,9.804682183025621e-10
1.324385452292640e-01,9.801822978973916e-10
1.326515374216560e-01,9.798969071543624e-10
1.328645296140480e-01,9.796120442377142e-10
1.330775218064400e-01,9.793277073116865e-10
1.332905139988310e-01,9.790438945405202e-10
1.335035061912230e-01,9.787606041033424e-10
1.337164983836150e-01,9.784778342388306e-10
1.339294905760070e-01,9.781955832005462e-10
1.341424827683990e-01,9.779138492420500e-10
1.343554749607910e-01,9.776326306169032e-10
1.345684671531830e-01,9.773519255786663e-10
1.347814593455740e-01,9.770717323809019e-10
1.349944515379660e-01,9.767920492771679e-10
1.352074437303580e-01,9.765128745210271e-10
1.354204359227500e-01,9.762342063660403e-10
1.356334281151420e-01,9.759560430797299e-10
1.358464203075340e-01,9.756783829854378e-10
1.360594124999260e-01,9.754012244204542e-10
1.362724046923180e-01,9.751245657220687e-10
1.364853968847090e-01,9.748484052275717e-10
1.366983890771010e-01,9.745727412742507e-10
1.369113812694930e-01,9.742975721993969e-10
1.371243734618850e-01,9.740228963402994e-10
1.373373656542770e-01,9.737487120342484e-10
1.375503578466690e-01,9.734750176185331e-10
1.377633500390610e-01,9.732018114434869e-10
1.379763422314520e-01,9.729290919116493e-10
1.381893344238440e-01,9.726568574386142e-10
1.384023266162360e-01,9.723851064399800e-10
1.386153188086280e-01,9.721138373313437e-10
1.388283110010200e-01,9.718430485283023e-10
1.390413031934120e-01,9.715727384464526e-10
1.392542953858040e-01,9.713029055013918e-10
1.394672875781960e-01,9.710335481087165e-10
1.396802797705870e-01,9.707646646840249e-10
1.398932719629790e-01,9.704962536552199e-10
1.401062641553710e-01,9.702283134994537e-10
1.403192563477630e-01,9.699608427061932e-10
1.405322485401550e-01,9.696938397649042e-10
1.407452407325470e-01,9.694273031650538e-10
1.409582329249390e-01,9.691612313961079e-10
1.411712251173300e-01,9.688956229475344e-10
1.413842173097220e-01,9.686304763087974e-10
1.415972095021140e-01,9.683657899693644e-10
1.418102016945060e-01,9.681015624187021e-10
1.420231938868980e-01,9.678377921578180e-10
1.422361860792900e-01,9.675744777338850e-10
1.424491782716820e-01,9.673116177056163e-10
1.426621704640740e-01,9.670492106317256e-10
1.428751626564650e-01,9.667872550709274e-10
1.430881548488570e-01,9.665257495819326e-10
1.433011470412490e-01,9.662646927234563e-10
1.435141392336410e-01,9.660040830542113e-10
1.437271314260330e-01,9.657439191329118e-10
1.439401236184250e-01,9.654841995182706e-10
1.441531158108170e-01,9.652249227798801e-10
1.443661080032090e-01,9.649660875308313e-10
1.445791001956000e-01,9.647076923950881e-10
1.447920923879920e-01,9.644497359966109e-10
1.450050845803840e-01,9.641922169593630e-10
1.452180767727760e-01,9.639351339073073e-10
1.454310689651680e-01,9.636784854644062e-10
1.456440611575600e-01,9.634222702546225e-10
1.458570533499520e-01,9.631664869019184e-10
1.460700455423430e-01,9.629111340302580e-10
1.462830377347350e-01,9.626562102738596e-10
1.464960299271270e-01,9.624017143079505e-10
1.467090221195190e-01,9.621476448180021e-10
1.469220143119110e-01,9.618940004894863e-10
1.471350065043030e-01,9.616407800078741e-10
1.473479986966950e-01,9.613879820586371e-10
1.475609908890870e-01,9.611356053272465e-10
1.477739830814780e-01,9.608836484991751e-10
1.479869752738700e-01,9.606321102598918e-10
1.481999674662620e-01,9.603809892948693e-10
1.484129596586540e-01,9.601302842992670e-10
1.486259518510460e-01,9.598799940070148e-10
1.488389440434380e-01,9.596301171617399e-10
1.490519362358300e-01,9.593806525070689e-10
1.492649284282220e-01,9.591315987866289e-10
1.494779206206130e-01,9.588829547440479e-10
1.496909128130050e-01,9.586347191229507e-10
1.499039050053970e-01,9.583868906669653e-10
1.501168971977890e-01,9.581394681197185e-10
1.503298893901810e-01,9.578924502248372e-10
1.505428815825730e-01,9.576458357350522e-10
1.507558737749650e-01,9.573996234395125e-10
1.509688659673560e-01,9.571538121364747e-10
1.511818581597480e-01,9.569084006241926e-10
1.513948503521400e-01,9.566633877009223e-10
1.516078425445320e-01,9.564187721649198e-10
1.518208347369240e-01,9.561745528144405e-10
1.520338269293160e-01,9.559307284477401e-10
1.522468191217080e-01,9.556872978630738e-10
1.524598113141000e-01,9.554442598586976e-10
1.526728035064910e-01,9.552016132416823e-10
1.528857956988830e-01,9.549593568543461e-10
1.530987878912750e-01,9.547174895478223e-10
1.533117800836670e-01,9.544760101732431e-10
1.535247722760590e-01,9.542349175817401e-10
1.537377644684510e-01,9.539942106244457e-10
1.539507566608430e-01,9.537538881524920e-10
1.541637488532340e-01,9.535139490170120e-10
1.543767410456260e-01,9.532743920691357e-10
1.545897332380180e-01,9.530352161599960e-10
1.548027254304100e-01,9.527964201482614e-10
1.550157176228020e-01,9.525580029227305e-10
1.552287098151940e-01,9.523199633797313e-10
1.554417020075860e-01,9.520823004155917e-10
1.556546941999780e-01,9.518450129266395e-10
1.558676863923690e-01,9.516080998092042e-10
1.560806785847610e-01,9.513715599596110e-10
1.562936707771530e-01,9.511353922741892e-10
1.565066629695450e-01,9.508995956492667e-10
1.567196551619370e-01,9.506641689811714e-10
1.569326473543290e-01,9.504291111763864e-10
1.571456395467210e-01,9.501944211820397e-10
1.573586317391130e-01,9.499600979554278e-10
1.575716239315040e-01,9.497261404538479e-10
1.577846161238960e-01,9.494925476345941e-10
1.579976083162880e-01,9.492593184549637e-10
1.582106005086800e-01,9.490264518722529e-10
1.584235927010720e-01,9.487939468437575e-10
1.586365848934640e-01,9.485618023267745e-10
1.588495770858560e-01,9.483300172785996e-10
1.590625692782470e-01,9.480985906547391e-10
1.592755614706390e-01,9.478675214035297e-10
1.594885536630310e-01,9.476368084715192e-10
1.597015458554230e-01,9.474064508052540e-10
1.599145380478150e-01,9.471764473512810e-10
1.601275302402070e-01,9.469467970561466e-10
1.603405224325990e-01,9.467174988663976e-10
1.605535146249910e-01,9.464885517285805e-10
1.607665068173820e-01,9.462599545892431e-10
1.609794990097740e-01,9.460317063949298e-10
1.611924912021660e-01,9.458038061331124e-10
1.614054833945580e-01,9.455762529549611e-10
1.616184755869500e-01,9.453490460525712e-10
1.618314677793420e-01,9.451221846180378e-10
1.620444599717340e-01,9.448956678434562e-10
1.622574521641260e-01,9.446694949209219e-10
1.624704443565170e-01,9.444436650425309e-10
1.626834365489090e-01,9.442181774003769e-10
1.628964287413010e-01,9.439930311865559e-10
1.631094209336930e-01,9.437682255931631e-10
1.633224131260850e-01,9.435437596917708e-10
1.635354053184770e-01,9.433196320720004e-10
1.637483975108690e-01,9.430958412030207e-10
1.639613897032600e-01,9.428723855540024e-10
1.641743818956520e-01,9.426492635941122e-10
1.643873740880440e-01,9.424264737925203e-10
1.646003662804360e-01,9.422040146183961e-10
1.648133584728280e-01,9.419818845409085e-10
1.650263506652200e-01,9.417600820292269e-10
1.652393428576120e-01,9.415386055525202e-10
1.654523350500040e-01,9.413174540604940e-10
1.656653272423950e-01,9.410966284238407e-10
1.658783194347870e-01,9.408761299932060e-10
1.660913116271790e-01,9.406559601192388e-10
1.663043038195710e-01,9.404361201525867e-10
1.665172960119630e-01,9.402166114438978e-10
1.667302882043550e-01,9.399974353438196e-10
1.669432803967470e-01,9.397785932030000e-10
1.671562725891380e-01,9.395600863720880e-10
1.673692647815300e-01,9.393419162017292e-10
1.675822569739220e-01,9.391240822802798e-10
1.677952491663140e-01,9.389065771434263e-10
1.680082413587060e-01,9.386893915628134e-10
1.682212335510980e-01,9.384725163100859e-10
1.684342257434900e-01,9.382559421568883e-10
1.686472179358820e-01,9.380396598748655e-10
1.688602101282730e-01,9.378236602356629e-10
1.690732023206650e-01,9.376079340109232e-10
1.692861945130570e-01,9.373924719722923e-10
1.694991867054490e-01,9.371772648914145e-10
1.697121788978410e-01,9.369623101461657e-10
1.699251710902330e-01,9.367476315442934e-10
1.701381632826250e-01,9.365332595022504e-10
1.703511554750170e-01,9.363192244364899e-10
1.705641476674080e-01,9.361055567634661e-10
1.707771398598000e-01,9.358922868996301e-10
1.709901320521920e-01,9.356794452614353e-10
1.712031242445840e-01,9.354670622653354e-10
1.714161164369760e-01,9.352551683277834e-10
1.716291086293680e-01,9.350437938652320e-10
1.718421008217600e-01,9.348329446572922e-10
1.720550930141510e-01,9.346225279481844e-10
1.722680852065430e-01,9.344124263512721e-10
1.724810773989350e-01,9.342025224799220e-10
1.726940695913270e-01,9.339926989474993e-10
1.729070617837190e-01,9.337828383673695e-10
1.731200539761110e-01,9.335728233528983e-10
1.733330461685030e-01,9.333625365174508e-10
1.735460383608950e-01,9.331518604743931e-10
1.737590305532860e-01,9.329406778370908e-10
1.739720227456780e-01,9.327289632137235e-10
1.741850149380700e-01,9.325170590334098e-10
1.743980071304620e-01,9.323053996409387e-10
1.746109993228540e-01,9.320944193810988e-10
1.748239915152460e-01,9.318845525986788e-10
1.750369837076380e-01,9.316762336384672e-10
1.752499759000290e-01,9.314698968452542e-10
1.754629680924210e-01,9.312659765638260e-10
1.756759602848130e-01,9.310649071389727e-10
1.758889524772050e-01,9.308671229154827e-10
1.761019446695970e-01,9.306727152980787e-10
1.763149368619890e-01,9.304804030127105e-10
1.765279290543810e-01,9.302885613858532e-10
1.767409212467730e-01,9.300955657439829e-10
1.769539134391640e-01,9.298997914135758e-10
1.771669056315560e-01,9.296996137211059e-10
1.773798978239480e-01,9.294934079930493e-10
1.775928900163400e-01,9.292795495558820e-10
1.778058822087320e-01,9.290564137360790e-10
1.780188744011240e-01,9.288223758601166e-10
1.782318665935160e-01,9.285770915629342e-10
1.784448587859070e-01,9.283253395601796e-10
1.786578509782990e-01,9.280731797995522e-10
1.788708431706910e-01,9.278266722287550e-10
1.790838353630830e-01,9.275918767954896e-10
1.792968275554750e-01,9.273748534474580e-10
1.795098197478670e-01,9.271816621323619e-10
1.797228119402590e-01,9.270183627979031e-10
1.799358041326510e-01,9.268910153917831e-10
1.801487963250420e-01,9.268056798617044e-10
1.803617885174340e-01,9.267636365173329e-10
1.805747807098260e-01,9.267470461265589e-10
1.807877729022180e-01,9.267332893244057e-10
1.810007650946100e-01,9.266997467458966e-10
1.812137572870020e-01,9.266237990260550e-10
1.814267494793940e-01,9.264828267999043e-10
1.816397416717860e-01,9.262542107024677e-10
1.818527338641770e-01,9.259153313687705e-10
1.820657260565690e-01,9.254435694338330e-10
1.822787182489610e-01,9.248163055326797e-10
1.824917104413530e-01,9.240287636831491e-10
1.827047026337450e-01,9.231475230910573e-10
1.829176948261370e-01,9.222569971745717e-10
1.831306870185290e-01,9.214415993518607e-10
1.833436792109200e-01,9.207857430410940e-10
1.835566714033120e-01,9.203738416604334e-10
1.837696635957040e-01,9.202903086280500e-10
1.839826557880960e-01,9.206195573621114e-10
1.841956479804880e-01,9.214460012807855e-10
1.844086401728800e-01,9.228540538022398e-10
1.846216323652720e-01,9.248615187571760e-10
1.848346245576640e-01,9.272199123441821e-10
1.850476167500550e-01,9.296142165119285e-10
1.852606089424470e-01,9.317294132091230e-10
1.854736011348390e-01,9.332504843844364e-10
1.856865933272310e-01,9.338624119865515e-10
1.858995855196230e-01,9.332501779641516e-10
1.861125777120150e-01,9.310987642659182e-10
1.863255699044070e-01,9.270931528405359e-10
1.865385620967990e-01,9.209183256366858e-10
1.867515542891900e-01,9.123948531766258e-10
1.869645464815820e-01,9.018859498992237e-10
1.871775386739740e-01,8.898905636669688e-10
1.873905308663660e-01,8.769076423423109e-10
1.876035230587580e-01,8.634361337877050e-10
1.878165152511500e-01,8.499749858656044e-10
1.880295074435420e-01,8.370231464384646e-10
1.882424996359330e-01,8.250795633687865e-10
1.884554918283250e-01,8.146431845189155e-10
1.886684840207170e-01,8.062129577513588e-10
1.888814762131090e-01,8.001517955916103e-10
1.890944684055010e-01,7.962783467344129e-10
1.893074605978930e-01,7.942751632892064e-10
1.895204527902850e-01,7.938247973654288e-10
1.897334449826770e-01,7.946098010725198e-10
1.899464371750680e-01,7.963127265199087e-10
1.901594293674600e-01,7.986161258170519e-10
1.903724215598520e-01,8.012025510733823e-10
1.905854137522440e-01,8.037545543983384e-10
1.907984059446360e-01,8.059546879013604e-10
1.910113981370280e-01,8.075525924170947e-10
1.912243903294200e-01,8.085662412125153e-10
1.914373825218110e-01,8.090806850460203e-10
1.916503747142030e-01,8.091809746760135e-10
1.918633669065950e-01,8.089521608608911e-10
1.920763590989870e-01,8.084792943590522e-10
1.922893512913790e-01,8.078474259288965e-10
1.925023434837710e-01,8.071416063288237e-10
1.927153356761630e-01,8.064468863172326e-10
1.929283278685550e-01,8.058483166525231e-10
1.931413200609460e-01,8.054129661705184e-10
1.933543122533380e-01,8.051360042449062e-10
1.935673044457300e-01,8.049946324381240e-10
1.937802966381220e-01,8.049660523126071e-10
1.939932888305140e-01,8.050274654307904e-10
1.942062810229060e-01,8.051560733551093e-10
1.944192732152980e-01,8.053290776479989e-10
1.946322654076900e-01,8.055236798718941e-10
1.948452576000810e-01,8.057170815892294e-10
1.950582497924730e-01,8.058864843624417e-10
1.952712419848650e-01,8.060139093807106e-10
1.954842341772570e-01,8.061006428243779e-10
1.956972263696490e-01,8.061527837449903e-10
1.959102185620410e-01,8.061764311940941e-10
1.961232107544330e-01,8.061776842232357e-10
1.963362029468240e-01,8.061626418839616e-10
1.965491951392160e-01,8.061374032278183e-10
1.967621873316080e-01,8.061080673063523e-10
1.969751795240000e-01,8.060807331711098e-10
1.971881717163920e-01,8.060614998736375e-10
1.974011639087840e-01,8.060551764935359e-10
1.976141561011760e-01,8.060614101666421e-10
1.978271482935680e-01,8.060785570286515e-10
1.980401404859590e-01,8.061049732152599e-10
1.982531326783510e-01,8.061390148621628e-10
1.984661248707430e-01,8.061790381050562e-10
1.986791170631350e-01,8.062233990796355e-10
1.988921092555270e-01,8.062704539215964e-10
1.991051014479190e-01,8.063185587666347e-10
1.993180936403110e-01,8.063660697504459e-10
1.995310858327020e-01,8.064116887663894e-10
1.997440780250940e-01,8.064555008623720e-10
1.999570702174860e-01,8.064979369059135e-10
2.001700624098780e-01,8.065394277645328e-10
2.003830546022700e-01,8.065804043057500e-10
2.005960467946620e-01,8.066212973970839e-10
2.008090389870540e-01,8.066625379060546e-10
2.010220311794460e-01,8.067045567001811e-10
2.012350233718370e-01,8.067477846469831e-10
2.014480155642290e-01,8.067926526139800e-10
2.016610077566210e-01,8.068394987855299e-10
2.018739999490130e-01,8.068882906946083e-10
2.020869921414050e-01,8.069389032316569e-10
2.022999843337970e-01,8.069912112871177e-10
2.025129765261890e-01,8.070450897514320e-10
2.027259687185810e-01,8.071004135150417e-10
2.029389609109720e-01,8.071570574683883e-10
2.031519531033640e-01,8.072148965019138e-10
2.033649452957560e-01,8.072738055060599e-10
2.035779374881480e-01,8.073336593712683e-10
2.037909296805400e-01,8.073943578245184e-10
2.040039218729320e-01,8.074558998864985e-10
2.042169140653240e-01,8.075183093882202e-10
2.044299062577150e-01,8.075816101606946e-10
2.046428984501070e-01,8.076458260349335e-10
2.048558906424990e-01,8.077109808419486e-10
2.050688828348910e-01,8.077770984127512e-10
2.052818750272830e-01,8.078442025783525e-10
2.054948672196750e-01,8.079123171697644e-10
2.057078594120670e-01,8.079814660179981e-10
2.059208516044590e-01,8.080516663055647e-10
2.061338437968500e-01,8.081229086057656e-10
2.063468359892420e-01,8.081951768357965e-10
2.065598281816340e-01,8.082684549128525e-10
2.067728203740260e-01,8.083427267541285e-10
2.069858125664180e-01,8.084179762768196e-10
2.071988047588100e-01,8.084941873981214e-10
2.074117969512020e-01,8.085713440352287e-10
2.076247891435940e-01,8.086494301053369e-10
2.078377813359850e-01,8.087284295256408e-10
2.080507735283770e-01,8.088083279980988e-10
2.082637657207690e-01,8.088891183655965e-10
2.084767579131610e-01,8.089707952567212e-10
2.086897501055530e-01,8.090533533000601e-10
2.089027422979450e-01,8.091367871242001e-10
2.091157344903370e-01,8.092210913577288e-10
2.093287266827280e-01,8.093062606292327e-10
2.095417188751200e-01,8.093922895672999e-10
2.097547110675120e-01,8.094791728005171e-10
2.099677032599040e-01,8.095669049574715e-10
2.101806954522960e-01,8.096554801946467e-10
2.103936876446880e-01,8.097448907801964e-10
2.106066798370800e-01,8.098351285102150e-10
2.108196720294720e-01,8.099261851807960e-10
2.110326642218630e-01,8.100180525880328e-10
2.112456564142550e-01,8.101107225280199e-10
2.114586486066470e-01,8.102041867968510e-10
2.116716407990390e-01,8.102984371906195e-10
2.118846329914310e-01,8.103934655054194e-10
2.120976251838230e-01,8.104892635373445e-10
2.123106173762150e-01,8.105858232187267e-10
2.125236095686060e-01,8.106831370266573e-10
2.127366017609980e-01,8.107811975743703e-10
2.129495939533900e-01,8.108799974750986e-10
2.131625861457820e-01,8.109795293420755e-10
2.133755783381740e-01,8.110797857885341e-10
2.135885705305660e-01,8.111807594277079e-10
2.138015627229580e-01,8.112824428728298e-10
2.140145549153500e-01,8.113848287371336e-10
2.142275471077410e-01,8.114879096338513e-10
2.144405393001330e-01,8.115916781526498e-10
2.146535314925250e-01,8.116961267889834e-10
2.148665236849170e-01,8.118012480147707e-10
2.150795158773090e-01,8.119070343019305e-10
2.152925080697010e-01,8.120134781223807e-10
2.155055002620930e-01,8.121205719480402e-10
2.157184924544850e-01,8.122283082508272e-10
2.159314846468760e-01,8.123366795026600e-10
2.161444768392680e-01,8.124456781754579e-10
2.163574690316600e-01,8.125552967411387e-10
2.165704612240520e-01,8.126655276939534e-10
2.167834534164440e-01,8.127763636175197e-10
2.169964456088360e-01,8.128877971178076e-10
2.172094378012280e-01,8.129998208007867e-10
2.174224299936190e-01,8.131124272724263e-10
2.176354221860110e-01,8.132256091386971e-10
2.178484143784030e-01,8.133393590055685e-10
2.180614065707950e-01,8.134536694790100e-10
2.182743987631870e-01,8.135685331649914e-10
2.184873909555790e-01,8.136839426694824e-10
2.187003831479710e-01,8.137998906113705e-10
2.189133753403630e-01,8.139163696612192e-10
2.191263675327540e-01,8.140333725025132e-10
2.193393597251460e-01,8.141508918187379e-10
2.195523519175380e-01,8.142689202933778e-10
2.197653441099300e-01,8.143874506099175e-10
2.199783363023220e-01,8.145064754518420e-10
2.201913284947140e-01,8.146259875026358e-10
2.204043206871060e-01,8.147459794457836e-10
2.206173128794970e-01,8.148664439647698e-10
2.208303050718890e-01,8.149873737613020e-10
2.210432972642810e-01,8.151087616099595e-10
2.212562894566730e-01,8.152306003035376e-10
2.214692816490650e-01,8.153528826348315e-10
2.216822738414570e-01,8.154756013966364e-10
2.218952660338490e-01,8.155987493817474e-10
2.221082582262410e-01,8.157223193829599e-10
2.223212504186320e-01,8.158463041930682e-10
2.225342426110240e-01,8.159706966048687e-10
2.227472348034160e-01,8.160954894111562e-10
2.229602269958080e-01,8.162206754240655e-10
2.231732191882000e-01,8.163462475330534e-10
2.233862113805920e-01,8.164721986468974e-10
2.235992035729840e-01,8.165985216743748e-10
2.238121957653760e-01,8.167252095242636e-10
2.240251879577670e-01,8.168522551053406e-10
2.242381801501590e-01,8.169796513263842e-10
2.244511723425510e-01,8.171073910961716e-10
2.246641645349430e-01,8.172354673234805e-10
2.248771567273350e-01,8.173638729170880e-10
2.250901489197270e-01,8.174926008072238e-10
2.253031411121190e-01,8.176216440099757e-10
2.255161333045100e-01,8.177509955629092e-10
2.257291254969020e-01,8.178806485035913e-10
2.259421176892940e-01,8.180105958695875e-10
2.261551098816860e-01,8.181408306984639e-10
2.263681020740780e-01,8.182713460277861e-10
2.265810942664700e-01,8.184021348951204e-10
2.267940864588620e-01,8.185331903380325e-10
2.270070786512540e-01,8.186645053940883e-10
2.272200708436450e-01,8.187960731239867e-10
2.274330630360370e-01,8.189278866809874e-10
2.276460552284290e-01,8.190599392414962e-10
2.278590474208210e-01,8.191922239819186e-10
2.280720396132130e-01,8.193247340786612e-10
2.282850318056050e-01,8.194574627081296e-10
2.284980239979970e-01,8.195904030467299e-10
2.287110161903880e-01,8.197235482708676e-10
2.289240083827800e-01,8.198568915569496e-10
2.291370005751720e-01,8.199904260813816e-10
2.293499927675640e-01,8.201241450453281e-10
2.295629849599560e-01,8.202580417489867e-10
2.297759771523480e-01,8.203921095173137e-10
2.299889693447400e-01,8.205263416752649e-10
2.302019615371320e-01,8.206607315477965e-10
2.304149537295230e-01,8.207952724598635e-10
2.306279459219150e-01,8.209299577364233e-10
2.308409381143070e-01,8.210647807024313e-10
2.310539303066990e-01,8.211997346828434e-10
2.312669224990910e-01,8.213348130026158e-10
2.314799146914830e-01,8.214700090129708e-10
2.316929068838750e-01,8.216053161701642e-10
2.319058990762670e-01,8.217407279567014e-10
2.321188912686580e-01,8.218762378550879e-10
2.323318834610500e-01,8.220118393478302e-10
2.325448756534420e-01,8.221475259174333e-10
2.327578678458340e-01,8.222832910464030e-10
2.329708600382260e-01,8.224191282172448e-10
2.331838522306180e-01,8.225550309124645e-10
2.333968444230100e-01,8.226909926145674e-10
2.336098366154010e-01,8.228270068337109e-10
2.338228288077930e-01,8.229630671905931e-10
2.340358210001850e-01,8.230991673335276e-10
2.342488131925770e-01,8.232353009108290e-10
2.344618053849690e-01,8.233714615708114e-10
2.346747975773610e-01,8.235076429617897e-10
2.348877897697530e-01,8.236438387320779e-10
2.351007819621450e-01,8.237800425299904e-10
2.353137741545360e-01,8.239162480038413e-10
2.355267663469280e-01,8.240524488019458e-10
2.357397585393200e-01,8.241886386014973e-10
2.359527507317120e-01,8.243248111952619e-10
2.361657429241040e-01,8.244609604049123e-10
2.363787351164960e-01,8.245970800521210e-10
2.365917273088880e-01,8.247331639585609e-10
2.368047195012800e-01,8.248692059459051e-10
2.370177116936710e-01,8.250051998358252e-10
2.372307038860630e-01,8.251411394499955e-10
2.374436960784550e-01,8.252770186100881e-10
2.376566882708470e-01,8.254128311377759e-10
2.378696804632390e-01,8.255485708847606e-10
2.380826726556310e-01,8.256842318228814e-10
2.382956648480230e-01,8.258198079540163e-10
2.385086570404140e-01,8.259552932800430e-10
2.387216492328060e-01,8.260906818028408e-10
2.389346414251980e-01,8.262259675242873e-10
2.391476336175900e-01,8.263611444462605e-10
2.393606258099820e-01,8.264962065706388e-10
2.395736180023740e-01,8.266311478993001e-10
2.397866101947660e-01,8.267659624341228e-10
2.399996023871580e-01,8.269006442080547e-10
2.402125945795490e-01,8.270351873783042e-10
2.404255867719410e-01,8.271695861331425e-10
2.406385789643330e-01,8.273038346608388e-10
2.408515711567250e-01,8.274379271496634e-10
2.410645633491170e-01,8.275718577878858e-10
2.412775555415090e-01,8.277056207637760e-10
2.414905477339010e-01,8.278392102656042e-10
2.417035399262920e-01,8.279726204816393e-10
2.419165321186840e-01,8.281058456001528e-10
2.421295243110760e-01,8.282388798414190e-10
2.423425165034680e-01,8.283717175536765e-10
2.425555086958600e-01,8.285043531171399e-10
2.427685008882520e-01,8.286367809120242e-10
2.429814930806440e-01,8.287689953185436e-10
2.431944852730360e-01,8.289009907169135e-10
2.434074774654270e-01,8.290327614873474e-10
2.436204696578190e-01,8.291643020100616e-10
2.438334618502110e-01,8.292956066652703e-10
2.440464540426030e-01,8.294266698331878e-10
2.442594462349950e-01,8.295574859268343e-10
2.444724384273870e-01,8.296880494905347e-10
2.446854306197790e-01,8.298183551014616e-10
2.448984228121710e-01,8.299483973367876e-10
2.451114150045620e-01,8.300781707736846e-10
2.453244071969540e-01,8.302076699893264e-10
2.455373993893460e-01,8.303368895608851e-10
2.457503915817380e-01,8.304658240655333e-10
2.459633837741300e-01,8.305944680804434e-10
2.461763759665220e-01,8.307228161827881e-10
2.463893681589140e-01,8.308508629832410e-10
2.466023603513050e-01,8.309786032265252e-10
2.468153525436970e-01,8.311060316908888e-10
2.470283447360890e-01,8.312331431545788e-10
2.472413369284810e-01,8.313599323958421e-10
2.474543291208730e-01,8.314863941929261e-10
2.476673213132650e-01,8.316125233240781e-10
2.478803135056570e-01,8.317383145675451e-10
2.480933056980490e-01,8.318637627015746e-10
2.483062978904400e-01,8.319888625044132e-10
2.485192900828320e-01,8.321136087884790e-10
2.487322822752240e-01,8.322379965028713e-10
2.489452744676160e-01,8.323620206308621e-10
2.491582666600080e-01,8.324856761557232e-10
2.493712588524000e-01,8.326089580607260e-10
2.495842510447920e-01,8.327318613291424e-10
2.497972432371830e-01,8.328543809442440e-10
2.500102354295750e-01,8.329765118893034e-10
2.502232276219670e-01,8.330982491475918e-10
2.504362198143590e-01,8.332195877023811e-10
2.506492120067510e-01,8.333405225716011e-10
2.508622041991430e-01,8.334610489117761e-10
2.510751963915350e-01,8.335811619140693e-10
2.512881885839270e-01,8.337008567696438e-10
2.515011807763180e-01,8.338201286696620e-10
2.517141729687100e-01,8.339389728052883e-10
2.519271651611020e-01,8.340573843676852e-10
2.521401573534940e-01,8.341753585480157e-10
2.523531495458860e-01,8.342928905374428e-10
2.525661417382780e-01,8.344099755271298e-10
2.527791339306700e-01,8.345266087433614e-10
2.529921261230620e-01,8.346427855528254e-10
2.532051183154530e-01,8.347585013572894e-10
2.534181105078450e-01,8.348737515585228e-10
2.536311027002370e-01,8.349885315582933e-10
2.538440948926290e-01,8.351028367583692e-10
2.540570870850210e-01,8.352166625605186e-10
2.542700792774130e-01,8.353300043665096e-10
2.544830714698050e-01,8.354428575781105e-10
2.546960636621960e-01,8.355552175970891e-10
2.549090558545880e-01,8.356670798606409e-10
2.551220480469800e-01,8.357784399477383e-10
2.553350402393720e-01,8.358892934728164e-10
2.555480324317640e-01,8.359996360503106e-10
2.557610246241560e-01,8.361094632946564e-10
2.559740168165480e-01,8.362187708202891e-10
2.561870090089400e-01,8.363275542416440e-10
2.564000012013310e-01,8.364358091731562e-10
2.566129933937230e-01,8.365435312292617e-10
2.568259855861150e-01,8.366507160243957e-10
2.570389777785070e-01,8.367573592087521e-10
2.572519699708990e-01,8.368634565755897e-10
2.574649621632910e-01,8.369690039539401e-10
2.576779543556830e-01,8.370739971728357e-10
2.578909465480740e-01,8.371784320613074e-10
2.581039387404660e-01,8.372823044483885e-10
2.583169309328580e-01,8.373856101631101e-10
2.585299231252500e-01,8.374883450345042e-10
2.587429153176420e-01,8.375905048916029e-10
2.589559075100340e-01,8.376920855634378e-10
2.591688997024260e-01,8.377930829147572e-10
2.593818918948180e-01,8.378934929531575e-10
2.595948840872090e-01,8.379933117219438e-10
2.598078762796010e-01,8.380925352644223e-10
2.600208684719930e-01,8.381911596238980e-10
2.602338606643850e-01,8.382891808436758e-10
2.604468528567770e-01,8.383865949670614e-10
2.606598450491690e-01,8.384833980373602e-10
2.608728372415610e-01,8.385795860978770e-10
2.610858294339530e-01,8.386751551919176e-10
2.612988216263440e-01,8.387701013994544e-10
2.615118138187360e-01,8.388644209470720e-10
2.617248060111280e-01,8.389581100979911e-10
2.619377982035200e-01,8.390511651154329e-10
2.621507903959120e-01,8.391435822626181e-10
2.623637825883040e-01,8.392353578027681e-10
2.625767747806960e-01,8.393264879991039e-10
2.627897669730870e-01,8.394169691148459e-10
2.630027591654790e-01,8.395067974132166e-10
2.632157513578710e-01,8.395959691574361e-10
2.634287435502630e-01,8.396844806443977e-10
2.636417357426550e-01,8.397723283057737e-10
2.638547279350470e-01,8.398595086069549e-10
2.640677201274390e-01,8.399460180133319e-10
2.642807123198310e-01,8.400318529902956e-10
2.644937045122220e-01,8.401170100032356e-10
2.647066967046140e-01,8.402014855175441e-10
2.649196888970060e-01,8.402852759986107e-10
2.651326810893980e-01,8.403683779118265e-10
2.653456732817900e-01,8.404507877225817e-10
2.655586654741820e-01,8.405325019410129e-10
2.657716576665740e-01,8.406135172563060e-10
2.659846498589660e-01,8.406938304024263e-10
2.661976420513570e-01,8.407734381133389e-10
2.664106342437490e-01,8.408523371230096e-10
2.666236264361410e-01,8.409305241654037e-10
2.668366186285330e-01,8.410079959744863e-10
2.670496108209250e-01,8.410847492842230e-10
2.672626030133170e-01,8.411607808285788e-10
2.674755952057090e-01,8.412360873415192e-10
2.676885873981000e-01,8.413106655602841e-10
2.679015795904920e-01,8.413845122352135e-10
2.681145717828840e-01,8.414576241199226e-10
2.683275639752760e-01,8.415299979680263e-10
2.685405561676680e-01,8.416016305331393e-10
2.687535483600600e-01,8.416725185688768e-10
2.689665405524520e-01,8.417426588288539e-10
2.691795327448440e-01,8.418120480666854e-10
2.693925249372350e-01,8.418806830359861e-10
2.696055171296270e-01,8.419485604903717e-10
2.698185093220190e-01,8.420156773411116e-10
2.700315015144110e-01,8.420820311299439e-10
2.702444937068030e-01,8.421476195561851e-10
2.704574858991950e-01,8.422124403191517e-10
2.706704780915870e-01,8.422764911181606e-10
2.708834702839780e-01,8.423397696525283e-10
2.710964624763700e-01,8.424022736215718e-10
2.713094546687620e-01,8.424640007246077e-10
2.715224468611540e-01,8.425249486609523e-10
2.717354390535460e-01,8.425851151299226e-10
2.719484312459380e-01,8.426444974113865e-10
2.721614234383300e-01,8.427030911083398e-10
2.723744156307220e-01,8.427608914047901e-10
2.725874078231130e-01,8.428178934847458e-10
2.728004000155050e-01,8.428740925322152e-10
2.730133922078970e-01,8.429294837312063e-10
2.732263844002890e-01,8.429840622657269e-10
2.734393765926810e-01,8.430378233197855e-10
2.736523687850730e-01,8.430907620773899e-10
2.738653609774650e-01,8.431428737225483e-10
2.740783531698570e-01,8.431941551708666e-10
2.742913453622480e-01,8.432446102681495e-10
2.745043375546400e-01,8.432942445937045e-10
2.747173297470320e-01,8.433430637268388e-10
2.749303219394240e-01,8.433910732468593e-10
2.751433141318160e-01,8.434382787330730e-10
2.753563063242080e-01,8.434846857647876e-10
2.755692985166000e-01,8.435302999213099e-10
2.757822907089910e-01,8.435751267819470e-10
2.759952829013830e-01,8.436191719260065e-10
2.762082750937750e-01,8.436624346348673e-10
2.764212672861670e-01,8.437048889921294e-10
2.766342594785590e-01,8.437465027804304e-10
2.768472516709510e-01,8.437872437824083e-10
2.770602438633430e-01,8.438270797807007e-10
2.772732360557350e-01,8.438659785579452e-10
2.774862282481260e-01,8.439039078967792e-10
2.776992204405180e-01,8.439408355798413e-10
2.779122126329100e-01,8.439767293897686e-10
2.781252048253020e-01,8.440115571091989e-10
2.783381970176940e-01,8.440453101972468e-10
2.785511892100860e-01,8.440780748124969e-10
