7.791356504680618e-06,1.923557195844048e-09
8.610780621332552e-06,1.928474743995425e-09
9.516384324626089e-06,1.933328491545973e-09
1.051723120080771e-05,1.938117896371105e-09
1.162333806181051e-05,1.942842785516945e-09
1.284577519687474e-05,1.947502278942206e-09
1.419677716772344e-05,1.952096093942048e-09
1.568986525616830e-05,1.956623750860048e-09
1.733998278964274e-05,1.961084807336800e-09
1.916364469904539e-05,1.965478759052350e-09
2.117910280571951e-05,1.969805324932887e-09
2.340652849181556e-05,1.974063943642555e-09
2.586821458226360e-05,1.978254263029368e-09
2.858879845885812e-05,1.982375762740358e-09
3.159550863945590e-05,1.986428302684779e-09
3.491843729013453e-05,1.990411328165997e-09
3.859084139770492e-05,1.994324354635173e-09
4.264947561681323e-05,1.998167305723831e-09
4.713496012287843e-05,2.001939579528715e-09
5.209218715246060e-05,2.005640866022148e-09
5.757077029985334e-05,2.009271015710107e-09
6.362554106661115e-05,2.012829528187872e-09
7.031709763364645e-05,2.016316120189997e-09
7.771241134819200e-05,2.019730444395307e-09
8.588549699555374e-05,2.023072419590550e-09
9.491815356395940e-05,2.026341468486378e-09
1.049007829163263e-04,2.029537466179889e-09
1.159332945624905e-04,2.032660084443069e-09
1.281261055871622e-04,2.035709060938738e-09
1.416012457412214e-04,2.038684026856687e-09
1.564935787564811e-04,2.041584968957605e-09
1.729521521072439e-04,2.044411400282915e-09
1.911416887275217e-04,2.047163211769024e-09
2.112442356135248e-04,2.049839968029421e-09
2.334609858111876e-04,2.052441717665764e-09
2.580142920237960e-04,2.054967999125249e-09
2.851498919925769e-04,2.057418679300842e-09
3.151393679226079e-04,2.059793553484828e-09
3.482828645688079e-04,2.062092397906400e-09
3.849120931855259e-04,2.064314909164656e-09
4.253936514042669e-04,2.066461153262252e-09
4.701326922660057e-04,2.068530709518944e-09
5.195769791289974e-04,2.070523519391961e-09
5.742213670349657e-04,2.072439248864382e-09
6.346127553846864e-04,2.074277949163145e-09
7.013555614910102e-04,2.076039292429825e-09
7.751177697904812e-04,2.077723192764991e-09
8.566376172560946e-04,2.079329510901514e-09
9.467309819210534e-04,2.080858083739983e-09
1.046299548460350e-03,2.082308692635689e-09
1.156339832554060e-03,2.083681463674538e-09
1.277953154351212e-03,2.084986580220289e-09
1.405748469786333e-03,2.086157717142007e-09
1.533543785221454e-03,2.087155111150306e-09
1.661339100656575e-03,2.088010824518377e-09
1.789134416091696e-03,2.088756919519409e-09
1.916929731526817e-03,2.089420875168908e-09
2.000000000000000e-03,2.089813033315437e-09
2.044725046961939e-03,2.090011867670039e-09
2.172520362397060e-03,2.090536093986260e-09
2.300315677832181e-03,2.091002129326652e-09
2.428110993267302e-03,2.091418741375427e-09
2.555906308702423e-03,2.091793831371637e-09
2.683701624137544e-03,2.092131834773165e-09
2.811496939572665e-03,2.092436320592462e-09
2.939292255007787e-03,2.092710857841978e-09
3.067087570442908e-03,2.092959015534167e-09
3.194882885878029e-03,2.093184059586024e-09
3.322678201313150e-03,2.093388043520501e-09
3.450473516748271e-03,2.093572717758985e-09
3.578268832183392e-03,2.093739832722860e-09
3.706064147618514e-03,2.093891138833511e-09
3.833859463053635e-03,2.094028257186972e-09
3.961654778488756e-03,2.094152291579669e-09
4.089450093923877e-03,2.094264216483571e-09
4.217245409358998e-03,2.094365006370650e-09
4.345040724794119e-03,2.094455635712874e-09
4.472836040229241e-03,2.094537011764902e-09
4.600631355664362e-03,2.094609772910401e-09
4.728426671099482e-03,2.094674490314855e-09
4.856221986534604e-03,2.094731735143750e-09
4.984017301969726e-03,2.094782078562571e-09
5.111812617404846e-03,2.094826057952467e-09
5.239607932839968e-03,2.094864075558198e-09
5.367403248275089e-03,2.094896499840668e-09
5.495198563710209e-03,2.094923699260781e-09
5.622993879145331e-03,2.094946042279438e-09
5.750789194580453e-03,2.094963876330383e-09
5.878584510015573e-03,2.094977464738486e-09
6.006379825450694e-03,2.094987049801331e-09
6.134175140885816e-03,2.094992873816506e-09
6.261970456320937e-03,2.094995179081602e-09
6.389765771756058e-03,2.094994195535496e-09
6.517561087191179e-03,2.094990103682764e-09
6.645356402626300e-03,2.094983071669540e-09
6.773151718061422e-03,2.094973267641957e-09
6.900947033496543e-03,2.094960859746146e-09
7.028742348931663e-03,2.094946007642045e-09
7.156537664366785e-03,2.094928837044833e-09
7.284332979801906e-03,2.094909465183505e-09
7.412128295237027e-03,2.094888009287057e-09
7.539923610672148e-03,2.094864586584486e-09
7.667718926107269e-03,2.094839309392194e-09
7.795514241542391e-03,2.094812270376040e-09
7.923309556977513e-03,2.094783557289197e-09
8.051104872412632e-03,2.094753257884839e-09
8.178900187847754e-03,2.094721459916143e-09
8.306695503282877e-03,2.094688247150016e-09
8.434490818717996e-03,2.094653687408371e-09
8.562286134153118e-03,2.094617844526893e-09
8.690081449588239e-03,2.094580782341262e-09
8.817876765023359e-03,2.094542564687162e-09
8.945672080458482e-03,2.094503252778259e-09
9.073467395893601e-03,2.094462897340094e-09
9.201262711328723e-03,2.094421546476162e-09
9.329058026763846e-03,2.094379248289960e-09
9.456853342198965e-03,2.094336050884983e-09
9.584648657634087e-03,2.094292000884065e-09
9.712443973069206e-03,2.094247138987442e-09
9.840239288504329e-03,2.094201504414713e-09
9.968034603939451e-03,2.094155136385475e-09
1.009582991937457e-02,2.094108074119328e-09
1.022362523480969e-02,2.094060354598417e-09
1.035142055024482e-02,2.094012005855065e-09
1.047921586567993e-02,2.093963053684135e-09
1.060701118111506e-02,2.093913523880489e-09
1.073480649655018e-02,2.093863442238989e-09
1.086260181198530e-02,2.093812834554496e-09
1.099039712742042e-02,2.093761726621874e-09
1.111819244285554e-02,2.093710144235984e-09
1.124598775829066e-02,2.093658113191690e-09
1.137378307372578e-02,2.093605659283853e-09
1.150157838916090e-02,2.093552806675552e-09
1.162937370459603e-02,2.093499573003211e-09
1.175716902003114e-02,2.093445974271706e-09
1.188496433546627e-02,2.093392026485913e-09
1.201275965090139e-02,2.093337745650707e-09
1.214055496633651e-02,2.093283147770964e-09
1.226835028177163e-02,2.093228248851561e-09
1.239614559720675e-02,2.093173064897374e-09
1.252394091264187e-02,2.093117611913277e-09
1.265173622807700e-02,2.093061905904148e-09
1.277953154351211e-02,2.093005961977365e-09
1.290732685894724e-02,2.092949791649999e-09
1.303512217438236e-02,2.092893405541467e-09
1.316291748981748e-02,2.092836814271184e-09
1.329071280525260e-02,2.092780028458566e-09
1.341850812068772e-02,2.092723058723028e-09
1.354630343612284e-02,2.092665915683986e-09
1.367409875155796e-02,2.092608609960855e-09
1.380189406699308e-02,2.092551152173052e-09
1.392968938242821e-02,2.092493552939992e-09
1.405748469786333e-02,2.092435822243595e-09
1.418528001329845e-02,2.092377967515764e-09
1.431307532873357e-02,2.092319995550885e-09
1.444087064416869e-02,2.092261913143349e-09
1.456866595960381e-02,2.092203727087542e-09
1.469646127503893e-02,2.092145444177853e-09
1.482425659047405e-02,2.092087071208670e-09
1.495205190590917e-02,2.092028614974381e-09
1.507984722134430e-02,2.091970082269374e-09
1.520764253677942e-02,2.091911479888038e-09
1.533543785221454e-02,2.091852814311958e-09
1.546323316764966e-02,2.091794090771576e-09
1.559102848308478e-02,2.091735314184572e-09
1.571882379851990e-02,2.091676489468625e-09
1.584661911395502e-02,2.091617621541412e-09
1.597441442939014e-02,2.091558715320611e-09
1.610220974482527e-02,2.091499775723901e-09
1.623000506026039e-02,2.091440807668960e-09
1.635780037569551e-02,2.091381816073467e-09
1.648559569113063e-02,2.091322805855098e-09
1.661339100656575e-02,2.091263781640076e-09
1.674118632200087e-02,2.091204746888671e-09
1.686898163743599e-02,2.091145704769639e-09
1.699677695287111e-02,2.091086658451735e-09
1.712457226830624e-02,2.091027611103714e-09
1.725236758374135e-02,2.090968565894331e-09
1.738016289917648e-02,2.090909525992342e-09
1.750795821461160e-02,2.090850494566501e-09
1.763575353004672e-02,2.090791474785563e-09
1.776354884548184e-02,2.090732469818285e-09
1.789134416091696e-02,2.090673482676893e-09
1.801913947635208e-02,2.090614515747488e-09
1.814693479178720e-02,2.090555571259637e-09
1.827473010722232e-02,2.090496651442906e-09
1.840252542265745e-02,2.090437758526858e-09
1.853032073809257e-02,2.090378894741059e-09
1.865811605352769e-02,2.090320062315077e-09
1.878591136896281e-02,2.090261263478475e-09
1.891370668439793e-02,2.090202500460819e-09
1.904150199983305e-02,2.090143775491676e-09
1.916929731526817e-02,2.090085090693531e-09
1.929709263070329e-02,2.090026447760576e-09
1.942488794613842e-02,2.089967848279935e-09
1.955268326157353e-02,2.089909293838732e-09
1.968047857700866e-02,2.089850786024088e-09
1.980827389244378e-02,2.089792326423129e-09
1.993606920787890e-02,2.089733916622977e-09
2.006386452331402e-02,2.089675558210755e-09
2.019165983874914e-02,2.089617252773587e-09
2.031945515418426e-02,2.089559001898597e-09
2.044725046961939e-02,2.089500807053473e-09
2.057504578505450e-02,2.089442669228124e-09
2.070284110048963e-02,2.089384589292991e-09
2.083063641592475e-02,2.089326568118523e-09
2.095843173135987e-02,2.089268606575164e-09
2.108622704679499e-02,2.089210705533358e-09
2.121402236223011e-02,2.089152865863552e-09
2.134181767766523e-02,2.089095088436191e-09
2.146961299310035e-02,2.089037374121720e-09
2.159740830853547e-02,2.088979723790584e-09
2.172520362397060e-02,2.088922138336648e-09
2.185299893940572e-02,2.088864618747464e-09
2.198079425484084e-02,2.088807166034004e-09
2.210858957027596e-02,2.088749781207239e-09
2.223638488571108e-02,2.088692465278142e-09
2.236418020114620e-02,2.088635219257685e-09
2.249197551658132e-02,2.088578044156841e-09
2.261977083201644e-02,2.088520940986583e-09
2.274756614745157e-02,2.088463910757882e-09
2.287536146288669e-02,2.088406954481710e-09
2.300315677832181e-02,2.088350073025601e-09
2.313095209375693e-02,2.088293266683346e-09
2.325874740919205e-02,2.088236535605310e-09
2.338654272462717e-02,2.088179879941855e-09
2.351433804006229e-02,2.088123299843345e-09
2.364213335549741e-02,2.088066795460141e-09
2.376992867093253e-02,2.088010366942607e-09
2.389772398636766e-02,2.087954014441106e-09
2.402551930180278e-02,2.087897738106001e-09
2.415331461723790e-02,2.087841538087655e-09
2.428110993267302e-02,2.087785414590951e-09
2.440890524810814e-02,2.087729368038833e-09
2.453670056354326e-02,2.087673398908754e-09
2.466449587897838e-02,2.087617507678164e-09
2.479229119441350e-02,2.087561694824517e-09
2.492008650984863e-02,2.087505960825263e-09
2.504788182528375e-02,2.087450306157857e-09
2.517567714071887e-02,2.087394731299749e-09
2.530347245615399e-02,2.087339236728391e-09
2.543126777158911e-02,2.087283822921237e-09
2.555906308702423e-02,2.087228490300342e-09
2.568685840245935e-02,2.087173239066160e-09
2.581465371789447e-02,2.087118069363746e-09
2.594244903332960e-02,2.087062981338154e-09
2.607024434876471e-02,2.087007975134437e-09
2.619803966419984e-02,2.086953050897648e-09
2.632583497963496e-02,2.086898208772841e-09
2.645363029507008e-02,2.086843448905069e-09
2.658142561050520e-02,2.086788771439387e-09
2.670922092594032e-02,2.086734176520846e-09
2.683701624137544e-02,2.086679664208093e-09
2.696481155681056e-02,2.086625234214144e-09
2.709260687224568e-02,2.086570886165611e-09
2.722040218768081e-02,2.086516619689108e-09
2.734819750311593e-02,2.086462434411245e-09
2.747599281855105e-02,2.086408329958636e-09
2.760378813398617e-02,2.086354305957893e-09
2.773158344942129e-02,2.086300362035628e-09
2.785937876485641e-02,2.086246497818453e-09
2.798717408029153e-02,2.086192712932980e-09
2.811496939572665e-02,2.086139007182408e-09
2.824276471116178e-02,2.086085381076207e-09
2.837056002659689e-02,2.086031835300401e-09
2.849835534203202e-02,2.085978370541013e-09
2.862615065746714e-02,2.085924987484066e-09
2.875394597290226e-02,2.085871686815584e-09
2.888174128833738e-02,2.085818469221588e-09
2.900953660377250e-02,2.085765335388104e-09
2.913733191920762e-02,2.085712286001154e-09
2.926512723464274e-02,2.085659321746760e-09
2.939292255007787e-02,2.085606443058132e-09
2.952071786551299e-02,2.085553649357161e-09
2.964851318094811e-02,2.085500939812888e-09
2.977630849638323e-02,2.085448313594357e-09
2.990410381181835e-02,2.085395769870610e-09
3.003189912725347e-02,2.085343307810691e-09
3.015969444268859e-02,2.085290926583642e-09
3.028748975812371e-02,2.085238625358506e-09
3.041528507355883e-02,2.085186403304326e-09
3.054308038899396e-02,2.085134259590146e-09
3.067087570442908e-02,2.085082193635094e-09
3.079867101986420e-02,2.085030205858642e-09
3.092646633529932e-02,2.084978296930342e-09
3.105426165073444e-02,2.084926467519746e-09
3.118205696616956e-02,2.084874718296408e-09
3.130985228160468e-02,2.084823049929881e-09
3.143764759703981e-02,2.084771463089716e-09
3.156544291247493e-02,2.084719958445467e-09
3.169323822791005e-02,2.084668536666687e-09
3.182103354334517e-02,2.084617198422928e-09
3.194882885878029e-02,2.084565944133401e-09
3.207662417421541e-02,2.084514773216027e-09
3.220441948965053e-02,2.084463684838429e-09
3.233221480508566e-02,2.084412678168227e-09
3.246001012052077e-02,2.084361752373044e-09
3.258780543595589e-02,2.084310906620502e-09
3.271560075139102e-02,2.084260140078220e-09
3.284339606682614e-02,2.084209451913822e-09
3.297119138226126e-02,2.084158841294928e-09
3.309898669769638e-02,2.084108307389160e-09
3.322678201313150e-02,2.084057849532718e-09
3.335457732856662e-02,2.084007467736174e-09
3.348237264400174e-02,2.083957162178702e-09
3.361016795943687e-02,2.083906933039478e-09
3.373796327487198e-02,2.083856780497679e-09
3.386575859030710e-02,2.083806704732479e-09
3.399355390574223e-02,2.083756705923055e-09
3.412134922117735e-02,2.083706784248581e-09
3.424914453661247e-02,2.083656939888234e-09
3.437693985204759e-02,2.083607173021190e-09
3.450473516748271e-02,2.083557483755569e-09
3.463253048291783e-02,2.083507871915272e-09
3.476032579835295e-02,2.083458337253146e-09
3.488812111378808e-02,2.083408879522035e-09
3.501591642922319e-02,2.083359498474786e-09
3.514371174465832e-02,2.083310193864246e-09
3.527150706009344e-02,2.083260965443258e-09
3.539930237552856e-02,2.083211812964670e-09
3.552709769096368e-02,2.083162736181328e-09
3.565489300639881e-02,2.083113734846076e-09
3.578268832183392e-02,2.083064808738079e-09
3.591048363726904e-02,2.083015957741761e-09
3.603827895270417e-02,2.082967181767862e-09
3.616607426813929e-02,2.082918480727121e-09
3.629386958357441e-02,2.082869854530277e-09
3.642166489900953e-02,2.082821303088069e-09
3.654946021444465e-02,2.082772826311236e-09
3.667725552987977e-02,2.082724424110518e-09
3.680505084531489e-02,2.082676096396652e-09
3.693284616075002e-02,2.082627843080379e-09
3.706064147618514e-02,2.082579664023835e-09
3.718843679162025e-02,2.082531558894727e-09
3.731623210705538e-02,2.082483527312153e-09
3.744402742249050e-02,2.082435568895208e-09
3.757182273792562e-02,2.082387683262990e-09
3.769961805336074e-02,2.082339870034594e-09
3.782741336879586e-02,2.082292128829116e-09
3.795520868423098e-02,2.082244459265656e-09
3.808300399966610e-02,2.082196860963306e-09
3.821079931510123e-02,2.082149333541166e-09
3.833859463053635e-02,2.082101876656842e-09
3.846638994597146e-02,2.082054490121993e-09
3.859418526140659e-02,2.082007173786789e-09
3.872198057684171e-02,2.081959927501402e-09
3.884977589227683e-02,2.081912751116002e-09
3.897757120771195e-02,2.081865644480760e-09
3.910536652314707e-02,2.081818607445848e-09
3.923316183858219e-02,2.081771639861435e-09
3.936095715401731e-02,2.081724741577694e-09
3.948875246945244e-02,2.081677912444794e-09
3.961654778488756e-02,2.081631152356195e-09
3.974434310032268e-02,2.081584461378502e-09
3.987213841575780e-02,2.081537839621603e-09
3.999993373119292e-02,2.081491287195384e-09
4.012772904662804e-02,2.081444804209735e-09
4.025552436206317e-02,2.081398390774543e-09
4.038331967749829e-02,2.081352046999696e-09
4.051111499293340e-02,2.081305772995082e-09
4.063891030836853e-02,2.081259568870589e-09
4.076670562380365e-02,2.081213434736104e-09
4.089450093923877e-02,2.081167370586365e-09
4.102229625467389e-02,2.081121375955456e-09
4.115009157010902e-02,2.081075450262286e-09
4.127788688554413e-02,2.081029592925764e-09
4.140568220097925e-02,2.080983803364801e-09
4.153347751641438e-02,2.080938080998306e-09
4.166127283184950e-02,2.080892425245189e-09
4.178906814728462e-02,2.080846835524358e-09
4.191686346271974e-02,2.080801311254723e-09
4.204465877815486e-02,2.080755851855195e-09
4.217245409358998e-02,2.080710456888857e-09
4.230024940902510e-02,2.080665126495513e-09
4.242804472446023e-02,2.080619860959148e-09
4.255584003989534e-02,2.080574660563748e-09
4.268363535533046e-02,2.080529525593301e-09
4.281143067076559e-02,2.080484456331791e-09
4.293922598620071e-02,2.080439453063206e-09
4.306702130163583e-02,2.080394516071531e-09
4.319481661707095e-02,2.080349645640752e-09
4.332261193250607e-02,2.080304842054856e-09
4.345040724794119e-02,2.080260105444413e-09
4.357820256337631e-02,2.080215435326352e-09
4.370599787881144e-02,2.080170831064202e-09
4.383379319424656e-02,2.080126292021491e-09
4.396158850968167e-02,2.080081817561748e-09
4.408938382511680e-02,2.080037407048499e-09
4.421717914055192e-02,2.079993059845273e-09
4.434497445598704e-02,2.079948775315599e-09
4.447276977142216e-02,2.079904552823004e-09
4.460056508685728e-02,2.079860391731016e-09
4.472836040229240e-02,2.079816291522932e-09
4.485615571772752e-02,2.079772252161173e-09
4.498395103316265e-02,2.079728273727959e-09
4.511174634859777e-02,2.079684356305508e-09
4.523954166403289e-02,2.079640499976038e-09
4.536733697946801e-02,2.079596704821767e-09
4.549513229490313e-02,2.079552970924914e-09
4.562292761033825e-02,2.079509298367698e-09
4.575072292577338e-02,2.079465687232336e-09
4.587851824120850e-02,2.079422137601048e-09
4.600631355664361e-02,2.079378649492796e-09
4.613410887207874e-02,2.079335222673514e-09
4.626190418751386e-02,2.079291856845874e-09
4.638969950294898e-02,2.079248551712552e-09
4.651749481838410e-02,2.079205306976218e-09
4.664529013381922e-02,2.079162122339547e-09
4.677308544925434e-02,2.079118997505212e-09
4.690088076468946e-02,2.079075932175885e-09
4.702867608012459e-02,2.079032926054240e-09
4.715647139555971e-02,2.078989978842951e-09
4.728426671099482e-02,2.078947090288376e-09
4.741206202642995e-02,2.078904260311609e-09
4.753985734186507e-02,2.078861488877431e-09
4.766765265730019e-02,2.078818775950617e-09
4.779544797273531e-02,2.078776121495948e-09
4.792324328817044e-02,2.078733525478200e-09
4.805103860360555e-02,2.078690987862153e-09
4.817883391904067e-02,2.078648508612583e-09
4.830662923447580e-02,2.078606087694269e-09
4.843442454991092e-02,2.078563725071991e-09
4.856221986534604e-02,2.078521420679445e-09
4.869001518078116e-02,2.078479174326025e-09
4.881781049621628e-02,2.078436985790054e-09
4.894560581165140e-02,2.078394854849852e-09
4.907340112708652e-02,2.078352781283740e-09
4.920119644252165e-02,2.078310764870039e-09
4.932899175795677e-02,2.078268805387070e-09
4.945678707339188e-02,2.078226902613155e-09
4.958458238882701e-02,2.078185056326613e-09
4.971237770426213e-02,2.078143266305768e-09
4.984017301969725e-02,2.078101532339558e-09
4.996796833513237e-02,2.078059854259410e-09
5.000000000000000e-02,2.078049416464743e-09
5.009576365056749e-02,2.078018231908846e-09
5.022355896600261e-02,2.077976665144309e-09
5.035135428143774e-02,2.077935153828902e-09
5.047914959687286e-02,2.077893697825784e-09
5.060694491230798e-02,2.077852296998114e-09
5.073474022774310e-02,2.077810951209050e-09
5.086253554317822e-02,2.077769660321752e-09
5.099033085861334e-02,2.077728424199377e-09
5.111812617404846e-02,2.077687242689367e-09
5.124592148948359e-02,2.077646115576287e-09
5.137371680491870e-02,2.077605042628986e-09
5.150151212035382e-02,2.077564023616313e-09
5.162930743578895e-02,2.077523058307115e-09
5.175710275122407e-02,2.077482146470242e-09
5.188489806665919e-02,2.077441287874541e-09
5.201269338209431e-02,2.077400482288861e-09
5.214048869752943e-02,2.077359729482050e-09
5.226828401296455e-02,2.077319029222958e-09
5.239607932839967e-02,2.077278381341148e-09
5.252387464383480e-02,2.077237785909026e-09
5.265166995926992e-02,2.077197243059705e-09
5.277946527470503e-02,2.077156752926294e-09
5.290726059014016e-02,2.077116315641905e-09
5.303505590557528e-02,2.077075931339649e-09
5.316285122101040e-02,2.077035600152637e-09
5.329064653644552e-02,2.076995322213980e-09
5.341844185188065e-02,2.076955097656789e-09
5.354623716731576e-02,2.076914926614175e-09
5.367403248275088e-02,2.076874809079914e-09
5.380182779818601e-02,2.076834744490401e-09
5.392962311362113e-02,2.076794732142680e-09
5.405741842905625e-02,2.076754771333791e-09
5.418521374449137e-02,2.076714861360778e-09
5.431300905992649e-02,2.076675001520682e-09
5.444080437536161e-02,2.076635191110546e-09
5.456859969079673e-02,2.076595429427410e-09
5.469639500623186e-02,2.076555715768319e-09
5.482419032166697e-02,2.076516049430314e-09
5.495198563710210e-02,2.076476429944529e-09
5.507978095253722e-02,2.076436857778461e-09
5.520757626797234e-02,2.076397333633697e-09
5.533537158340746e-02,2.076357858211822e-09
5.546316689884258e-02,2.076318432214422e-09
5.559096221427770e-02,2.076279056343083e-09
5.571875752971282e-02,2.076239731299391e-09
5.584655284514795e-02,2.076200457784932e-09
5.597434816058307e-02,2.076161236501292e-09
5.610214347601819e-02,2.076122068150056e-09
5.622993879145331e-02,2.076082953172259e-09
5.635773410688843e-02,2.076043890966813e-09
5.648552942232355e-02,2.076004880672122e-09
5.661332473775867e-02,2.075965921426588e-09
5.674112005319380e-02,2.075927012368615e-09
5.686891536862891e-02,2.075888152636606e-09
5.699671068406403e-02,2.075849341368965e-09
5.712450599949916e-02,2.075810577704094e-09
5.725230131493428e-02,2.075771860780397e-09
5.738009663036940e-02,2.075733189736278e-09
5.750789194580452e-02,2.075694563903456e-09
5.763568726123964e-02,2.075655983386985e-09
5.776348257667476e-02,2.075617448485268e-09
5.789127789210988e-02,2.075578959496704e-09
5.801907320754501e-02,2.075540516719696e-09
5.814686852298013e-02,2.075502120452645e-09
5.827466383841524e-02,2.075463770993953e-09
5.840245915385037e-02,2.075425468642021e-09
5.853025446928549e-02,2.075387213695250e-09
5.865804978472061e-02,2.075349006452043e-09
5.878584510015573e-02,2.075310847046843e-09
5.891364041559085e-02,2.075272734958265e-09
5.904143573102597e-02,2.075234669500964e-09
5.916923104646109e-02,2.075196649989596e-09
5.929702636189622e-02,2.075158675738817e-09
5.942482167733134e-02,2.075120746063282e-09
5.955261699276646e-02,2.075082860277646e-09
5.968041230820158e-02,2.075045017696565e-09
5.980820762363670e-02,2.075007217634696e-09
5.993600293907182e-02,2.074969459406692e-09
6.006379825450694e-02,2.074931742590190e-09
6.019159356994207e-02,2.074894067814670e-09
6.031938888537718e-02,2.074856435972554e-09
6.044718420081231e-02,2.074818847956268e-09
6.057497951624743e-02,2.074781304658233e-09
6.070277483168255e-02,2.074743806970874e-09
6.083057014711767e-02,2.074706355786614e-09
6.095836546255279e-02,2.074668951997877e-09
6.108616077798791e-02,2.074631596497086e-09
6.121395609342303e-02,2.074594290176665e-09
6.134175140885816e-02,2.074557033607446e-09
6.146954672429328e-02,2.074519826073791e-09
6.159734203972840e-02,2.074482666538406e-09
6.172513735516352e-02,2.074445553964004e-09
6.185293267059864e-02,2.074408487313294e-09
6.198072798603376e-02,2.074371465548985e-09
6.210852330146888e-02,2.074334487633788e-09
6.223631861690401e-02,2.074297552530413e-09
6.236411393233912e-02,2.074260659201569e-09
6.249190924777424e-02,2.074223806609966e-09
6.261970456320937e-02,2.074186993941926e-09
6.274749987864449e-02,2.074150221278228e-09
6.287529519407961e-02,2.074113488923269e-09
6.300309050951473e-02,2.074076797181449e-09
6.313088582494986e-02,2.074040146357164e-09
6.325868114038498e-02,2.074003536754815e-09
6.338647645582010e-02,2.073966968678798e-09
6.351427177125522e-02,2.073930442433512e-09
6.364206708669033e-02,2.073893958323355e-09
6.376986240212545e-02,2.073857516652726e-09
6.389765771756058e-02,2.073821117649555e-09
6.402545303299570e-02,2.073784761235915e-09
6.415324834843082e-02,2.073748447257425e-09
6.428104366386594e-02,2.073712175559698e-09
6.440883897930107e-02,2.073675945988352e-09
6.453663429473619e-02,2.073639758389002e-09
6.466442961017131e-02,2.073603612607264e-09
6.479222492560642e-02,2.073567508488753e-09
6.492002024104154e-02,2.073531445879086e-09
6.504781555647667e-02,2.073495424623878e-09
6.517561087191179e-02,2.073459444555320e-09
6.530340618734691e-02,2.073423505451891e-09
6.543120150278203e-02,2.073387607078645e-09
6.555899681821716e-02,2.073351749200634e-09
6.568679213365228e-02,2.073315931582911e-09
6.581458744908740e-02,2.073280153990527e-09
6.594238276452252e-02,2.073244416188535e-09
6.607017807995763e-02,2.073208717941988e-09
6.619797339539275e-02,2.073173059015938e-09
6.632576871082788e-02,2.073137439175438e-09
6.645356402626300e-02,2.073101858247840e-09
6.658135934169812e-02,2.073066316309714e-09
6.670915465713324e-02,2.073030813499933e-09
6.683694997256837e-02,2.072995349957372e-09
6.696474528800349e-02,2.072959925820904e-09
6.709254060343861e-02,2.072924541229402e-09
6.722033591887373e-02,2.072889196321740e-09
6.734813123430886e-02,2.072853891236793e-09
6.747592654974396e-02,2.072818626113433e-09
6.760372186517909e-02,2.072783401090536e-09
6.773151718061421e-02,2.072748216238203e-09
6.785931249604933e-02,2.072713071351471e-09
6.798710781148445e-02,2.072677966156613e-09
6.811490312691958e-02,2.072642900379898e-09
6.824269844235470e-02,2.072607873747599e-09
6.837049375778982e-02,2.072572885985988e-09
6.849828907322494e-02,2.072537936821336e-09
6.862608438866007e-02,2.072503025979916e-09
6.875387970409517e-02,2.072468153187997e-09
6.888167501953030e-02,2.072433318171852e-09
6.900947033496542e-02,2.072398520704760e-09
6.913726565040054e-02,2.072363760748047e-09
6.926506096583566e-02,2.072329038310056e-09
6.939285628127079e-02,2.072294353399132e-09
6.952065159670591e-02,2.072259706023618e-09
6.964844691214103e-02,2.072225096191860e-09
6.977624222757615e-02,2.072190523912200e-09
6.990403754301128e-02,2.072155989192983e-09
7.003183285844640e-02,2.072121492042552e-09
7.015962817388151e-02,2.072087032469252e-09
7.028742348931663e-02,2.072052610449267e-09
7.041521880475175e-02,2.072018225830135e-09
7.054301412018688e-02,2.071983878427232e-09
7.067080943562200e-02,2.071949568055934e-09
7.079860475105712e-02,2.071915294531618e-09
7.092640006649224e-02,2.071881057669658e-09
7.105419538192737e-02,2.071846857285431e-09
7.118199069736249e-02,2.071812693194313e-09
7.130978601279761e-02,2.071778565211679e-09
7.152277820518949e-02,2.071721764980252e-09
7.173577039758135e-02,2.071665063834064e-09
7.194876258997322e-02,2.071608461675789e-09
7.216175478236508e-02,2.071551958559585e-09
7.237474697475696e-02,2.071495554539613e-09
7.258773916714882e-02,2.071439249670032e-09
7.280073135954070e-02,2.071383044005003e-09
7.301372355193256e-02,2.071326937598684e-09
7.322671574432443e-02,2.071270930505235e-09
7.343970793671629e-02,2.071215022778815e-09
7.365270012910817e-02,2.071159214473586e-09
7.386569232150003e-02,2.071103505461566e-09
7.407868451389191e-02,2.071047894886220e-09
7.429167670628377e-02,2.070992381708874e-09
7.450466889867564e-02,2.070936964890852e-09
7.471766109106751e-02,2.070881643393480e-09
7.493065328345938e-02,2.070826416178084e-09
7.514364547585124e-02,2.070771282205988e-09
7.535663766824312e-02,2.070716240438519e-09
7.556962986063498e-02,2.070661289837001e-09
7.578262205302685e-02,2.070606429362760e-09
7.599561424541872e-02,2.070551658243033e-09
7.620860643781059e-02,2.070496976768669e-09
7.642159863020245e-02,2.070442385496413e-09
7.663459082259433e-02,2.070387884983010e-09
7.684758301498619e-02,2.070333475785207e-09
7.706057520737807e-02,2.070279158459748e-09
7.727356739976993e-02,2.070224933563379e-09
7.748655959216180e-02,2.070170801652845e-09
7.769955178455366e-02,2.070116763284890e-09
7.791254397694554e-02,2.070062819016262e-09
7.812553616933740e-02,2.070008969141700e-09
7.833852836172928e-02,2.069955212907993e-09
7.855152055412114e-02,2.069901549299952e-09
7.876451274651301e-02,2.069847977302391e-09
7.897750493890487e-02,2.069794495900121e-09
7.919049713129675e-02,2.069741104077956e-09
7.940348932368861e-02,2.069687800820707e-09
7.961648151608049e-02,2.069634585113188e-09
7.982947370847235e-02,2.069581455940210e-09
8.004246590086422e-02,2.069528412286588e-09
8.025545809325609e-02,2.069475453271659e-09
8.046845028564796e-02,2.069422578552904e-09
8.068144247803982e-02,2.069369787922344e-09
8.089443467043170e-02,2.069317081172001e-09
8.110742686282357e-02,2.069264458093897e-09
8.132041905521543e-02,2.069211918480054e-09
8.153341124760730e-02,2.069159462122493e-09
8.174640343999917e-02,2.069107088813237e-09
8.195939563239105e-02,2.069054798344307e-09
8.217238782478291e-02,2.069002590507725e-09
8.238538001717477e-02,2.068950465139592e-09
8.259837220956665e-02,2.068898422252330e-09
8.281136440195852e-02,2.068846461902443e-09
8.302435659435038e-02,2.068794584146436e-09
8.323734878674224e-02,2.068742789040812e-09
8.345034097913412e-02,2.068691076642075e-09
8.366333317152599e-02,2.068639447006730e-09
8.387632536391786e-02,2.068587900191280e-09
8.408931755630973e-02,2.068536436252231e-09
8.430230974870159e-02,2.068485055246085e-09
8.451530194109347e-02,2.068433757119416e-09
8.472829413348533e-02,2.068382541379071e-09
8.494128632587720e-02,2.068331407421968e-09
8.515427851826907e-02,2.068280354645021e-09
8.536727071066094e-02,2.068229382445148e-09
8.558026290305280e-02,2.068178490219263e-09
8.579325509544468e-02,2.068127677364284e-09
8.600624728783654e-02,2.068076943277125e-09
8.621923948022842e-02,2.068026287354705e-09
8.643223167262028e-02,2.067975708993938e-09
8.664522386501215e-02,2.067925207668860e-09
8.685821605740401e-02,2.067874783161978e-09
8.707120824979589e-02,2.067824435332915e-09
8.728420044218775e-02,2.067774164041294e-09
8.749719263457963e-02,2.067723969146738e-09
8.771018482697149e-02,2.067673850508868e-09
8.792317701936336e-02,2.067623807987309e-09
8.813616921175522e-02,2.067573841441682e-09
8.834916140414710e-02,2.067523950731612e-09
8.856215359653896e-02,2.067474135716719e-09
8.877514578893084e-02,2.067424396235117e-09
8.898813798132270e-02,2.067374732038874e-09
8.920113017371457e-02,2.067325142858550e-09
8.941412236610644e-02,2.067275628424706e-09
8.962711455849831e-02,2.067226188467901e-09
8.984010675089017e-02,2.067176822718697e-09
9.005309894328205e-02,2.067127530907653e-09
9.026609113567391e-02,2.067078312765329e-09
9.047908332806578e-02,2.067029168022285e-09
9.069207552045766e-02,2.066980096409083e-09
9.090506771284952e-02,2.066931097658291e-09
9.111805990524138e-02,2.066882171510521e-09
9.133105209763326e-02,2.066833317708395e-09
9.154404429002513e-02,2.066784535994533e-09
9.175703648241700e-02,2.066735826111556e-09
9.197002867480886e-02,2.066687187802088e-09
9.218302086720073e-02,2.066638620808748e-09
9.239601305959261e-02,2.066590124874157e-09
9.260900525198447e-02,2.066541699740938e-09
9.282199744437633e-02,2.066493345151712e-09
9.303498963676821e-02,2.066445060870912e-09
9.324798182916008e-02,2.066396846750227e-09
9.346097402155194e-02,2.066348702663161e-09
9.367396621394380e-02,2.066300628483214e-09
9.388695840633568e-02,2.066252624083891e-09
9.409995059872756e-02,2.066204689338694e-09
9.431294279111942e-02,2.066156824121126e-09
9.452593498351128e-02,2.066109028304689e-09
9.473892717590315e-02,2.066061301762886e-09
9.495191936829503e-02,2.066013644369221e-09
9.516491156068689e-02,2.065966055966266e-09
9.537790375307875e-02,2.065918536272882e-09
9.559089594547063e-02,2.065871084977000e-09
9.580388813786250e-02,2.065823701766549e-09
9.601688033025436e-02,2.065776386329461e-09
9.622987252264624e-02,2.065729138353667e-09
9.644286471503810e-02,2.065681957527097e-09
9.665585690742998e-02,2.065634843537681e-09
9.686884909982184e-02,2.065587796073351e-09
9.708184129221371e-02,2.065540814822037e-09
9.729483348460558e-02,2.065493899494037e-09
9.750782567699745e-02,2.065447049889128e-09
9.772081786938931e-02,2.065400265829452e-09
9.793381006178119e-02,2.065353547137152e-09
9.814680225417305e-02,2.065306893634370e-09
9.835979444656492e-02,2.065260305143250e-09
9.857278663895679e-02,2.065213781485934e-09
9.878577883134866e-02,2.065167322484565e-09
9.899877102374052e-02,2.065120927961285e-09
9.921176321613240e-02,2.065074597738238e-09
9.942475540852426e-02,2.065028331632215e-09
9.963774760091614e-02,2.064982129438604e-09
9.985073979330800e-02,2.064935990947441e-09
1.000637319857000e-01,2.064889915948763e-09
1.002767241780920e-01,2.064843904232607e-09
1.004897163704840e-01,2.064797955589010e-09
1.007027085628750e-01,2.064752069808009e-09
1.009157007552670e-01,2.064706246679640e-09
1.011286929476590e-01,2.064660485993939e-09
1.013416851400510e-01,2.064614787540945e-09
1.015546773324430e-01,2.064569151137828e-09
1.017676695248350e-01,2.064523576710323e-09
1.019806617172270e-01,2.064478064211313e-09
1.021936539096190e-01,2.064432613593677e-09
1.024066461020100e-01,2.064387224810297e-09
1.026196382944020e-01,2.064341897814054e-09
1.028326304867940e-01,2.064296632557829e-09
1.030456226791860e-01,2.064251428994504e-09
1.032586148715780e-01,2.064206287076958e-09
1.034716070639700e-01,2.064161206758076e-09
1.036845992563620e-01,2.064116187907723e-09
1.038975914487540e-01,2.064071230063756e-09
1.041105836411450e-01,2.064026332681031e-09
1.043235758335370e-01,2.063981495214407e-09
1.045365680259290e-01,2.063936717118742e-09
1.047495602183210e-01,2.063891997848895e-09
1.049625524107130e-01,2.063847336859723e-09
1.051755446031050e-01,2.063802733606085e-09
1.053885367954970e-01,2.063758187542840e-09
1.056015289878880e-01,2.063713698124845e-09
1.058145211802800e-01,2.063669264942096e-09
1.060275133726720e-01,2.063624888124916e-09
1.062405055650640e-01,2.063580567938657e-09
1.064534977574560e-01,2.063536304648669e-09
1.066664899498480e-01,2.063492098520303e-09
1.068794821422400e-01,2.063447949818910e-09
1.070924743346320e-01,2.063403858809841e-09
1.073054665270230e-01,2.063359825758446e-09
1.075184587194150e-01,2.063315850930077e-09
1.077314509118070e-01,2.063271934590083e-09
1.079444431041990e-01,2.063228076916281e-09
1.081574352965910e-01,2.063184277736099e-09
1.083704274889830e-01,2.063140536789310e-09
1.085834196813750e-01,2.063096853815687e-09
1.087964118737660e-01,2.063053228555003e-09
1.090094040661580e-01,2.063009660747029e-09
1.092223962585500e-01,2.062966150131538e-09
1.094353884509420e-01,2.062922696448304e-09
1.096483806433340e-01,2.062879299437098e-09
1.098613728357260e-01,2.062835958837693e-09
1.100743650281180e-01,2.062792674381640e-09
1.102873572205100e-01,2.062749445767596e-09
1.105003494129010e-01,2.062706272685988e-09
1.107133416052930e-01,2.062663154827244e-09
1.109263337976850e-01,2.062620091881794e-09
1.111393259900770e-01,2.062577083540064e-09
1.113523181824690e-01,2.062534129492483e-09
1.115653103748610e-01,2.062491229429479e-09
1.117783025672530e-01,2.062448383041481e-09
1.119912947596450e-01,2.062405590018917e-09
1.122042869520360e-01,2.062362850077716e-09
1.124172791444280e-01,2.062320163035812e-09
1.126302713368200e-01,2.062277528736646e-09
1.128432635292120e-01,2.062234947023659e-09
1.130562557216040e-01,2.062192417740291e-09
1.132692479139960e-01,2.062149940729980e-09
1.134822401063880e-01,2.062107515836169e-09
1.136952322987790e-01,2.062065142902295e-09
1.139082244911710e-01,2.062022821771801e-09
1.141212166835630e-01,2.061980552288126e-09
1.143342088759550e-01,2.061938334305563e-09
1.145472010683470e-01,2.061896167721810e-09
1.147601932607390e-01,2.061854052445414e-09
1.149731854531310e-01,2.061811988384922e-09
1.151861776455230e-01,2.061769975448880e-09
1.153991698379140e-01,2.061728013545836e-09
1.156121620303060e-01,2.061686102584334e-09
1.158251542226980e-01,2.061644242472923e-09
1.160381464150900e-01,2.061602433120148e-09
1.162511386074820e-01,2.061560674434556e-09
1.164641307998740e-01,2.061518966361687e-09
1.166771229922660e-01,2.061477308994977e-09
1.168901151846570e-01,2.061435702464814e-09
1.171031073770490e-01,2.061394146901586e-09
1.173160995694410e-01,2.061352642435681e-09
1.175290917618330e-01,2.061311189197487e-09
1.177420839542250e-01,2.061269787317394e-09
1.179550761466170e-01,2.061228436925788e-09
1.181680683390090e-01,2.061187138153060e-09
1.183810605314010e-01,2.061145891129596e-09
1.185940527237920e-01,2.061104695881599e-09
1.188070449161840e-01,2.061063552018294e-09
1.190200371085760e-01,2.061022459044601e-09
1.192330293009680e-01,2.060981416465442e-09
1.194460214933600e-01,2.060940423785740e-09
1.196590136857520e-01,2.060899480510415e-09
1.198720058781440e-01,2.060858586144390e-09
1.200849980705360e-01,2.060817740192586e-09
1.202979902629270e-01,2.060776942159925e-09
1.205109824553190e-01,2.060736191551329e-09
1.207239746477110e-01,2.060695487952547e-09
1.209369668401030e-01,2.060654831272713e-09
1.211499590324950e-01,2.060614221501830e-09
1.213629512248870e-01,2.060573658629902e-09
1.215759434172790e-01,2.060533142646930e-09
1.217889356096700e-01,2.060492673542917e-09
1.220019278020620e-01,2.060452251307865e-09
1.222149199944540e-01,2.060411875931778e-09
1.224279121868460e-01,2.060371547404657e-09
1.226409043792380e-01,2.060331265716505e-09
1.228538965716300e-01,2.060291030847146e-09
1.230668887640220e-01,2.060250842735693e-09
1.232798809564140e-01,2.060210701311083e-09
1.234928731488050e-01,2.060170606502253e-09
1.237058653411970e-01,2.060130558238137e-09
1.239188575335890e-01,2.060090556447672e-09
1.241318497259810e-01,2.060050601059795e-09
1.243448419183730e-01,2.060010692003442e-09
1.245578341107650e-01,2.059970829207548e-09
1.247708263031570e-01,2.059931012601051e-09
1.249838184955480e-01,2.059891242097325e-09
1.251968106879400e-01,2.059851517547529e-09
1.254098028803320e-01,2.059811838787269e-09
1.256227950727240e-01,2.059772205652155e-09
1.258357872651160e-01,2.059732617977794e-09
1.260487794575080e-01,2.059693075599794e-09
1.262617716499000e-01,2.059653578353763e-09
1.264747638422920e-01,2.059614126075311e-09
1.266877560346830e-01,2.059574718600043e-09
1.269007482270750e-01,2.059535355763570e-09
1.271137404194670e-01,2.059496037405920e-09
1.273267326118590e-01,2.059456763384798e-09
1.275397248042510e-01,2.059417533562325e-09
1.277527169966430e-01,2.059378347800620e-09
1.279657091890350e-01,2.059339205961805e-09
1.281787013814270e-01,2.059300107907999e-09
1.283916935738180e-01,2.059261053501322e-09
1.286046857662100e-01,2.059222042603895e-09
1.288176779586020e-01,2.059183075077839e-09
1.290306701509940e-01,2.059144150785272e-09
1.292436623433860e-01,2.059105269616228e-09
1.294566545357780e-01,2.059066431572429e-09
1.296696467281700e-01,2.059027636683531e-09
1.298826389205610e-01,2.058988884979194e-09
1.300956311129530e-01,2.058950176489072e-09
1.303086233053450e-01,2.058911511242825e-09
1.305216154977370e-01,2.058872889270110e-09
1.307346076901290e-01,2.058834310600584e-09
1.309475998825210e-01,2.058795775263904e-09
1.311605920749130e-01,2.058757283289728e-09
1.313735842673050e-01,2.058718834658731e-09
1.315865764596960e-01,2.058680429155642e-09
1.317995686520880e-01,2.058642066516194e-09
1.320125608444800e-01,2.058603746476122e-09
1.322255530368720e-01,2.058565468771161e-09
1.324385452292640e-01,2.058527233137046e-09
1.326515374216560e-01,2.058489039309512e-09
1.328645296140480e-01,2.058450887024294e-09
1.330775218064400e-01,2.058412776017125e-09
1.332905139988310e-01,2.058374706023741e-09
1.335035061912230e-01,2.058336676831029e-09
1.337164983836150e-01,2.058298688430450e-09
1.339294905760070e-01,2.058260740864597e-09
1.341424827683990e-01,2.058222834176061e-09
1.343554749607910e-01,2.058184968407435e-09
1.345684671531830e-01,2.058147143601313e-09
1.347814593455740e-01,2.058109359800287e-09
1.349944515379660e-01,2.058071617046950e-09
1.352074437303580e-01,2.058033915383894e-09
1.354204359227500e-01,2.057996254853711e-09
1.356334281151420e-01,2.057958635452060e-09
1.358464203075340e-01,2.057921056986953e-09
1.360594124999260e-01,2.057883519219512e-09
1.362724046923180e-01,2.057846021910861e-09
1.364853968847090e-01,2.057808564822125e-09
1.366983890771010e-01,2.057771147714426e-09
1.369113812694930e-01,2.057733770348890e-09
1.371243734618850e-01,2.057696432486639e-09
1.373373656542770e-01,2.057659133888796e-09
1.375503578466690e-01,2.057621874316487e-09
1.377633500390610e-01,2.057584653573281e-09
1.379763422314520e-01,2.057547471632641e-09
1.381893344238440e-01,2.057510328510524e-09
1.384023266162360e-01,2.057473224222890e-09
1.386153188086280e-01,2.057436158785697e-09
1.388283110010200e-01,2.057399132214905e-09
1.390413031934120e-01,2.057362144526472e-09
1.392542953858040e-01,2.057325195736356e-09
1.394672875781960e-01,2.057288285860517e-09
1.396802797705870e-01,2.057251414914914e-09
1.398932719629790e-01,2.057214582889196e-09
1.401062641553710e-01,2.057177789667742e-09
1.403192563477630e-01,2.057141035108608e-09
1.405322485401550e-01,2.057104319069851e-09
1.407452407325470e-01,2.057067641409524e-09
1.409582329249390e-01,2.057031001985685e-09
1.411712251173300e-01,2.056994400656387e-09
1.413842173097220e-01,2.056957837279688e-09
1.415972095021140e-01,2.056921311713641e-09
1.418102016945060e-01,2.056884823816303e-09
1.420231938868980e-01,2.056848373469022e-09
1.422361860792900e-01,2.056811960646311e-09
1.424491782716820e-01,2.056775585345975e-09
1.426621704640740e-01,2.056739247565821e-09
1.428751626564650e-01,2.056702947303653e-09
1.430881548488570e-01,2.056666684557276e-09
1.433011470412490e-01,2.056630459324496e-09
1.435141392336410e-01,2.056594271603117e-09
1.437271314260330e-01,2.056558121390946e-09
1.439401236184250e-01,2.056522008685787e-09
1.441531158108170e-01,2.056485933453755e-09
1.443661080032090e-01,2.056449895534244e-09
1.445791001956000e-01,2.056413894734982e-09
1.447920923879920e-01,2.056377930863693e-09
1.450050845803840e-01,2.056342003728103e-09
1.452180767727760e-01,2.056306113135937e-09
1.454310689651680e-01,2.056270258894921e-09
1.456440611575600e-01,2.056234440812780e-09
1.458570533499520e-01,2.056198658697241e-09
1.460700455423430e-01,2.056162912356029e-09
1.462830377347350e-01,2.056127201591012e-09
1.464960299271270e-01,2.056091526180649e-09
1.467090221195190e-01,2.056055885897548e-09
1.469220143119110e-01,2.056020280514317e-09
1.471350065043030e-01,2.055984709803566e-09
1.473479986966950e-01,2.055949173537901e-09
1.475609908890870e-01,2.055913671489933e-09
1.477739830814780e-01,2.055878203432270e-09
1.479869752738700e-01,2.055842769137519e-09
1.481999674662620e-01,2.055807368378290e-09
1.484129596586540e-01,2.055772001024663e-09
1.486259518510460e-01,2.055736667336776e-09
1.488389440434380e-01,2.055701367672334e-09
1.490519362358300e-01,2.055666102389036e-09
1.492649284282220e-01,2.055630871844584e-09
1.494779206206130e-01,2.055595676396679e-09
1.496909128130050e-01,2.055560516403022e-09
1.499039050053970e-01,2.055525392221315e-09
1.501168971977890e-01,2.055490304209258e-09
1.503298893901810e-01,2.055455252724554e-09
1.505428815825730e-01,2.055420238022122e-09
1.507558737749650e-01,2.055385259945696e-09
1.509688659673560e-01,2.055350318236200e-09
1.511818581597480e-01,2.055315412634555e-09
1.513948503521400e-01,2.055280542881685e-09
1.516078425445320e-01,2.055245708718512e-09
1.518208347369240e-01,2.055210909885958e-09
1.520338269293160e-01,2.055176146124947e-09
1.522468191217080e-01,2.055141417176400e-09
1.524598113141000e-01,2.055106722781240e-09
1.526728035064910e-01,2.055072062672653e-09
1.528857956988830e-01,2.055037436552872e-09
1.530987878912750e-01,2.055002844116399e-09
1.533117800836670e-01,2.054968285057733e-09
1.535247722760590e-01,2.054933759071374e-09
1.537377644684510e-01,2.054899265851822e-09
1.539507566608430e-01,2.054864805093577e-09
1.541637488532340e-01,2.054830376491139e-09
1.543767410456260e-01,2.054795979739007e-09
1.545897332380180e-01,2.054761614531683e-09
1.548027254304100e-01,2.054727280647234e-09
1.550157176228020e-01,2.054692978197851e-09
1.552287098151940e-01,2.054658707379213e-09
1.554417020075860e-01,2.054624468387002e-09
1.556546941999780e-01,2.054590261416898e-09
1.558676863923690e-01,2.054556086664582e-09
1.560806785847610e-01,2.054521944325734e-09
1.562936707771530e-01,2.054487834596036e-09
1.565066629695450e-01,2.054453757671165e-09
1.567196551619370e-01,2.054419713746806e-09
1.569326473543290e-01,2.054385702972181e-09
1.571456395467210e-01,2.054351725310571e-09
1.573586317391130e-01,2.054317780678743e-09
1.575716239315040e-01,2.054283868993463e-09
1.577846161238960e-01,2.054249990171498e-09
1.579976083162880e-01,2.054216144129614e-09
1.582106005086800e-01,2.054182330784577e-09
1.584235927010720e-01,2.054148550053154e-09
1.586365848934640e-01,2.054114801852111e-09
1.588495770858560e-01,2.054081086098214e-09
1.590625692782470e-01,2.054047402605908e-09
1.592755614706390e-01,2.054013750780211e-09
1.594885536630310e-01,2.053980129923757e-09
1.597015458554230e-01,2.053946539339178e-09
1.599145380478150e-01,2.053912978329106e-09
1.601275302402070e-01,2.053879446196171e-09
1.603405224325990e-01,2.053845942243007e-09
1.605535146249910e-01,2.053812465772246e-09
1.607665068173820e-01,2.053779016086518e-09
1.609794990097740e-01,2.053745592488457e-09
1.611924912021660e-01,2.053712194790151e-09
1.614054833945580e-01,2.053678824841546e-09
1.616184755869500e-01,2.053645485002056e-09
1.618314677793420e-01,2.053612177631100e-09
1.620444599717340e-01,2.053578905088093e-09
1.622574521641260e-01,2.053545669732452e-09
1.624704443565170e-01,2.053512473923593e-09
1.626834365489090e-01,2.053479320020932e-09
1.628964287413010e-01,2.053446210383886e-09
1.631094209336930e-01,2.053413147371871e-09
1.633224131260850e-01,2.053380131444624e-09
1.635354053184770e-01,2.053347155465396e-09
1.637483975108690e-01,2.053314210398882e-09
1.639613897032600e-01,2.053281287209775e-09
1.641743818956520e-01,2.053248376862766e-09
1.643873740880440e-01,2.053215470322550e-09
1.646003662804360e-01,2.053182558553819e-09
1.648133584728280e-01,2.053149632521265e-09
1.650263506652200e-01,2.053116683189583e-09
1.652393428576120e-01,2.053083701523465e-09
1.654523350500040e-01,2.053050685828143e-09
1.656653272423950e-01,2.053017663753286e-09
1.658783194347870e-01,2.052984670280247e-09
1.660913116271790e-01,2.052951740390376e-09
1.663043038195710e-01,2.052918909065026e-09
1.665172960119630e-01,2.052886211285548e-09
1.667302882043550e-01,2.052853682033294e-09
1.669432803967470e-01,2.052821356289616e-09
1.671562725891380e-01,2.052789269035865e-09
1.673692647815300e-01,2.052757455253393e-09
1.675822569739220e-01,2.052725921885474e-09
1.677952491663140e-01,2.052694563667421e-09
1.680082413587060e-01,2.052663247268640e-09
1.682212335510980e-01,2.052631839358536e-09
1.684342257434900e-01,2.052600206606513e-09
1.686472179358820e-01,2.052568215681978e-09
1.688602101282730e-01,2.052535733254335e-09
1.690732023206650e-01,2.052502625992989e-09
1.692861945130570e-01,2.052468760567347e-09
1.694991867054490e-01,2.052434003646811e-09
1.697121788978410e-01,2.052398279152151e-09
1.699251710902330e-01,2.052361740052469e-09
1.701381632826250e-01,2.052324596589674e-09
1.703511554750170e-01,2.052287059005677e-09
1.705641476674080e-01,2.052249337542387e-09
1.707771398598000e-01,2.052211642441715e-09
1.709901320521920e-01,2.052174183945570e-09
1.712031242445840e-01,2.052137172295862e-09
1.714161164369760e-01,2.052100817734501e-09
1.716291086293680e-01,2.052065330503397e-09
1.718421008217600e-01,2.052030863602061e-09
1.720550930141510e-01,2.051997341088230e-09
1.722680852065430e-01,2.051964629791158e-09
1.724810773989350e-01,2.051932596540097e-09
1.726940695913270e-01,2.051901108164299e-09
1.729070617837190e-01,2.051870031493017e-09
1.731200539761110e-01,2.051839233355503e-09
1.733330461685030e-01,2.051808580581010e-09
1.735460383608950e-01,2.051777939998790e-09
1.737590305532860e-01,2.051747178438095e-09
1.739720227456780e-01,2.051716190882925e-09
1.741850149380700e-01,2.051684984887806e-09
1.743980071304620e-01,2.051653596137794e-09
1.746109993228540e-01,2.051622060317939e-09
1.748239915152460e-01,2.051590413113294e-09
1.750369837076380e-01,2.051558690208913e-09
1.752499759000290e-01,2.051526927289848e-09
1.754629680924210e-01,2.051495160041151e-09
1.756759602848130e-01,2.051463424147876e-09
1.758889524772050e-01,2.051431755295074e-09
1.761019446695970e-01,2.051400181611621e-09
1.763149368619890e-01,2.051368700981437e-09
1.765279290543810e-01,2.051337303722142e-09
1.767409212467730e-01,2.051305980151359e-09
1.769539134391640e-01,2.051274720586706e-09
1.771669056315560e-01,2.051243515345805e-09
1.773798978239480e-01,2.051212354746277e-09
1.775928900163400e-01,2.051181229105740e-09
1.778058822087320e-01,2.051150128741817e-09
1.780188744011240e-01,2.051119043972128e-09
1.782318665935160e-01,2.051087967152488e-09
1.784448587859070e-01,2.051056898794434e-09
1.786578509782990e-01,2.051025841449166e-09
1.788708431706910e-01,2.050994797667886e-09
1.790838353630830e-01,2.050963770001795e-09
1.792968275554750e-01,2.050932761002094e-09
1.795098197478670e-01,2.050901773219984e-09
1.797228119402590e-01,2.050870809206668e-09
1.799358041326510e-01,2.050839871513346e-09
1.801487963250420e-01,2.050808962691219e-09
1.803617885174340e-01,2.050778084749847e-09
1.805747807098260e-01,2.050747237532115e-09
1.807877729022180e-01,2.050716420339209e-09
1.810007650946100e-01,2.050685632472314e-09
1.812137572870020e-01,2.050654873232619e-09
1.814267494793940e-01,2.050624141921309e-09
1.816397416717860e-01,2.050593437839571e-09
1.818527338641770e-01,2.050562760288592e-09
1.820657260565690e-01,2.050532108569557e-09
1.822787182489610e-01,2.050501481983654e-09
1.824917104413530e-01,2.050470879965540e-09
1.827047026337450e-01,2.050440302483619e-09
1.829176948261370e-01,2.050409749639696e-09
1.831306870185290e-01,2.050379221535579e-09
1.833436792109200e-01,2.050348718273073e-09
1.835566714033120e-01,2.050318239953984e-09
1.837696635957040e-01,2.050287786680118e-09
1.839826557880960e-01,2.050257358553283e-09
1.841956479804880e-01,2.050226955675283e-09
1.844086401728800e-01,2.050196578147924e-09
1.846216323652720e-01,2.050166226032472e-09
1.848346245576640e-01,2.050135899228109e-09
1.850476167500550e-01,2.050105597593526e-09
1.852606089424470e-01,2.050075320987409e-09
1.854736011348390e-01,2.050045069268447e-09
1.856865933272310e-01,2.050014842295328e-09
1.858995855196230e-01,2.049984639926740e-09
1.861125777120150e-01,2.049954462021372e-09
1.863255699044070e-01,2.049924308437911e-09
1.865385620967990e-01,2.049894179035047e-09
1.867515542891900e-01,2.049864073708233e-09
1.869645464815820e-01,2.049833992500071e-09
1.871775386739740e-01,2.049803935489965e-09
1.873905308663660e-01,2.049773902757325e-09
1.876035230587580e-01,2.049743894381555e-09
1.878165152511500e-01,2.049713910442062e-09
1.880295074435420e-01,2.049683951018254e-09
1.882424996359330e-01,2.049654016189536e-09
1.884554918283250e-01,2.049624106035314e-09
1.886684840207170e-01,2.049594220634996e-09
1.888814762131090e-01,2.049564360028210e-09
1.890944684055010e-01,2.049534524095434e-09
1.893074605978930e-01,2.049504712677352e-09
1.895204527902850e-01,2.049474925614647e-09
1.897334449826770e-01,2.049445162748000e-09
1.899464371750680e-01,2.049415423918096e-09
1.901594293674600e-01,2.049385708965617e-09
1.903724215598520e-01,2.049356017731246e-09
1.905854137522440e-01,2.049326350055666e-09
1.907984059446360e-01,2.049296705779559e-09
1.910113981370280e-01,2.049267084770116e-09
1.912243903294200e-01,2.049237487000547e-09
1.914373825218110e-01,2.049207912470567e-09
1.916503747142030e-01,2.049178361179887e-09
1.918633669065950e-01,2.049148833128222e-09
1.920763590989870e-01,2.049119328315285e-09
1.922893512913790e-01,2.049089846740790e-09
1.925023434837710e-01,2.049060388404449e-09
1.927153356761630e-01,2.049030953305976e-09
1.929283278685550e-01,2.049001541445085e-09
1.931413200609460e-01,2.048972152816002e-09
1.933543122533380e-01,2.048942787391013e-09
1.935673044457300e-01,2.048913445136922e-09
1.937802966381220e-01,2.048884126020534e-09
1.939932888305140e-01,2.048854830008651e-09
1.942062810229060e-01,2.048825557068078e-09
1.944192732152980e-01,2.048796307165618e-09
1.946322654076900e-01,2.048767080268074e-09
1.948452576000810e-01,2.048737876342252e-09
1.950582497924730e-01,2.048708695354954e-09
1.952712419848650e-01,2.048679537294413e-09
1.954842341772570e-01,2.048650402234513e-09
1.956972263696490e-01,2.048621290270539e-09
1.959102185620410e-01,2.048592201497772e-09
1.961232107544330e-01,2.048563136011498e-09
1.963362029468240e-01,2.048534093907000e-09
1.965491951392160e-01,2.048505075279559e-09
1.967621873316080e-01,2.048476080224462e-09
1.969751795240000e-01,2.048447108836989e-09
1.971881717163920e-01,2.048418161212426e-09
1.974011639087840e-01,2.048389237348652e-09
1.976141561011760e-01,2.048360336853776e-09
1.978271482935680e-01,2.048331459238426e-09
1.980401404859590e-01,2.048302604013231e-09
1.982531326783510e-01,2.048273770688820e-09
1.984661248707430e-01,2.048244958775820e-09
1.986791170631350e-01,2.048216167784860e-09
1.988921092555270e-01,2.048187397226568e-09
1.991051014479190e-01,2.048158646611573e-09
1.993180936403110e-01,2.048129915450503e-09
1.995310858327020e-01,2.048101203442739e-09
1.997440780250940e-01,2.048072511042747e-09
1.999570702174860e-01,2.048043838893775e-09
2.001700624098780e-01,2.048015187639077e-09
2.003830546022700e-01,2.047986557921903e-09
2.005960467946620e-01,2.047957950385505e-09
2.008090389870540e-01,2.047929365673133e-09
2.010220311794460e-01,2.047900804428039e-09
2.012350233718370e-01,2.047872267293475e-09
2.014480155642290e-01,2.047843754912691e-09
2.016610077566210e-01,2.047815267719534e-09
2.018739999490130e-01,2.047786805310416e-09
2.020869921414050e-01,2.047758367072436e-09
2.022999843337970e-01,2.047729952392693e-09
2.025129765261890e-01,2.047701560658285e-09
2.027259687185810e-01,2.047673191256312e-09
2.029389609109720e-01,2.047644843573873e-09
2.031519531033640e-01,2.047616516998067e-09
2.033649452957560e-01,2.047588210915992e-09
2.035779374881480e-01,2.047559924714747e-09
2.037909296805400e-01,2.047531657906754e-09
2.040039218729320e-01,2.047503410505449e-09
2.042169140653240e-01,2.047475182649461e-09
2.044299062577150e-01,2.047446974477418e-09
2.046428984501070e-01,2.047418786127946e-09
2.048558906424990e-01,2.047390617739674e-09
2.050688828348910e-01,2.047362469451228e-09
2.052818750272830e-01,2.047334341401236e-09
2.054948672196750e-01,2.047306233728326e-09
2.057078594120670e-01,2.047278146571125e-09
2.059208516044590e-01,2.047250080054900e-09
2.061338437968500e-01,2.047222034251445e-09
2.063468359892420e-01,2.047194009219176e-09
2.065598281816340e-01,2.047166005016510e-09
2.067728203740260e-01,2.047138021701866e-09
2.069858125664180e-01,2.047110059333660e-09
2.071988047588100e-01,2.047082117970310e-09
2.074117969512020e-01,2.047054197670233e-09
2.076247891435940e-01,2.047026298491847e-09
2.078377813359850e-01,2.046998420493568e-09
2.080507735283770e-01,2.046970563713589e-09
2.082637657207690e-01,2.046942728109171e-09
2.084767579131610e-01,2.046914913617342e-09
2.086897501055530e-01,2.046887120175130e-09
2.089027422979450e-01,2.046859347719560e-09
2.091157344903370e-01,2.046831596187660e-09
2.093287266827280e-01,2.046803865516457e-09
2.095417188751200e-01,2.046776155642977e-09
2.097547110675120e-01,2.046748466504247e-09
2.099677032599040e-01,2.046720798037294e-09
2.101806954522960e-01,2.046693150201483e-09
2.103936876446880e-01,2.046665523045527e-09
2.106066798370800e-01,2.046637916640477e-09
2.108196720294720e-01,2.046610331057383e-09
2.110326642218630e-01,2.046582766367294e-09
2.112456564142550e-01,2.046555222641261e-09
2.114586486066470e-01,2.046527699950333e-09
2.116716407990390e-01,2.046500198365561e-09
2.118846329914310e-01,2.046472717957993e-09
2.120976251838230e-01,2.046445258798681e-09
2.123106173762150e-01,2.046417820892772e-09
2.125236095686060e-01,2.046390403981897e-09
2.127366017609980e-01,2.046363007741836e-09
2.129495939533900e-01,2.046335631848364e-09
2.131625861457820e-01,2.046308275977258e-09
2.133755783381740e-01,2.046280939804295e-09
2.135885705305660e-01,2.046253623005253e-09
2.138015627229580e-01,2.046226325255908e-09
2.140145549153500e-01,2.046199046232038e-09
2.142275471077410e-01,2.046171785609418e-09
2.144405393001330e-01,2.046144543140667e-09
2.146535314925250e-01,2.046117318885554e-09
2.148665236849170e-01,2.046090112980588e-09
2.150795158773090e-01,2.046062925562278e-09
2.152925080697010e-01,2.046035756767131e-09
2.155055002620930e-01,2.046008606731655e-09
2.157184924544850e-01,2.045981475592361e-09
2.159314846468760e-01,2.045954363485755e-09
2.161444768392680e-01,2.045927270548345e-09
2.163574690316600e-01,2.045900196916641e-09
2.165704612240520e-01,2.045873142715943e-09
2.167834534164440e-01,2.045846108026697e-09
2.169964456088360e-01,2.045819092918133e-09
2.172094378012280e-01,2.045792097459482e-09
2.174224299936190e-01,2.045765121719972e-09
2.176354221860110e-01,2.045738165768833e-09
2.178484143784030e-01,2.045711229675294e-09
2.180614065707950e-01,2.045684313508585e-09
2.182743987631870e-01,2.045657417337936e-09
2.184873909555790e-01,2.045630541232576e-09
2.187003831479710e-01,2.045603685197519e-09
2.189133753403630e-01,2.045576848980884e-09
2.191263675327540e-01,2.045550032266561e-09
2.193393597251460e-01,2.045523234738438e-09
2.195523519175380e-01,2.045496456080402e-09
2.197653441099300e-01,2.045469695976342e-09
2.199783363023220e-01,2.045442954110146e-09
2.201913284947140e-01,2.045416230165702e-09
2.204043206871060e-01,2.045389523826898e-09
2.206173128794970e-01,2.045362834777624e-09
2.208303050718890e-01,2.045336162804368e-09
2.210432972642810e-01,2.045309508103953e-09
2.212562894566730e-01,2.045282870975769e-09
2.214692816490650e-01,2.045256251719202e-09
2.216822738414570e-01,2.045229650633640e-09
2.218952660338490e-01,2.045203068018471e-09
2.221082582262410e-01,2.045176504173083e-09
2.223212504186320e-01,2.045149959396863e-09
2.225342426110240e-01,2.045123433989200e-09
2.227472348034160e-01,2.045096928249481e-09
2.229602269958080e-01,2.045070442389862e-09
2.231732191882000e-01,2.045043976273747e-09
2.233862113805920e-01,2.045017529677391e-09
2.235992035729840e-01,2.044991102377051e-09
2.238121957653760e-01,2.044964694148984e-09
2.240251879577670e-01,2.044938304769445e-09
2.242381801501590e-01,2.044911934014692e-09
2.244511723425510e-01,2.044885581660982e-09
2.246641645349430e-01,2.044859247484569e-09
2.248771567273350e-01,2.044832931261713e-09
2.250901489197270e-01,2.044806632791188e-09
2.253031411121190e-01,2.044780351961914e-09
2.255161333045100e-01,2.044754088685357e-09
2.257291254969020e-01,2.044727842872982e-09
2.259421176892940e-01,2.044701614436256e-09
2.261551098816860e-01,2.044675403286646e-09
2.263681020740780e-01,2.044649209335616e-09
2.265810942664700e-01,2.044623032494635e-09
2.267940864588620e-01,2.044596872675167e-09
2.270070786512540e-01,2.044570729788679e-09
2.272200708436450e-01,2.044544603820977e-09
2.274330630360370e-01,2.044518495055320e-09
2.276460552284290e-01,2.044492403849350e-09
2.278590474208210e-01,2.044466330560709e-09
2.280720396132130e-01,2.044440275547041e-09
2.282850318056050e-01,2.044414239165988e-09
2.284980239979970e-01,2.044388221775192e-09
2.287110161903880e-01,2.044362223732297e-09
2.289240083827800e-01,2.044336245394945e-09
2.291370005751720e-01,2.044310287120779e-09
2.293499927675640e-01,2.044284349125836e-09
2.295629849599560e-01,2.044258431059729e-09
2.297759771523480e-01,2.044232532430470e-09
2.299889693447400e-01,2.044206652746068e-09
2.302019615371320e-01,2.044180791514536e-09
2.304149537295230e-01,2.044154948243884e-09
2.306279459219150e-01,2.044129122442121e-09
2.308409381143070e-01,2.044103313617259e-09
2.310539303066990e-01,2.044077521277308e-09
2.312669224990910e-01,2.044051744930279e-09
2.314799146914830e-01,2.044025984204711e-09
2.316929068838750e-01,2.044000239211098e-09
2.319058990762670e-01,2.043974510180389e-09
2.321188912686580e-01,2.043948797343531e-09
2.323318834610500e-01,2.043923100931471e-09
2.325448756534420e-01,2.043897421175156e-09
2.327578678458340e-01,2.043871758305534e-09
2.329708600382260e-01,2.043846112553551e-09
2.331838522306180e-01,2.043820484150156e-09
2.333968444230100e-01,2.043794873326295e-09
2.336098366154010e-01,2.043769280252172e-09
2.338228288077930e-01,2.043743704855164e-09
2.340358210001850e-01,2.043718147001983e-09
2.342488131925770e-01,2.043692606559339e-09
2.344618053849690e-01,2.043667083393941e-09
2.346747975773610e-01,2.043641577372500e-09
2.348877897697530e-01,2.043616088361726e-09
2.351007819621450e-01,2.043590616228330e-09
2.353137741545360e-01,2.043565160839021e-09
2.355267663469280e-01,2.043539722060511e-09
2.357397585393200e-01,2.043514299788139e-09
2.359527507317120e-01,2.043488894031827e-09
2.361657429241040e-01,2.043463504830154e-09
2.363787351164960e-01,2.043438132221697e-09
2.365917273088880e-01,2.043412776245036e-09
2.368047195012800e-01,2.043387436938750e-09
2.370177116936710e-01,2.043362114341416e-09
2.372307038860630e-01,2.043336808491614e-09
2.374436960784550e-01,2.043311519427923e-09
2.376566882708470e-01,2.043286247188920e-09
2.378696804632390e-01,2.043260991801950e-09
2.380826726556310e-01,2.043235753249411e-09
2.382956648480230e-01,2.043210531502462e-09
2.385086570404140e-01,2.043185326532264e-09
2.387216492328060e-01,2.043160138309976e-09
2.389346414251980e-01,2.043134966806757e-09
2.391476336175900e-01,2.043109811993768e-09
2.393606258099820e-01,2.043084673842167e-09
2.395736180023740e-01,2.043059552323115e-09
2.397866101947660e-01,2.043034447407771e-09
2.399996023871580e-01,2.043009359055221e-09
2.402125945795490e-01,2.042984287176264e-09
2.404255867719410e-01,2.042959231669625e-09
2.406385789643330e-01,2.042934192434034e-09
2.408515711567250e-01,2.042909169368217e-09
2.410645633491170e-01,2.042884162370903e-09
2.412775555415090e-01,2.042859171340817e-09
2.414905477339010e-01,2.042834196176689e-09
2.417035399262920e-01,2.042809236777246e-09
2.419165321186840e-01,2.042784293041214e-09
2.421295243110760e-01,2.042759364898641e-09
2.423425165034680e-01,2.042734452404786e-09
2.425555086958600e-01,2.042709555646201e-09
2.427685008882520e-01,2.042684674709436e-09
2.429814930806440e-01,2.042659809681043e-09
2.431944852730360e-01,2.042634960647571e-09
2.434074774654270e-01,2.042610127695573e-09
2.436204696578190e-01,2.042585310911597e-09
2.438334618502110e-01,2.042560510382196e-09
2.440464540426030e-01,2.042535726193920e-09
2.442594462349950e-01,2.042510958407336e-09
2.444724384273870e-01,2.042486206979008e-09
2.446854306197790e-01,2.042461471839483e-09
2.448984228121710e-01,2.042436752919309e-09
2.451114150045620e-01,2.042412050149031e-09
2.453244071969540e-01,2.042387363459198e-09
2.455373993893460e-01,2.042362692780355e-09
2.457503915817380e-01,2.042338038043050e-09
2.459633837741300e-01,2.042313399177828e-09
2.461763759665220e-01,2.042288776115239e-09
2.463893681589140e-01,2.042264168785452e-09
2.466023603513050e-01,2.042239577117138e-09
2.468153525436970e-01,2.042215001038590e-09
2.470283447360890e-01,2.042190440478104e-09
2.472413369284810e-01,2.042165895363973e-09
2.474543291208730e-01,2.042141365624490e-09
2.476673213132650e-01,2.042116851187952e-09
2.478803135056570e-01,2.042092351982650e-09
2.480933056980490e-01,2.042067867936881e-09
2.483062978904400e-01,2.042043398978938e-09
2.485192900828320e-01,2.042018945061747e-09
2.487322822752240e-01,2.041994506236768e-09
2.489452744676160e-01,2.041970082580092e-09
2.491582666600080e-01,2.041945674167812e-09
2.493712588524000e-01,2.041921281076021e-09
2.495842510447920e-01,2.041896903380810e-09
2.497972432371830e-01,2.041872541158274e-09
2.500102354295750e-01,2.041848194484503e-09
2.502232276219670e-01,2.041823863435591e-09
2.504362198143590e-01,2.041799548087630e-09
2.506492120067510e-01,2.041775248485614e-09
2.508622041991430e-01,2.041750964550180e-09
2.510751963915350e-01,2.041726696170883e-09
2.512881885839270e-01,2.041702443237281e-09
2.515011807763180e-01,2.041678205638927e-09
2.517141729687100e-01,2.041653983265379e-09
2.519271651611020e-01,2.041629776006192e-09
2.521401573534940e-01,2.041605583750921e-09
2.523531495458860e-01,2.041581406389123e-09
2.525661417382780e-01,2.041557243810353e-09
2.527791339306700e-01,2.041533095934044e-09
2.529921261230620e-01,2.041508962799062e-09
2.532051183154530e-01,2.041484844474116e-09
2.534181105078450e-01,2.041460741027913e-09
2.536311027002370e-01,2.041436652529161e-09
2.538440948926290e-01,2.041412579046569e-09
2.540570870850210e-01,2.041388520648844e-09
2.542700792774130e-01,2.041364477404695e-09
2.544830714698050e-01,2.041340449382829e-09
2.546960636621960e-01,2.041316436651955e-09
2.549090558545880e-01,2.041292439255376e-09
2.551220480469800e-01,2.041268457134732e-09
2.553350402393720e-01,2.041244490206230e-09
2.555480324317640e-01,2.041220538386078e-09
2.557610246241560e-01,2.041196601590486e-09
2.559740168165480e-01,2.041172679735662e-09
2.561870090089400e-01,2.041148772737814e-09
2.564000012013310e-01,2.041124880513150e-09
2.566129933937230e-01,2.041101002977879e-09
2.568259855861150e-01,2.041077140048209e-09
2.570389777785070e-01,2.041053291654123e-09
2.572519699708990e-01,2.041029457780705e-09
2.574649621632910e-01,2.041005638426821e-09
2.576779543556830e-01,2.040981833591334e-09
2.578909465480740e-01,2.040958043273112e-09
2.581039387404660e-01,2.040934267471017e-09
2.583169309328580e-01,2.040910506183914e-09
2.585299231252500e-01,2.040886759410669e-09
2.587429153176420e-01,2.040863027150145e-09
2.589559075100340e-01,2.040839309401208e-09
2.591688997024260e-01,2.040815606155076e-09
2.593818918948180e-01,2.040791917372386e-09
2.595948840872090e-01,2.040768243006128e-09
2.598078762796010e-01,2.040744583009293e-09
2.600208684719930e-01,2.040720937334874e-09
2.602338606643850e-01,2.040697305935861e-09
2.604468528567770e-01,2.040673688765246e-09
2.606598450491690e-01,2.040650085776020e-09
2.608728372415610e-01,2.040626496921174e-09
2.610858294339530e-01,2.040602922153699e-09
2.612988216263440e-01,2.040579361442255e-09
2.615118138187360e-01,2.040555814818136e-09
2.617248060111280e-01,2.040532282328291e-09
2.619377982035200e-01,2.040508764019669e-09
2.621507903959120e-01,2.040485259939221e-09
2.623637825883040e-01,2.040461770133896e-09
2.625767747806960e-01,2.040438294650642e-09
2.627897669730870e-01,2.040414833536409e-09
2.630027591654790e-01,2.040391386838147e-09
2.632157513578710e-01,2.040367954602804e-09
2.634287435502630e-01,2.040344536851765e-09
2.636417357426550e-01,2.040321133504084e-09
2.638547279350470e-01,2.040297744453218e-09
2.640677201274390e-01,2.040274369592619e-09
2.642807123198310e-01,2.040251008815743e-09
2.644937045122220e-01,2.040227662016046e-09
2.647066967046140e-01,2.040204329086981e-09
2.649196888970060e-01,2.040181009922003e-09
2.651326810893980e-01,2.040157704414567e-09
2.653456732817900e-01,2.040134412458129e-09
2.655586654741820e-01,2.040111133979459e-09
2.657716576665740e-01,2.040087869038644e-09
2.659846498589660e-01,2.040064617729116e-09
2.661976420513570e-01,2.040041380144303e-09
2.664106342437490e-01,2.040018156377634e-09
2.666236264361410e-01,2.039994946522539e-09
2.668366186285330e-01,2.039971750672448e-09
2.670496108209250e-01,2.039948568920790e-09
2.672626030133170e-01,2.039925401360994e-09
2.674755952057090e-01,2.039902248086490e-09
2.676885873981000e-01,2.039879109144092e-09
2.679015795904920e-01,2.039855984394143e-09
2.681145717828840e-01,2.039832873650361e-09
2.683275639752760e-01,2.039809776726467e-09
2.685405561676680e-01,2.039786693436182e-09
2.687535483600600e-01,2.039763623593225e-09
2.689665405524520e-01,2.039740567011317e-09
2.691795327448440e-01,2.039717523504177e-09
2.693925249372350e-01,2.039694492885527e-09
2.696055171296270e-01,2.039671474969086e-09
2.698185093220190e-01,2.039648469627237e-09
2.700315015144110e-01,2.039625476966956e-09
2.702444937068030e-01,2.039602497153857e-09
2.704574858991950e-01,2.039579530353550e-09
2.706704780915870e-01,2.039556576731646e-09
2.708834702839780e-01,2.039533636453758e-09
2.710964624763700e-01,2.039510709685497e-09
2.713094546687620e-01,2.039487796592475e-09
2.715224468611540e-01,2.039464897340303e-09
2.717354390535460e-01,2.039442012094592e-09
2.719484312459380e-01,2.039419140968231e-09
2.721614234383300e-01,2.039396283863327e-09
2.723744156307220e-01,2.039373440629324e-09
2.725874078231130e-01,2.039350611115663e-09
2.728004000155050e-01,2.039327795171787e-09
2.730133922078970e-01,2.039304992647138e-09
2.732263844002890e-01,2.039282203391159e-09
2.734393765926810e-01,2.039259427253292e-09
2.736523687850730e-01,2.039236664082980e-09
2.738653609774650e-01,2.039213913729665e-09
2.740783531698570e-01,2.039191176076545e-09
2.742913453622480e-01,2.039168451141918e-09
2.745043375546400e-01,2.039145738977875e-09
2.747173297470320e-01,2.039123039636507e-09
2.749303219394240e-01,2.039100353169905e-09
2.751433141318160e-01,2.039077679630160e-09
2.753563063242080e-01,2.039055019069363e-09
2.755692985166000e-01,2.039032371539604e-09
2.757822907089910e-01,2.039009737092975e-09
2.759952829013830e-01,2.038987115781566e-09
2.762082750937750e-01,2.038964507681689e-09
2.764212672861670e-01,2.038941912966563e-09
2.766342594785590e-01,2.038919331833638e-09
2.768472516709510e-01,2.038896764480366e-09
2.770602438633430e-01,2.038874211104197e-09
2.772732360557350e-01,2.038851671902582e-09
2.774862282481260e-01,2.038829147072972e-09
2.776992204405180e-01,2.038806636812818e-09
2.779122126329100e-01,2.038784141319569e-09
2.781252048253020e-01,2.038761660790679e-09
2.783381970176940e-01,2.038739195137970e-09
2.785511892100860e-01,2.038716743130835e-09
