7.791356504680618e-06,8.554157435143993e-09
8.610780621332552e-06,8.383020988791418e-09
9.516384324626089e-06,8.215486491772565e-09
1.051723120080771e-05,8.051449420786680e-09
1.162333806181051e-05,7.890812558867740e-09
1.284577519687474e-05,7.733484132089905e-09
1.419677716772344e-05,7.579379791059913e-09
1.568986525616830e-05,7.428423510927027e-09
1.733998278964274e-05,7.280542418821049e-09
1.916364469904539e-05,7.135667092689544e-09
2.117910280571951e-05,6.993733594565327e-09
2.340652849181556e-05,6.854679946600042e-09
2.586821458226360e-05,6.718447422658703e-09
2.858879845885812e-05,6.584979539698447e-09
3.159550863945590e-05,6.454221424873062e-09
3.491843729013453e-05,6.326120110374905e-09
3.859084139770492e-05,6.200624170375557e-09
4.264947561681323e-05,6.077683143265020e-09
4.713496012287843e-05,5.957248266028645e-09
5.209218715246060e-05,5.839270717239378e-09
5.757077029985334e-05,5.723703075802171e-09
6.362554106661115e-05,5.610498970672452e-09
7.031709763364645e-05,5.499612405102206e-09
7.771241134819200e-05,5.390997448567686e-09
8.588549699555374e-05,5.284609241781831e-09
9.491815356395940e-05,5.180404125207350e-09
1.049007829163263e-04,5.078338669199482e-09
1.159332945624905e-04,4.978370469515271e-09
1.281261055871622e-04,4.880457615890693e-09
1.416012457412214e-04,4.784558941631265e-09
1.564935787564811e-04,4.690633458595018e-09
1.729521521072439e-04,4.598641051023287e-09
1.911416887275217e-04,4.508542286494920e-09
2.112442356135248e-04,4.420298142415722e-09
2.334609858111876e-04,4.333869805693458e-09
2.580142920237960e-04,4.249219669902532e-09
2.851498919925769e-04,4.166310856498770e-09
3.151393679226079e-04,4.085107206745780e-09
3.482828645688079e-04,4.005573311952730e-09
3.849120931855259e-04,3.927674066514582e-09
4.253936514042669e-04,3.851375465781464e-09
4.701326922660057e-04,3.776642858485299e-09
5.195769791289974e-04,3.703442800310884e-09
5.742213670349657e-04,3.631742662653280e-09
6.346127553846864e-04,3.561510323007215e-09
7.013555614910102e-04,3.492713895633892e-09
7.751177697904812e-04,3.425322515750257e-09
8.566376172560946e-04,3.359305718624457e-09
9.467309819210534e-04,3.294633282185209e-09
1.046299548460350e-03,3.231275794602401e-09
1.156339832554060e-03,3.169204588066295e-09
1.277953154351212e-03,3.108054879701375e-09
1.405748469786333e-03,3.050914419505707e-09
1.533543785221454e-03,3.000014123522059e-09
1.661339100656575e-03,2.954282776513431e-09
1.789134416091696e-03,2.912649163242825e-09
1.916929731526817e-03,2.874190611276735e-09
2.000000000000000e-03,2.850729363951052e-09
2.044725046961939e-03,2.838577684335705e-09
2.172520362397060e-03,2.805579869068763e-09
2.300315677832181e-03,2.774893081916623e-09
2.428110993267302e-03,2.746207285168274e-09
2.555906308702423e-03,2.719241920937503e-09
2.683701624137544e-03,2.693834350655934e-09
2.811496939572665e-03,2.669851415589307e-09
2.939292255007787e-03,2.647159957003362e-09
3.067087570442908e-03,2.625626816163841e-09
3.194882885878029e-03,2.605129505954032e-09
3.322678201313150e-03,2.585588226157869e-09
3.450473516748271e-03,2.566933848392056e-09
3.578268832183392e-03,2.549097244273301e-09
3.706064147618514e-03,2.532009285418307e-09
3.833859463053635e-03,2.515605898464949e-09
3.961654778488756e-03,2.499843230065703e-09
4.089450093923877e-03,2.484682481859178e-09
4.217245409358998e-03,2.470084855483983e-09
4.345040724794119e-03,2.456011552578727e-09
4.472836040229241e-03,2.442425470447933e-09
4.600631355664362e-03,2.429296289103605e-09
4.728426671099482e-03,2.416595384245568e-09
4.856221986534604e-03,2.404294131573649e-09
4.984017301969726e-03,2.392363906787676e-09
5.111812617404846e-03,2.380780410920259e-09
5.239607932839968e-03,2.369536646212509e-09
5.367403248275089e-03,2.358629940176998e-09
5.495198563710209e-03,2.348057620326301e-09
5.622993879145331e-03,2.337817014172990e-09
5.750789194580453e-03,2.327895350460606e-09
5.878584510015573e-03,2.318239462741958e-09
6.006379825450694e-03,2.308786085743518e-09
6.134175140885816e-03,2.299471954191761e-09
6.261970456320937e-03,2.290233802813160e-09
6.389765771756058e-03,2.281031510324536e-09
6.517561087191179e-03,2.271917530412411e-09
6.645356402626300e-03,2.262967460257816e-09
6.773151718061422e-03,2.254256897041781e-09
6.900947033496543e-03,2.245861437945337e-09
7.028742348931663e-03,2.237833888684610e-09
7.156537664366785e-03,2.230135889187792e-09
7.284332979801906e-03,2.222706287954014e-09
7.412128295237027e-03,2.215483933482407e-09
7.539923610672148e-03,2.208407674272102e-09
7.667718926107269e-03,2.201428231305344e-09
7.795514241542391e-03,2.194543815930872e-09
7.923309556977513e-03,2.187764512197556e-09
8.051104872412632e-03,2.181100404154267e-09
8.178900187847754e-03,2.174561575849876e-09
8.306695503282877e-03,2.168155165451662e-09
8.434490818717996e-03,2.161876527652493e-09
8.562286134153118e-03,2.155718071289626e-09
8.690081449588239e-03,2.149672205200319e-09
8.817876765023359e-03,2.143731338221827e-09
8.945672080458482e-03,2.137888842063934e-09
9.073467395893601e-03,2.132141939947761e-09
9.201262711328723e-03,2.126488817977580e-09
9.329058026763846e-03,2.120927662257661e-09
9.456853342198965e-03,2.115456658892274e-09
9.584648657634087e-03,2.110073853487325e-09
9.712443973069206e-03,2.104776729659774e-09
9.840239288504329e-03,2.099562630530474e-09
9.968034603939451e-03,2.094428899220277e-09
1.009582991937457e-02,2.089372878850037e-09
1.022362523480969e-02,2.084392068782147e-09
1.035142055024482e-02,2.079484593346347e-09
1.047921586567993e-02,2.074648733114511e-09
1.060701118111506e-02,2.069882768658509e-09
1.073480649655018e-02,2.065184980550216e-09
1.086260181198530e-02,2.060553649361503e-09
1.099039712742042e-02,2.055987055664243e-09
1.111819244285554e-02,2.051483480030308e-09
1.124598775829066e-02,2.047041203031572e-09
1.137378307372578e-02,2.042658505239906e-09
1.150157838916090e-02,2.038333754055147e-09
1.162937370459603e-02,2.034065664163925e-09
1.175716902003114e-02,2.029853037068307e-09
1.188496433546627e-02,2.025694674270356e-09
1.201275965090139e-02,2.021589377272138e-09
1.214055496633651e-02,2.017535947575719e-09
1.226835028177163e-02,2.013533186683164e-09
1.239614559720675e-02,2.009579896096537e-09
1.252394091264187e-02,2.005674877317905e-09
1.265173622807700e-02,2.001816931849331e-09
1.277953154351211e-02,1.998004916042899e-09
1.290732685894724e-02,1.994237905670190e-09
1.303512217438236e-02,1.990515031362515e-09
1.316291748981748e-02,1.986835423751188e-09
1.329071280525260e-02,1.983198213467521e-09
1.341850812068772e-02,1.979602531142826e-09
1.354630343612284e-02,1.976047507408415e-09
1.367409875155796e-02,1.972532272895601e-09
1.380189406699308e-02,1.969055958235697e-09
1.392968938242821e-02,1.965617694060015e-09
1.405748469786333e-02,1.962216647683565e-09
1.418528001329845e-02,1.958852133158278e-09
1.431307532873357e-02,1.955523501220846e-09
1.444087064416869e-02,1.952230102607962e-09
1.456866595960381e-02,1.948971288056317e-09
1.469646127503893e-02,1.945746408302605e-09
1.482425659047405e-02,1.942554814083517e-09
1.495205190590917e-02,1.939395856135745e-09
1.507984722134430e-02,1.936268885195981e-09
1.520764253677942e-02,1.933173252000920e-09
1.533543785221454e-02,1.930108332832072e-09
1.546323316764966e-02,1.927073606144155e-09
1.559102848308478e-02,1.924068575933661e-09
1.571882379851990e-02,1.921092746197086e-09
1.584661911395502e-02,1.918145620930924e-09
1.597441442939014e-02,1.915226704131667e-09
1.610220974482527e-02,1.912335499795812e-09
1.623000506026039e-02,1.909471511919853e-09
1.635780037569551e-02,1.906634244500283e-09
1.648559569113063e-02,1.903823201533597e-09
1.661339100656575e-02,1.901037905049857e-09
1.674118632200087e-02,1.898277949220701e-09
1.686898163743599e-02,1.895542946254980e-09
1.699677695287111e-02,1.892832508361549e-09
1.712457226830624e-02,1.890146247749260e-09
1.725236758374135e-02,1.887483776626966e-09
1.738016289917648e-02,1.884844707203521e-09
1.750795821461160e-02,1.882228651687778e-09
1.763575353004672e-02,1.879635222288591e-09
1.776354884548184e-02,1.877064031214812e-09
1.789134416091696e-02,1.874514704055216e-09
1.801913947635208e-02,1.871986919919713e-09
1.814693479178720e-02,1.869480371298861e-09
1.827473010722232e-02,1.866994750683216e-09
1.840252542265745e-02,1.864529750563335e-09
1.853032073809257e-02,1.862085063429775e-09
1.865811605352769e-02,1.859660381773094e-09
1.878591136896281e-02,1.857255398083847e-09
1.891370668439793e-02,1.854869804852593e-09
1.904150199983305e-02,1.852503294569888e-09
1.916929731526817e-02,1.850155569475335e-09
1.929709263070329e-02,1.847826370802898e-09
1.942488794613842e-02,1.845515449534671e-09
1.955268326157353e-02,1.843222556652748e-09
1.968047857700866e-02,1.840947443139223e-09
1.980827389244378e-02,1.838689859976191e-09
1.993606920787890e-02,1.836449558145745e-09
2.006386452331402e-02,1.834226288629980e-09
2.019165983874914e-02,1.832019802410991e-09
2.031945515418426e-02,1.829829850470871e-09
2.044725046961939e-02,1.827656191399380e-09
2.057504578505450e-02,1.825498614220401e-09
2.070284110048963e-02,1.823356915567212e-09
2.083063641592475e-02,1.821230892073093e-09
2.095843173135987e-02,1.819120340371322e-09
2.108622704679499e-02,1.817025057095178e-09
2.121402236223011e-02,1.814944838877941e-09
2.134181767766523e-02,1.812879482352888e-09
2.146961299310035e-02,1.810828784153298e-09
2.159740830853547e-02,1.808792540912452e-09
2.172520362397060e-02,1.806770555073562e-09
2.185299893940572e-02,1.804762652320500e-09
2.198079425484084e-02,1.802768664147535e-09
2.210858957027596e-02,1.800788422048935e-09
2.223638488571108e-02,1.798821757518971e-09
2.236418020114620e-02,1.796868502051908e-09
2.249197551658132e-02,1.794928487142018e-09
2.261977083201644e-02,1.793001544283566e-09
2.274756614745157e-02,1.791087504970823e-09
2.287536146288669e-02,1.789186200698057e-09
2.300315677832181e-02,1.787297467550432e-09
2.313095209375693e-02,1.785421159976060e-09
2.325874740919205e-02,1.783557137013636e-09
2.338654272462717e-02,1.781705257701853e-09
2.351433804006229e-02,1.779865381079405e-09
2.364213335549741e-02,1.778037366184984e-09
2.376992867093253e-02,1.776221072057285e-09
2.389772398636766e-02,1.774416357735000e-09
2.402551930180278e-02,1.772623082256824e-09
2.415331461723790e-02,1.770841104661450e-09
2.428110993267302e-02,1.769070287624355e-09
2.440890524810814e-02,1.767310508366582e-09
2.453670056354326e-02,1.765561647745170e-09
2.466449587897838e-02,1.763823586617155e-09
2.479229119441350e-02,1.762096205839576e-09
2.492008650984863e-02,1.760379386269471e-09
2.504788182528375e-02,1.758673008763879e-09
2.517567714071887e-02,1.756976954179838e-09
2.530347245615399e-02,1.755291103374385e-09
2.543126777158911e-02,1.753615337204560e-09
2.555906308702423e-02,1.751949539475590e-09
2.568685840245935e-02,1.750293605786090e-09
2.581465371789447e-02,1.748647434683171e-09
2.594244903332960e-02,1.747010924713945e-09
2.607024434876471e-02,1.745383974425524e-09
2.619803966419984e-02,1.743766482365020e-09
2.632583497963496e-02,1.742158347079546e-09
2.645363029507008e-02,1.740559467116214e-09
2.658142561050520e-02,1.738969741022136e-09
2.670922092594032e-02,1.737389067344424e-09
2.683701624137544e-02,1.735817347086577e-09
2.696481155681056e-02,1.734254491077429e-09
2.709260687224568e-02,1.732700412602094e-09
2.722040218768081e-02,1.731155024945685e-09
2.734819750311593e-02,1.729618241393317e-09
2.747599281855105e-02,1.728089975230103e-09
2.760378813398617e-02,1.726570139741158e-09
2.773158344942129e-02,1.725058648211595e-09
2.785937876485641e-02,1.723555413926529e-09
2.798717408029153e-02,1.722060350171072e-09
2.811496939572665e-02,1.720573372059605e-09
2.824276471116178e-02,1.719094402022871e-09
2.837056002659689e-02,1.717623364320530e-09
2.849835534203202e-02,1.716160183212238e-09
2.862615065746714e-02,1.714704782957656e-09
2.875394597290226e-02,1.713257087816442e-09
2.888174128833738e-02,1.711817022048253e-09
2.900953660377250e-02,1.710384509912751e-09
2.913733191920762e-02,1.708959475669591e-09
2.926512723464274e-02,1.707541843578435e-09
2.939292255007787e-02,1.706131539694645e-09
2.952071786551299e-02,1.704728497256870e-09
2.964851318094811e-02,1.703332651299700e-09
2.977630849638323e-02,1.701943936857722e-09
2.990410381181835e-02,1.700562288965523e-09
3.003189912725347e-02,1.699187642657691e-09
3.015969444268859e-02,1.697819932968815e-09
3.028748975812371e-02,1.696459094933483e-09
3.041528507355883e-02,1.695105063586282e-09
3.054308038899396e-02,1.693757773961800e-09
3.067087570442908e-02,1.692417162306634e-09
3.079867101986420e-02,1.691083169715375e-09
3.092646633529932e-02,1.689755738494599e-09
3.105426165073444e-02,1.688434810950884e-09
3.118205696616956e-02,1.687120329390805e-09
3.130985228160468e-02,1.685812236120940e-09
3.143764759703981e-02,1.684510473447867e-09
3.156544291247493e-02,1.683214983678162e-09
3.169323822791005e-02,1.681925709118402e-09
3.182103354334517e-02,1.680642592075163e-09
3.194882885878029e-02,1.679365576121916e-09
3.207662417421541e-02,1.678094609899278e-09
3.220441948965053e-02,1.676829643314546e-09
3.233221480508566e-02,1.675570626275020e-09
3.246001012052077e-02,1.674317508687998e-09
3.258780543595589e-02,1.673070240460778e-09
3.271560075139102e-02,1.671828771500659e-09
3.284339606682614e-02,1.670593051714941e-09
3.297119138226126e-02,1.669363031010920e-09
3.309898669769638e-02,1.668138659295896e-09
3.322678201313150e-02,1.666919887341022e-09
3.335457732856662e-02,1.665706669373132e-09
3.348237264400174e-02,1.664498960483052e-09
3.361016795943687e-02,1.663296715761605e-09
3.373796327487198e-02,1.662099890299614e-09
3.386575859030710e-02,1.660908439187904e-09
3.399355390574223e-02,1.659722317517297e-09
3.412134922117735e-02,1.658541480378618e-09
3.424914453661247e-02,1.657365882862691e-09
3.437693985204759e-02,1.656195480060339e-09
3.450473516748271e-02,1.655030228044922e-09
3.463253048291783e-02,1.653870086819957e-09
3.476032579835295e-02,1.652715017371504e-09
3.488812111378808e-02,1.651564980685623e-09
3.501591642922319e-02,1.650419937748373e-09
3.514371174465832e-02,1.649279849545814e-09
3.527150706009344e-02,1.648144677064005e-09
3.539930237552856e-02,1.647014381289007e-09
3.552709769096368e-02,1.645888923206879e-09
3.565489300639881e-02,1.644768263803681e-09
3.578268832183392e-02,1.643652364572191e-09
3.591048363726904e-02,1.642541189031910e-09
3.603827895270417e-02,1.641434701208990e-09
3.616607426813929e-02,1.640332865129578e-09
3.629386958357441e-02,1.639235644819825e-09
3.642166489900953e-02,1.638143004305880e-09
3.654946021444465e-02,1.637054907613891e-09
3.667725552987977e-02,1.635971318770009e-09
3.680505084531489e-02,1.634892201800382e-09
3.693284616075002e-02,1.633817520731161e-09
3.706064147618514e-02,1.632747240432843e-09
3.718843679162025e-02,1.631681329153638e-09
3.731623210705538e-02,1.630619755986252e-09
3.744402742249050e-02,1.629562490023397e-09
3.757182273792562e-02,1.628509500357780e-09
3.769961805336074e-02,1.627460756082112e-09
3.782741336879586e-02,1.626416226289100e-09
3.795520868423098e-02,1.625375880071456e-09
3.808300399966610e-02,1.624339686521888e-09
3.821079931510123e-02,1.623307614733105e-09
3.833859463053635e-02,1.622279634131291e-09
3.846638994597146e-02,1.621255715476549e-09
3.859418526140659e-02,1.620235829862467e-09
3.872198057684171e-02,1.619219948382634e-09
3.884977589227683e-02,1.618208042130637e-09
3.897757120771195e-02,1.617200082200065e-09
3.910536652314707e-02,1.616196039684506e-09
3.923316183858219e-02,1.615195885677548e-09
3.936095715401731e-02,1.614199591272780e-09
3.948875246945244e-02,1.613207127563789e-09
3.961654778488756e-02,1.612218466221895e-09
3.974434310032268e-02,1.611233581229211e-09
3.987213841575780e-02,1.610252447145513e-09
3.999993373119292e-02,1.609275038530579e-09
4.012772904662804e-02,1.608301329944184e-09
4.025552436206317e-02,1.607331295946106e-09
4.038331967749829e-02,1.606364911096122e-09
4.051111499293340e-02,1.605402149954008e-09
4.063891030836853e-02,1.604442987079541e-09
4.076670562380365e-02,1.603487397032498e-09
4.089450093923877e-02,1.602535354762192e-09
4.102229625467389e-02,1.601586836776242e-09
4.115009157010902e-02,1.600641819971884e-09
4.127788688554413e-02,1.599700281246350e-09
4.140568220097925e-02,1.598762197496877e-09
4.153347751641438e-02,1.597827545620700e-09
4.166127283184950e-02,1.596896302515054e-09
4.178906814728462e-02,1.595968445077174e-09
4.191686346271974e-02,1.595043950204294e-09
4.204465877815486e-02,1.594122794793650e-09
4.217245409358998e-02,1.593204956066563e-09
4.230024940902510e-02,1.592290412540743e-09
4.242804472446023e-02,1.591379143058003e-09
4.255584003989534e-02,1.590471126460157e-09
4.268363535533046e-02,1.589566341589018e-09
4.281143067076559e-02,1.588664767286401e-09
4.293922598620071e-02,1.587766382394120e-09
4.306702130163583e-02,1.586871165753989e-09
4.319481661707095e-02,1.585979096207821e-09
4.332261193250607e-02,1.585090152597431e-09
4.345040724794119e-02,1.584204314107695e-09
4.357820256337631e-02,1.583321561295680e-09
4.370599787881144e-02,1.582441875061485e-09
4.383379319424656e-02,1.581565236305208e-09
4.396158850968167e-02,1.580691625926948e-09
4.408938382511680e-02,1.579821024826804e-09
4.421717914055192e-02,1.578953413904874e-09
4.434497445598704e-02,1.578088774061257e-09
4.447276977142216e-02,1.577227086196051e-09
4.460056508685728e-02,1.576368331209355e-09
4.472836040229240e-02,1.575512490292444e-09
4.485615571772752e-02,1.574659545801434e-09
4.498395103316265e-02,1.573809480383684e-09
4.511174634859777e-02,1.572962276686554e-09
4.523954166403289e-02,1.572117917357404e-09
4.536733697946801e-02,1.571276385043593e-09
4.549513229490313e-02,1.570437662392481e-09
4.562292761033825e-02,1.569601732051428e-09
4.575072292577338e-02,1.568768576667792e-09
4.587851824120850e-02,1.567938178888934e-09
4.600631355664361e-02,1.567110521519947e-09
4.613410887207874e-02,1.566285587996890e-09
4.626190418751386e-02,1.565463361913564e-09
4.638969950294898e-02,1.564643826863776e-09
4.651749481838410e-02,1.563826966441328e-09
4.664529013381922e-02,1.563012764240026e-09
4.677308544925434e-02,1.562201203853674e-09
4.690088076468946e-02,1.561392268876076e-09
4.702867608012459e-02,1.560585942901035e-09
4.715647139555971e-02,1.559782209522357e-09
4.728426671099482e-02,1.558981052728289e-09
4.741206202642995e-02,1.558182458084799e-09
4.753985734186507e-02,1.557386411552271e-09
4.766765265730019e-02,1.556592899091092e-09
4.779544797273531e-02,1.555801906661645e-09
4.792324328817044e-02,1.555013420224317e-09
4.805103860360555e-02,1.554227425739492e-09
4.817883391904067e-02,1.553443909167555e-09
4.830662923447580e-02,1.552662856468892e-09
4.843442454991092e-02,1.551884253603888e-09
4.856221986534604e-02,1.551108086539348e-09
4.869001518078116e-02,1.550334341267761e-09
4.881781049621628e-02,1.549563003788035e-09
4.894560581165140e-02,1.548794060099075e-09
4.907340112708652e-02,1.548027496199791e-09
4.920119644252165e-02,1.547263298089088e-09
4.932899175795677e-02,1.546501451765874e-09
4.945678707339188e-02,1.545741943229058e-09
4.958458238882701e-02,1.544984758477545e-09
4.971237770426213e-02,1.544229883510243e-09
4.984017301969725e-02,1.543477304651312e-09
4.996796833513237e-02,1.542727009525986e-09
5.000000000000000e-02,1.542539305935952e-09
5.009576365056749e-02,1.541978986077374e-09
5.022355896600261e-02,1.541233222183951e-09
5.035135428143774e-02,1.540489705690848e-09
5.047914959687286e-02,1.539748424442920e-09
5.060694491230798e-02,1.539009366285023e-09
5.073474022774310e-02,1.538272519062011e-09
5.086253554317822e-02,1.537537870618740e-09
5.099033085861334e-02,1.536805408800063e-09
5.111812617404846e-02,1.536075121560358e-09
5.124592148948359e-02,1.535346997292072e-09
5.137371680491870e-02,1.534621024497167e-09
5.150151212035382e-02,1.533897191677609e-09
5.162930743578895e-02,1.533175487335361e-09
5.175710275122407e-02,1.532455899972388e-09
5.188489806665919e-02,1.531738418090652e-09
5.201269338209431e-02,1.531023030192118e-09
5.214048869752943e-02,1.530309724778749e-09
5.226828401296455e-02,1.529598490352510e-09
5.239607932839967e-02,1.528889315553492e-09
5.252387464383480e-02,1.528182189574250e-09
5.265166995926992e-02,1.527477101745437e-09
5.277946527470503e-02,1.526774041397709e-09
5.290726059014016e-02,1.526072997861721e-09
5.303505590557528e-02,1.525373960468130e-09
5.316285122101040e-02,1.524676918547589e-09
5.329064653644552e-02,1.523981861430754e-09
5.341844185188065e-02,1.523288778448281e-09
5.354623716731576e-02,1.522597658930824e-09
5.367403248275088e-02,1.521908492354677e-09
5.380182779818601e-02,1.521221268778722e-09
5.392962311362113e-02,1.520535978407497e-09
5.405741842905625e-02,1.519852611445540e-09
5.418521374449137e-02,1.519171158097391e-09
5.431300905992649e-02,1.518491608567589e-09
5.444080437536161e-02,1.517813953060671e-09
5.456859969079673e-02,1.517138181781178e-09
5.469639500623186e-02,1.516464284933647e-09
5.482419032166697e-02,1.515792252722617e-09
5.495198563710210e-02,1.515122075444266e-09
5.507978095253722e-02,1.514453743761315e-09
5.520757626797234e-02,1.513787248428127e-09
5.533537158340746e-02,1.513122580199059e-09
5.546316689884258e-02,1.512459729828474e-09
5.559096221427770e-02,1.511798688070729e-09
5.571875752971282e-02,1.511139445680186e-09
5.584655284514795e-02,1.510481993411205e-09
5.597434816058307e-02,1.509826322018145e-09
5.610214347601819e-02,1.509172422255366e-09
5.622993879145331e-02,1.508520285048552e-09
5.635773410688843e-02,1.507869902008620e-09
5.648552942232355e-02,1.507221264917785e-09
5.661332473775867e-02,1.506574365558259e-09
5.674112005319380e-02,1.505929195712257e-09
5.686891536862891e-02,1.505285747161991e-09
5.699671068406403e-02,1.504644011689676e-09
5.712450599949916e-02,1.504003981077523e-09
5.725230131493428e-02,1.503365647107748e-09
5.738009663036940e-02,1.502729001562563e-09
5.750789194580452e-02,1.502094036237344e-09
5.763568726123964e-02,1.501460742980119e-09
5.776348257667476e-02,1.500829113652080e-09
5.789127789210988e-02,1.500199140114421e-09
5.801907320754501e-02,1.499570814228333e-09
5.814686852298013e-02,1.498944127855008e-09
5.827466383841524e-02,1.498319072855640e-09
5.840245915385037e-02,1.497695641091420e-09
5.853025446928549e-02,1.497073824423540e-09
5.865804978472061e-02,1.496453614713195e-09
5.878584510015573e-02,1.495835003976038e-09
5.891364041559085e-02,1.495217984845584e-09
5.904143573102597e-02,1.494602550109812e-09
5.916923104646109e-02,1.493988692556701e-09
5.929702636189622e-02,1.493376404974229e-09
5.942482167733134e-02,1.492765680150376e-09
5.955261699276646e-02,1.492156510873119e-09
5.968041230820158e-02,1.491548889930439e-09
5.980820762363670e-02,1.490942810110313e-09
5.993600293907182e-02,1.490338264200722e-09
6.006379825450694e-02,1.489735245023020e-09
6.019159356994207e-02,1.489133745532067e-09
6.031938888537718e-02,1.488533758716094e-09
6.044718420081231e-02,1.487935277563331e-09
6.057497951624743e-02,1.487338295062011e-09
6.070277483168255e-02,1.486742804200363e-09
6.083057014711767e-02,1.486148797966621e-09
6.095836546255279e-02,1.485556269349014e-09
6.108616077798791e-02,1.484965211335775e-09
6.121395609342303e-02,1.484375616915134e-09
6.134175140885816e-02,1.483787479188340e-09
6.146954672429328e-02,1.483200791708755e-09
6.159734203972840e-02,1.482615548142779e-09
6.172513735516352e-02,1.482031742156813e-09
6.185293267059864e-02,1.481449367417255e-09
6.198072798603376e-02,1.480868417590508e-09
6.210852330146888e-02,1.480288886342969e-09
6.223631861690401e-02,1.479710767341041e-09
6.236411393233912e-02,1.479134054251122e-09
6.249190924777424e-02,1.478558740739613e-09
6.261970456320937e-02,1.477984820514447e-09
6.274749987864449e-02,1.477412287449685e-09
6.287529519407961e-02,1.476841135460925e-09
6.300309050951473e-02,1.476271358463763e-09
6.313088582494986e-02,1.475702950373796e-09
6.325868114038498e-02,1.475135905106620e-09
6.338647645582010e-02,1.474570216577831e-09
6.351427177125522e-02,1.474005878703028e-09
6.364206708669033e-02,1.473442885397804e-09
6.376986240212545e-02,1.472881230577758e-09
6.389765771756058e-02,1.472320908199676e-09
6.402545303299570e-02,1.471761912385095e-09
6.415324834843082e-02,1.471204237296737e-09
6.428104366386594e-02,1.470647877097323e-09
6.440883897930107e-02,1.470092825949578e-09
6.453663429473619e-02,1.469539078016222e-09
6.466442961017131e-02,1.468986627459978e-09
6.479222492560642e-02,1.468435468443568e-09
6.492002024104154e-02,1.467885595129715e-09
6.504781555647667e-02,1.467337001681140e-09
6.517561087191179e-02,1.466789682425785e-09
6.530340618734691e-02,1.466243632352538e-09
6.543120150278203e-02,1.465698846615538e-09
6.555899681821716e-02,1.465155320368928e-09
6.568679213365228e-02,1.464613048766847e-09
6.581458744908740e-02,1.464072026963437e-09
6.594238276452252e-02,1.463532250112838e-09
6.607017807995763e-02,1.462993713369191e-09
6.619797339539275e-02,1.462456411886638e-09
6.632576871082788e-02,1.461920340819317e-09
6.645356402626300e-02,1.461385495220339e-09
6.658135934169812e-02,1.460851869738665e-09
6.670915465713324e-02,1.460319458922222e-09
6.683694997256837e-02,1.459788257318932e-09
6.696474528800349e-02,1.459258259476721e-09
6.709254060343861e-02,1.458729459943514e-09
6.722033591887373e-02,1.458201853267234e-09
6.734813123430886e-02,1.457675433995807e-09
6.747592654974396e-02,1.457150196677157e-09
6.760372186517909e-02,1.456626135859208e-09
6.773151718061421e-02,1.456103246250092e-09
6.785931249604933e-02,1.455581523198738e-09
6.798710781148445e-02,1.455060962214269e-09
6.811490312691958e-02,1.454541558805808e-09
6.824269844235470e-02,1.454023308482477e-09
6.837049375778982e-02,1.453506206753398e-09
6.849828907322494e-02,1.452990249127695e-09
6.862608438866007e-02,1.452475431114489e-09
6.875387970409517e-02,1.451961748222904e-09
6.888167501953030e-02,1.451449195962062e-09
6.900947033496542e-02,1.450937769821082e-09
6.913726565040054e-02,1.450427465209066e-09
6.926506096583566e-02,1.449918277515106e-09
6.939285628127079e-02,1.449410202128297e-09
6.952065159670591e-02,1.448903234437730e-09
6.964844691214103e-02,1.448397369832501e-09
6.977624222757615e-02,1.447892603701701e-09
6.990403754301128e-02,1.447388931434425e-09
7.003183285844640e-02,1.446886348419765e-09
7.015962817388151e-02,1.446384850046816e-09
7.028742348931663e-02,1.445884431810431e-09
7.041521880475175e-02,1.445385089628535e-09
7.054301412018688e-02,1.444886819524820e-09
7.067080943562200e-02,1.444389617522979e-09
7.079860475105712e-02,1.443893479646707e-09
7.092640006649224e-02,1.443398401919697e-09
7.105419538192737e-02,1.442904380365642e-09
7.118199069736249e-02,1.442411411008236e-09
7.130978601279761e-02,1.441919489871173e-09
7.152277820518949e-02,1.441101939888095e-09
7.173577039758135e-02,1.440287272176792e-09
7.194876258997322e-02,1.439475468342053e-09
7.216175478236508e-02,1.438666509991391e-09
7.237474697475696e-02,1.437860378732320e-09
7.258773916714882e-02,1.437057056172351e-09
7.280073135954070e-02,1.436256523918999e-09
7.301372355193256e-02,1.435458763579776e-09
7.322671574432443e-02,1.434663756762195e-09
7.343970793671629e-02,1.433871485073768e-09
7.365270012910817e-02,1.433081930122010e-09
7.386569232150003e-02,1.432295073878602e-09
7.407868451389191e-02,1.431510899771906e-09
7.429167670628377e-02,1.430729391594453e-09
7.450466889867564e-02,1.429950533138771e-09
7.471766109106751e-02,1.429174308197392e-09
7.493065328345938e-02,1.428400700562844e-09
7.514364547585124e-02,1.427629694027659e-09
7.535663766824312e-02,1.426861272384367e-09
7.556962986063498e-02,1.426095419425496e-09
7.578262205302685e-02,1.425332118943578e-09
7.599561424541872e-02,1.424571354955363e-09
7.620860643781059e-02,1.423813112374463e-09
7.642159863020245e-02,1.423057376338696e-09
7.663459082259433e-02,1.422304131985881e-09
7.684758301498619e-02,1.421553364453837e-09
7.706057520737807e-02,1.420805058880383e-09
7.727356739976993e-02,1.420059200403338e-09
7.748655959216180e-02,1.419315774160521e-09
7.769955178455366e-02,1.418574765289750e-09
7.791254397694554e-02,1.417836158928845e-09
7.812553616933740e-02,1.417099940404241e-09
7.833852836172928e-02,1.416366095796794e-09
7.855152055412114e-02,1.415634611375956e-09
7.876451274651301e-02,1.414905473411176e-09
7.897750493890487e-02,1.414178668171908e-09
7.919049713129675e-02,1.413454181927601e-09
7.940348932368861e-02,1.412732000947708e-09
7.961648151608049e-02,1.412012111501678e-09
7.982947370847235e-02,1.411294499858965e-09
8.004246590086422e-02,1.410579152289018e-09
8.025545809325609e-02,1.409866055257491e-09
8.046845028564796e-02,1.409155196014888e-09
8.068144247803982e-02,1.408446562007940e-09
8.089443467043170e-02,1.407740140683375e-09
8.110742686282357e-02,1.407035919487923e-09
8.132041905521543e-02,1.406333885868313e-09
8.153341124760730e-02,1.405634027271274e-09
8.174640343999917e-02,1.404936331143536e-09
8.195939563239105e-02,1.404240784931828e-09
8.217238782478291e-02,1.403547376082880e-09
8.238538001717477e-02,1.402856092218258e-09
8.259837220956665e-02,1.402166921658900e-09
8.281136440195852e-02,1.401479852900594e-09
8.302435659435038e-02,1.400794874439125e-09
8.323734878674224e-02,1.400111974770280e-09
8.345034097913412e-02,1.399431142389846e-09
8.366333317152599e-02,1.398752365793610e-09
8.387632536391786e-02,1.398075633477357e-09
8.408931755630973e-02,1.397400933936874e-09
8.430230974870159e-02,1.396728255667949e-09
8.451530194109347e-02,1.396057587279881e-09
8.472829413348533e-02,1.395388917836034e-09
8.494128632587720e-02,1.394722236513286e-09
8.515427851826907e-02,1.394057532488515e-09
8.536727071066094e-02,1.393394794938598e-09
8.558026290305280e-02,1.392734013040415e-09
8.579325509544468e-02,1.392075175970842e-09
8.600624728783654e-02,1.391418272906759e-09
8.621923948022842e-02,1.390763293025043e-09
8.643223167262028e-02,1.390110225502572e-09
8.664522386501215e-02,1.389459059701580e-09
8.685821605740401e-02,1.388809785725708e-09
8.707120824979589e-02,1.388162393863942e-09
8.728420044218775e-02,1.387516874405269e-09
8.749719263457963e-02,1.386873217638675e-09
8.771018482697149e-02,1.386231413853150e-09
8.792317701936336e-02,1.385591453337679e-09
8.813616921175522e-02,1.384953326381249e-09
8.834916140414710e-02,1.384317023272847e-09
8.856215359653896e-02,1.383682534301460e-09
8.877514578893084e-02,1.383049849862781e-09
8.898813798132270e-02,1.382418960779296e-09
8.920113017371457e-02,1.381789857980187e-09
8.941412236610644e-02,1.381162532394635e-09
8.962711455849831e-02,1.380536974951823e-09
8.984010675089017e-02,1.379913176580932e-09
9.005309894328205e-02,1.379291128211142e-09
9.026609113567391e-02,1.378670820771636e-09
9.047908332806578e-02,1.378052245191595e-09
9.069207552045766e-02,1.377435392400201e-09
9.090506771284952e-02,1.376820253392132e-09
9.111805990524138e-02,1.376206819424069e-09
9.133105209763326e-02,1.375595081818199e-09
9.154404429002513e-02,1.374985031896708e-09
9.175703648241700e-02,1.374376660981784e-09
9.197002867480886e-02,1.373769960395613e-09
9.218302086720073e-02,1.373164921460381e-09
9.239601305959261e-02,1.372561535498276e-09
9.260900525198447e-02,1.371959793831483e-09
9.282199744437633e-02,1.371359687782189e-09
9.303498963676821e-02,1.370761208814130e-09
9.324798182916008e-02,1.370164348957256e-09
9.346097402155194e-02,1.369569100383075e-09
9.367396621394380e-02,1.368975455263096e-09
9.388695840633568e-02,1.368383405768828e-09
9.409995059872756e-02,1.367792944071780e-09
9.431294279111942e-02,1.367204062343460e-09
9.452593498351128e-02,1.366616752755377e-09
9.473892717590315e-02,1.366031007479040e-09
9.495191936829503e-02,1.365446818685958e-09
9.516491156068689e-02,1.364864178632000e-09
9.537790375307875e-02,1.364283079910485e-09
9.559089594547063e-02,1.363703515199091e-09
9.580388813786250e-02,1.363125477175498e-09
9.601688033025436e-02,1.362548958517387e-09
9.622987252264624e-02,1.361973951902437e-09
9.644286471503810e-02,1.361400450008329e-09
9.665585690742998e-02,1.360828445512741e-09
9.686884909982184e-02,1.360257931093354e-09
9.708184129221371e-02,1.359688899427847e-09
9.729483348460558e-02,1.359121343315091e-09
9.750782567699745e-02,1.358555256038709e-09
9.772081786938931e-02,1.357990631003511e-09
9.793381006178119e-02,1.357427461614303e-09
9.814680225417305e-02,1.356865741275897e-09
9.835979444656492e-02,1.356305463393101e-09
9.857278663895679e-02,1.355746621370723e-09
9.878577883134866e-02,1.355189208613573e-09
9.899877102374052e-02,1.354633218526460e-09
9.921176321613240e-02,1.354078644514194e-09
9.942475540852426e-02,1.353525479950101e-09
9.963774760091614e-02,1.352973718081594e-09
9.985073979330800e-02,1.352423352124608e-09
1.000637319857000e-01,1.351874375295077e-09
1.002767241780920e-01,1.351326780808933e-09
1.004897163704840e-01,1.350780561882113e-09
1.007027085628750e-01,1.350235711730552e-09
1.009157007552670e-01,1.349692223570180e-09
1.011286929476590e-01,1.349150090616933e-09
1.013416851400510e-01,1.348609306086746e-09
1.015546773324430e-01,1.348069863373165e-09
1.017676695248350e-01,1.347531756580337e-09
1.019806617172270e-01,1.346994979990096e-09
1.021936539096190e-01,1.346459527884275e-09
1.024066461020100e-01,1.345925394544710e-09
1.026196382944020e-01,1.345392574253231e-09
1.028326304867940e-01,1.344861061291673e-09
1.030456226791860e-01,1.344330849941871e-09
1.032586148715780e-01,1.343801934485657e-09
1.034716070639700e-01,1.343274309204866e-09
1.036845992563620e-01,1.342747968378501e-09
1.038975914487540e-01,1.342222906274247e-09
1.041105836411450e-01,1.341699117156961e-09
1.043235758335370e-01,1.341176595291493e-09
1.045365680259290e-01,1.340655334942701e-09
1.047495602183210e-01,1.340135330375440e-09
1.049625524107130e-01,1.339616575854565e-09
1.051755446031050e-01,1.339099065644930e-09
1.053885367954970e-01,1.338582794011392e-09
1.056015289878880e-01,1.338067755218806e-09
1.058145211802800e-01,1.337553943639268e-09
1.060275133726720e-01,1.337041354073678e-09
1.062405055650640e-01,1.336529981430093e-09
1.064534977574560e-01,1.336019820616566e-09
1.066664899498480e-01,1.335510866541153e-09
1.068794821422400e-01,1.335003114111910e-09
1.070924743346320e-01,1.334496558236891e-09
1.073054665270230e-01,1.333991193824154e-09
1.075184587194150e-01,1.333487015781750e-09
1.077314509118070e-01,1.332984019017735e-09
1.079444431041990e-01,1.332482198446133e-09
1.081574352965910e-01,1.331981549004853e-09
1.083704274889830e-01,1.331482065637777e-09
1.085834196813750e-01,1.330983743288791e-09
1.087964118737660e-01,1.330486576901781e-09
1.090094040661580e-01,1.329990561420626e-09
1.092223962585500e-01,1.329495691789213e-09
1.094353884509420e-01,1.329001962951426e-09
1.096483806433340e-01,1.328509369851150e-09
1.098613728357260e-01,1.328017907432268e-09
1.100743650281180e-01,1.327527570719676e-09
1.102873572205100e-01,1.327038355062446e-09
1.105003494129010e-01,1.326550255890724e-09
1.107133416052930e-01,1.326063268634650e-09
1.109263337976850e-01,1.325577388724371e-09
1.111393259900770e-01,1.325092611590032e-09
1.113523181824690e-01,1.324608932661776e-09
1.115653103748610e-01,1.324126347369749e-09
1.117783025672530e-01,1.323644851144096e-09
1.119912947596450e-01,1.323164439414961e-09
1.122042869520360e-01,1.322685107649151e-09
1.124172791444280e-01,1.322206851460120e-09
1.126302713368200e-01,1.321729666497992e-09
1.128432635292120e-01,1.321253548412894e-09
1.130562557216040e-01,1.320778492854947e-09
1.132692479139960e-01,1.320304495474276e-09
1.134822401063880e-01,1.319831551921004e-09
1.136952322987790e-01,1.319359657845257e-09
1.139082244911710e-01,1.318888808897155e-09
1.141212166835630e-01,1.318419000726822e-09
1.143342088759550e-01,1.317950229021320e-09
1.145472010683470e-01,1.317482489615417e-09
1.147601932607390e-01,1.317015778380803e-09
1.149731854531310e-01,1.316550091189164e-09
1.151861776455230e-01,1.316085423912189e-09
1.153991698379140e-01,1.315621772421568e-09
1.156121620303060e-01,1.315159132588986e-09
1.158251542226980e-01,1.314697500286133e-09
1.160381464150900e-01,1.314236871384697e-09
1.162511386074820e-01,1.313777241756366e-09
1.164641307998740e-01,1.313318607315094e-09
1.166771229922660e-01,1.312860964143810e-09
1.168901151846570e-01,1.312404308367664e-09
1.171031073770490e-01,1.311948636111799e-09
1.173160995694410e-01,1.311493943501366e-09
1.175290917618330e-01,1.311040226661513e-09
1.177420839542250e-01,1.310587481717387e-09
1.179550761466170e-01,1.310135704794138e-09
1.181680683390090e-01,1.309684892016913e-09
1.183810605314010e-01,1.309235039510860e-09
1.185940527237920e-01,1.308786143444940e-09
1.188070449161840e-01,1.308338200163450e-09
1.190200371085760e-01,1.307891206054551e-09
1.192330293009680e-01,1.307445157506404e-09
1.194460214933600e-01,1.307000050907168e-09
1.196590136857520e-01,1.306555882645004e-09
1.198720058781440e-01,1.306112649108072e-09
1.200849980705360e-01,1.305670346684530e-09
1.202979902629270e-01,1.305228971762543e-09
1.205109824553190e-01,1.304788520730264e-09
1.207239746477110e-01,1.304348989971438e-09
1.209369668401030e-01,1.303910375852126e-09
1.211499590324950e-01,1.303472674733968e-09
1.213629512248870e-01,1.303035882978605e-09
1.215759434172790e-01,1.302599996947676e-09
1.217889356096700e-01,1.302165013002824e-09
1.220019278020620e-01,1.301730927505684e-09
1.222149199944540e-01,1.301297736817901e-09
1.224279121868460e-01,1.300865437301112e-09
1.226409043792380e-01,1.300434025316960e-09
1.228538965716300e-01,1.300003497353399e-09
1.230668887640220e-01,1.299573850403615e-09
1.232798809564140e-01,1.299145081587097e-09
1.234928731488050e-01,1.298717188023330e-09
1.237058653411970e-01,1.298290166831798e-09
1.239188575335890e-01,1.297864015131989e-09
1.241318497259810e-01,1.297438730043389e-09
1.243448419183730e-01,1.297014308685485e-09
1.245578341107650e-01,1.296590748177762e-09
1.247708263031570e-01,1.296168045639708e-09
1.249838184955480e-01,1.295746198088203e-09
1.251968106879400e-01,1.295325202129851e-09
1.254098028803320e-01,1.294905054268731e-09
1.256227950727240e-01,1.294485751008918e-09
1.258357872651160e-01,1.294067288854490e-09
1.260487794575080e-01,1.293649664309523e-09
1.262617716499000e-01,1.293232873878094e-09
1.264747638422920e-01,1.292816914064278e-09
1.266877560346830e-01,1.292401781372155e-09
1.269007482270750e-01,1.291987472305798e-09
1.271137404194670e-01,1.291573983495002e-09
1.273267326118590e-01,1.291161312072095e-09
1.275397248042510e-01,1.290749455294948e-09
1.277527169966430e-01,1.290338410421436e-09
1.279657091890350e-01,1.289928174709432e-09
1.281787013814270e-01,1.289518745416810e-09
1.283916935738180e-01,1.289110119801444e-09
1.286046857662100e-01,1.288702295121205e-09
1.288176779586020e-01,1.288295268633967e-09
1.290306701509940e-01,1.287889037597604e-09
1.292436623433860e-01,1.287483599259280e-09
1.294566545357780e-01,1.287078950823305e-09
1.296696467281700e-01,1.286675089483271e-09
1.298826389205610e-01,1.286272012432770e-09
1.300956311129530e-01,1.285869716865392e-09
1.303086233053450e-01,1.285468199974728e-09
1.305216154977370e-01,1.285067458954371e-09
1.307346076901290e-01,1.284667490997912e-09
1.309475998825210e-01,1.284268293298943e-09
1.311605920749130e-01,1.283869863051056e-09
1.313735842673050e-01,1.283472197446613e-09
1.315865764596960e-01,1.283075293673066e-09
1.317995686520880e-01,1.282679148916635e-09
1.320125608444800e-01,1.282283760363543e-09
1.322255530368720e-01,1.281889125200010e-09
1.324385452292640e-01,1.281495240612261e-09
1.326515374216560e-01,1.281102103786514e-09
1.328645296140480e-01,1.280709711908994e-09
1.330775218064400e-01,1.280318062165922e-09
1.332905139988310e-01,1.279927151743521e-09
1.335035061912230e-01,1.279536977947350e-09
1.337164983836150e-01,1.279147538560238e-09
1.339294905760070e-01,1.278758831484308e-09
1.341424827683990e-01,1.278370854621682e-09
1.343554749607910e-01,1.277983605874480e-09
1.345684671531830e-01,1.277597083144826e-09
1.347814593455740e-01,1.277211284334841e-09
1.349944515379660e-01,1.276826207346644e-09
1.352074437303580e-01,1.276441850082359e-09
1.354204359227500e-01,1.276058210444107e-09
1.356334281151420e-01,1.275675286221304e-09
1.358464203075340e-01,1.275293074752763e-09
1.360594124999260e-01,1.274911573264706e-09
1.362724046923180e-01,1.274530778983356e-09
1.364853968847090e-01,1.274150689134936e-09
1.366983890771010e-01,1.273771300945665e-09
1.369113812694930e-01,1.273392611641765e-09
1.371243734618850e-01,1.273014618449459e-09
1.373373656542770e-01,1.272637318594970e-09
1.375503578466690e-01,1.272260709304517e-09
1.377633500390610e-01,1.271884787905016e-09
1.379763422314520e-01,1.271509552126383e-09
1.381893344238440e-01,1.271134999799345e-09
1.384023266162360e-01,1.270761128754630e-09
1.386153188086280e-01,1.270387936822967e-09
1.388283110010200e-01,1.270015421835083e-09
1.390413031934120e-01,1.269643581621707e-09
1.392542953858040e-01,1.269272414013565e-09
1.394672875781960e-01,1.268901916841388e-09
1.396802797705870e-01,1.268532087935902e-09
1.398932719629790e-01,1.268162925145106e-09
1.401062641553710e-01,1.267794426386102e-09
1.403192563477630e-01,1.267426589593276e-09
1.405322485401550e-01,1.267059412701010e-09
1.407452407325470e-01,1.266692893643690e-09
1.409582329249390e-01,1.266327030355698e-09
1.411712251173300e-01,1.265961820771421e-09
1.413842173097220e-01,1.265597262825238e-09
1.415972095021140e-01,1.265233354451537e-09
1.418102016945060e-01,1.264870093584699e-09
1.420231938868980e-01,1.264507478105843e-09
1.422361860792900e-01,1.264145505683020e-09
1.424491782716820e-01,1.263784173931018e-09
1.426621704640740e-01,1.263423480464623e-09
1.428751626564650e-01,1.263063422898624e-09
1.430881548488570e-01,1.262703998847806e-09
1.433011470412490e-01,1.262345205926958e-09
1.435141392336410e-01,1.261987041750865e-09
1.437271314260330e-01,1.261629503934317e-09
1.439401236184250e-01,1.261272590092100e-09
1.441531158108170e-01,1.260916298025267e-09
1.443661080032090e-01,1.260560626279681e-09
1.445791001956000e-01,1.260205573587349e-09
1.447920923879920e-01,1.259851138680274e-09
1.450050845803840e-01,1.259497320290462e-09
1.452180767727760e-01,1.259144117149918e-09
1.454310689651680e-01,1.258791527990648e-09
1.456440611575600e-01,1.258439551544657e-09
1.458570533499520e-01,1.258088186543949e-09
1.460700455423430e-01,1.257737431720533e-09
1.462830377347350e-01,1.257387285412311e-09
1.464960299271270e-01,1.257037744381809e-09
1.467090221195190e-01,1.256688804997958e-09
1.469220143119110e-01,1.256340463629688e-09
1.471350065043030e-01,1.255992716645930e-09
1.473479986966950e-01,1.255645560415614e-09
1.475609908890870e-01,1.255298991307671e-09
1.477739830814780e-01,1.254953005691034e-09
1.479869752738700e-01,1.254607599934629e-09
1.481999674662620e-01,1.254262770407390e-09
1.484129596586540e-01,1.253918514767585e-09
1.486259518510460e-01,1.253574835833203e-09
1.488389440434380e-01,1.253231737712756e-09
1.490519362358300e-01,1.252889224514752e-09
1.492649284282220e-01,1.252547300347703e-09
1.494779206206130e-01,1.252205969320121e-09
1.496909128130050e-01,1.251865235540511e-09
1.499039050053970e-01,1.251525103117386e-09
1.501168971977890e-01,1.251185576159256e-09
1.503298893901810e-01,1.250846658774632e-09
1.505428815825730e-01,1.250508350447517e-09
1.507558737749650e-01,1.250170632161123e-09
1.509688659673560e-01,1.249833480272774e-09
1.511818581597480e-01,1.249496871139792e-09
1.513948503521400e-01,1.249160781119500e-09
1.516078425445320e-01,1.248825186569221e-09
1.518208347369240e-01,1.248490063846279e-09
1.520338269293160e-01,1.248155389307997e-09
1.522468191217080e-01,1.247821139311697e-09
1.524598113141000e-01,1.247487290214704e-09
1.526728035064910e-01,1.247153835687057e-09
1.528857956988830e-01,1.246820838638625e-09
1.530987878912750e-01,1.246488379286476e-09
1.533117800836670e-01,1.246156537847682e-09
1.535247722760590e-01,1.245825394539310e-09
1.537377644684510e-01,1.245495029578431e-09
1.539507566608430e-01,1.245165523182113e-09
1.541637488532340e-01,1.244836955567427e-09
1.543767410456260e-01,1.244509406951440e-09
1.545897332380180e-01,1.244182957551221e-09
1.548027254304100e-01,1.243857623019880e-09
1.550157176228020e-01,1.243533160875555e-09
1.552287098151940e-01,1.243209264132849e-09
1.554417020075860e-01,1.242885625806364e-09
1.556546941999780e-01,1.242561938910702e-09
1.558676863923690e-01,1.242237896460467e-09
1.560806785847610e-01,1.241913191470258e-09
1.562936707771530e-01,1.241587516954679e-09
1.565066629695450e-01,1.241260565928332e-09
1.567196551619370e-01,1.240932031405819e-09
1.569326473543290e-01,1.240601847121762e-09
1.571456395467210e-01,1.240270910299154e-09
1.573586317391130e-01,1.239940359185252e-09
1.575716239315040e-01,1.239611332027312e-09
1.577846161238960e-01,1.239284967072587e-09
1.579976083162880e-01,1.238962402568335e-09
1.582106005086800e-01,1.238644776761811e-09
1.584235927010720e-01,1.238333227900271e-09
1.586365848934640e-01,1.238028894230972e-09
1.588495770858560e-01,1.237732914001170e-09
1.590625692782470e-01,1.237445526878695e-09
1.592755614706390e-01,1.237163377053437e-09
1.594885536630310e-01,1.236882209555648e-09
1.597015458554230e-01,1.236597769415581e-09
1.599145380478150e-01,1.236305801663489e-09
1.601275302402070e-01,1.236002051329623e-09
1.603405224325990e-01,1.235682263444235e-09
1.605535146249910e-01,1.235342183037577e-09
1.607665068173820e-01,1.234977555139904e-09
1.609794990097740e-01,1.234584124781464e-09
1.611924912021660e-01,1.234159461506706e-09
1.614054833945580e-01,1.233708433018650e-09
1.616184755869500e-01,1.233237731585407e-09
1.618314677793420e-01,1.232754049475087e-09
1.620444599717340e-01,1.232264078955801e-09
1.622574521641260e-01,1.231774512295658e-09
1.624704443565170e-01,1.231292041762772e-09
1.626834365489090e-01,1.230823359625249e-09
1.628964287413010e-01,1.230375158151201e-09
1.631094209336930e-01,1.229954129608738e-09
1.633224131260850e-01,1.229565144537087e-09
1.635354053184770e-01,1.229205788708179e-09
1.637483975108690e-01,1.228871827239022e-09
1.639613897032600e-01,1.228559025246627e-09
1.641743818956520e-01,1.228263147848000e-09
1.643873740880440e-01,1.227979960160152e-09
1.646003662804360e-01,1.227705227300092e-09
1.648133584728280e-01,1.227434714384827e-09
1.650263506652200e-01,1.227164186531369e-09
1.652393428576120e-01,1.226889408856725e-09
1.654523350500040e-01,1.226607041682268e-09
1.656653272423950e-01,1.226317323985920e-09
1.658783194347870e-01,1.226021388869832e-09
1.660913116271790e-01,1.225720369436161e-09
1.663043038195710e-01,1.225415398787061e-09
1.665172960119630e-01,1.225107610024686e-09
1.667302882043550e-01,1.224798136251191e-09
1.669432803967470e-01,1.224488110568731e-09
1.671562725891380e-01,1.224178666079462e-09
1.673692647815300e-01,1.223870935885535e-09
1.675822569739220e-01,1.223565813461734e-09
1.677952491663140e-01,1.223263233297763e-09
1.680082413587060e-01,1.222962890018096e-09
1.682212335510980e-01,1.222664478247211e-09
1.684342257434900e-01,1.222367692609584e-09
1.686472179358820e-01,1.222072227729692e-09
1.688602101282730e-01,1.221777778232012e-09
1.690732023206650e-01,1.221484038741019e-09
1.692861945130570e-01,1.221190703881189e-09
1.694991867054490e-01,1.220897468277000e-09
1.697121788978410e-01,1.220604090874434e-09
1.699251710902330e-01,1.220310587953684e-09
1.701381632826250e-01,1.220017040140543e-09
1.703511554750170e-01,1.219723528060801e-09
1.705641476674080e-01,1.219430132340254e-09
1.707771398598000e-01,1.219136933604690e-09
1.709901320521920e-01,1.218844012479903e-09
1.712031242445840e-01,1.218551449591685e-09
1.714161164369760e-01,1.218259325565830e-09
1.716291086293680e-01,1.217967721028128e-09
1.718421008217600e-01,1.217676699267032e-09
1.720550930141510e-01,1.217386254230057e-09
1.722680852065430e-01,1.217096362531588e-09
1.724810773989350e-01,1.216807000786016e-09
1.726940695913270e-01,1.216518145607727e-09
1.729070617837190e-01,1.216229773611110e-09
1.731200539761110e-01,1.215941861410552e-09
1.733330461685030e-01,1.215654385620441e-09
1.735460383608950e-01,1.215367322855165e-09
1.737590305532860e-01,1.215080649729114e-09
1.739720227456780e-01,1.214794347611333e-09
1.741850149380700e-01,1.214508416881332e-09
1.743980071304620e-01,1.214222862669191e-09
1.746109993228540e-01,1.213937690104987e-09
1.748239915152460e-01,1.213652904318801e-09
1.750369837076380e-01,1.213368510440710e-09
1.752499759000290e-01,1.213084513600796e-09
1.754629680924210e-01,1.212800918929133e-09
1.756759602848130e-01,1.212517731555804e-09
1.758889524772050e-01,1.212234956610886e-09
1.761019446695970e-01,1.211952597911521e-09
1.763149368619890e-01,1.211670654019581e-09
1.765279290543810e-01,1.211389122182242e-09
1.767409212467730e-01,1.211107999646679e-09
1.769539134391640e-01,1.210827283660069e-09
1.771669056315560e-01,1.210546971469587e-09
1.773798978239480e-01,1.210267060322408e-09
1.775928900163400e-01,1.209987547465710e-09
1.778058822087320e-01,1.209708430146666e-09
1.780188744011240e-01,1.209429705612453e-09
1.782318665935160e-01,1.209151371454038e-09
1.784448587859070e-01,1.208873426638047e-09
1.786578509782990e-01,1.208595870475141e-09
1.788708431706910e-01,1.208318702275985e-09
1.790838353630830e-01,1.208041921351243e-09
1.792968275554750e-01,1.207765527011579e-09
1.795098197478670e-01,1.207489518567656e-09
1.797228119402590e-01,1.207213895330139e-09
1.799358041326510e-01,1.206938656609690e-09
1.801487963250420e-01,1.206663801716976e-09
1.803617885174340e-01,1.206389329924973e-09
1.805747807098260e-01,1.206115240355919e-09
1.807877729022180e-01,1.205841532094363e-09
1.810007650946100e-01,1.205568204224853e-09
1.812137572870020e-01,1.205295255831938e-09
1.814267494793940e-01,1.205022686000167e-09
1.816397416717860e-01,1.204750493814087e-09
1.818527338641770e-01,1.204478678358250e-09
1.820657260565690e-01,1.204207238717201e-09
1.822787182489610e-01,1.203936173975490e-09
1.824917104413530e-01,1.203665483195266e-09
1.827047026337450e-01,1.203395165349107e-09
1.829176948261370e-01,1.203125219387202e-09
1.831306870185290e-01,1.202855644259741e-09
1.833436792109200e-01,1.202586438916914e-09
1.835566714033120e-01,1.202317602308908e-09
1.837696635957040e-01,1.202049133385914e-09
1.839826557880960e-01,1.201781031098122e-09
1.841956479804880e-01,1.201513294395721e-09
1.844086401728800e-01,1.201245922228900e-09
1.846216323652720e-01,1.200978913583013e-09
1.848346245576640e-01,1.200712267583994e-09
1.850476167500550e-01,1.200445983392899e-09
1.852606089424470e-01,1.200180060170784e-09
1.854736011348390e-01,1.199914497078707e-09
1.856865933272310e-01,1.199649293277725e-09
1.858995855196230e-01,1.199384447928894e-09
1.861125777120150e-01,1.199119960193272e-09
1.863255699044070e-01,1.198855829231916e-09
1.865385620967990e-01,1.198592054205883e-09
1.867515542891900e-01,1.198328634270648e-09
1.869645464815820e-01,1.198065568559337e-09
1.871775386739740e-01,1.197802856199492e-09
1.873905308663660e-01,1.197540496318652e-09
1.876035230587580e-01,1.197278488044359e-09
1.878165152511500e-01,1.197016830504150e-09
1.880295074435420e-01,1.196755522825568e-09
1.882424996359330e-01,1.196494564136152e-09
1.884554918283250e-01,1.196233953563441e-09
1.886684840207170e-01,1.195973690234975e-09
1.888814762131090e-01,1.195713773288110e-09
1.890944684055010e-01,1.195454201899479e-09
1.893074605978930e-01,1.195194975255532e-09
1.895204527902850e-01,1.194936092542721e-09
1.897334449826770e-01,1.194677552947498e-09
1.899464371750680e-01,1.194419355656316e-09
1.901594293674600e-01,1.194161499855623e-09
1.903724215598520e-01,1.193903984731874e-09
1.905854137522440e-01,1.193646809471520e-09
1.907984059446360e-01,1.193389973261012e-09
1.910113981370280e-01,1.193133475288938e-09
1.912243903294200e-01,1.192877314752428e-09
1.914373825218110e-01,1.192621490850750e-09
1.916503747142030e-01,1.192366002783165e-09
1.918633669065950e-01,1.192110849748942e-09
1.920763590989870e-01,1.191856030947345e-09
1.922893512913790e-01,1.191601545577640e-09
1.925023434837710e-01,1.191347392839094e-09
1.927153356761630e-01,1.191093571930970e-09
1.929283278685550e-01,1.190840082052536e-09
1.931413200609460e-01,1.190586922400100e-09
1.933543122533380e-01,1.190334092158133e-09
1.935673044457300e-01,1.190081590508156e-09
1.937802966381220e-01,1.189829416631688e-09
1.939932888305140e-01,1.189577569710247e-09
1.942062810229060e-01,1.189326048925352e-09
1.944192732152980e-01,1.189074853458522e-09
1.946322654076900e-01,1.188823982491276e-09
1.948452576000810e-01,1.188573435205134e-09
1.950582497924730e-01,1.188323210781611e-09
1.952712419848650e-01,1.188073308409746e-09
1.954842341772570e-01,1.187823727308631e-09
1.956972263696490e-01,1.187574466704862e-09
1.959102185620410e-01,1.187325525825038e-09
1.961232107544330e-01,1.187076903895758e-09
1.963362029468240e-01,1.186828600143621e-09
1.965491951392160e-01,1.186580613795223e-09
1.967621873316080e-01,1.186332944077163e-09
1.969751795240000e-01,1.186085590216040e-09
1.971881717163920e-01,1.185838551438452e-09
1.974011639087840e-01,1.185591826983306e-09
1.976141561011760e-01,1.185345416138764e-09
1.978271482935680e-01,1.185099318205305e-09
1.980401404859590e-01,1.184853532483412e-09
1.982531326783510e-01,1.184608058273562e-09
1.984661248707430e-01,1.184362894876237e-09
1.986791170631350e-01,1.184118041591917e-09
1.988921092555270e-01,1.183873497721081e-09
1.991051014479190e-01,1.183629262564211e-09
1.993180936403110e-01,1.183385335421787e-09
1.995310858327020e-01,1.183141715593036e-09
1.997440780250940e-01,1.182898402372167e-09
1.999570702174860e-01,1.182655395052141e-09
2.001700624098780e-01,1.182412692925915e-09
2.003830546022700e-01,1.182170295286446e-09
2.005960467946620e-01,1.181928201426694e-09
2.008090389870540e-01,1.181686410639616e-09
2.010220311794460e-01,1.181444922218170e-09
2.012350233718370e-01,1.181203735455315e-09
2.014480155642290e-01,1.180962849644008e-09
2.016610077566210e-01,1.180722264082570e-09
2.018739999490130e-01,1.180481978090772e-09
2.020869921414050e-01,1.180241990993746e-09
2.022999843337970e-01,1.180002302116625e-09
2.025129765261890e-01,1.179762910784540e-09
2.027259687185810e-01,1.179523816322623e-09
2.029389609109720e-01,1.179285018056007e-09
2.031519531033640e-01,1.179046515309822e-09
2.033649452957560e-01,1.178808307409201e-09
2.035779374881480e-01,1.178570393679276e-09
2.037909296805400e-01,1.178332773441398e-09
2.040039218729320e-01,1.178095446001810e-09
2.042169140653240e-01,1.177858410662976e-09
2.044299062577150e-01,1.177621666727364e-09
2.046428984501070e-01,1.177385213497436e-09
2.048558906424990e-01,1.177149050275659e-09
2.050688828348910e-01,1.176913176364499e-09
2.052818750272830e-01,1.176677591066421e-09
2.054948672196750e-01,1.176442293683891e-09
2.057078594120670e-01,1.176207283519374e-09
2.059208516044590e-01,1.175972559896418e-09
2.061338437968500e-01,1.175738122222946e-09
2.063468359892420e-01,1.175503969927986e-09
2.065598281816340e-01,1.175270102440569e-09
2.067728203740260e-01,1.175036519189724e-09
2.069858125664180e-01,1.174803219604479e-09
2.071988047588100e-01,1.174570203113865e-09
2.074117969512020e-01,1.174337469146910e-09
2.076247891435940e-01,1.174105017132645e-09
2.078377813359850e-01,1.173872846500098e-09
2.080507735283770e-01,1.173640956652796e-09
2.082637657207690e-01,1.173409346892235e-09
2.084767579131610e-01,1.173178016494394e-09
2.086897501055530e-01,1.172946964735254e-09
2.089027422979450e-01,1.172716190890795e-09
2.091157344903370e-01,1.172485694236995e-09
2.093287266827280e-01,1.172255474049836e-09
2.095417188751200e-01,1.172025529605297e-09
2.097547110675120e-01,1.171795860179356e-09
2.099677032599040e-01,1.171566465047996e-09
2.101806954522960e-01,1.171337343576806e-09
2.103936876446880e-01,1.171108495489807e-09
2.106066798370800e-01,1.170879920600623e-09
2.108196720294720e-01,1.170651618722876e-09
2.110326642218630e-01,1.170423589670192e-09
2.112456564142550e-01,1.170195833256190e-09
2.114586486066470e-01,1.169968349294496e-09
2.116716407990390e-01,1.169741137598733e-09
2.118846329914310e-01,1.169514197982525e-09
2.120976251838230e-01,1.169287530259494e-09
2.123106173762150e-01,1.169061133902536e-09
2.125236095686060e-01,1.168835007022115e-09
2.127366017609980e-01,1.168609147388208e-09
2.129495939533900e-01,1.168383552770793e-09
2.131625861457820e-01,1.168158220939848e-09
2.133755783381740e-01,1.167933149665350e-09
2.135885705305660e-01,1.167708336717277e-09
2.138015627229580e-01,1.167483779865606e-09
2.140145549153500e-01,1.167259476880316e-09
2.142275471077410e-01,1.167035425531383e-09
2.144405393001330e-01,1.166811624914424e-09
2.146535314925250e-01,1.166588079424097e-09
2.148665236849170e-01,1.166364794778939e-09
2.150795158773090e-01,1.166141776697487e-09
2.152925080697010e-01,1.165919030898282e-09
2.155055002620930e-01,1.165696563099860e-09
2.157184924544850e-01,1.165474379020760e-09
2.159314846468760e-01,1.165252484379520e-09
2.161444768392680e-01,1.165030884894678e-09
2.163574690316600e-01,1.164809586284771e-09
2.165704612240520e-01,1.164588589277962e-09
2.167834534164440e-01,1.164367874632195e-09
2.169964456088360e-01,1.164147418110686e-09
2.172094378012280e-01,1.163927195476647e-09
2.174224299936190e-01,1.163707182493294e-09
2.176354221860110e-01,1.163487354923837e-09
2.178484143784030e-01,1.163267688531493e-09
2.180614065707950e-01,1.163048159079473e-09
2.182743987631870e-01,1.162828742330992e-09
2.184873909555790e-01,1.162609414049265e-09
2.187003831479710e-01,1.162390168739886e-09
2.189133753403630e-01,1.162171075887529e-09
2.191263675327540e-01,1.161952223724029e-09
2.193393597251460e-01,1.161733700481215e-09
2.195523519175380e-01,1.161515594390921e-09
2.197653441099300e-01,1.161297993684978e-09
2.199783363023220e-01,1.161080986595219e-09
2.201913284947140e-01,1.160864661353477e-09
2.204043206871060e-01,1.160649106191583e-09
2.206173128794970e-01,1.160434409341370e-09
2.208303050718890e-01,1.160220588989489e-09
2.210432972642810e-01,1.160007383192687e-09
2.212562894566730e-01,1.159794459987942e-09
2.214692816490650e-01,1.159581487412229e-09
2.216822738414570e-01,1.159368133502526e-09
2.218952660338490e-01,1.159154066295808e-09
2.221082582262410e-01,1.158938953829051e-09
2.223212504186320e-01,1.158722464139234e-09
2.225342426110240e-01,1.158504265263329e-09
2.227472348034160e-01,1.158284025238315e-09
2.229602269958080e-01,1.158061673643931e-09
2.231732191882000e-01,1.157838185718254e-09
2.233862113805920e-01,1.157614797985833e-09
2.235992035729840e-01,1.157392746971213e-09
2.238121957653760e-01,1.157173269198941e-09
2.240251879577670e-01,1.156957601193565e-09
2.242381801501590e-01,1.156746979479631e-09
2.244511723425510e-01,1.156542640581685e-09
2.246641645349430e-01,1.156345821024274e-09
2.248771567273350e-01,1.156157757331946e-09
2.250901489197270e-01,1.155978710971123e-09
2.253031411121190e-01,1.155805040797834e-09
2.255161333045100e-01,1.155632129420670e-09
2.257291254969020e-01,1.155455359448220e-09
2.259421176892940e-01,1.155270113489075e-09
2.261551098816860e-01,1.155071774151826e-09
2.263681020740780e-01,1.154855724045063e-09
2.265810942664700e-01,1.154617345777377e-09
2.267940864588620e-01,1.154352021957360e-09
2.270070786512540e-01,1.154055135193600e-09
2.272200708436450e-01,1.153725708251220e-09
2.274330630360370e-01,1.153377328900459e-09
2.276460552284290e-01,1.153027227257917e-09
2.278590474208210e-01,1.152692633440197e-09
2.280720396132130e-01,1.152390777563900e-09
2.282850318056050e-01,1.152138889745626e-09
2.284980239979970e-01,1.151954200101978e-09
2.287110161903880e-01,1.151853938749556e-09
2.289240083827800e-01,1.151855335804961e-09
2.291370005751720e-01,1.151975621384794e-09
2.293499927675640e-01,1.152224665871743e-09
2.295629849599560e-01,1.152582900951329e-09
2.297759771523480e-01,1.153023398694404e-09
2.299889693447400e-01,1.153519231171822e-09
2.302019615371320e-01,1.154043470454436e-09
2.304149537295230e-01,1.154569188613097e-09
2.306279459219150e-01,1.155069457718663e-09
2.308409381143070e-01,1.155517349841984e-09
2.310539303066990e-01,1.155885937053913e-09
2.312669224990910e-01,1.156148291425304e-09
2.314799146914830e-01,1.156284794478591e-09
2.316929068838750e-01,1.156305056278538e-09
2.319058990762670e-01,1.156225991710226e-09
2.321188912686580e-01,1.156064515658737e-09
2.323318834610500e-01,1.155837543009147e-09
2.325448756534420e-01,1.155561988646539e-09
2.327578678458340e-01,1.155254767455992e-09
2.329708600382260e-01,1.154932794322587e-09
2.331838522306180e-01,1.154612984131403e-09
2.333968444230100e-01,1.154312251767522e-09
2.336098366154010e-01,1.154043935273879e-09
2.338228288077930e-01,1.153807074274140e-09
2.340358210001850e-01,1.153597136023082e-09
2.342488131925770e-01,1.153409587775483e-09
2.344618053849690e-01,1.153239896786119e-09
2.346747975773610e-01,1.153083530309767e-09
2.348877897697530e-01,1.152935955601205e-09
2.351007819621450e-01,1.152792639915208e-09
2.353137741545360e-01,1.152649050506556e-09
2.355267663469280e-01,1.152500654630022e-09
2.357397585393200e-01,1.152343876894622e-09
2.359527507317120e-01,1.152178973141905e-09
2.361657429241040e-01,1.152007157475668e-09
2.363787351164960e-01,1.151829643999707e-09
2.365917273088880e-01,1.151647646817819e-09
2.368047195012800e-01,1.151462380033801e-09
2.370177116936710e-01,1.151275057751449e-09
2.372307038860630e-01,1.151086894074560e-09
2.374436960784550e-01,1.150899103106930e-09
2.376566882708470e-01,1.150712898952355e-09
2.378696804632390e-01,1.150529239104503e-09
2.380826726556310e-01,1.150348054446927e-09
2.382956648480230e-01,1.150169019168252e-09
2.385086570404140e-01,1.149991807457101e-09
2.387216492328060e-01,1.149816093502096e-09
2.389346414251980e-01,1.149641551491862e-09
2.391476336175900e-01,1.149467855615021e-09
2.393606258099820e-01,1.149294680060199e-09
2.395736180023740e-01,1.149121699016017e-09
2.397866101947660e-01,1.148948586671099e-09
2.399996023871580e-01,1.148775085945066e-09
2.402125945795490e-01,1.148601214642049e-09
2.404255867719410e-01,1.148427059277441e-09
2.406385789643330e-01,1.148252706366634e-09
2.408515711567250e-01,1.148078242425020e-09
2.410645633491170e-01,1.147903753967993e-09
2.412775555415090e-01,1.147729327510945e-09
2.414905477339010e-01,1.147555049569268e-09
2.417035399262920e-01,1.147381006658357e-09
2.419165321186840e-01,1.147207285293601e-09
2.421295243110760e-01,1.147033953622706e-09
2.423425165034680e-01,1.146861006355860e-09
2.425555086958600e-01,1.146688419852170e-09
2.427685008882520e-01,1.146516170470748e-09
2.429814930806440e-01,1.146344234570703e-09
2.431944852730360e-01,1.146172588511144e-09
2.434074774654270e-01,1.146001208651183e-09
2.436204696578190e-01,1.145830071349927e-09
2.438334618502110e-01,1.145659152966487e-09
2.440464540426030e-01,1.145488429859973e-09
2.442594462349950e-01,1.145317883289975e-09
2.444724384273870e-01,1.145147514130706e-09
2.446854306197790e-01,1.144977328163205e-09
2.448984228121710e-01,1.144807331168513e-09
2.451114150045620e-01,1.144637528927672e-09
2.453244071969540e-01,1.144467927221721e-09
2.455373993893460e-01,1.144298531831701e-09
2.457503915817380e-01,1.144129348538654e-09
2.459633837741300e-01,1.143960383123619e-09
2.461763759665220e-01,1.143791641367638e-09
2.463893681589140e-01,1.143623127739352e-09
2.466023603513050e-01,1.143454841456033e-09
2.468153525436970e-01,1.143286780421661e-09
2.470283447360890e-01,1.143118942540220e-09
2.472413369284810e-01,1.142951325715693e-09
2.474543291208730e-01,1.142783927852061e-09
2.476673213132650e-01,1.142616746853308e-09
2.478803135056570e-01,1.142449780623416e-09
2.480933056980490e-01,1.142283027066367e-09
2.483062978904400e-01,1.142116484086146e-09
2.485192900828320e-01,1.141950149949252e-09
2.487322822752240e-01,1.141784024372311e-09
2.489452744676160e-01,1.141618107434488e-09
2.491582666600080e-01,1.141452399214949e-09
2.493712588524000e-01,1.141286899792859e-09
2.495842510447920e-01,1.141121609247383e-09
2.497972432371830e-01,1.140956527657689e-09
2.500102354295750e-01,1.140791655102939e-09
2.502232276219670e-01,1.140626991662300e-09
2.504362198143590e-01,1.140462537414939e-09
2.506492120067510e-01,1.140298292338554e-09
2.508622041991430e-01,1.140134256005101e-09
2.510751963915350e-01,1.139970427885126e-09
2.512881885839270e-01,1.139806807449176e-09
2.515011807763180e-01,1.139643394167798e-09
2.517141729687100e-01,1.139480187511537e-09
2.519271651611020e-01,1.139317186950939e-09
2.521401573534940e-01,1.139154391956551e-09
2.523531495458860e-01,1.138991801998920e-09
2.525661417382780e-01,1.138829416548592e-09
2.527791339306700e-01,1.138667235101850e-09
2.529921261230620e-01,1.138505257257869e-09
2.532051183154530e-01,1.138343482641527e-09
2.534181105078450e-01,1.138181910877705e-09
2.536311027002370e-01,1.138020541591283e-09
2.538440948926290e-01,1.137859374407140e-09
2.540570870850210e-01,1.137698408950158e-09
2.542700792774130e-01,1.137537644845216e-09
2.544830714698050e-01,1.137377081717195e-09
2.546960636621960e-01,1.137216719190975e-09
2.549090558545880e-01,1.137056556894968e-09
2.551220480469800e-01,1.136896594471732e-09
2.553350402393720e-01,1.136736831567360e-09
2.555480324317640e-01,1.136577267827945e-09
2.557610246241560e-01,1.136417902899582e-09
2.559740168165480e-01,1.136258736428364e-09
2.561870090089400e-01,1.136099768060384e-09
2.564000012013310e-01,1.135940997441736e-09
2.566129933937230e-01,1.135782424218514e-09
2.568259855861150e-01,1.135624048036811e-09
2.570389777785070e-01,1.135465868537098e-09
2.572519699708990e-01,1.135307885337355e-09
2.574649621632910e-01,1.135150098049935e-09
2.576779543556830e-01,1.134992506287193e-09
2.578909465480740e-01,1.134835109661484e-09
2.581039387404660e-01,1.134677907785160e-09
2.583169309328580e-01,1.134520900270578e-09
2.585299231252500e-01,1.134364086730090e-09
2.587429153176420e-01,1.134207466776051e-09
2.589559075100340e-01,1.134051040020816e-09
2.591688997024260e-01,1.133894806086835e-09
2.593818918948180e-01,1.133738764636939e-09
2.595948840872090e-01,1.133582915344054e-09
2.598078762796010e-01,1.133427257881103e-09
2.600208684719930e-01,1.133271791921013e-09
2.602338606643850e-01,1.133116517136708e-09
2.604468528567770e-01,1.132961433201114e-09
2.606598450491690e-01,1.132806539787156e-09
2.608728372415610e-01,1.132651836567758e-09
2.610858294339530e-01,1.132497323215847e-09
2.612988216263440e-01,1.132342999396967e-09
2.615118138187360e-01,1.132188864747157e-09
2.617248060111280e-01,1.132034918895083e-09
2.619377982035200e-01,1.131881161469409e-09
2.621507903959120e-01,1.131727592098801e-09
2.623637825883040e-01,1.131574210411924e-09
2.625767747806960e-01,1.131421016037444e-09
2.627897669730870e-01,1.131268008604026e-09
2.630027591654790e-01,1.131115187740335e-09
2.632157513578710e-01,1.130962553075035e-09
2.634287435502630e-01,1.130810104242824e-09
2.636417357426550e-01,1.130657840902533e-09
2.638547279350470e-01,1.130505762719037e-09
2.640677201274390e-01,1.130353869357206e-09
2.642807123198310e-01,1.130202160481913e-09
2.644937045122220e-01,1.130050635758032e-09
2.647066967046140e-01,1.129899294850432e-09
2.649196888970060e-01,1.129748137423987e-09
2.651326810893980e-01,1.129597163143570e-09
2.653456732817900e-01,1.129446371674052e-09
2.655586654741820e-01,1.129295762682513e-09
2.657716576665740e-01,1.129145335844873e-09
2.659846498589660e-01,1.128995090839259e-09
2.661976420513570e-01,1.128845027343801e-09
2.664106342437490e-01,1.128695145036624e-09
2.666236264361410e-01,1.128545443595858e-09
2.668366186285330e-01,1.128395922699630e-09
2.670496108209250e-01,1.128246582026070e-09
2.672626030133170e-01,1.128097421253304e-09
2.674755952057090e-01,1.127948440059462e-09
2.676885873981000e-01,1.127799638120076e-09
2.679015795904920e-01,1.127651015100287e-09
2.681145717828840e-01,1.127502570662646e-09
2.683275639752760e-01,1.127354304469700e-09
2.685405561676680e-01,1.127206216183997e-09
2.687535483600600e-01,1.127058305468083e-09
2.689665405524520e-01,1.126910571984508e-09
2.691795327448440e-01,1.126763015395818e-09
2.693925249372350e-01,1.126615635364561e-09
2.696055171296270e-01,1.126468431553285e-09
2.698185093220190e-01,1.126321403618757e-09
2.700315015144110e-01,1.126174551194626e-09
2.702444937068030e-01,1.126027873908766e-09
2.704574858991950e-01,1.125881371389046e-09
2.706704780915870e-01,1.125735043263340e-09
2.708834702839780e-01,1.125588889159520e-09
2.710964624763700e-01,1.125442908705457e-09
2.713094546687620e-01,1.125297101529023e-09
2.715224468611540e-01,1.125151467258089e-09
2.717354390535460e-01,1.125006005520529e-09
2.719484312459380e-01,1.124860716005259e-09
2.721614234383300e-01,1.124715598645245e-09
2.723744156307220e-01,1.124570653434429e-09
2.725874078231130e-01,1.124425880366756e-09
2.728004000155050e-01,1.124281279436169e-09
2.730133922078970e-01,1.124136850636611e-09
2.732263844002890e-01,1.123992593962025e-09
2.734393765926810e-01,1.123848509406356e-09
2.736523687850730e-01,1.123704596963547e-09
2.738653609774650e-01,1.123560856627540e-09
2.740783531698570e-01,1.123417288138370e-09
2.742913453622480e-01,1.123273890219869e-09
2.745043375546400e-01,1.123130661341680e-09
2.747173297470320e-01,1.122987599973446e-09
2.749303219394240e-01,1.122844704584810e-09
2.751433141318160e-01,1.122701973645417e-09
2.753563063242080e-01,1.122559405624908e-09
2.755692985166000e-01,1.122416998992927e-09
2.757822907089910e-01,1.122274752219119e-09
2.759952829013830e-01,1.122132663773124e-09
2.762082750937750e-01,1.121990733192755e-09
2.764212672861670e-01,1.121848964289522e-09
2.766342594785590e-01,1.121707361943618e-09
2.768472516709510e-01,1.121565931035238e-09
2.770602438633430e-01,1.121424676444575e-09
2.772732360557350e-01,1.121283603051821e-09
2.774862282481260e-01,1.121142715737171e-09
2.776992204405180e-01,1.121002019380817e-09
2.779122126329100e-01,1.120861518862953e-09
2.781252048253020e-01,1.120721219063772e-09
2.783381970176940e-01,1.120581120623132e-09
2.785511892100860e-01,1.120441207220705e-09
