7.791356504680618e-06,4.765144137794137e-09
8.610780621332552e-06,4.701754464159963e-09
9.516384324626089e-06,4.639011666912387e-09
1.051723120080771e-05,4.576907387831094e-09
1.162333806181051e-05,4.515436105984773e-09
1.284577519687474e-05,4.454594662809880e-09
1.419677716772344e-05,4.394380206785573e-09
1.568986525616830e-05,4.334787490188071e-09
1.733998278964274e-05,4.275807998469470e-09
1.916364469904539e-05,4.217432696117182e-09
2.117910280571951e-05,4.159655968044493e-09
2.340652849181556e-05,4.102474839312926e-09
2.586821458226360e-05,4.045883796438314e-09
2.858879845885812e-05,3.989875446162485e-09
3.159550863945590e-05,3.934446003411239e-09
3.491843729013453e-05,3.879591266831763e-09
3.859084139770492e-05,3.825305564529570e-09
4.264947561681323e-05,3.771585811133237e-09
4.713496012287843e-05,3.718427187820916e-09
5.209218715246060e-05,3.665826565913196e-09
5.757077029985334e-05,3.613780067614165e-09
6.362554106661115e-05,3.562284469835488e-09
7.031709763364645e-05,3.511336707684072e-09
7.771241134819200e-05,3.460933769782203e-09
8.588549699555374e-05,3.411072820711860e-09
9.491815356395940e-05,3.361751163758742e-09
1.049007829163263e-04,3.312966208360241e-09
1.159332945624905e-04,3.264715429876923e-09
1.281261055871622e-04,3.216996344660407e-09
1.416012457412214e-04,3.169806364331323e-09
1.564935787564811e-04,3.123141506106954e-09
1.729521521072439e-04,3.076997260209958e-09
1.911416887275217e-04,3.031369108008739e-09
2.112442356135248e-04,2.986252520069662e-09
2.334609858111876e-04,2.941642953360121e-09
2.580142920237960e-04,2.897535870242796e-09
2.851498919925769e-04,2.853926735815516e-09
3.151393679226079e-04,2.810811024542769e-09
3.482828645688079e-04,2.768184226311832e-09
3.849120931855259e-04,2.726041861320185e-09
4.253936514042669e-04,2.684379471278419e-09
4.701326922660057e-04,2.643192635697507e-09
5.195769791289974e-04,2.602477000920632e-09
5.742213670349657e-04,2.562228248161660e-09
6.346127553846864e-04,2.522442141953256e-09
7.013555614910102e-04,2.483114532638936e-09
7.751177697904812e-04,2.444241378240501e-09
8.566376172560946e-04,2.405818751924611e-09
9.467309819210534e-04,2.367842877998350e-09
1.046299548460350e-03,2.330310146612513e-09
1.156339832554060e-03,2.293217130126706e-09
1.277953154351212e-03,2.256383360512658e-09
1.405748469786333e-03,2.221677861782680e-09
1.533543785221454e-03,2.190498705132258e-09
1.661339100656575e-03,2.162263022482042e-09
1.789134416091696e-03,2.136387945752682e-09
1.916929731526817e-03,2.112369542689989e-09
2.000000000000000e-03,2.097658566291935e-09
2.044725046961939e-03,2.090019151869768e-09
2.172520362397060e-03,2.069201983590285e-09
2.300315677832181e-03,2.049746086314027e-09
2.428110993267302e-03,2.031476500938141e-09
2.555906308702423e-03,2.014234528430344e-09
2.683701624137544e-03,1.997926510050905e-09
2.811496939572665e-03,1.982475047135801e-09
2.939292255007787e-03,1.967802741021008e-09
3.067087570442908e-03,1.953832193042505e-09
3.194882885878029e-03,1.940492135194992e-09
3.322678201313150e-03,1.927735822355354e-09
3.450473516748271e-03,1.915522640182842e-09
3.578268832183392e-03,1.903811974336707e-09
3.706064147618514e-03,1.892563210476200e-09
3.833859463053635e-03,1.881738524044834e-09
3.961654778488756e-03,1.871311249584483e-09
4.089450093923877e-03,1.861257511401949e-09
4.217245409358998e-03,1.851553433804032e-09
4.345040724794119e-03,1.842175141097534e-09
4.472836040229241e-03,1.833100217027823e-09
4.600631355664362e-03,1.824312083132263e-09
4.728426671099482e-03,1.815795620405642e-09
4.856221986534604e-03,1.807535709842747e-09
4.984017301969726e-03,1.799517232438370e-09
5.111812617404846e-03,1.791725897030894e-09
5.239607932839968e-03,1.784150723809616e-09
5.367403248275089e-03,1.776781560795695e-09
5.495198563710209e-03,1.769608256010286e-09
5.622993879145331e-03,1.762620657474547e-09
5.750789194580453e-03,1.755809115881876e-09
5.878584510015573e-03,1.749165992620350e-09
6.006379825450694e-03,1.742684151753137e-09
6.134175140885816e-03,1.736356457343408e-09
6.261970456320937e-03,1.730175773454332e-09
6.389765771756058e-03,1.724135288384784e-09
6.517561087191179e-03,1.718229487362559e-09
6.645356402626300e-03,1.712453179844212e-09
6.773151718061422e-03,1.706801175286295e-09
6.900947033496543e-03,1.701268283145364e-09
7.028742348931663e-03,1.695849529366731e-09
7.156537664366785e-03,1.690540805850069e-09
7.284332979801906e-03,1.685338220983471e-09
7.412128295237027e-03,1.680237883155029e-09
7.539923610672148e-03,1.675235900752837e-09
7.667718926107269e-03,1.670328532625537e-09
7.795514241542391e-03,1.665512639469483e-09
7.923309556977513e-03,1.660785232444331e-09
8.051104872412632e-03,1.656143322709735e-09
8.178900187847754e-03,1.651583921425351e-09
8.306695503282877e-03,1.647104147037321e-09
8.434490818717996e-03,1.642701547135852e-09
8.562286134153118e-03,1.638373776596689e-09
8.690081449588239e-03,1.634118490295580e-09
8.817876765023359e-03,1.629933343108271e-09
8.945672080458482e-03,1.625816071336423e-09
9.073467395893601e-03,1.621764736987152e-09
9.201262711328723e-03,1.617777483494385e-09
9.329058026763846e-03,1.613852454292050e-09
9.456853342198965e-03,1.609987792814076e-09
9.584648657634087e-03,1.606181691570722e-09
9.712443973069206e-03,1.602432539376004e-09
9.840239288504329e-03,1.598738774119480e-09
9.968034603939451e-03,1.595098833690710e-09
1.009582991937457e-02,1.591511155979253e-09
1.022362523480969e-02,1.587974248798335e-09
1.035142055024482e-02,1.584486899656379e-09
1.047921586567993e-02,1.581047965985742e-09
1.060701118111506e-02,1.577656305218777e-09
1.073480649655018e-02,1.574310774787841e-09
1.086260181198530e-02,1.571010232125288e-09
1.099039712742042e-02,1.567753534663475e-09
1.111819244285554e-02,1.564539539834756e-09
1.124598775829066e-02,1.561367105071486e-09
1.137378307372578e-02,1.558235087806021e-09
1.150157838916090e-02,1.555142404630564e-09
1.162937370459603e-02,1.552088208759632e-09
1.175716902003114e-02,1.549071712559053e-09
1.188496433546627e-02,1.546092128394654e-09
1.201275965090139e-02,1.543148668632265e-09
1.214055496633651e-02,1.540240545637714e-09
1.226835028177163e-02,1.537366971776827e-09
1.239614559720675e-02,1.534527159415434e-09
1.252394091264187e-02,1.531720320919362e-09
1.265173622807700e-02,1.528945668654439e-09
1.277953154351211e-02,1.526202449617026e-09
1.290732685894724e-02,1.523490049337879e-09
1.303512217438236e-02,1.520807887984421e-09
1.316291748981748e-02,1.518155385724073e-09
1.329071280525260e-02,1.515531962724257e-09
1.341850812068772e-02,1.512937039152395e-09
1.354630343612284e-02,1.510370035175910e-09
1.367409875155796e-02,1.507830370962224e-09
1.380189406699308e-02,1.505317466678758e-09
1.392968938242821e-02,1.502830742492934e-09
1.405748469786333e-02,1.500369642831691e-09
1.418528001329845e-02,1.497933709161436e-09
1.431307532873357e-02,1.495522507208792e-09
1.444087064416869e-02,1.493135602700387e-09
1.456866595960381e-02,1.490772561362847e-09
1.469646127503893e-02,1.488432948922796e-09
1.482425659047405e-02,1.486116331106860e-09
1.495205190590917e-02,1.483822273641666e-09
1.507984722134430e-02,1.481550342253838e-09
1.520764253677942e-02,1.479300102670003e-09
1.533543785221454e-02,1.477071137251533e-09
1.546323316764966e-02,1.474863094894833e-09
1.559102848308478e-02,1.472675641129072e-09
1.571882379851990e-02,1.470508441483420e-09
1.584661911395502e-02,1.468361161487046e-09
1.597441442939014e-02,1.466233466669121e-09
1.610220974482527e-02,1.464125022558815e-09
1.623000506026039e-02,1.462035494685297e-09
1.635780037569551e-02,1.459964548577738e-09
1.648559569113063e-02,1.457911849765306e-09
1.661339100656575e-02,1.455877075769023e-09
1.674118632200087e-02,1.453859952082156e-09
1.686898163743599e-02,1.451860216192251e-09
1.699677695287111e-02,1.449877605586854e-09
1.712457226830624e-02,1.447911857753509e-09
1.725236758374135e-02,1.445962710179762e-09
1.738016289917648e-02,1.444029900353158e-09
1.750795821461160e-02,1.442113165761242e-09
1.763575353004672e-02,1.440212243891559e-09
1.776354884548184e-02,1.438326872231654e-09
1.789134416091696e-02,1.436456797064230e-09
1.801913947635208e-02,1.434601799853567e-09
1.814693479178720e-02,1.432761670859579e-09
1.827473010722232e-02,1.430936200342182e-09
1.840252542265745e-02,1.429125178561288e-09
1.853032073809257e-02,1.427328395776813e-09
1.865811605352769e-02,1.425545642248672e-09
1.878591136896281e-02,1.423776708236778e-09
1.891370668439793e-02,1.422021384001046e-09
1.904150199983305e-02,1.420279459801390e-09
1.916929731526817e-02,1.418550732513422e-09
1.929709263070329e-02,1.416835025474301e-09
1.942488794613842e-02,1.415132168636264e-09
1.955268326157353e-02,1.413441991951544e-09
1.968047857700866e-02,1.411764325372379e-09
1.980827389244378e-02,1.410098998851003e-09
1.993606920787890e-02,1.408445842339652e-09
2.006386452331402e-02,1.406804685790562e-09
2.019165983874914e-02,1.405175359155967e-09
2.031945515418426e-02,1.403557692388105e-09
2.044725046961939e-02,1.401951520487169e-09
2.057504578505450e-02,1.400356698647486e-09
2.070284110048963e-02,1.398773087112491e-09
2.083063641592475e-02,1.397200546125618e-09
2.095843173135987e-02,1.395638935930303e-09
2.108622704679499e-02,1.394088116769980e-09
2.121402236223011e-02,1.392547948888083e-09
2.134181767766523e-02,1.391018292528047e-09
2.146961299310035e-02,1.389499007933307e-09
2.159740830853547e-02,1.387989955347298e-09
2.172520362397060e-02,1.386490998950276e-09
2.185299893940572e-02,1.385002018670416e-09
2.198079425484084e-02,1.383522898373028e-09
2.210858957027596e-02,1.382053521923423e-09
2.223638488571108e-02,1.380593773186908e-09
2.236418020114620e-02,1.379143536028795e-09
2.249197551658132e-02,1.377702694314393e-09
2.261977083201644e-02,1.376271131909012e-09
2.274756614745157e-02,1.374848732677962e-09
2.287536146288669e-02,1.373435380486552e-09
2.300315677832181e-02,1.372030962297911e-09
2.313095209375693e-02,1.370635377466022e-09
2.325874740919205e-02,1.369248528442470e-09
2.338654272462717e-02,1.367870317678843e-09
2.351433804006229e-02,1.366500647626729e-09
2.364213335549741e-02,1.365139420737714e-09
2.376992867093253e-02,1.363786539463387e-09
2.389772398636766e-02,1.362441906255335e-09
2.402551930180278e-02,1.361105423565145e-09
2.415331461723790e-02,1.359776993844404e-09
2.428110993267302e-02,1.358456522024420e-09
2.440890524810814e-02,1.357143922954303e-09
2.453670056354326e-02,1.355839113962344e-09
2.466449587897838e-02,1.354542012376835e-09
2.479229119441350e-02,1.353252535526070e-09
2.492008650984863e-02,1.351970600738340e-09
2.504788182528375e-02,1.350696125341938e-09
2.517567714071887e-02,1.349429026665155e-09
2.530347245615399e-02,1.348169222036284e-09
2.543126777158911e-02,1.346916628783616e-09
2.555906308702423e-02,1.345671166237767e-09
2.568685840245935e-02,1.344432761739057e-09
2.581465371789447e-02,1.343201344630340e-09
2.594244903332960e-02,1.341976844254467e-09
2.607024434876471e-02,1.340759189954292e-09
2.619803966419984e-02,1.339548311072668e-09
2.632583497963496e-02,1.338344136952448e-09
2.645363029507008e-02,1.337146596936484e-09
2.658142561050520e-02,1.335955620367629e-09
2.670922092594032e-02,1.334771136588736e-09
2.683701624137544e-02,1.333593076580749e-09
2.696481155681056e-02,1.332421377876828e-09
2.709260687224568e-02,1.331255979648153e-09
2.722040218768081e-02,1.330096821065906e-09
2.734819750311593e-02,1.328943841301266e-09
2.747599281855105e-02,1.327796979525415e-09
2.760378813398617e-02,1.326656174909531e-09
2.773158344942129e-02,1.325521366624796e-09
2.785937876485641e-02,1.324392493842390e-09
2.798717408029153e-02,1.323269495733493e-09
2.811496939572665e-02,1.322152312820312e-09
2.824276471116178e-02,1.321040891028642e-09
2.837056002659689e-02,1.319935177635046e-09
2.849835534203202e-02,1.318835119916086e-09
2.862615065746714e-02,1.317740665148326e-09
2.875394597290226e-02,1.316651760608328e-09
2.888174128833738e-02,1.315568353572655e-09
2.900953660377250e-02,1.314490391317869e-09
2.913733191920762e-02,1.313417821120533e-09
2.926512723464274e-02,1.312350590257210e-09
2.939292255007787e-02,1.311288647125364e-09
2.952071786551299e-02,1.310231944606360e-09
2.964851318094811e-02,1.309180436702606e-09
2.977630849638323e-02,1.308134077416514e-09
2.990410381181835e-02,1.307092820750494e-09
3.003189912725347e-02,1.306056620706957e-09
3.015969444268859e-02,1.305025431288313e-09
3.028748975812371e-02,1.303999206496972e-09
3.041528507355883e-02,1.302977900335346e-09
3.054308038899396e-02,1.301961466805844e-09
3.067087570442908e-02,1.300949860850852e-09
3.079867101986420e-02,1.299943041172621e-09
3.092646633529932e-02,1.298940967413359e-09
3.105426165073444e-02,1.297943599215274e-09
3.118205696616956e-02,1.296950896220574e-09
3.130985228160468e-02,1.295962818071468e-09
3.143764759703981e-02,1.294979324410164e-09
3.156544291247493e-02,1.294000374878871e-09
3.169323822791005e-02,1.293025929119796e-09
3.182103354334517e-02,1.292055946775148e-09
3.194882885878029e-02,1.291090388281180e-09
3.207662417421541e-02,1.290129217250061e-09
3.220441948965053e-02,1.289172398087870e-09
3.233221480508566e-02,1.288219895200690e-09
3.246001012052077e-02,1.287271672994601e-09
3.258780543595589e-02,1.286327695875684e-09
3.271560075139102e-02,1.285387928250019e-09
3.284339606682614e-02,1.284452334523688e-09
3.297119138226126e-02,1.283520879102772e-09
3.309898669769638e-02,1.282593526393351e-09
3.322678201313150e-02,1.281670241476523e-09
3.335457732856662e-02,1.280750992133665e-09
3.348237264400174e-02,1.279835746821273e-09
3.361016795943687e-02,1.278924473995845e-09
3.373796327487198e-02,1.278017142113879e-09
3.386575859030710e-02,1.277113719631872e-09
3.399355390574223e-02,1.276214175006321e-09
3.412134922117735e-02,1.275318476693723e-09
3.424914453661247e-02,1.274426593150577e-09
3.437693985204759e-02,1.273538492833380e-09
3.450473516748271e-02,1.272654144775594e-09
3.463253048291783e-02,1.271773520318553e-09
3.476032579835295e-02,1.270896591380559e-09
3.488812111378808e-02,1.270023329879915e-09
3.501591642922319e-02,1.269153707734925e-09
3.514371174465832e-02,1.268287696863890e-09
3.527150706009344e-02,1.267425269185113e-09
3.539930237552856e-02,1.266566396616897e-09
3.552709769096368e-02,1.265711051077546e-09
3.565489300639881e-02,1.264859204485360e-09
3.578268832183392e-02,1.264010829254867e-09
3.591048363726904e-02,1.263165899785342e-09
3.603827895270417e-02,1.262324390972213e-09
3.616607426813929e-02,1.261486277710910e-09
3.629386958357441e-02,1.260651534896861e-09
3.642166489900953e-02,1.259820137425495e-09
3.654946021444465e-02,1.258992060192241e-09
3.667725552987977e-02,1.258167278092526e-09
3.680505084531489e-02,1.257345766021781e-09
3.693284616075002e-02,1.256527498875433e-09
3.706064147618514e-02,1.255712451979026e-09
3.718843679162025e-02,1.254900602378709e-09
3.731623210705538e-02,1.254091927550824e-09
3.744402742249050e-02,1.253286404971715e-09
3.757182273792562e-02,1.252484012117722e-09
3.769961805336074e-02,1.251684726465187e-09
3.782741336879586e-02,1.250888525490452e-09
3.795520868423098e-02,1.250095386669860e-09
3.808300399966610e-02,1.249305287479751e-09
3.821079931510123e-02,1.248518205396468e-09
3.833859463053635e-02,1.247734118268134e-09
3.846638994597146e-02,1.246953005430014e-09
3.859418526140659e-02,1.246174846589167e-09
3.872198057684171e-02,1.245399621452652e-09
3.884977589227683e-02,1.244627309727527e-09
3.897757120771195e-02,1.243857891120852e-09
3.910536652314707e-02,1.243091345339684e-09
3.923316183858219e-02,1.242327652091083e-09
3.936095715401731e-02,1.241566791082107e-09
3.948875246945244e-02,1.240808742019815e-09
3.961654778488756e-02,1.240053484938129e-09
3.974434310032268e-02,1.239301001178346e-09
3.987213841575780e-02,1.238551272408593e-09
3.999993373119292e-02,1.237804280296991e-09
4.012772904662804e-02,1.237060006511666e-09
4.025552436206317e-02,1.236318432720741e-09
4.038331967749829e-02,1.235579540592341e-09
4.051111499293340e-02,1.234843311794589e-09
4.063891030836853e-02,1.234109727995609e-09
4.076670562380365e-02,1.233378770863525e-09
4.089450093923877e-02,1.232650422351345e-09
4.102229625467389e-02,1.231924665551721e-09
4.115009157010902e-02,1.231201483842249e-09
4.127788688554413e-02,1.230480860600523e-09
4.140568220097925e-02,1.229762779204138e-09
4.153347751641438e-02,1.229047223030690e-09
4.166127283184950e-02,1.228334175457773e-09
4.178906814728462e-02,1.227623619862982e-09
4.191686346271974e-02,1.226915539623912e-09
4.204465877815486e-02,1.226209918118158e-09
4.217245409358998e-02,1.225506738974845e-09
4.230024940902510e-02,1.224805986829254e-09
4.242804472446023e-02,1.224107646568210e-09
4.255584003989534e-02,1.223411703078538e-09
4.268363535533046e-02,1.222718141247064e-09
4.281143067076559e-02,1.222026945960613e-09
4.293922598620071e-02,1.221338102106011e-09
4.306702130163583e-02,1.220651594570082e-09
4.319481661707095e-02,1.219967408239652e-09
4.332261193250607e-02,1.219285528001547e-09
4.345040724794119e-02,1.218605938964771e-09
4.357820256337631e-02,1.217928627127001e-09
4.370599787881144e-02,1.217253578708075e-09
4.383379319424656e-02,1.216580779927829e-09
4.396158850968167e-02,1.215910217006100e-09
4.408938382511680e-02,1.215241876162724e-09
4.421717914055192e-02,1.214575743617540e-09
4.434497445598704e-02,1.213911805590382e-09
4.447276977142216e-02,1.213250048301089e-09
4.460056508685728e-02,1.212590457969497e-09
4.472836040229240e-02,1.211933021012458e-09
4.485615571772752e-02,1.211277724634983e-09
4.498395103316265e-02,1.210624556239143e-09
4.511174634859777e-02,1.209973503227009e-09
4.523954166403289e-02,1.209324553000653e-09
4.536733697946801e-02,1.208677692962146e-09
4.549513229490313e-02,1.208032910513560e-09
4.562292761033825e-02,1.207390193056965e-09
4.575072292577338e-02,1.206749527994434e-09
4.587851824120850e-02,1.206110902728038e-09
4.600631355664361e-02,1.205474304835372e-09
4.613410887207874e-02,1.204839722596156e-09
4.626190418751386e-02,1.204207144465647e-09
4.638969950294898e-02,1.203576558899105e-09
4.651749481838410e-02,1.202947954351787e-09
4.664529013381922e-02,1.202321319278951e-09
4.677308544925434e-02,1.201696642135854e-09
4.690088076468946e-02,1.201073911377756e-09
4.702867608012459e-02,1.200453115459915e-09
4.715647139555971e-02,1.199834242837587e-09
4.728426671099482e-02,1.199217282122001e-09
4.741206202642995e-02,1.198602222548235e-09
4.753985734186507e-02,1.197989053507328e-09
4.766765265730019e-02,1.197377764390318e-09
4.779544797273531e-02,1.196768344588242e-09
4.792324328817044e-02,1.196160783492140e-09
4.805103860360555e-02,1.195555070493048e-09
4.817883391904067e-02,1.194951194982006e-09
4.830662923447580e-02,1.194349146350050e-09
4.843442454991092e-02,1.193748913988220e-09
4.856221986534604e-02,1.193150487429644e-09
4.869001518078116e-02,1.192553856775757e-09
4.881781049621628e-02,1.191959012270052e-09
4.894560581165140e-02,1.191365944156026e-09
4.907340112708652e-02,1.190774642677173e-09
4.920119644252165e-02,1.190185098076987e-09
4.932899175795677e-02,1.189597300598963e-09
4.945678707339188e-02,1.189011240486598e-09
4.958458238882701e-02,1.188426907983384e-09
4.971237770426213e-02,1.187844293332818e-09
4.984017301969725e-02,1.187263386893692e-09
4.996796833513237e-02,1.186684179486026e-09
5.000000000000000e-02,1.186539267430132e-09
5.009576365056749e-02,1.186106662049176e-09
5.022355896600261e-02,1.185530825557619e-09
5.035135428143774e-02,1.184956661003952e-09
5.047914959687286e-02,1.184384159380919e-09
5.060694491230798e-02,1.183813311681267e-09
5.073474022774310e-02,1.183244108897741e-09
5.086253554317822e-02,1.182676542023088e-09
5.099033085861334e-02,1.182110602050051e-09
5.111812617404846e-02,1.181546280085138e-09
5.124592148948359e-02,1.180983567689876e-09
5.137371680491870e-02,1.180422456539551e-09
5.150151212035382e-02,1.179862938309446e-09
5.162930743578895e-02,1.179305004674846e-09
5.175710275122407e-02,1.178748647311035e-09
5.188489806665919e-02,1.178193857893297e-09
5.201269338209431e-02,1.177640628096917e-09
5.214048869752943e-02,1.177088949597178e-09
5.226828401296455e-02,1.176538814069364e-09
5.239607932839967e-02,1.175990213289632e-09
5.252387464383480e-02,1.175443139437579e-09
5.265166995926992e-02,1.174897584793658e-09
5.277946527470503e-02,1.174353541638320e-09
5.290726059014016e-02,1.173811002252017e-09
5.303505590557528e-02,1.173269958915200e-09
5.316285122101040e-02,1.172730403908321e-09
5.329064653644552e-02,1.172192329511830e-09
5.341844185188065e-02,1.171655728006180e-09
5.354623716731576e-02,1.171120591671821e-09
5.367403248275088e-02,1.170586912882662e-09
5.380182779818601e-02,1.170054684386455e-09
5.392962311362113e-02,1.169523899024423e-09
5.405741842905625e-02,1.168994549637787e-09
5.418521374449137e-02,1.168466629067769e-09
5.431300905992649e-02,1.167940130155591e-09
5.444080437536161e-02,1.167415045742474e-09
5.456859969079673e-02,1.166891368669641e-09
5.469639500623186e-02,1.166369091778313e-09
5.482419032166697e-02,1.165848207909712e-09
5.495198563710210e-02,1.165328709988778e-09
5.507978095253722e-02,1.164810591275323e-09
5.520757626797234e-02,1.164293845112878e-09
5.533537158340746e-02,1.163778464844973e-09
5.546316689884258e-02,1.163264443815135e-09
5.559096221427770e-02,1.162751775366896e-09
5.571875752971282e-02,1.162240452843785e-09
5.584655284514795e-02,1.161730469589331e-09
5.597434816058307e-02,1.161221818947065e-09
5.610214347601819e-02,1.160714494260516e-09
5.622993879145331e-02,1.160208488949668e-09
5.635773410688843e-02,1.159703796740300e-09
5.648552942232355e-02,1.159200411434635e-09
5.661332473775867e-02,1.158698326834894e-09
5.674112005319380e-02,1.158197536743299e-09
5.686891536862891e-02,1.157698034962071e-09
5.699671068406403e-02,1.157199815293432e-09
5.712450599949916e-02,1.156702871539603e-09
5.725230131493428e-02,1.156207197502807e-09
5.738009663036940e-02,1.155712786985264e-09
5.750789194580452e-02,1.155219633858784e-09
5.763568726123964e-02,1.154727732273548e-09
5.776348257667476e-02,1.154237076449332e-09
5.789127789210988e-02,1.153747660605917e-09
5.801907320754501e-02,1.153259478963080e-09
5.814686852298013e-02,1.152772525740600e-09
5.827466383841524e-02,1.152286795158255e-09
5.840245915385037e-02,1.151802281435823e-09
5.853025446928549e-02,1.151318978793084e-09
5.865804978472061e-02,1.150836881449816e-09
5.878584510015573e-02,1.150355983689371e-09
5.891364041559085e-02,1.149876280049401e-09
5.904143573102597e-02,1.149397765131133e-09
5.916923104646109e-02,1.148920433535792e-09
5.929702636189622e-02,1.148444279864606e-09
5.942482167733134e-02,1.147969298718800e-09
5.955261699276646e-02,1.147495484699601e-09
5.968041230820158e-02,1.147022832408236e-09
5.980820762363670e-02,1.146551336445931e-09
5.993600293907182e-02,1.146080991413912e-09
6.006379825450694e-02,1.145611791971570e-09
6.019159356994207e-02,1.145143733010940e-09
6.031938888537718e-02,1.144676809482212e-09
6.044718420081231e-02,1.144211016335577e-09
6.057497951624743e-02,1.143746348521226e-09
6.070277483168255e-02,1.143282800989349e-09
6.083057014711767e-02,1.142820368690137e-09
6.095836546255279e-02,1.142359046573781e-09
6.108616077798791e-02,1.141898829590471e-09
6.121395609342303e-02,1.141439712690398e-09
6.134175140885816e-02,1.140981690876980e-09
6.146954672429328e-02,1.140524759366556e-09
6.159734203972840e-02,1.140068913428706e-09
6.172513735516352e-02,1.139614148333005e-09
6.185293267059864e-02,1.139160459349032e-09
6.198072798603376e-02,1.138707841746364e-09
6.210852330146888e-02,1.138256290794577e-09
6.223631861690401e-02,1.137805801763250e-09
6.236411393233912e-02,1.137356369921961e-09
6.249190924777424e-02,1.136907990540285e-09
6.261970456320937e-02,1.136460658936950e-09
6.274749987864449e-02,1.136014370627283e-09
6.287529519407961e-02,1.135569121175761e-09
6.300309050951473e-02,1.135124906146863e-09
6.313088582494986e-02,1.134681721105066e-09
6.325868114038498e-02,1.134239561614848e-09
6.338647645582010e-02,1.133798423240687e-09
6.351427177125522e-02,1.133358301547062e-09
6.364206708669033e-02,1.132919192098449e-09
6.376986240212545e-02,1.132481090459326e-09
6.389765771756058e-02,1.132043992238739e-09
6.402545303299570e-02,1.131607893223980e-09
6.415324834843082e-02,1.131172789246905e-09
6.428104366386594e-02,1.130738676139371e-09
6.440883897930107e-02,1.130305549733232e-09
6.453663429473619e-02,1.129873405860345e-09
6.466442961017131e-02,1.129442240352564e-09
6.479222492560642e-02,1.129012049041745e-09
6.492002024104154e-02,1.128582827759744e-09
6.504781555647667e-02,1.128154572338415e-09
6.517561087191179e-02,1.127727278651755e-09
6.530340618734691e-02,1.127300942742335e-09
6.543120150278203e-02,1.126875560694876e-09
6.555899681821716e-02,1.126451128594100e-09
6.568679213365228e-02,1.126027642524726e-09
6.581458744908740e-02,1.125605098571476e-09
6.594238276452252e-02,1.125183492819070e-09
6.607017807995763e-02,1.124762821352230e-09
6.619797339539275e-02,1.124343080255675e-09
6.632576871082788e-02,1.123924265614127e-09
6.645356402626300e-02,1.123506373549336e-09
6.658135934169812e-02,1.123089400331176e-09
6.670915465713324e-02,1.122673342266552e-09
6.683694997256837e-02,1.122258195662371e-09
6.696474528800349e-02,1.121843956825537e-09
6.709254060343861e-02,1.121430622062957e-09
6.722033591887373e-02,1.121018187681535e-09
6.734813123430886e-02,1.120606649988178e-09
6.747592654974396e-02,1.120196005289792e-09
6.760372186517909e-02,1.119786249893282e-09
6.773151718061421e-02,1.119377380142749e-09
6.785931249604933e-02,1.118969392531078e-09
6.798710781148445e-02,1.118562283588344e-09
6.811490312691958e-02,1.118156049844623e-09
6.824269844235470e-02,1.117750687829991e-09
6.837049375778982e-02,1.117346194074524e-09
6.849828907322494e-02,1.116942565108299e-09
6.862608438866007e-02,1.116539797461391e-09
6.875387970409517e-02,1.116137887663877e-09
6.888167501953030e-02,1.115736832245833e-09
6.900947033496542e-02,1.115336627769116e-09
6.913726565040054e-02,1.114937270922724e-09
6.926506096583566e-02,1.114538758427445e-09
6.939285628127079e-02,1.114141087004063e-09
6.952065159670591e-02,1.113744253373367e-09
6.964844691214103e-02,1.113348254256143e-09
6.977624222757615e-02,1.112953086373178e-09
6.990403754301128e-02,1.112558746445259e-09
7.003183285844640e-02,1.112165231193171e-09
7.015962817388151e-02,1.111772537337703e-09
7.028742348931663e-02,1.111380661627696e-09
7.041521880475175e-02,1.110989600924218e-09
7.054301412018688e-02,1.110599352116396e-09
7.067080943562200e-02,1.110209912093355e-09
7.079860475105712e-02,1.109821277744222e-09
7.092640006649224e-02,1.109433445958124e-09
7.105419538192737e-02,1.109046413624186e-09
7.118199069736249e-02,1.108660177631534e-09
7.130978601279761e-02,1.108274734869294e-09
7.152277820518949e-02,1.107634084550526e-09
7.173577039758135e-02,1.106995614792131e-09
7.194876258997322e-02,1.106359312122297e-09
7.216175478236508e-02,1.105725163255288e-09
7.237474697475696e-02,1.105093154905371e-09
7.258773916714882e-02,1.104463273786813e-09
7.280073135954070e-02,1.103835506613879e-09
7.301372355193256e-02,1.103209840100836e-09
7.322671574432443e-02,1.102586260961950e-09
7.343970793671629e-02,1.101964755911487e-09
7.365270012910817e-02,1.101345311663714e-09
7.386569232150003e-02,1.100727915130294e-09
7.407868451389191e-02,1.100112554012481e-09
7.429167670628377e-02,1.099499216208921e-09
7.450466889867564e-02,1.098887889618266e-09
7.471766109106751e-02,1.098278562139163e-09
7.493065328345938e-02,1.097671221670263e-09
7.514364547585124e-02,1.097065856110214e-09
7.535663766824312e-02,1.096462453357665e-09
7.556962986063498e-02,1.095861001311265e-09
7.578262205302685e-02,1.095261487869665e-09
7.599561424541872e-02,1.094663901100007e-09
7.620860643781059e-02,1.094068229743401e-09
7.642159863020245e-02,1.093474462709443e-09
7.663459082259433e-02,1.092882588907727e-09
7.684758301498619e-02,1.092292597247848e-09
7.706057520737807e-02,1.091704476639400e-09
7.727356739976993e-02,1.091118215991979e-09
7.748655959216180e-02,1.090533804215180e-09
7.769955178455366e-02,1.089951230218597e-09
7.791254397694554e-02,1.089370482911825e-09
7.812553616933740e-02,1.088791551356695e-09
7.833852836172928e-02,1.088214425223942e-09
7.855152055412114e-02,1.087639094336518e-09
7.876451274651301e-02,1.087065548517379e-09
7.897750493890487e-02,1.086493777589476e-09
7.919049713129675e-02,1.085923771375763e-09
7.940348932368861e-02,1.085355519699195e-09
7.961648151608049e-02,1.084789012382724e-09
7.982947370847235e-02,1.084224239249304e-09
8.004246590086422e-02,1.083661190121888e-09
8.025545809325609e-02,1.083099854959078e-09
8.046845028564796e-02,1.082540224262096e-09
8.068144247803982e-02,1.081982288667829e-09
8.089443467043170e-02,1.081426038813165e-09
8.110742686282357e-02,1.080871465334990e-09
8.132041905521543e-02,1.080318558870191e-09
8.153341124760730e-02,1.079767310055653e-09
8.174640343999917e-02,1.079217709528265e-09
8.195939563239105e-02,1.078669747924913e-09
8.217238782478291e-02,1.078123415882483e-09
8.238538001717477e-02,1.077578704159759e-09
8.259837220956665e-02,1.077035604003120e-09
8.281136440195852e-02,1.076494106780851e-09
8.302435659435038e-02,1.075954203861236e-09
8.323734878674224e-02,1.075415886612559e-09
8.345034097913412e-02,1.074879146403104e-09
8.366333317152599e-02,1.074343974601155e-09
8.387632536391786e-02,1.073810362574997e-09
8.408931755630973e-02,1.073278301692913e-09
8.430230974870159e-02,1.072747783323187e-09
8.451530194109347e-02,1.072218798943551e-09
8.472829413348533e-02,1.071691340469532e-09
8.494128632587720e-02,1.071165399926105e-09
8.515427851826907e-02,1.070640969338245e-09
8.536727071066094e-02,1.070118040730926e-09
8.558026290305280e-02,1.069596606129124e-09
8.579325509544468e-02,1.069076657557815e-09
8.600624728783654e-02,1.068558187041971e-09
8.621923948022842e-02,1.068041186606570e-09
8.643223167262028e-02,1.067525648276586e-09
8.664522386501215e-02,1.067011564176221e-09
8.685821605740401e-02,1.066498926826581e-09
8.707120824979589e-02,1.065987728847992e-09
8.728420044218775e-02,1.065477962860783e-09
8.749719263457963e-02,1.064969621485281e-09
8.771018482697149e-02,1.064462697341813e-09
8.792317701936336e-02,1.063957183050708e-09
8.813616921175522e-02,1.063453071232292e-09
8.834916140414710e-02,1.062950354506894e-09
8.856215359653896e-02,1.062449025494841e-09
8.877514578893084e-02,1.061949076904474e-09
8.898813798132270e-02,1.061450501796173e-09
8.920113017371457e-02,1.060953293318323e-09
8.941412236610644e-02,1.060457444619307e-09
8.962711455849831e-02,1.059962948847511e-09
8.984010675089017e-02,1.059469799151319e-09
9.005309894328205e-02,1.058977988679115e-09
9.026609113567391e-02,1.058487510579283e-09
9.047908332806578e-02,1.057998358000209e-09
9.069207552045766e-02,1.057510524090276e-09
9.090506771284952e-02,1.057024002083763e-09
9.111805990524138e-02,1.056538785558545e-09
9.133105209763326e-02,1.056054868178402e-09
9.154404429002513e-02,1.055572243607114e-09
9.175703648241700e-02,1.055090905508461e-09
9.197002867480886e-02,1.054610847546223e-09
9.218302086720073e-02,1.054132063384180e-09
9.239601305959261e-02,1.053654546686111e-09
9.260900525198447e-02,1.053178291115796e-09
9.282199744437633e-02,1.052703290337017e-09
9.303498963676821e-02,1.052229538072147e-09
9.324798182916008e-02,1.051757028277954e-09
9.346097402155194e-02,1.051285754969807e-09
9.367396621394380e-02,1.050815712163072e-09
9.388695840633568e-02,1.050346893873116e-09
9.409995059872756e-02,1.049879294115307e-09
9.431294279111942e-02,1.049412906905012e-09
9.452593498351128e-02,1.048947726257600e-09
9.473892717590315e-02,1.048483746188436e-09
9.495191936829503e-02,1.048020960712888e-09
9.516491156068689e-02,1.047559363957393e-09
9.537790375307875e-02,1.047098950492669e-09
9.559089594547063e-02,1.046639715000504e-09
9.580388813786250e-02,1.046181652162687e-09
9.601688033025436e-02,1.045724756661006e-09
9.622987252264624e-02,1.045269023177251e-09
9.644286471503810e-02,1.044814446393209e-09
9.665585690742998e-02,1.044361020990670e-09
9.686884909982184e-02,1.043908741651423e-09
9.708184129221371e-02,1.043457603057256e-09
9.729483348460558e-02,1.043007599805462e-09
9.750782567699745e-02,1.042558726155353e-09
9.772081786938931e-02,1.042110976281751e-09
9.793381006178119e-02,1.041664344359475e-09
9.814680225417305e-02,1.041218824563346e-09
9.835979444656492e-02,1.040774411068183e-09
9.857278663895679e-02,1.040331098048807e-09
9.878577883134866e-02,1.039888879680039e-09
9.899877102374052e-02,1.039447750136698e-09
9.921176321613240e-02,1.039007703593604e-09
9.942475540852426e-02,1.038568734809823e-09
9.963774760091614e-02,1.038130840881294e-09
9.985073979330800e-02,1.037694019488148e-09
1.000637319857000e-01,1.037258268310516e-09
1.002767241780920e-01,1.036823585028530e-09
1.004897163704840e-01,1.036389967322320e-09
1.007027085628750e-01,1.035957412872020e-09
1.009157007552670e-01,1.035525919357757e-09
1.011286929476590e-01,1.035095484459665e-09
1.013416851400510e-01,1.034666105857874e-09
1.015546773324430e-01,1.034237779319344e-09
1.017676695248350e-01,1.033810492956747e-09
1.019806617172270e-01,1.033384232968780e-09
1.021936539096190e-01,1.032958985554142e-09
1.024066461020100e-01,1.032534736911534e-09
1.026196382944020e-01,1.032111473239650e-09
1.028326304867940e-01,1.031689180737190e-09
1.030456226791860e-01,1.031267845602853e-09
1.032586148715780e-01,1.030847454035337e-09
1.034716070639700e-01,1.030427992233342e-09
1.036845992563620e-01,1.030009453773758e-09
1.038975914487540e-01,1.029591861743321e-09
1.041105836411450e-01,1.029175246605493e-09
1.043235758335370e-01,1.028759638823729e-09
1.045365680259290e-01,1.028345068861492e-09
1.047495602183210e-01,1.027931567182241e-09
1.049625524107130e-01,1.027519164249438e-09
1.051755446031050e-01,1.027107890526540e-09
1.053885367954970e-01,1.026697776477010e-09
1.056015289878880e-01,1.026288852564310e-09
1.058145211802800e-01,1.025881121928037e-09
1.060275133726720e-01,1.025474478456983e-09
1.062405055650640e-01,1.025068788738384e-09
1.064534977574560e-01,1.024663919359476e-09
1.066664899498480e-01,1.024259736907495e-09
1.068794821422400e-01,1.023856107969675e-09
1.070924743346320e-01,1.023452899133252e-09
1.073054665270230e-01,1.023049976985465e-09
1.075184587194150e-01,1.022647208113545e-09
1.077314509118070e-01,1.022244459104728e-09
1.079444431041990e-01,1.021841698612149e-09
1.081574352965910e-01,1.021439303834903e-09
1.083704274889830e-01,1.021037754179219e-09
1.085834196813750e-01,1.020637529051326e-09
1.087964118737660e-01,1.020239107857456e-09
1.090094040661580e-01,1.019842970003834e-09
1.092223962585500e-01,1.019449594896690e-09
1.094353884509420e-01,1.019059461942255e-09
1.096483806433340e-01,1.018673050546756e-09
1.098613728357260e-01,1.018290840116424e-09
1.100743650281180e-01,1.017913104055983e-09
1.102873572205100e-01,1.017539291448801e-09
1.105003494129010e-01,1.017168645219050e-09
1.107133416052930e-01,1.016800408290894e-09
1.109263337976850e-01,1.016433823588502e-09
1.111393259900770e-01,1.016068134036044e-09
1.113523181824690e-01,1.015702582557687e-09
1.115653103748610e-01,1.015336412077600e-09
1.117783025672530e-01,1.014968865519950e-09
1.119912947596450e-01,1.014599185808907e-09
1.122042869520360e-01,1.014226820214263e-09
1.124172791444280e-01,1.013852033448637e-09
1.126302713368200e-01,1.013475294600445e-09
1.128432635292120e-01,1.013097072758100e-09
1.130562557216040e-01,1.012717837010016e-09
1.132692479139960e-01,1.012338056444606e-09
1.134822401063880e-01,1.011958200150283e-09
1.136952322987790e-01,1.011578737215464e-09
1.139082244911710e-01,1.011200136728559e-09
1.141212166835630e-01,1.010822867777982e-09
1.143342088759550e-01,1.010447299631441e-09
1.145472010683470e-01,1.010073402367635e-09
1.147601932607390e-01,1.009701046291461e-09
1.149731854531310e-01,1.009330101707813e-09
1.151861776455230e-01,1.008960438921588e-09
1.153991698379140e-01,1.008591928237681e-09
1.156121620303060e-01,1.008224439960987e-09
1.158251542226980e-01,1.007857844396401e-09
1.160381464150900e-01,1.007492011848820e-09
1.162511386074820e-01,1.007126812623139e-09
1.164641307998740e-01,1.006762143816411e-09
1.166771229922660e-01,1.006398009636056e-09
1.168901151846570e-01,1.006034441052531e-09
1.171031073770490e-01,1.005671469036287e-09
1.173160995694410e-01,1.005309124557782e-09
1.175290917618330e-01,1.004947438587471e-09
1.177420839542250e-01,1.004586442095807e-09
1.179550761466170e-01,1.004226166053247e-09
1.181680683390090e-01,1.003866641430245e-09
1.183810605314010e-01,1.003507899197257e-09
1.185940527237920e-01,1.003149963188661e-09
1.188070449161840e-01,1.002792828678654e-09
1.190200371085760e-01,1.002436483797419e-09
1.192330293009680e-01,1.002080916675140e-09
1.194460214933600e-01,1.001726115441999e-09
1.196590136857520e-01,1.001372068228179e-09
1.198720058781440e-01,1.001018763163863e-09
1.200849980705360e-01,1.000666188379233e-09
1.202979902629270e-01,1.000314332004474e-09
1.205109824553190e-01,9.999631821697667e-10
1.207239746477110e-01,9.996127289502462e-10
1.209369668401030e-01,9.992629702027816e-10
1.211499590324950e-01,9.989139057301541e-10
1.213629512248870e-01,9.985655353351468e-10
1.215759434172790e-01,9.982178588205408e-10
1.217889356096700e-01,9.978708759891201e-10
1.220019278020620e-01,9.975245866436634e-10
1.222149199944540e-01,9.971789905869542e-10
1.224279121868460e-01,9.968340876217751e-10
1.226409043792380e-01,9.964898775509072e-10
1.228538965716300e-01,9.961463596859218e-10
1.230668887640220e-01,9.958035313736660e-10
1.232798809564140e-01,9.954613894698359e-10
1.234928731488050e-01,9.951199308301296e-10
1.237058653411970e-01,9.947791523102399e-10
1.239188575335890e-01,9.944390507658651e-10
1.241318497259810e-01,9.940996230527010e-10
1.243448419183730e-01,9.937608660264446e-10
1.245578341107650e-01,9.934227765427919e-10
1.247708263031570e-01,9.930853514574392e-10
1.249838184955480e-01,9.927485877859190e-10
1.251968106879400e-01,9.924124831828605e-10
1.254098028803320e-01,9.920770354626137e-10
1.256227950727240e-01,9.917422424395270e-10
1.258357872651160e-01,9.914081019279489e-10
1.260487794575080e-01,9.910746117422283e-10
1.262617716499000e-01,9.907417696967133e-10
1.264747638422920e-01,9.904095736057521e-10
1.266877560346830e-01,9.900780212836952e-10
1.269007482270750e-01,9.897471105448878e-10
1.271137404194670e-01,9.894168391858498e-10
1.273267326118590e-01,9.890872049318261e-10
1.275397248042510e-01,9.887582054902565e-10
1.277527169966430e-01,9.884298385685796e-10
1.279657091890350e-01,9.881021018742351e-10
1.281787013814270e-01,9.877749931146622e-10
1.283916935738180e-01,9.874485099973014e-10
1.286046857662100e-01,9.871226502295894e-10
1.288176779586020e-01,9.867974115189664e-10
1.290306701509940e-01,9.864727915728718e-10
1.292436623433860e-01,9.861487881292098e-10
1.294566545357780e-01,9.858253990477946e-10
1.296696467281700e-01,9.855026222189311e-10
1.298826389205610e-01,9.851804555329258e-10
1.300956311129530e-01,9.848588968800802e-10
1.303086233053450e-01,9.845379441507006e-10
1.305216154977370e-01,9.842175952350925e-10
1.307346076901290e-01,9.838978480235597e-10
1.309475998825210e-01,9.835787004064079e-10
1.311605920749130e-01,9.832601502739414e-10
1.313735842673050e-01,9.829421955300982e-10
1.315865764596960e-01,9.826248341333544e-10
1.317995686520880e-01,9.823080640558178e-10
1.320125608444800e-01,9.819918832696007e-10
1.322255530368720e-01,9.816762897468137e-10
1.324385452292640e-01,9.813612814595678e-10
1.326515374216560e-01,9.810468563799736e-10
1.328645296140480e-01,9.807330124801418e-10
1.330775218064400e-01,9.804197477321832e-10
1.332905139988310e-01,9.801070601082097e-10
1.335035061912230e-01,9.797949475981598e-10
1.337164983836150e-01,9.794834082632829e-10
1.339294905760070e-01,9.791724401826495e-10
1.341424827683990e-01,9.788620414353311e-10
1.343554749607910e-01,9.785522101003987e-10
1.345684671531830e-01,9.782429442569231e-10
1.347814593455740e-01,9.779342419839772e-10
1.349944515379660e-01,9.776261013606290e-10
1.352074437303580e-01,9.773185204659510e-10
1.354204359227500e-01,9.770114973790145e-10
1.356334281151420e-01,9.767050301939757e-10
1.358464203075340e-01,9.763991170653031e-10
1.360594124999260e-01,9.760937561625355e-10
1.362724046923180e-01,9.757889456552114e-10
1.364853968847090e-01,9.754846837128707e-10
1.366983890771010e-01,9.751809685050492e-10
1.369113812694930e-01,9.748777982012870e-10
1.371243734618850e-01,9.745751709711228e-10
1.373373656542770e-01,9.742730849840952e-10
1.375503578466690e-01,9.739715384097427e-10
1.377633500390610e-01,9.736705294321681e-10
1.379763422314520e-01,9.733700562937670e-10
1.381893344238440e-01,9.730701172515116e-10
1.384023266162360e-01,9.727707105623790e-10
1.386153188086280e-01,9.724718344833447e-10
1.388283110010200e-01,9.721734872713839e-10
1.390413031934120e-01,9.718756671834722e-10
1.392542953858040e-01,9.715783724765850e-10
1.394672875781960e-01,9.712816014076977e-10
1.396802797705870e-01,9.709853522337873e-10
1.398932719629790e-01,9.706896232253857e-10
1.401062641553710e-01,9.703944127072831e-10
1.403192563477630e-01,9.700997190178357e-10
1.405322485401550e-01,9.698055404953991e-10
1.407452407325470e-01,9.695118754783295e-10
1.409582329249390e-01,9.692187223049826e-10
1.411712251173300e-01,9.689260793137162e-10
1.413842173097220e-01,9.686339448428831e-10
1.415972095021140e-01,9.683423172308410e-10
1.418102016945060e-01,9.680511948159455e-10
1.420231938868980e-01,9.677605759493256e-10
1.422361860792900e-01,9.674704590332003e-10
1.424491782716820e-01,9.671808424825607e-10
1.426621704640740e-01,9.668917247123979e-10
1.428751626564650e-01,9.666031041377044e-10
1.430881548488570e-01,9.663149791734687e-10
1.433011470412490e-01,9.660273482346835e-10
1.435141392336410e-01,9.657402097363396e-10
1.437271314260330e-01,9.654535620934286e-10
1.439401236184250e-01,9.651674037209412e-10
1.441531158108170e-01,9.648817330458771e-10
1.443661080032090e-01,9.645965485432525e-10
1.445791001956000e-01,9.643118487000854e-10
1.447920923879920e-01,9.640276320033895e-10
1.450050845803840e-01,9.637438969401828e-10
1.452180767727760e-01,9.634606419974820e-10
1.454310689651680e-01,9.631778656623033e-10
1.456440611575600e-01,9.628955664216636e-10
1.458570533499520e-01,9.626137427625795e-10
1.460700455423430e-01,9.623323931720685e-10
1.462830377347350e-01,9.620515161484473e-10
1.464960299271270e-01,9.617711102352163e-10
1.467090221195190e-01,9.614911739871632e-10
1.469220143119110e-01,9.612117059590748e-10
1.471350065043030e-01,9.609327047057388e-10
1.473479986966950e-01,9.606541687819426e-10
1.475609908890870e-01,9.603760967424731e-10
1.477739830814780e-01,9.600984871421192e-10
1.479869752738700e-01,9.598213385356654e-10
1.481999674662620e-01,9.595446494779006e-10
1.484129596586540e-01,9.592684185342572e-10
1.486259518510460e-01,9.589926443127696e-10
1.488389440434380e-01,9.587173254321263e-10
1.490519362358300e-01,9.584424605110171e-10
1.492649284282220e-01,9.581680481681308e-10
1.494779206206130e-01,9.578940870221580e-10
1.496909128130050e-01,9.576205756917852e-10
1.499039050053970e-01,9.573475127957030e-10
1.501168971977890e-01,9.570748969526004e-10
1.503298893901810e-01,9.568027267811667e-10
1.505428815825730e-01,9.565310009100779e-10
1.507558737749650e-01,9.562597180079652e-10
1.509688659673560e-01,9.559888767534506e-10
1.511818581597480e-01,9.557184758251524e-10
1.513948503521400e-01,9.554485139016929e-10
1.516078425445320e-01,9.551789896616931e-10
1.518208347369240e-01,9.549099017837740e-10
1.520338269293160e-01,9.546412489465562e-10
1.522468191217080e-01,9.543730298286608e-10
1.524598113141000e-01,9.541052431087092e-10
1.526728035064910e-01,9.538378874748773e-10
1.528857956988830e-01,9.535709616535508e-10
1.530987878912750e-01,9.533044643806700e-10
1.533117800836670e-01,9.530383943921741e-10
1.535247722760590e-01,9.527727504240023e-10
1.537377644684510e-01,9.525075312120936e-10
1.539507566608430e-01,9.522427354923874e-10
1.541637488532340e-01,9.519783620008242e-10
1.543767410456260e-01,9.517144094733403e-10
1.545897332380180e-01,9.514508766458766e-10
1.548027254304100e-01,9.511877622632121e-10
1.550157176228020e-01,9.509250651054713e-10
1.552287098151940e-01,9.506627839616104e-10
1.554417020075860e-01,9.504009176205851e-10
1.556546941999780e-01,9.501394648713521e-10
1.558676863923690e-01,9.498784245028687e-10
1.560806785847610e-01,9.496177953040886e-10
1.562936707771530e-01,9.493575760639691e-10
1.565066629695450e-01,9.490977655714662e-10
1.567196551619370e-01,9.488383626155366e-10
1.569326473543290e-01,9.485793659936069e-10
1.571456395467210e-01,9.483207745370079e-10
1.573586317391130e-01,9.480625870855522e-10
1.575716239315040e-01,9.478048024790537e-10
1.577846161238960e-01,9.475474195573221e-10
1.579976083162880e-01,9.472904371601711e-10
1.582106005086800e-01,9.470338541274131e-10
1.584235927010720e-01,9.467776692988605e-10
1.586365848934640e-01,9.465218815143260e-10
1.588495770858560e-01,9.462664896136216e-10
1.590625692782470e-01,9.460114924446282e-10
1.592755614706390e-01,9.457568888875011e-10
1.594885536630310e-01,9.455026778304716e-10
1.597015458554230e-01,9.452488581617697e-10
1.599145380478150e-01,9.449954287696251e-10
1.601275302402070e-01,9.447423885422684e-10
1.603405224325990e-01,9.444897363679289e-10
1.605535146249910e-01,9.442374711348371e-10
1.607665068173820e-01,9.439855917312241e-10
1.609794990097740e-01,9.437340970453173e-10
1.611924912021660e-01,9.434829859726836e-10
1.614054833945580e-01,9.432322574382299e-10
1.616184755869500e-01,9.429819103741985e-10
1.618314677793420e-01,9.427319437128323e-10
1.620444599717340e-01,9.424823563863738e-10
1.622574521641260e-01,9.422331473270657e-10
1.624704443565170e-01,9.419843154671517e-10
1.626834365489090e-01,9.417358597388720e-10
1.628964287413010e-01,9.414877790744706e-10
1.631094209336930e-01,9.412400724061897e-10
1.633224131260850e-01,9.409927386735711e-10
1.635354053184770e-01,9.407457768453444e-10
1.637483975108690e-01,9.404991858975334e-10
1.639613897032600e-01,9.402529648061637e-10
1.641743818956520e-01,9.400071125472567e-10
1.643873740880440e-01,9.397616280968380e-10
1.646003662804360e-01,9.395165104309316e-10
1.648133584728280e-01,9.392717585255615e-10
1.650263506652200e-01,9.390273713567523e-10
1.652393428576120e-01,9.387833479005275e-10
1.654523350500040e-01,9.385396871397530e-10
1.656653272423950e-01,9.382963880846441e-10
1.658783194347870e-01,9.380534497522461e-10
1.660913116271790e-01,9.378108711596080e-10
1.663043038195710e-01,9.375686513237769e-10
1.665172960119630e-01,9.373267892618005e-10
1.667302882043550e-01,9.370852839907264e-10
1.669432803967470e-01,9.368441345276021e-10
1.671562725891380e-01,9.366033398894761e-10
1.673692647815300e-01,9.363628990933941e-10
1.675822569739220e-01,9.361228111629322e-10
1.677952491663140e-01,9.358830751477918e-10
1.680082413587060e-01,9.356436901042084e-10
1.682212335510980e-01,9.354046550884174e-10
1.684342257434900e-01,9.351659691566544e-10
1.686472179358820e-01,9.349276313651551e-10
1.688602101282730e-01,9.346896407701561e-10
1.690732023206650e-01,9.344519964278907e-10
1.692861945130570e-01,9.342146973945952e-10
1.694991867054490e-01,9.339777427265056e-10
1.697121788978410e-01,9.337411314854400e-10
1.699251710902330e-01,9.335048627555523e-10
1.701381632826250e-01,9.332689356265812e-10
1.703511554750170e-01,9.330333491882654e-10
1.705641476674080e-01,9.327981025303442e-10
1.707771398598000e-01,9.325631947425547e-10
1.709901320521920e-01,9.323286249146364e-10
1.712031242445840e-01,9.320943921363281e-10
1.714161164369760e-01,9.318604954973684e-10
1.716291086293680e-01,9.316269340874958e-10
1.718421008217600e-01,9.313937070026211e-10
1.720550930141510e-01,9.311608133633397e-10
1.722680852065430e-01,9.309282522964147e-10
1.724810773989350e-01,9.306960229286116e-10
1.726940695913270e-01,9.304641243866959e-10
1.729070617837190e-01,9.302325557974322e-10
1.731200539761110e-01,9.300013162875855e-10
1.733330461685030e-01,9.297704049839206e-10
1.735460383608950e-01,9.295398210132025e-10
1.737590305532860e-01,9.293095635021974e-10
1.739720227456780e-01,9.290796315832764e-10
1.741850149380700e-01,9.288500244112394e-10
1.743980071304620e-01,9.286207411464887e-10
1.746109993228540e-01,9.283917809494267e-10
1.748239915152460e-01,9.281631429804560e-10
1.750369837076380e-01,9.279348263999788e-10
1.752499759000290e-01,9.277068303683985e-10
1.754629680924210e-01,9.274791540461156e-10
1.756759602848130e-01,9.272517965935336e-10
1.758889524772050e-01,9.270247571710547e-10
1.761019446695970e-01,9.267980349442033e-10
1.763149368619890e-01,9.265716290990048e-10
1.765279290543810e-01,9.263455388266135e-10
1.767409212467730e-01,9.261197633181831e-10
1.769539134391640e-01,9.258943017648692e-10
1.771669056315560e-01,9.256691533578236e-10
1.773798978239480e-01,9.254443172882017e-10
1.775928900163400e-01,9.252197927471575e-10
1.778058822087320e-01,9.249955789258452e-10
1.780188744011240e-01,9.247716750154190e-10
1.782318665935160e-01,9.245480802118867e-10
1.784448587859070e-01,9.243247937306805e-10
1.786578509782990e-01,9.241018147920866e-10
1.788708431706910e-01,9.238791426163944e-10
1.790838353630830e-01,9.236567764238921e-10
1.792968275554750e-01,9.234347154348680e-10
1.795098197478670e-01,9.232129588696106e-10
1.797228119402590e-01,9.229915059484080e-10
1.799358041326510e-01,9.227703558915487e-10
1.801487963250420e-01,9.225495079193222e-10
1.803617885174340e-01,9.223289612568818e-10
1.805747807098260e-01,9.221087151488551e-10
1.807877729022180e-01,9.218887688447360e-10
1.810007650946100e-01,9.216691215940189e-10
1.812137572870020e-01,9.214497726461978e-10
1.814267494793940e-01,9.212307212507669e-10
1.816397416717860e-01,9.210119666572205e-10
1.818527338641770e-01,9.207935081150535e-10
1.820657260565690e-01,9.205753448737583e-10
1.822787182489610e-01,9.203574761828298e-10
1.824917104413530e-01,9.201399012962428e-10
1.827047026337450e-01,9.199226194858882e-10
1.829176948261370e-01,9.197056300281348e-10
1.831306870185290e-01,9.194889321993519e-10
1.833436792109200e-01,9.192725252759092e-10
1.835566714033120e-01,9.190564085341739e-10
1.837696635957040e-01,9.188405812505160e-10
1.839826557880960e-01,9.186250427013045e-10
1.841956479804880e-01,9.184097921629085e-10
1.844086401728800e-01,9.181948289116967e-10
1.846216323652720e-01,9.179801522283201e-10
1.848346245576640e-01,9.177657614105460e-10
1.850476167500550e-01,9.175516557604201e-10
1.852606089424470e-01,9.173378345799849e-10
1.854736011348390e-01,9.171242971712856e-10
1.856865933272310e-01,9.169110428363668e-10
1.858995855196230e-01,9.166980708772729e-10
1.861125777120150e-01,9.164853805960485e-10
1.863255699044070e-01,9.162729712947377e-10
1.865385620967990e-01,9.160608422753853e-10
1.867515542891900e-01,9.158489928442354e-10
1.869645464815820e-01,9.156374223243337e-10
1.871775386739740e-01,9.154261300429323e-10
1.873905308663660e-01,9.152151153272820e-10
1.876035230587580e-01,9.150043775046340e-10
1.878165152511500e-01,9.147939159022391e-10
1.880295074435420e-01,9.145837298473485e-10
1.882424996359330e-01,9.143738186672142e-10
1.884554918283250e-01,9.141641816890850e-10
1.886684840207170e-01,9.139548182402132e-10
1.888814762131090e-01,9.137457276513721e-10
1.890944684055010e-01,9.135369092674291e-10
1.893074605978930e-01,9.133283624367759e-10
1.895204527902850e-01,9.131200865078035e-10
1.897334449826770e-01,9.129120808289039e-10
1.899464371750680e-01,9.127043447484692e-10
1.901594293674600e-01,9.124968776148892e-10
1.903724215598520e-01,9.122896787765561e-10
1.905854137522440e-01,9.120827475818617e-10
1.907984059446360e-01,9.118760833791972e-10
1.910113981370280e-01,9.116696855221380e-10
1.912243903294200e-01,9.114635533849937e-10
1.914373825218110e-01,9.112576863472577e-10
1.916503747142030e-01,9.110520837884207e-10
1.918633669065950e-01,9.108467450879759e-10
1.920763590989870e-01,9.106416696254160e-10
1.922893512913790e-01,9.104368567802334e-10
1.925023434837710e-01,9.102323059319207e-10
1.927153356761630e-01,9.100280164599702e-10
1.929283278685550e-01,9.098239877438747e-10
1.931413200609460e-01,9.096202191612843e-10
1.933543122533380e-01,9.094167100824768e-10
1.935673044457300e-01,9.092134598758914e-10
1.937802966381220e-01,9.090104679099661e-10
1.939932888305140e-01,9.088077335531390e-10
1.942062810229060e-01,9.086052561738481e-10
1.944192732152980e-01,9.084030351405314e-10
1.946322654076900e-01,9.082010698216271e-10
1.948452576000810e-01,9.079993595855743e-10
1.950582497924730e-01,9.077979038008090e-10
1.952712419848650e-01,9.075967018593812e-10
1.954842341772570e-01,9.073957532477183e-10
1.956972263696490e-01,9.071950574758248e-10
1.959102185620410e-01,9.069946140537062e-10
1.961232107544330e-01,9.067944224913674e-10
1.963362029468240e-01,9.065944822988141e-10
1.965491951392160e-01,9.063947929860497e-10
1.967621873316080e-01,9.061953540630799e-10
1.969751795240000e-01,9.059961650399100e-10
1.971881717163920e-01,9.057972254265449e-10
1.974011639087840e-01,9.055985346609371e-10
1.976141561011760e-01,9.054000918927146e-10
1.978271482935680e-01,9.052018961993956e-10
1.980401404859590e-01,9.050039466584988e-10
1.982531326783510e-01,9.048062423475403e-10
1.984661248707430e-01,9.046087823440396e-10
1.986791170631350e-01,9.044115657255142e-10
1.988921092555270e-01,9.042145915694827e-10
1.991051014479190e-01,9.040178589534626e-10
1.993180936403110e-01,9.038213669549723e-10
1.995310858327020e-01,9.036251149357992e-10
1.997440780250940e-01,9.034291033949040e-10
1.999570702174860e-01,9.032333331155696e-10
2.001700624098780e-01,9.030378048810781e-10
2.003830546022700e-01,9.028425194747112e-10
2.005960467946620e-01,9.026474776797513e-10
2.008090389870540e-01,9.024526802794800e-10
2.010220311794460e-01,9.022581280571797e-10
2.012350233718370e-01,9.020638217961328e-10
2.014480155642290e-01,9.018697622796199e-10
2.016610077566210e-01,9.016759492443057e-10
2.018739999490130e-01,9.014823782413001e-10
2.020869921414050e-01,9.012890437755538e-10
2.022999843337970e-01,9.010959403520173e-10
2.025129765261890e-01,9.009030624756413e-10
2.027259687185810e-01,9.007104046513764e-10
2.029389609109720e-01,9.005179613841743e-10
2.031519531033640e-01,9.003257271789836e-10
2.033649452957560e-01,9.001336965407560e-10
2.035779374881480e-01,8.999418639744420e-10
2.037909296805400e-01,8.997502279060191e-10
2.040039218729320e-01,8.995588024372919e-10
2.042169140653240e-01,8.993676055869536e-10
2.044299062577150e-01,8.991766553736976e-10
2.046428984501070e-01,8.989859698162153e-10
2.048558906424990e-01,8.987955669332005e-10
2.050688828348910e-01,8.986054647433461e-10
2.052818750272830e-01,8.984156812653450e-10
2.054948672196750e-01,8.982262345178900e-10
2.057078594120670e-01,8.980371425196740e-10
2.059208516044590e-01,8.978484086848942e-10
2.061338437968500e-01,8.976599779763587e-10
2.063468359892420e-01,8.974717807356692e-10
2.065598281816340e-01,8.972837473044303e-10
2.067728203740260e-01,8.970958080242455e-10
2.069858125664180e-01,8.969078932367183e-10
2.071988047588100e-01,8.967199332834524e-10
2.074117969512020e-01,8.965318585060514e-10
2.076247891435940e-01,8.963435992461188e-10
2.078377813359850e-01,8.961550858452590e-10
2.080507735283770e-01,8.959663031803922e-10
2.082637657207690e-01,8.957774543270669e-10
2.084767579131610e-01,8.955887969248292e-10
2.086897501055530e-01,8.954005886132256e-10
2.089027422979450e-01,8.952130870318021e-10
2.091157344903370e-01,8.950265498201052e-10
2.093287266827280e-01,8.948412346176819e-10
2.095417188751200e-01,8.946573990640768e-10
2.097547110675120e-01,8.944753007988368e-10
2.099677032599040e-01,8.942951974615085e-10
2.101806954522960e-01,8.941171431122141e-10
2.103936876446880e-01,8.939403775307712e-10
2.106066798370800e-01,8.937639369362671e-10
2.108196720294720e-01,8.935868575477896e-10
2.110326642218630e-01,8.934081755844271e-10
2.112456564142550e-01,8.932269272652659e-10
2.114586486066470e-01,8.930421488093941e-10
2.116716407990390e-01,8.928528764358995e-10
2.118846329914310e-01,8.926581463638699e-10
2.120976251838230e-01,8.924569948123927e-10
2.123106173762150e-01,8.922492180157768e-10
2.125236095686060e-01,8.920376511910511e-10
2.127366017609980e-01,8.918258890314773e-10
2.129495939533900e-01,8.916175262303195e-10
2.131625861457820e-01,8.914161574808411e-10
2.133755783381740e-01,8.912253774763054e-10
2.135885705305660e-01,8.910487809099757e-10
2.138015627229580e-01,8.908899624751153e-10
2.140145549153500e-01,8.907525168649873e-10
2.142275471077410e-01,8.906400387728557e-10
2.144405393001330e-01,8.905532857553848e-10
2.146535314925250e-01,8.904816743502658e-10
2.148665236849170e-01,8.904117877210528e-10
2.150795158773090e-01,8.903302090312990e-10
2.152925080697010e-01,8.902235214445582e-10
2.155055002620930e-01,8.900783081243839e-10
2.157184924544850e-01,8.898811522343297e-10
2.159314846468760e-01,8.896186369379507e-10
2.161444768392680e-01,8.892773453987981e-10
2.163574690316600e-01,8.888438607804265e-10
2.165704612240520e-01,8.883107460348085e-10
2.167834534164440e-01,8.876944937031591e-10
2.169964456088360e-01,8.870175813340335e-10
2.172094378012280e-01,8.863024864759872e-10
2.174224299936190e-01,8.855716866775789e-10
2.176354221860110e-01,8.848476594873569e-10
2.178484143784030e-01,8.841528824538801e-10
2.180614065707950e-01,8.835098331257037e-10
2.182743987631870e-01,8.829409890513833e-10
2.184873909555790e-01,8.824688277794741e-10
2.187003831479710e-01,8.821095372463870e-10
2.189133753403630e-01,8.818541437347948e-10
2.191263675327540e-01,8.816873823125435e-10
2.193393597251460e-01,8.815939880474773e-10
2.195523519175380e-01,8.815586960074431e-10
2.197653441099300e-01,8.815662412602863e-10
2.199783363023220e-01,8.816013588738526e-10
2.201913284947140e-01,8.816487839159876e-10
2.204043206871060e-01,8.816932514545370e-10
2.206173128794970e-01,8.817194965573463e-10
2.208303050718890e-01,8.817154806515612e-10
2.210432972642810e-01,8.816820682605872e-10
2.212562894566730e-01,8.816233490967672e-10
2.214692816490650e-01,8.815434128724441e-10
2.216822738414570e-01,8.814463492999605e-10
2.218952660338490e-01,8.813362480916597e-10
2.221082582262410e-01,8.812171989598843e-10
2.223212504186320e-01,8.810932916169777e-10
2.225342426110240e-01,8.809686157752817e-10
2.227472348034160e-01,8.808472611471397e-10
2.229602269958080e-01,8.807324527554069e-10
2.231732191882000e-01,8.806239585600809e-10
2.233862113805920e-01,8.805206826790094e-10
2.235992035729840e-01,8.804215292300403e-10
2.238121957653760e-01,8.803254023310218e-10
2.240251879577670e-01,8.802312060998019e-10
2.242381801501590e-01,8.801378446542280e-10
2.244511723425510e-01,8.800442221121485e-10
2.246641645349430e-01,8.799492425914109e-10
2.248771567273350e-01,8.798518102098636e-10
2.250901489197270e-01,8.797510605768658e-10
2.253031411121190e-01,8.796470558323687e-10
2.255161333045100e-01,8.795400898901937e-10
2.257291254969020e-01,8.794304566641612e-10
2.259421176892940e-01,8.793184500680928e-10
2.261551098816860e-01,8.792043640158095e-10
2.263681020740780e-01,8.790884924211326e-10
2.265810942664700e-01,8.789711291978832e-10
2.267940864588620e-01,8.788525682598825e-10
2.270070786512540e-01,8.787331035209515e-10
2.272200708436450e-01,8.786129669028802e-10
2.274330630360370e-01,8.784921422847543e-10
2.276460552284290e-01,8.783705515163360e-10
2.278590474208210e-01,8.782481164473878e-10
2.280720396132130e-01,8.781247589276715e-10
2.282850318056050e-01,8.780004008069489e-10
2.284980239979970e-01,8.778749639349824e-10
2.287110161903880e-01,8.777483701615343e-10
2.289240083827800e-01,8.776205413363655e-10
2.291370005751720e-01,8.774913993092385e-10
2.293499927675640e-01,8.773608826014034e-10
2.295629849599560e-01,8.772289964195209e-10
2.297759771523480e-01,8.770957626414700e-10
2.299889693447400e-01,8.769612031451296e-10
2.302019615371320e-01,8.768253398083783e-10
2.304149537295230e-01,8.766881945090955e-10
2.306279459219150e-01,8.765497891251588e-10
2.308409381143070e-01,8.764101455344477e-10
2.310539303066990e-01,8.762692856148409e-10
2.312669224990910e-01,8.761272312442171e-10
2.314799146914830e-01,8.759839998850427e-10
2.316929068838750e-01,8.758395913437305e-10
2.319058990762670e-01,8.756940010140784e-10
2.321188912686580e-01,8.755472242898850e-10
2.323318834610500e-01,8.753992565649467e-10
2.325448756534420e-01,8.752500932330621e-10
2.327578678458340e-01,8.750997296880294e-10
2.329708600382260e-01,8.749481613236460e-10
2.331838522306180e-01,8.747953835337102e-10
2.333968444230100e-01,8.746413917120197e-10
2.336098366154010e-01,8.744861824863457e-10
2.338228288077930e-01,8.743297574172590e-10
2.340358210001850e-01,8.741721192977624e-10
2.342488131925770e-01,8.740132709208574e-10
2.344618053849690e-01,8.738532150795460e-10
2.346747975773610e-01,8.736919545668298e-10
2.348877897697530e-01,8.735294921757107e-10
2.351007819621450e-01,8.733658306991902e-10
2.353137741545360e-01,8.732009729302709e-10
2.355267663469280e-01,8.730349216619531e-10
2.357397585393200e-01,8.728676794048940e-10
2.359527507317120e-01,8.726992475398332e-10
2.361657429241040e-01,8.725296271648971e-10
2.363787351164960e-01,8.723588193782126e-10
2.365917273088880e-01,8.721868252779058e-10
2.368047195012800e-01,8.720136459621036e-10
2.370177116936710e-01,8.718392825289330e-10
2.372307038860630e-01,8.716637360765194e-10
2.374436960784550e-01,8.714870077029896e-10
2.376566882708470e-01,8.713090985064705e-10
2.378696804632390e-01,8.711300097061868e-10
2.380826726556310e-01,8.709497430058357e-10
2.382956648480230e-01,8.707683002302532e-10
2.385086570404140e-01,8.705856832042758e-10
2.387216492328060e-01,8.704018937527372e-10
2.389346414251980e-01,8.702169337004741e-10
2.391476336175900e-01,8.700308048723221e-10
2.393606258099820e-01,8.698435090931171e-10
2.395736180023740e-01,8.696550481876945e-10
2.397866101947660e-01,8.694654239808901e-10
2.399996023871580e-01,8.692746383080487e-10
2.402125945795490e-01,8.690826930465467e-10
2.404255867719410e-01,8.688895900842638e-10
2.406385789643330e-01,8.686953313090826e-10
2.408515711567250e-01,8.684999186088846e-10
2.410645633491170e-01,8.683033538715514e-10
2.412775555415090e-01,8.681056389849648e-10
2.414905477339010e-01,8.679067758370062e-10
2.417035399262920e-01,8.677067663155582e-10
2.419165321186840e-01,8.675056123085006e-10
2.421295243110760e-01,8.673033157413479e-10
2.423425165034680e-01,8.670998786900732e-10
2.425555086958600e-01,8.668953032682483e-10
2.427685008882520e-01,8.666895915894445e-10
2.429814930806440e-01,8.664827457672330e-10
2.431944852730360e-01,8.662747679151853e-10
2.434074774654270e-01,8.660656601468738e-10
2.436204696578190e-01,8.658554245758678e-10
2.438334618502110e-01,8.656440633157396e-10
2.440464540426030e-01,8.654315784800609e-10
2.442594462349950e-01,8.652179722106402e-10
2.444724384273870e-01,8.650032467623086e-10
2.446854306197790e-01,8.647874044181718e-10
2.448984228121710e-01,8.645704474613349e-10
2.451114150045620e-01,8.643523781749041e-10
2.453244071969540e-01,8.641331988419828e-10
2.455373993893460e-01,8.639129117456771e-10
2.457503915817380e-01,8.636915191690924e-10
2.459633837741300e-01,8.634690233953338e-10
2.461763759665220e-01,8.632454267075067e-10
2.463893681589140e-01,8.630207314160430e-10
2.466023603513050e-01,8.627949399407187e-10
2.468153525436970e-01,8.625680547286522e-10
2.470283447360890e-01,8.623400782269642e-10
2.472413369284810e-01,8.621110128827755e-10
2.474543291208730e-01,8.618808611432060e-10
2.476673213132650e-01,8.616496254553761e-10
2.478803135056570e-01,8.614173082664059e-10
2.480933056980490e-01,8.611839120234156e-10
2.483062978904400e-01,8.609494391735265e-10
2.485192900828320e-01,8.607138921915392e-10
2.487322822752240e-01,8.604772736629909e-10
2.489452744676160e-01,8.602395862011019e-10
2.491582666600080e-01,8.600008324190923e-10
2.493712588524000e-01,8.597610149301826e-10
2.495842510447920e-01,8.595201363475929e-10
2.497972432371830e-01,8.592781992845449e-10
2.500102354295750e-01,8.590352063542563e-10
2.502232276219670e-01,8.587911601699486e-10
2.504362198143590e-01,8.585460633448421e-10
2.506492120067510e-01,8.582999185143492e-10
2.508622041991430e-01,8.580527284026244e-10
2.510751963915350e-01,8.578044957560027e-10
2.512881885839270e-01,8.575552233208182e-10
2.515011807763180e-01,8.573049138434069e-10
2.517141729687100e-01,8.570535700701006e-10
2.519271651611020e-01,8.568011947472352e-10
2.521401573534940e-01,8.565477906211452e-10
2.523531495458860e-01,8.562933604381649e-10
2.525661417382780e-01,8.560379069446291e-10
2.527791339306700e-01,8.557814329104714e-10
2.529921261230620e-01,8.555239411999681e-10
2.532051183154530e-01,8.552654347009682e-10
2.534181105078450e-01,8.550059163013169e-10
2.536311027002370e-01,8.547453888888636e-10
2.538440948926290e-01,8.544838553514555e-10
2.540570870850210e-01,8.542213185769410e-10
2.542700792774130e-01,8.539577814531675e-10
2.544830714698050e-01,8.536932468679828e-10
2.546960636621960e-01,8.534277177092363e-10
2.549090558545880e-01,8.531611968851580e-10
2.551220480469800e-01,8.528936873855642e-10
2.553350402393720e-01,8.526251922206755e-10
2.555480324317640e-01,8.523557144007129e-10
2.557610246241560e-01,8.520852569358972e-10
2.559740168165480e-01,8.518138228364490e-10
2.561870090089400e-01,8.515414151125891e-10
2.564000012013310e-01,8.512680367745400e-10
2.566129933937230e-01,8.509936908325193e-10
2.568259855861150e-01,8.507183802967496e-10
2.570389777785070e-01,8.504421081963169e-10
2.572519699708990e-01,8.501648776357840e-10
2.574649621632910e-01,8.498866917385869e-10
2.576779543556830e-01,8.496075536281618e-10
2.578909465480740e-01,8.493274664279458e-10
2.581039387404660e-01,8.490464332613721e-10
2.583169309328580e-01,8.487644572518783e-10
2.585299231252500e-01,8.484815415229002e-10
2.587429153176420e-01,8.481976891978738e-10
2.589559075100340e-01,8.479129034002350e-10
2.591688997024260e-01,8.476271872712313e-10
2.593818918948180e-01,8.473405440233487e-10
2.595948840872090e-01,8.470529768868819e-10
2.598078762796010e-01,8.467644890921218e-10
2.600208684719930e-01,8.464750838693633e-10
2.602338606643850e-01,8.461847644489002e-10
2.604468528567770e-01,8.458935340610259e-10
2.606598450491690e-01,8.456013959360339e-10
2.608728372415610e-01,8.453083533042180e-10
2.610858294339530e-01,8.450144093958716e-10
2.612988216263440e-01,8.447195674571044e-10
2.615118138187360e-01,8.444238307972560e-10
2.617248060111280e-01,8.441272027414711e-10
2.619377982035200e-01,8.438296866148939e-10
2.621507903959120e-01,8.435312857426675e-10
2.623637825883040e-01,8.432320034499359e-10
2.625767747806960e-01,8.429318430618431e-10
2.627897669730870e-01,8.426308079035339e-10
2.630027591654790e-01,8.423289013001492e-10
2.632157513578710e-01,8.420261265768344e-10
2.634287435502630e-01,8.417224870717019e-10
2.636417357426550e-01,8.414179861747760e-10
2.638547279350470e-01,8.411126272890666e-10
2.640677201274390e-01,8.408064138175850e-10
2.642807123198310e-01,8.404993491633414e-10
2.644937045122220e-01,8.401914367293479e-10
2.647066967046140e-01,8.398826799186124e-10
2.649196888970060e-01,8.395730821341469e-10
2.651326810893980e-01,8.392626467789618e-10
2.653456732817900e-01,8.389513772560681e-10
2.655586654741820e-01,8.386392769869454e-10
2.657716576665740e-01,8.383263494669795e-10
2.659846498589660e-01,8.380125982100391e-10
2.661976420513570e-01,8.376980267299945e-10
2.664106342437490e-01,8.373826385407116e-10
2.666236264361410e-01,8.370664371560605e-10
2.668366186285330e-01,8.367494260899102e-10
2.670496108209250e-01,8.364316088561296e-10
2.672626030133170e-01,8.361129889685873e-10
2.674755952057090e-01,8.357935699411520e-10
2.676885873981000e-01,8.354733552777583e-10
2.679015795904920e-01,8.351523484425878e-10
2.681145717828840e-01,8.348305528898896e-10
2.683275639752760e-01,8.345079720739114e-10
2.685405561676680e-01,8.341846094489006e-10
2.687535483600600e-01,8.338604684691046e-10
2.689665405524520e-01,8.335355525887708e-10
2.691795327448440e-01,8.332098652621471e-10
2.693925249372350e-01,8.328834099434821e-10
2.696055171296270e-01,8.325561900870206e-10
2.698185093220190e-01,8.322282092363737e-10
2.700315015144110e-01,8.318994712925131e-10
2.702444937068030e-01,8.315699802457304e-10
2.704574858991950e-01,8.312397400863164e-10
2.706704780915870e-01,8.309087548045623e-10
2.708834702839780e-01,8.305770283907606e-10
2.710964624763700e-01,8.302445648351997e-10
2.713094546687620e-01,8.299113681281716e-10
2.715224468611540e-01,8.295774422599679e-10
2.717354390535460e-01,8.292427912208795e-10
2.719484312459380e-01,8.289074187132590e-10
2.721614234383300e-01,8.285713272883365e-10
2.723744156307220e-01,8.282345192097209e-10
2.725874078231130e-01,8.278969967410220e-10
2.728004000155050e-01,8.275587621458451e-10
2.730133922078970e-01,8.272198176878002e-10
2.732263844002890e-01,8.268801656304958e-10
2.734393765926810e-01,8.265398082375404e-10
2.736523687850730e-01,8.261987477725424e-10
2.738653609774650e-01,8.258569864991101e-10
2.740783531698570e-01,8.255145277939155e-10
2.742913453622480e-01,8.251713794883336e-10
2.745043375546400e-01,8.248275505280215e-10
2.747173297470320e-01,8.244830498586421e-10
2.749303219394240e-01,8.241378864258562e-10
2.751433141318160e-01,8.237920691753246e-10
2.753563063242080e-01,8.234456070527082e-10
2.755692985166000e-01,8.230985090036678e-10
2.757822907089910e-01,8.227507839738659e-10
2.759952829013830e-01,8.224024409089603e-10
2.762082750937750e-01,8.220534846320406e-10
2.764212672861670e-01,8.217039034719330e-10
2.766342594785590e-01,8.213536816329051e-10
2.768472516709510e-01,8.210028033192244e-10
2.770602438633430e-01,8.206512527351578e-10
2.772732360557350e-01,8.202990140849731e-10
2.774862282481260e-01,8.199460715729394e-10
2.776992204405180e-01,8.195924094033205e-10
2.779122126329100e-01,8.192380117803857e-10
2.781252048253020e-01,8.188828629084022e-10
2.783381970176940e-01,8.185269624095129e-10
2.785511892100860e-01,8.181703715731697e-10
