7.791356504680618e-06,5.729660664236058e-09
8.610780621332552e-06,5.637246245963822e-09
9.516384324626089e-06,5.546249844082900e-09
1.051723120080771e-05,5.456679107450042e-09
1.162333806181051e-05,5.368540518399482e-09
1.284577519687474e-05,5.281839082605441e-09
1.419677716772344e-05,5.196577911627455e-09
1.568986525616830e-05,5.112757890475613e-09
1.733998278964274e-05,5.030377283995205e-09
1.916364469904539e-05,4.949431294165656e-09
2.117910280571951e-05,4.869912007068293e-09
2.340652849181556e-05,4.791807340618318e-09
2.586821458226360e-05,4.715101325036363e-09
2.858879845885812e-05,4.639773396333917e-09
3.159550863945590e-05,4.565798205456165e-09
3.491843729013453e-05,4.493145471172423e-09
3.859084139770492e-05,4.421780135236524e-09
4.264947561681323e-05,4.351662908304739e-09
4.713496012287843e-05,4.282751430084206e-09
5.209218715246060e-05,4.215002024524881e-09
5.757077029985334e-05,4.148371945700775e-09
6.362554106661115e-05,4.082821487270144e-09
7.031709763364645e-05,4.018315005205335e-09
7.771241134819200e-05,3.954819756553990e-09
8.588549699555374e-05,3.892302539682171e-09
9.491815356395940e-05,3.830726220216475e-09
1.049007829163263e-04,3.770049981613620e-09
1.159332945624905e-04,3.710234824226511e-09
1.281261055871622e-04,3.651248640348710e-09
1.416012457412214e-04,3.593062709520312e-09
1.564935787564811e-04,3.535644978603956e-09
1.729521521072439e-04,3.478964897337699e-09
1.911416887275217e-04,3.383123334545172e-09
2.112442356135248e-04,3.327962930928159e-09
2.334609858111876e-04,3.273513667531815e-09
2.580142920237960e-04,3.219771819476820e-09
2.851498919925769e-04,3.166731556478434e-09
3.151393679226079e-04,3.114388336940374e-09
3.482828645688079e-04,3.062736794561478e-09
3.849120931855259e-04,3.011771581304309e-09
4.253936514042669e-04,2.961487414298400e-09
4.701326922660057e-04,2.911878841226278e-09
5.195769791289974e-04,2.862940320086946e-09
5.742213670349657e-04,2.814666197189497e-09
6.346127553846864e-04,2.767051026593961e-09
7.013555614910102e-04,2.720088901772971e-09
7.751177697904812e-04,2.673774093210321e-09
8.566376172560946e-04,2.628100315810385e-09
9.467309819210534e-04,2.583058480002066e-09
1.046299548460350e-03,2.538639683276951e-09
1.156339832554060e-03,2.494835055143542e-09
1.277953154351212e-03,2.451419429644988e-09
1.405748469786333e-03,2.410592502600366e-09
1.533543785221454e-03,2.373986405152076e-09
1.661339100656575e-03,2.340896076626138e-09
1.789134416091696e-03,2.310616456348571e-09
1.916929731526817e-03,2.282538641687274e-09
2.000000000000000e-03,2.265355859576650e-09
2.044725046961939e-03,2.256437778090864e-09
2.172520362397060e-03,2.232154180874490e-09
2.300315677832181e-03,2.209482220021092e-09
2.428110993267302e-03,2.188212547086202e-09
2.555906308702423e-03,2.168155386712002e-09
2.683701624137544e-03,2.149199255899657e-09
2.811496939572665e-03,2.131252244743165e-09
2.939292255007787e-03,2.114222443336526e-09
3.067087570442908e-03,2.098017941773741e-09
3.194882885878029e-03,2.082554136063457e-09
3.322678201313150e-03,2.067775646167595e-09
3.450473516748271e-03,2.053634398110071e-09
3.578268832183392e-03,2.040082317914800e-09
3.706064147618514e-03,2.027071331605695e-09
3.833859463053635e-03,2.014556690990115e-09
3.961654778488756e-03,2.002506950963087e-09
4.089450093923877e-03,1.990893992180031e-09
4.217245409358998e-03,1.979689695296367e-09
4.345040724794119e-03,1.968865940967517e-09
4.472836040229241e-03,1.958396335832527e-09
4.600631355664362e-03,1.948261390509569e-09
4.728426671099482e-03,1.938443341622740e-09
4.856221986534604e-03,1.928924425796140e-09
4.984017301969726e-03,1.919686879653867e-09
5.111812617404846e-03,1.910713916967792e-09
5.239607932839968e-03,1.901992660073164e-09
5.367403248275089e-03,1.893511208439147e-09
5.495198563710209e-03,1.885257661534909e-09
5.622993879145331e-03,1.877220118829616e-09
5.750789194580453e-03,1.869387273213041e-09
5.878584510015573e-03,1.861750191264125e-09
6.006379825450694e-03,1.854300532985783e-09
6.134175140885816e-03,1.847029958380929e-09
6.261970456320937e-03,1.839930127452480e-09
6.389765771756058e-03,1.832993080231808e-09
6.517561087191179e-03,1.826212376847841e-09
6.645356402626300e-03,1.819581957449819e-09
6.773151718061422e-03,1.813095762186987e-09
6.900947033496543e-03,1.806747731208587e-09
7.028742348931663e-03,1.800532058806131e-09
7.156537664366785e-03,1.794443955839408e-09
7.284332979801906e-03,1.788478887310075e-09
7.412128295237027e-03,1.782632318219793e-09
7.539923610672148e-03,1.776899713570217e-09
7.667718926107269e-03,1.771276714740970e-09
7.795514241542391e-03,1.765759668629970e-09
7.923309556977513e-03,1.760345098516323e-09
8.051104872412632e-03,1.755029527679133e-09
8.178900187847754e-03,1.749809479397507e-09
8.306695503282877e-03,1.744681601916264e-09
8.434490818717996e-03,1.739643043340884e-09
8.562286134153118e-03,1.734691076741457e-09
8.690081449588239e-03,1.729822975188076e-09
8.817876765023359e-03,1.725036011750831e-09
8.945672080458482e-03,1.720327554805038e-09
9.073467395893601e-03,1.715695353949015e-09
9.201262711328723e-03,1.711137254087354e-09
9.329058026763846e-03,1.706651100124647e-09
9.456853342198965e-03,1.702234736965486e-09
9.584648657634087e-03,1.697886066566253e-09
9.712443973069206e-03,1.693603219088649e-09
9.840239288504329e-03,1.689384381745247e-09
9.968034603939451e-03,1.685227741748620e-09
1.009582991937457e-02,1.681131486311341e-09
1.022362523480969e-02,1.677093884049020e-09
1.035142055024482e-02,1.673113529190026e-09
1.047921586567993e-02,1.669189097366075e-09
1.060701118111506e-02,1.665319264208879e-09
1.073480649655018e-02,1.661502705350154e-09
1.086260181198530e-02,1.657738096421614e-09
1.099039712742042e-02,1.654024113054973e-09
1.111819244285554e-02,1.650359430881946e-09
1.124598775829066e-02,1.646742725534246e-09
1.137378307372578e-02,1.643172672643589e-09
1.150157838916090e-02,1.639648016488815e-09
1.162937370459603e-02,1.636167775917455e-09
1.175716902003114e-02,1.632731038414262e-09
1.188496433546627e-02,1.629336891463989e-09
1.201275965090139e-02,1.625984422551389e-09
1.214055496633651e-02,1.622672719161213e-09
1.226835028177163e-02,1.619400868778214e-09
1.239614559720675e-02,1.616167958887145e-09
1.252394091264187e-02,1.612973076972758e-09
1.265173622807700e-02,1.609815310519804e-09
1.277953154351211e-02,1.606693787186664e-09
1.290732685894724e-02,1.603607795340444e-09
1.303512217438236e-02,1.600556663528993e-09
1.316291748981748e-02,1.597539720300160e-09
1.329071280525260e-02,1.594556294201795e-09
1.341850812068772e-02,1.591605713781745e-09
1.354630343612284e-02,1.588687307587860e-09
1.367409875155796e-02,1.585800404167988e-09
1.380189406699308e-02,1.582944332069979e-09
1.392968938242821e-02,1.580118419841681e-09
1.405748469786333e-02,1.577322024131745e-09
1.418528001329845e-02,1.574554613993663e-09
1.431307532873357e-02,1.571815686582544e-09
1.444087064416869e-02,1.569104739053497e-09
1.456866595960381e-02,1.566421268561629e-09
1.469646127503893e-02,1.563764772262051e-09
1.482425659047405e-02,1.561134747309871e-09
1.495205190590917e-02,1.558530690860197e-09
1.507984722134430e-02,1.555952100068139e-09
1.520764253677942e-02,1.553398472088806e-09
1.533543785221454e-02,1.550869323340044e-09
1.546323316764966e-02,1.548364247286067e-09
1.559102848308478e-02,1.545882856651532e-09
1.571882379851990e-02,1.543424764161097e-09
1.584661911395502e-02,1.540989582539421e-09
1.597441442939014e-02,1.538576924511160e-09
1.610220974482527e-02,1.536186402800971e-09
1.623000506026039e-02,1.533817630133514e-09
1.635780037569551e-02,1.531470219233446e-09
1.648559569113063e-02,1.529143782825423e-09
1.661339100656575e-02,1.526837947555617e-09
1.674118632200087e-02,1.524552395761888e-09
1.686898163743599e-02,1.522286823706422e-09
1.699677695287111e-02,1.520040927651410e-09
1.712457226830624e-02,1.517814403859038e-09
1.725236758374135e-02,1.515606948591498e-09
1.738016289917648e-02,1.513418258110976e-09
1.750795821461160e-02,1.511248028679661e-09
1.763575353004672e-02,1.509095956559742e-09
1.776354884548184e-02,1.506961738013408e-09
1.789134416091696e-02,1.504845079516022e-09
1.801913947635208e-02,1.502745728396750e-09
1.814693479178720e-02,1.500663442198487e-09
1.827473010722232e-02,1.498597978464129e-09
1.840252542265745e-02,1.496549094736570e-09
1.853032073809257e-02,1.494516548558705e-09
1.865811605352769e-02,1.492500097473429e-09
1.878591136896281e-02,1.490499499023637e-09
1.891370668439793e-02,1.488514510752224e-09
1.904150199983305e-02,1.486544890202084e-09
1.916929731526817e-02,1.484590402604017e-09
1.929709263070329e-02,1.482650843938988e-09
1.942488794613842e-02,1.480726017875148e-09
1.955268326157353e-02,1.478815728080645e-09
1.968047857700866e-02,1.476919778223628e-09
1.980827389244378e-02,1.475037971972245e-09
1.993606920787890e-02,1.473170112994646e-09
2.006386452331402e-02,1.471316004958980e-09
2.019165983874914e-02,1.469475451533395e-09
2.031945515418426e-02,1.467648256386041e-09
2.044725046961939e-02,1.465834229061497e-09
2.057504578505450e-02,1.464033202612744e-09
2.070284110048963e-02,1.462245015970530e-09
2.083063641592475e-02,1.460469508065603e-09
2.095843173135987e-02,1.458706517828713e-09
2.108622704679499e-02,1.456955884190608e-09
2.121402236223011e-02,1.455217446082036e-09
2.134181767766523e-02,1.453491042433746e-09
2.146961299310035e-02,1.451776512176486e-09
2.159740830853547e-02,1.450073694241005e-09
2.172520362397060e-02,1.448382432122056e-09
2.185299893940572e-02,1.446702587571137e-09
2.198079425484084e-02,1.445034026904115e-09
2.210858957027596e-02,1.443376616436853e-09
2.223638488571108e-02,1.441730222485219e-09
2.236418020114620e-02,1.440094711365076e-09
2.249197551658132e-02,1.438469949392291e-09
2.261977083201644e-02,1.436855802882728e-09
2.274756614745157e-02,1.435252138152254e-09
2.287536146288669e-02,1.433658821516734e-09
2.300315677832181e-02,1.432075722883759e-09
2.313095209375693e-02,1.430502726527334e-09
2.325874740919205e-02,1.428939720312941e-09
2.338654272462717e-02,1.427386592106064e-09
2.351433804006229e-02,1.425843229772186e-09
2.364213335549741e-02,1.424309521176790e-09
2.376992867093253e-02,1.422785354185360e-09
2.389772398636766e-02,1.421270616663379e-09
2.402551930180278e-02,1.419765196476330e-09
2.415331461723790e-02,1.418268981489697e-09
2.428110993267302e-02,1.416781862426822e-09
2.440890524810814e-02,1.415303741441240e-09
2.453670056354326e-02,1.413834523543729e-09
2.466449587897838e-02,1.412374113745063e-09
2.479229119441350e-02,1.410922417056019e-09
2.492008650984863e-02,1.409479338487373e-09
2.504788182528375e-02,1.408044783049901e-09
2.517567714071887e-02,1.406618655754377e-09
2.530347245615399e-02,1.405200861611579e-09
2.543126777158911e-02,1.403791305632282e-09
2.555906308702423e-02,1.402389895137289e-09
2.568685840245935e-02,1.400996546687998e-09
2.581465371789447e-02,1.399611179156074e-09
2.594244903332960e-02,1.398233711413185e-09
2.607024434876471e-02,1.396864062330996e-09
2.619803966419984e-02,1.395502150781174e-09
2.632583497963496e-02,1.394147895635384e-09
2.645363029507008e-02,1.392801215765295e-09
2.658142561050520e-02,1.391462030042571e-09
2.670922092594032e-02,1.390130257338878e-09
2.683701624137544e-02,1.388805818389846e-09
2.696481155681056e-02,1.387488641386786e-09
2.709260687224568e-02,1.386178656384890e-09
2.722040218768081e-02,1.384875793439351e-09
2.734819750311593e-02,1.383579982605363e-09
2.747599281855105e-02,1.382291153938116e-09
2.760378813398617e-02,1.381009237492805e-09
2.773158344942129e-02,1.379734163324622e-09
2.785937876485641e-02,1.378465861488758e-09
2.798717408029153e-02,1.377204262040408e-09
2.811496939572665e-02,1.375949296603188e-09
2.824276471116178e-02,1.374700903073817e-09
2.837056002659689e-02,1.373459020917135e-09
2.849835534203202e-02,1.372223589597986e-09
2.862615065746714e-02,1.370994548581212e-09
2.875394597290226e-02,1.369771837331655e-09
2.888174128833738e-02,1.368555395314156e-09
2.900953660377250e-02,1.367345161993559e-09
2.913733191920762e-02,1.366141076834705e-09
2.926512723464274e-02,1.364943079302436e-09
2.939292255007787e-02,1.363751110136910e-09
2.952071786551299e-02,1.362565115179879e-09
2.964851318094811e-02,1.361385041548575e-09
2.977630849638323e-02,1.360210836360230e-09
2.990410381181835e-02,1.359042446732078e-09
3.003189912725347e-02,1.357879819781351e-09
3.015969444268859e-02,1.356722902625280e-09
3.028748975812371e-02,1.355571642381100e-09
3.041528507355883e-02,1.354425986166042e-09
3.054308038899396e-02,1.353285881097338e-09
3.067087570442908e-02,1.352151275382769e-09
3.079867101986420e-02,1.351022121592262e-09
3.092646633529932e-02,1.349898373386271e-09
3.105426165073444e-02,1.348779984425250e-09
3.118205696616956e-02,1.347666908369654e-09
3.130985228160468e-02,1.346559098879936e-09
3.143764759703981e-02,1.345456509616552e-09
3.156544291247493e-02,1.344359094239956e-09
3.169323822791005e-02,1.343266806410601e-09
3.182103354334517e-02,1.342179599788942e-09
3.194882885878029e-02,1.341097428953496e-09
3.207662417421541e-02,1.340020252154722e-09
3.220441948965053e-02,1.338948028560992e-09
3.233221480508566e-02,1.337880717340673e-09
3.246001012052077e-02,1.336818277662136e-09
3.258780543595589e-02,1.335760668693751e-09
3.271560075139102e-02,1.334707849603887e-09
3.284339606682614e-02,1.333659779560914e-09
3.297119138226126e-02,1.332616417733202e-09
3.309898669769638e-02,1.331577723289120e-09
3.322678201313150e-02,1.330543656175909e-09
3.335457732856662e-02,1.329514179456539e-09
3.348237264400174e-02,1.328489256972968e-09
3.361016795943687e-02,1.327468852567160e-09
3.373796327487198e-02,1.326452930081073e-09
3.386575859030710e-02,1.325441453356670e-09
3.399355390574223e-02,1.324434386235909e-09
3.412134922117735e-02,1.323431692560753e-09
3.424914453661247e-02,1.322433336173163e-09
3.437693985204759e-02,1.321439280915098e-09
3.450473516748271e-02,1.320449491307167e-09
3.463253048291783e-02,1.319463934584574e-09
3.476032579835295e-02,1.318482578661176e-09
3.488812111378808e-02,1.317505391450831e-09
3.501591642922319e-02,1.316532340867393e-09
3.514371174465832e-02,1.315563394824722e-09
3.527150706009344e-02,1.314598521236672e-09
3.539930237552856e-02,1.313637688017101e-09
3.552709769096368e-02,1.312680863079865e-09
3.565489300639881e-02,1.311728014338822e-09
3.578268832183392e-02,1.310779110241626e-09
3.591048363726904e-02,1.309834121370978e-09
3.603827895270417e-02,1.308893018843304e-09
3.616607426813929e-02,1.307955773775027e-09
3.629386958357441e-02,1.307022357282572e-09
3.642166489900953e-02,1.306092740482363e-09
3.654946021444465e-02,1.305166894490825e-09
3.667725552987977e-02,1.304244790424381e-09
3.680505084531489e-02,1.303326399399457e-09
3.693284616075002e-02,1.302411692532477e-09
3.706064147618514e-02,1.301500641515072e-09
3.718843679162025e-02,1.300593220339898e-09
3.731623210705538e-02,1.299689403574925e-09
3.744402742249050e-02,1.298789165788121e-09
3.757182273792562e-02,1.297892481547453e-09
3.769961805336074e-02,1.296999325420890e-09
3.782741336879586e-02,1.296109671976399e-09
3.795520868423098e-02,1.295223495781949e-09
3.808300399966610e-02,1.294340771405506e-09
3.821079931510123e-02,1.293461473415041e-09
3.833859463053635e-02,1.292585576728557e-09
3.846638994597146e-02,1.291713057664240e-09
3.859418526140659e-02,1.290843892890320e-09
3.872198057684171e-02,1.289978059075030e-09
3.884977589227683e-02,1.289115532886604e-09
3.897757120771195e-02,1.288256290993272e-09
3.910536652314707e-02,1.287400310063268e-09
3.923316183858219e-02,1.286547566764824e-09
3.936095715401731e-02,1.285698037766173e-09
3.948875246945244e-02,1.284851699735547e-09
3.961654778488756e-02,1.284008529724775e-09
3.974434310032268e-02,1.283168506319989e-09
3.987213841575780e-02,1.282331608490871e-09
3.999993373119292e-02,1.281497815207104e-09
4.012772904662804e-02,1.280667105438371e-09
4.025552436206317e-02,1.279839458154356e-09
4.038331967749829e-02,1.279014852324741e-09
4.051111499293340e-02,1.278193266919211e-09
4.063891030836853e-02,1.277374680907447e-09
4.076670562380365e-02,1.276559073259133e-09
4.089450093923877e-02,1.275746423297509e-09
4.102229625467389e-02,1.274936711760188e-09
4.115009157010902e-02,1.274129919738413e-09
4.127788688554413e-02,1.273326028323425e-09
4.140568220097925e-02,1.272525018606467e-09
4.153347751641438e-02,1.271726871678782e-09
4.166127283184950e-02,1.270931568631612e-09
4.178906814728462e-02,1.270139090556199e-09
4.191686346271974e-02,1.269349418543786e-09
4.204465877815486e-02,1.268562533685616e-09
4.217245409358998e-02,1.267778417341449e-09
4.230024940902510e-02,1.266997051945158e-09
4.242804472446023e-02,1.266218420199149e-09
4.255584003989534e-02,1.265442504805828e-09
4.268363535533046e-02,1.264669288467601e-09
4.281143067076559e-02,1.263898753886876e-09
4.293922598620071e-02,1.263130883766056e-09
4.306702130163583e-02,1.262365660807551e-09
4.319481661707095e-02,1.261603067713765e-09
4.332261193250607e-02,1.260843087187104e-09
4.345040724794119e-02,1.260085702190322e-09
4.357820256337631e-02,1.259330896727507e-09
4.370599787881144e-02,1.258578655063071e-09
4.383379319424656e-02,1.257828961461424e-09
4.396158850968167e-02,1.257081800186978e-09
4.408938382511680e-02,1.256337155504145e-09
4.421717914055192e-02,1.255595011677335e-09
4.434497445598704e-02,1.254855352970961e-09
4.447276977142216e-02,1.254118163649433e-09
4.460056508685728e-02,1.253383427977164e-09
4.472836040229240e-02,1.252651130444084e-09
4.485615571772752e-02,1.251921256442316e-09
4.498395103316265e-02,1.251193791589552e-09
4.511174634859777e-02,1.250468721503487e-09
4.523954166403289e-02,1.249746031801815e-09
4.536733697946801e-02,1.249025708102229e-09
4.549513229490313e-02,1.248307736022423e-09
4.562292761033825e-02,1.247592101180092e-09
4.575072292577338e-02,1.246878789192928e-09
4.587851824120850e-02,1.246167785678626e-09
4.600631355664361e-02,1.245459076458000e-09
4.613410887207874e-02,1.244752648164375e-09
4.626190418751386e-02,1.244048487634214e-09
4.638969950294898e-02,1.243346581703979e-09
4.651749481838410e-02,1.242646917210134e-09
4.664529013381922e-02,1.241949480989140e-09
4.677308544925434e-02,1.241254259877460e-09
4.690088076468946e-02,1.240561240711558e-09
4.702867608012459e-02,1.239870410327894e-09
4.715647139555971e-02,1.239181755562933e-09
4.728426671099482e-02,1.238495263433153e-09
4.741206202642995e-02,1.237810921675073e-09
4.753985734186507e-02,1.237128718205220e-09
4.766765265730019e-02,1.236448640940119e-09
4.779544797273531e-02,1.235770677796294e-09
4.792324328817044e-02,1.235094816690270e-09
4.805103860360555e-02,1.234421045538573e-09
4.817883391904067e-02,1.233749352257727e-09
4.830662923447580e-02,1.233079724764257e-09
4.843442454991092e-02,1.232412150974689e-09
4.856221986534604e-02,1.231746618969005e-09
4.869001518078116e-02,1.231083117480947e-09
4.881781049621628e-02,1.230421635407681e-09
4.894560581165140e-02,1.229762161646371e-09
4.907340112708652e-02,1.229104685094182e-09
4.920119644252165e-02,1.228449194648280e-09
4.932899175795677e-02,1.227795679205830e-09
4.945678707339188e-02,1.227144127663996e-09
4.958458238882701e-02,1.226494528919944e-09
4.971237770426213e-02,1.225846871870839e-09
4.984017301969725e-02,1.225201145557109e-09
4.996796833513237e-02,1.224557339592271e-09
5.000000000000000e-02,1.224396270574668e-09
5.009576365056749e-02,1.223915443726710e-09
5.022355896600261e-02,1.223275447654909e-09
5.035135428143774e-02,1.222637341042515e-09
5.047914959687286e-02,1.222001113554937e-09
5.060694491230798e-02,1.221366754857581e-09
5.073474022774310e-02,1.220734254615855e-09
5.086253554317822e-02,1.220103602495167e-09
5.099033085861334e-02,1.219474788160924e-09
5.111812617404846e-02,1.218847801445807e-09
5.124592148948359e-02,1.218222632851576e-09
5.137371680491870e-02,1.217599273047257e-09
5.150151212035382e-02,1.216977712701879e-09
5.162930743578895e-02,1.216357942484467e-09
5.175710275122407e-02,1.215739953064047e-09
5.188489806665919e-02,1.215123735109648e-09
5.201269338209431e-02,1.214509279290295e-09
5.214048869752943e-02,1.213896576275015e-09
5.226828401296455e-02,1.213285616732835e-09
5.239607932839967e-02,1.212676391399259e-09
5.252387464383480e-02,1.212068891275679e-09
5.265166995926992e-02,1.211463107429950e-09
5.277946527470503e-02,1.210859030929929e-09
5.290726059014016e-02,1.210256652843471e-09
5.303505590557528e-02,1.209655964238434e-09
5.316285122101040e-02,1.209056956182672e-09
5.329064653644552e-02,1.208459619744044e-09
5.341844185188065e-02,1.207863945990403e-09
5.354623716731576e-02,1.207269925989607e-09
5.367403248275088e-02,1.206677550953795e-09
5.380182779818601e-02,1.206086812672277e-09
5.392962311362113e-02,1.205497703078663e-09
5.405741842905625e-02,1.204910214106567e-09
5.418521374449137e-02,1.204324337689599e-09
5.431300905992649e-02,1.203740065761372e-09
5.444080437536161e-02,1.203157390255497e-09
5.456859969079673e-02,1.202576303105586e-09
5.469639500623186e-02,1.201996796245251e-09
5.482419032166697e-02,1.201418861608104e-09
5.495198563710210e-02,1.200842491204905e-09
5.507978095253722e-02,1.200267677355010e-09
5.520757626797234e-02,1.199694412454922e-09
5.533537158340746e-02,1.199122688901146e-09
5.546316689884258e-02,1.198552499090184e-09
5.559096221427770e-02,1.197983835418541e-09
5.571875752971282e-02,1.197416690282718e-09
5.584655284514795e-02,1.196851056079222e-09
5.597434816058307e-02,1.196286925204553e-09
5.610214347601819e-02,1.195724290055217e-09
5.622993879145331e-02,1.195163143120836e-09
5.635773410688843e-02,1.194603477263479e-09
5.648552942232355e-02,1.194045285438319e-09
5.661332473775867e-02,1.193488560600530e-09
5.674112005319380e-02,1.192933295705286e-09
5.686891536862891e-02,1.192379483707758e-09
5.699671068406403e-02,1.191827117563121e-09
5.712450599949916e-02,1.191276190226548e-09
5.725230131493428e-02,1.190726694653213e-09
5.738009663036940e-02,1.190178623798288e-09
5.750789194580452e-02,1.189631970695489e-09
5.763568726123964e-02,1.189086728692731e-09
5.776348257667476e-02,1.188542891216482e-09
5.789127789210988e-02,1.188000451693209e-09
5.801907320754501e-02,1.187459403549383e-09
5.814686852298013e-02,1.186919740211472e-09
5.827466383841524e-02,1.186381455105945e-09
5.840245915385037e-02,1.185844541659269e-09
5.853025446928549e-02,1.185308993297915e-09
5.865804978472061e-02,1.184774803448350e-09
5.878584510015573e-02,1.184241965610895e-09
5.891364041559085e-02,1.183710473581277e-09
5.904143573102597e-02,1.183180321229076e-09
5.916923104646109e-02,1.182651502423872e-09
5.929702636189622e-02,1.182124011035245e-09
5.942482167733134e-02,1.181597840932774e-09
5.955261699276646e-02,1.181072985986040e-09
5.968041230820158e-02,1.180549440064622e-09
5.980820762363670e-02,1.180027197038100e-09
5.993600293907182e-02,1.179506250776053e-09
6.006379825450694e-02,1.178986595214851e-09
6.019159356994207e-02,1.178468224558004e-09
6.031938888537718e-02,1.177951133075800e-09
6.044718420081231e-02,1.177435315038529e-09
6.057497951624743e-02,1.176920764716481e-09
6.070277483168255e-02,1.176407476379946e-09
6.083057014711767e-02,1.175895444299213e-09
6.095836546255279e-02,1.175384662744570e-09
6.108616077798791e-02,1.174875125986309e-09
6.121395609342303e-02,1.174366828294717e-09
6.134175140885816e-02,1.173859764001151e-09
6.146954672429328e-02,1.173353927681246e-09
6.159734203972840e-02,1.172849313971713e-09
6.172513735516352e-02,1.172345917509266e-09
6.185293267059864e-02,1.171843732930616e-09
6.198072798603376e-02,1.171342754872475e-09
6.210852330146888e-02,1.170842977971556e-09
6.223631861690401e-02,1.170344396864570e-09
6.236411393233912e-02,1.169847006188230e-09
6.249190924777424e-02,1.169350800579249e-09
6.261970456320937e-02,1.168855774730069e-09
6.274749987864449e-02,1.168361923556066e-09
6.287529519407961e-02,1.167869242028348e-09
6.300309050951473e-02,1.167377725118024e-09
6.313088582494986e-02,1.166887367796203e-09
6.325868114038498e-02,1.166398165033993e-09
6.338647645582010e-02,1.165910111802503e-09
6.351427177125522e-02,1.165423203072842e-09
6.364206708669033e-02,1.164937433816117e-09
6.376986240212545e-02,1.164452799003439e-09
6.389765771756058e-02,1.163969293656545e-09
6.402545303299570e-02,1.163486912999688e-09
6.415324834843082e-02,1.163005652307744e-09
6.428104366386594e-02,1.162525506855591e-09
6.440883897930107e-02,1.162046471918103e-09
6.453663429473619e-02,1.161568542770158e-09
6.466442961017131e-02,1.161091714686633e-09
6.479222492560642e-02,1.160615982942403e-09
6.492002024104154e-02,1.160141342812347e-09
6.504781555647667e-02,1.159667789571339e-09
6.517561087191179e-02,1.159195318541973e-09
6.530340618734691e-02,1.158723925237726e-09
6.543120150278203e-02,1.158253605219800e-09
6.555899681821716e-02,1.157784354049398e-09
6.568679213365228e-02,1.157316167287724e-09
6.581458744908740e-02,1.156849040495979e-09
6.594238276452252e-02,1.156382969235366e-09
6.607017807995763e-02,1.155917949067090e-09
6.619797339539275e-02,1.155453975552351e-09
6.632576871082788e-02,1.154991044252354e-09
6.645356402626300e-02,1.154529150767727e-09
6.658135934169812e-02,1.154068290856813e-09
6.670915465713324e-02,1.153608460317383e-09
6.683694997256837e-02,1.153149654947207e-09
6.696474528800349e-02,1.152691870544059e-09
6.709254060343861e-02,1.152235102905707e-09
6.722033591887373e-02,1.151779347829925e-09
6.734813123430886e-02,1.151324601114482e-09
6.747592654974396e-02,1.150870858557151e-09
6.760372186517909e-02,1.150418115955702e-09
6.773151718061421e-02,1.149966369161815e-09
6.785931249604933e-02,1.149515614242801e-09
6.798710781148445e-02,1.149065847319870e-09
6.811490312691958e-02,1.148617064514238e-09
6.824269844235470e-02,1.148169261947116e-09
6.837049375778982e-02,1.147722435739718e-09
6.849828907322494e-02,1.147276582013256e-09
6.862608438866007e-02,1.146831696888946e-09
6.875387970409517e-02,1.146387776487998e-09
6.888167501953030e-02,1.145944816931626e-09
6.900947033496542e-02,1.145502814347349e-09
6.913726565040054e-02,1.145061764887901e-09
6.926506096583566e-02,1.144621664712326e-09
6.939285628127079e-02,1.144182509979665e-09
6.952065159670591e-02,1.143744296848960e-09
6.964844691214103e-02,1.143307021479255e-09
6.977624222757615e-02,1.142870680029590e-09
6.990403754301128e-02,1.142435268659008e-09
7.003183285844640e-02,1.142000783526551e-09
7.015962817388151e-02,1.141567220791262e-09
7.028742348931663e-02,1.141134576682472e-09
7.041521880475175e-02,1.140702847710684e-09
7.054301412018688e-02,1.140272030456699e-09
7.067080943562200e-02,1.139842121501314e-09
7.079860475105712e-02,1.139413117425330e-09
7.092640006649224e-02,1.138985014809546e-09
7.105419538192737e-02,1.138557810234760e-09
7.118199069736249e-02,1.138131500281773e-09
7.130978601279761e-02,1.137706081531383e-09
7.152277820518949e-02,1.136999021444231e-09
7.173577039758135e-02,1.136294411702776e-09
7.194876258997322e-02,1.135592237029091e-09
7.216175478236508e-02,1.134892482255596e-09
7.237474697475696e-02,1.134195132214710e-09
7.258773916714882e-02,1.133500171738850e-09
7.280073135954070e-02,1.132807585660436e-09
7.301372355193256e-02,1.132117358811887e-09
7.322671574432443e-02,1.131429476025621e-09
7.343970793671629e-02,1.130743922134057e-09
7.365270012910817e-02,1.130060681969614e-09
7.386569232150003e-02,1.129379740618880e-09
7.407868451389191e-02,1.128701084185115e-09
7.429167670628377e-02,1.128024699025748e-09
7.450466889867564e-02,1.127350571498208e-09
7.471766109106751e-02,1.126678687959925e-09
7.493065328345938e-02,1.126009034768326e-09
7.514364547585124e-02,1.125341598280840e-09
7.535663766824312e-02,1.124676364854897e-09
7.556962986063498e-02,1.124013320847926e-09
7.578262205302685e-02,1.123352452617354e-09
7.599561424541872e-02,1.122693746703304e-09
7.620860643781059e-02,1.122037190376649e-09
7.642159863020245e-02,1.121382771090943e-09
7.663459082259433e-02,1.120730476299742e-09
7.684758301498619e-02,1.120080293456601e-09
7.706057520737807e-02,1.119432210015074e-09
7.727356739976993e-02,1.118786213428716e-09
7.748655959216180e-02,1.118142291151084e-09
7.769955178455366e-02,1.117500430635732e-09
7.791254397694554e-02,1.116860619336214e-09
7.812553616933740e-02,1.116222844878843e-09
7.833852836172928e-02,1.115587095580915e-09
7.855152055412114e-02,1.114953359932467e-09
7.876451274651301e-02,1.114321626423532e-09
7.897750493890487e-02,1.113691883544146e-09
7.919049713129675e-02,1.113064119784343e-09
7.940348932368861e-02,1.112438323634159e-09
7.961648151608049e-02,1.111814483583627e-09
7.982947370847235e-02,1.111192588122784e-09
8.004246590086422e-02,1.110572625741663e-09
8.025545809325609e-02,1.109954585083189e-09
8.046845028564796e-02,1.109338455401885e-09
8.068144247803982e-02,1.108724226105177e-09
8.089443467043170e-02,1.108111886600495e-09
8.110742686282357e-02,1.107501426295267e-09
8.132041905521543e-02,1.106892834596922e-09
8.153341124760730e-02,1.106286100912889e-09
8.174640343999917e-02,1.105681214650596e-09
8.195939563239105e-02,1.105078165217472e-09
8.217238782478291e-02,1.104476942020945e-09
8.238538001717477e-02,1.103877534608096e-09
8.259837220956665e-02,1.103279933084630e-09
8.281136440195852e-02,1.102684127695913e-09
8.302435659435038e-02,1.102090108687310e-09
8.323734878674224e-02,1.101497866304187e-09
8.345034097913412e-02,1.100907390791909e-09
8.366333317152599e-02,1.100318672395843e-09
8.387632536391786e-02,1.099731701361353e-09
8.408931755630973e-02,1.099146467933806e-09
8.430230974870159e-02,1.098562962358567e-09
8.451530194109347e-02,1.097981175006976e-09
8.472829413348533e-02,1.097401096754273e-09
8.494128632587720e-02,1.096822718601675e-09
8.515427851826907e-02,1.096246031550396e-09
8.536727071066094e-02,1.095671026601654e-09
8.558026290305280e-02,1.095097694756662e-09
8.579325509544468e-02,1.094526027016639e-09
8.600624728783654e-02,1.093956014382797e-09
8.621923948022842e-02,1.093387647856355e-09
8.643223167262028e-02,1.092820918438527e-09
8.664522386501215e-02,1.092255817243822e-09
8.685821605740401e-02,1.091692335839907e-09
8.707120824979589e-02,1.091130465907737e-09
8.728420044218775e-02,1.090570199128266e-09
8.749719263457963e-02,1.090011527182449e-09
8.771018482697149e-02,1.089454441751241e-09
8.792317701936336e-02,1.088898934515595e-09
8.813616921175522e-02,1.088344997156468e-09
8.834916140414710e-02,1.087792621354812e-09
8.856215359653896e-02,1.087241798791583e-09
8.877514578893084e-02,1.086692521245941e-09
8.898813798132270e-02,1.086144780889849e-09
8.920113017371457e-02,1.085598569993464e-09
8.941412236610644e-02,1.085053880826943e-09
8.962711455849831e-02,1.084510705660445e-09
8.984010675089017e-02,1.083969036764128e-09
9.005309894328205e-02,1.083428866408149e-09
9.026609113567391e-02,1.082890186862667e-09
9.047908332806578e-02,1.082352990397839e-09
9.069207552045766e-02,1.081817269283823e-09
9.090506771284952e-02,1.081283015888753e-09
9.111805990524138e-02,1.080750222972692e-09
9.133105209763326e-02,1.080218883393692e-09
9.154404429002513e-02,1.079688990009803e-09
9.175703648241700e-02,1.079160535679077e-09
9.197002867480886e-02,1.078633513259565e-09
9.218302086720073e-02,1.078107915609319e-09
9.239601305959261e-02,1.077583735586391e-09
9.260900525198447e-02,1.077060966048830e-09
9.282199744437633e-02,1.076539599854690e-09
9.303498963676821e-02,1.076019629928343e-09
9.324798182916008e-02,1.075501049459461e-09
9.346097402155194e-02,1.074983851704044e-09
9.367396621394380e-02,1.074468029918090e-09
9.388695840633568e-02,1.073953577357599e-09
9.409995059872756e-02,1.073440487278569e-09
9.431294279111942e-02,1.072928752936999e-09
9.452593498351128e-02,1.072418367588889e-09
9.473892717590315e-02,1.071909324490238e-09
9.495191936829503e-02,1.071401616897044e-09
9.516491156068689e-02,1.070895238163813e-09
9.537790375307875e-02,1.070390182039083e-09
9.559089594547063e-02,1.069886442369901e-09
9.580388813786250e-02,1.069384013003312e-09
9.601688033025436e-02,1.068882887786363e-09
9.622987252264624e-02,1.068383060566101e-09
9.644286471503810e-02,1.067884525189570e-09
9.665585690742998e-02,1.067387275503819e-09
9.686884909982184e-02,1.066891305355892e-09
9.708184129221371e-02,1.066396608592837e-09
9.729483348460558e-02,1.065903179116180e-09
9.750782567699745e-02,1.065411011045368e-09
9.772081786938931e-02,1.064920098554325e-09
9.793381006178119e-02,1.064430435816977e-09
9.814680225417305e-02,1.063942017007249e-09
9.835979444656492e-02,1.063454836299065e-09
9.857278663895679e-02,1.062968887866350e-09
9.878577883134866e-02,1.062484165883031e-09
9.899877102374052e-02,1.062000664523031e-09
9.921176321613240e-02,1.061518377960275e-09
9.942475540852426e-02,1.061037300438712e-09
9.963774760091614e-02,1.060557426482368e-09
9.985073979330800e-02,1.060078750685286e-09
1.000637319857000e-01,1.059601267641509e-09
1.002767241780920e-01,1.059124971945080e-09
1.004897163704840e-01,1.058649858190041e-09
1.007027085628750e-01,1.058175920970439e-09
1.009157007552670e-01,1.057703154880312e-09
1.011286929476590e-01,1.057231554513705e-09
1.013416851400510e-01,1.056761114464660e-09
1.015546773324430e-01,1.056291829382637e-09
1.017676695248350e-01,1.055823694138799e-09
1.019806617172270e-01,1.055356703659750e-09
1.021936539096190e-01,1.054890852872090e-09
1.024066461020100e-01,1.054426136702427e-09
1.026196382944020e-01,1.053962550077357e-09
1.028326304867940e-01,1.053500087923485e-09
1.030456226791860e-01,1.053038745167415e-09
1.032586148715780e-01,1.052578516735748e-09
1.034716070639700e-01,1.052119397555088e-09
1.036845992563620e-01,1.051661382604810e-09
1.038975914487540e-01,1.051204467075365e-09
1.041105836411450e-01,1.050748646209968e-09
1.043235758335370e-01,1.050293915251827e-09
1.045365680259290e-01,1.049840269444158e-09
1.047495602183210e-01,1.049387704030173e-09
1.049625524107130e-01,1.048936214253086e-09
1.051755446031050e-01,1.048485795356109e-09
1.053885367954970e-01,1.048036442582457e-09
1.056015289878880e-01,1.047588151175344e-09
1.058145211802800e-01,1.047140916426571e-09
1.060275133726720e-01,1.046694733822243e-09
1.062405055650640e-01,1.046249598897013e-09
1.064534977574560e-01,1.045805507185537e-09
1.066664899498480e-01,1.045362454222468e-09
1.068794821422400e-01,1.044920435542461e-09
1.070924743346320e-01,1.044479446680171e-09
1.073054665270230e-01,1.044039483170254e-09
1.075184587194150e-01,1.043600540547360e-09
1.077314509118070e-01,1.043162614346147e-09
1.079444431041990e-01,1.042725700147012e-09
1.081574352965910e-01,1.042289793713454e-09
1.083704274889830e-01,1.041854890854779e-09
1.085834196813750e-01,1.041420987380294e-09
1.087964118737660e-01,1.040988079099306e-09
1.090094040661580e-01,1.040556161821116e-09
1.092223962585500e-01,1.040125231355034e-09
1.094353884509420e-01,1.039695283510364e-09
1.096483806433340e-01,1.039266314096413e-09
1.098613728357260e-01,1.038838318922486e-09
1.100743650281180e-01,1.038411293839941e-09
1.102873572205100e-01,1.037985234868404e-09
1.105003494129010e-01,1.037560138069585e-09
1.107133416052930e-01,1.037135999505191e-09
1.109263337976850e-01,1.036712815236933e-09
1.111393259900770e-01,1.036290581326519e-09
1.113523181824690e-01,1.035869293835659e-09
1.115653103748610e-01,1.035448948826062e-09
1.117783025672530e-01,1.035029542359439e-09
1.119912947596450e-01,1.034611070497497e-09
1.122042869520360e-01,1.034193529340211e-09
1.124172791444280e-01,1.033776915140609e-09
1.126302713368200e-01,1.033361224189996e-09
1.128432635292120e-01,1.032946452779671e-09
1.130562557216040e-01,1.032532597200936e-09
1.132692479139960e-01,1.032119653745092e-09
1.134822401063880e-01,1.031707618703439e-09
1.136952322987790e-01,1.031296488367282e-09
1.139082244911710e-01,1.030886259027916e-09
1.141212166835630e-01,1.030476926976645e-09
1.143342088759550e-01,1.030068488539568e-09
1.145472010683470e-01,1.029660940181934e-09
1.147601932607390e-01,1.029254278403777e-09
1.149731854531310e-01,1.028848499705129e-09
1.151861776455230e-01,1.028443600586022e-09
1.153991698379140e-01,1.028039577546489e-09
1.156121620303060e-01,1.027636427086559e-09
1.158251542226980e-01,1.027234145706266e-09
1.160381464150900e-01,1.026832729905642e-09
1.162511386074820e-01,1.026432176184720e-09
1.164641307998740e-01,1.026032481075780e-09
1.166771229922660e-01,1.025633641240037e-09
1.168901151846570e-01,1.025235653370919e-09
1.171031073770490e-01,1.024838514161850e-09
1.173160995694410e-01,1.024442220306261e-09
1.175290917618330e-01,1.024046768497578e-09
1.177420839542250e-01,1.023652155429230e-09
1.179550761466170e-01,1.023258377794644e-09
1.181680683390090e-01,1.022865432287248e-09
1.183810605314010e-01,1.022473315600470e-09
1.185940527237920e-01,1.022082024458166e-09
1.188070449161840e-01,1.021691555705964e-09
1.190200371085760e-01,1.021301906219959e-09
1.192330293009680e-01,1.020913072876242e-09
1.194460214933600e-01,1.020525052550908e-09
1.196590136857520e-01,1.020137842120047e-09
1.198720058781440e-01,1.019751438459753e-09
1.200849980705360e-01,1.019365838446118e-09
1.202979902629270e-01,1.018981038955237e-09
1.205109824553190e-01,1.018597036863197e-09
1.207239746477110e-01,1.018213829074804e-09
1.209369668401030e-01,1.017831412609725e-09
1.211499590324950e-01,1.017449784516351e-09
1.213629512248870e-01,1.017068941843074e-09
1.215759434172790e-01,1.016688881638285e-09
1.217889356096700e-01,1.016309600950377e-09
1.220019278020620e-01,1.015931096827739e-09
1.222149199944540e-01,1.015553366318763e-09
1.224279121868460e-01,1.015176406471840e-09
1.226409043792380e-01,1.014800214335363e-09
1.228538965716300e-01,1.014424786984482e-09
1.230668887640220e-01,1.014050121601385e-09
1.232798809564140e-01,1.013676215395014e-09
1.234928731488050e-01,1.013303065574314e-09
1.237058653411970e-01,1.012930669348224e-09
1.239188575335890e-01,1.012559023925691e-09
1.241318497259810e-01,1.012188126515656e-09
1.243448419183730e-01,1.011817974327063e-09
1.245578341107650e-01,1.011448564568855e-09
1.247708263031570e-01,1.011079894449976e-09
1.249838184955480e-01,1.010711961203526e-09
1.251968106879400e-01,1.010344762159187e-09
1.254098028803320e-01,1.009978294670786e-09
1.256227950727240e-01,1.009612556092148e-09
1.258357872651160e-01,1.009247543777097e-09
1.260487794575080e-01,1.008883255079456e-09
1.262617716499000e-01,1.008519687353050e-09
1.264747638422920e-01,1.008156837951704e-09
1.266877560346830e-01,1.007794704229244e-09
1.269007482270750e-01,1.007433283539489e-09
1.271137404194670e-01,1.007072573259370e-09
1.273267326118590e-01,1.006712570858162e-09
1.275397248042510e-01,1.006353273828212e-09
1.277527169966430e-01,1.005994679661867e-09
1.279657091890350e-01,1.005636785851473e-09
1.281787013814270e-01,1.005279589889379e-09
1.283916935738180e-01,1.004923089267932e-09
1.286046857662100e-01,1.004567281479476e-09
1.288176779586020e-01,1.004212164016361e-09
1.290306701509940e-01,1.003857734370933e-09
1.292436623433860e-01,1.003503990054389e-09
1.294566545357780e-01,1.003150928653363e-09
1.296696467281700e-01,1.002798547773355e-09
1.298826389205610e-01,1.002446845019863e-09
1.300956311129530e-01,1.002095817998386e-09
1.303086233053450e-01,1.001745464314424e-09
1.305216154977370e-01,1.001395781573476e-09
1.307346076901290e-01,1.001046767381042e-09
1.309475998825210e-01,1.000698419342620e-09
1.311605920749130e-01,1.000350735063711e-09
1.313735842673050e-01,1.000003712172741e-09
1.315865764596960e-01,9.996573483898640e-10
1.317995686520880e-01,9.993116414581598e-10
1.320125608444800e-01,9.989665891207143e-10
1.322255530368720e-01,9.986221891206117e-10
1.324385452292640e-01,9.982784392009359e-10
1.326515374216560e-01,9.979353371047716e-10
1.328645296140480e-01,9.975928805752022e-10
1.330775218064400e-01,9.972510673553124e-10
1.332905139988310e-01,9.969098951881874e-10
1.335035061912230e-01,9.965693618335367e-10
1.337164983836150e-01,9.962294651175752e-10
1.339294905760070e-01,9.958902028831376e-10
1.341424827683990e-01,9.955515729730593e-10
1.343554749607910e-01,9.952135732301747e-10
1.345684671531830e-01,9.948762014973191e-10
1.347814593455740e-01,9.945394556173291e-10
1.349944515379660e-01,9.942033334330366e-10
1.352074437303580e-01,9.938678327872778e-10
1.354204359227500e-01,9.935329515228880e-10
1.356334281151420e-01,9.931986875013682e-10
1.358464203075340e-01,9.928650386588473e-10
1.360594124999260e-01,9.925320029501011e-10
1.362724046923180e-01,9.921995783299057e-10
1.364853968847090e-01,9.918677627530386e-10
1.366983890771010e-01,9.915365541742727e-10
1.369113812694930e-01,9.912059505483857e-10
1.371243734618850e-01,9.908759498301533e-10
1.373373656542770e-01,9.905465499743520e-10
1.375503578466690e-01,9.902177489357573e-10
1.377633500390610e-01,9.898895446850505e-10
1.379763422314520e-01,9.895619352565708e-10
1.381893344238440e-01,9.892349187005775e-10
1.384023266162360e-01,9.889084930673341e-10
1.386153188086280e-01,9.885826564071021e-10
1.388283110010200e-01,9.882574067701437e-10
1.390413031934120e-01,9.879327422067211e-10
1.392542953858040e-01,9.876086607670958e-10
1.394672875781960e-01,9.872851605015297e-10
1.396802797705870e-01,9.869622394602865e-10
1.398932719629790e-01,9.866398957086256e-10
1.401062641553710e-01,9.863181273718293e-10
1.403192563477630e-01,9.859969325901886e-10
1.405322485401550e-01,9.856763095039927e-10
1.407452407325470e-01,9.853562562535328e-10
1.409582329249390e-01,9.850367709790984e-10
1.411712251173300e-01,9.847178518209817e-10
1.413842173097220e-01,9.843994969194695e-10
1.415972095021140e-01,9.840817044148537e-10
1.418102016945060e-01,9.837644724474245e-10
1.420231938868980e-01,9.834477991716149e-10
1.422361860792900e-01,9.831316827984266e-10
1.424491782716820e-01,9.828161215530029e-10
1.426621704640740e-01,9.825011136604873e-10
1.428751626564650e-01,9.821866573460254e-10
1.430881548488570e-01,9.818727508347577e-10
1.433011470412490e-01,9.815593923518290e-10
1.435141392336410e-01,9.812465801223830e-10
1.437271314260330e-01,9.809343123715634e-10
1.439401236184250e-01,9.806225873245141e-10
1.441531158108170e-01,9.803114032199334e-10
1.443661080032090e-01,9.800007583507239e-10
1.445791001956000e-01,9.796906510233355e-10
1.447920923879920e-01,9.793810795442136e-10
1.450050845803840e-01,9.790720422198080e-10
1.452180767727760e-01,9.787635373565674e-10
1.454310689651680e-01,9.784555632609404e-10
1.456440611575600e-01,9.781481182393749e-10
1.458570533499520e-01,9.778412005983200e-10
1.460700455423430e-01,9.775348086442251e-10
1.462830377347350e-01,9.772289406967232e-10
1.464960299271270e-01,9.769235951281670e-10
1.467090221195190e-01,9.766187703240778e-10
1.469220143119110e-01,9.763144646699769e-10
1.471350065043030e-01,9.760106765513860e-10
1.473479986966950e-01,9.757074043538260e-10
1.475609908890870e-01,9.754046464628185e-10
1.477739830814780e-01,9.751024012638869e-10
1.479869752738700e-01,9.748006671425491e-10
1.481999674662620e-01,9.744994424843281e-10
1.484129596586540e-01,9.741987256863554e-10
1.486259518510460e-01,9.738985151922221e-10
1.488389440434380e-01,9.735988094571403e-10
1.490519362358300e-01,9.732996069363220e-10
1.492649284282220e-01,9.730009060849792e-10
1.494779206206130e-01,9.727027053583250e-10
1.496909128130050e-01,9.724050032115689e-10
1.499039050053970e-01,9.721077980999237e-10
1.501168971977890e-01,9.718110884786019e-10
1.503298893901810e-01,9.715148728028153e-10
1.505428815825730e-01,9.712191495407421e-10
1.507558737749650e-01,9.709239172124341e-10
1.509688659673560e-01,9.706291743509146e-10
1.511818581597480e-01,9.703349194892028e-10
1.513948503521400e-01,9.700411511603221e-10
1.516078425445320e-01,9.697478678972944e-10
1.518208347369240e-01,9.694550682331416e-10
1.520338269293160e-01,9.691627507008861e-10
1.522468191217080e-01,9.688709138335492e-10
1.524598113141000e-01,9.685795561641535e-10
1.526728035064910e-01,9.682886762291906e-10
1.528857956988830e-01,9.679982725790196e-10
1.530987878912750e-01,9.677083437674721e-10
1.533117800836670e-01,9.674188883483773e-10
1.535247722760590e-01,9.671299048755650e-10
1.537377644684510e-01,9.668413919028648e-10
1.539507566608430e-01,9.665533479841062e-10
1.541637488532340e-01,9.662657716731202e-10
1.543767410456260e-01,9.659786615237337e-10
1.545897332380180e-01,9.656920160897778e-10
1.548027254304100e-01,9.654058339606970e-10
1.550157176228020e-01,9.651201138683301e-10
1.552287098151940e-01,9.648348545800978e-10
1.554417020075860e-01,9.645500548634204e-10
1.556546941999780e-01,9.642657134857186e-10
1.558676863923690e-01,9.639818292144139e-10
1.560806785847610e-01,9.636984008169246e-10
1.562936707771530e-01,9.634154270606723e-10
1.565066629695450e-01,9.631329067130776e-10
1.567196551619370e-01,9.628508385415609e-10
1.569326473543290e-01,9.625692212273102e-10
1.571456395467210e-01,9.622880531063643e-10
1.573586317391130e-01,9.620073324284201e-10
1.575716239315040e-01,9.617270574431763e-10
1.577846161238960e-01,9.614472264003276e-10
1.579976083162880e-01,9.611678375495721e-10
1.582106005086800e-01,9.608888891406073e-10
1.584235927010720e-01,9.606103794231301e-10
1.586365848934640e-01,9.603323066468378e-10
1.588495770858560e-01,9.600546690614274e-10
1.590625692782470e-01,9.597774652835556e-10
1.592755614706390e-01,9.595006953981803e-10
1.594885536630310e-01,9.592243598574587e-10
1.597015458554230e-01,9.589484591135464e-10
1.599145380478150e-01,9.586729936185988e-10
1.601275302402070e-01,9.583979638247720e-10
1.603405224325990e-01,9.581233701842217e-10
1.605535146249910e-01,9.578492131491034e-10
1.607665068173820e-01,9.575754931715741e-10
1.609794990097740e-01,9.573022107037867e-10
1.611924912021660e-01,9.570293648708419e-10
1.614054833945580e-01,9.567569494895375e-10
1.616184755869500e-01,9.564849570495774e-10
1.618314677793420e-01,9.562133800406660e-10
1.620444599717340e-01,9.559422109525076e-10
1.622574521641260e-01,9.556714422748061e-10
1.624704443565170e-01,9.554010664972669e-10
1.626834365489090e-01,9.551310761095920e-10
1.628964287413010e-01,9.548614636014865e-10
1.631094209336930e-01,9.545922214626550e-10
1.633224131260850e-01,9.543233471768349e-10
1.635354053184770e-01,9.540548581980106e-10
1.637483975108690e-01,9.537867769712556e-10
1.639613897032600e-01,9.535191259416450e-10
1.641743818956520e-01,9.532519275542498e-10
1.643873740880440e-01,9.529852042541448e-10
1.646003662804360e-01,9.527189784864038e-10
1.648133584728280e-01,9.524532726961005e-10
1.650263506652200e-01,9.521881093283085e-10
1.652393428576120e-01,9.519235108281016e-10
1.654523350500040e-01,9.516594810346693e-10
1.656653272423950e-01,9.513959494085803e-10
1.658783194347870e-01,9.511328268269649e-10
1.660913116271790e-01,9.508700241669570e-10
1.663043038195710e-01,9.506074523056893e-10
1.665172960119630e-01,9.503450221202942e-10
1.667302882043550e-01,9.500826444879049e-10
1.669432803967470e-01,9.498202302856539e-10
1.671562725891380e-01,9.495576903906749e-10
1.673692647815300e-01,9.492949356800987e-10
1.675822569739220e-01,9.490319464298593e-10
1.677952491663140e-01,9.487689806488279e-10
1.680082413587060e-01,9.485063658135608e-10
1.682212335510980e-01,9.482444294006147e-10
1.684342257434900e-01,9.479834988865462e-10
1.686472179358820e-01,9.477239017479115e-10
1.688602101282730e-01,9.474659654612689e-10
1.690732023206650e-01,9.472100175031722e-10
1.692861945130570e-01,9.469563853501790e-10
1.694991867054490e-01,9.467053964788461e-10
1.697121788978410e-01,9.464571193151061e-10
1.699251710902330e-01,9.462105858883438e-10
1.701381632826250e-01,9.459645690802856e-10
1.703511554750170e-01,9.457178417726580e-10
1.705641476674080e-01,9.454691768471884e-10
1.707771398598000e-01,9.452173471856008e-10
1.709901320521920e-01,9.449611256696227e-10
1.712031242445840e-01,9.446992851809806e-10
1.714161164369760e-01,9.444305986014007e-10
1.716291086293680e-01,9.441538388126094e-10
1.718421008217600e-01,9.438687458193584e-10
1.720550930141510e-01,9.435789276483381e-10
1.722680852065430e-01,9.432889592141899e-10
1.724810773989350e-01,9.430034154315606e-10
1.726940695913270e-01,9.427268712150951e-10
1.729070617837190e-01,9.424639014794382e-10
1.731200539761110e-01,9.422190811392348e-10
1.733330461685030e-01,9.419969851091301e-10
1.735460383608950e-01,9.418021883037688e-10
1.737590305532860e-01,9.416392656377966e-10
1.739720227456780e-01,9.415091817801682e-10
1.741850149380700e-01,9.413984666303347e-10
1.743980071304620e-01,9.412900429480141e-10
1.746109993228540e-01,9.411668334929247e-10
1.748239915152460e-01,9.410117610247846e-10
1.750369837076380e-01,9.408077483033116e-10
1.752499759000290e-01,9.405377180882255e-10
1.754629680924210e-01,9.401845931392418e-10
1.756759602848130e-01,9.397312962160799e-10
1.758889524772050e-01,9.391607500784574e-10
1.761019446695970e-01,9.384693367275609e-10
1.763149368619890e-01,9.377073111788083e-10
1.765279290543810e-01,9.369384057192984e-10
1.767409212467730e-01,9.362263526361298e-10
1.769539134391640e-01,9.356348842164039e-10
1.771669056315560e-01,9.352277327472140e-10
1.773798978239480e-01,9.350686305156618e-10
1.775928900163400e-01,9.352213098088463e-10
1.778058822087320e-01,9.357495029138666e-10
1.780188744011240e-01,9.367169421178215e-10
1.782318665935160e-01,9.381371128705769e-10
1.784448587859070e-01,9.398224407918390e-10
1.786578509782990e-01,9.415350684169622e-10
1.788708431706910e-01,9.430371382812764e-10
1.790838353630830e-01,9.440907929201196e-10
1.792968275554750e-01,9.444581748688289e-10
1.795098197478670e-01,9.439014266627421e-10
1.797228119402590e-01,9.421826908371967e-10
1.799358041326510e-01,9.390641099275301e-10
1.801487963250420e-01,9.343078264691067e-10
1.803617885174340e-01,9.277777192283553e-10
1.805747807098260e-01,9.197446329610855e-10
1.807877729022180e-01,9.105811591868847e-10
1.810007650946100e-01,9.006598894253410e-10
1.812137572870020e-01,8.903534151960384e-10
1.814267494793940e-01,8.800343280185654e-10
1.816397416717860e-01,8.700752194125090e-10
1.818527338641770e-01,8.608486808974976e-10
1.820657260565690e-01,8.527273039930291e-10
1.822787182489610e-01,8.460836802187370e-10
1.824917104413530e-01,8.411891962114275e-10
1.827047026337450e-01,8.379105231170363e-10
1.829176948261370e-01,8.360131792121557e-10
1.831306870185290e-01,8.352626827733786e-10
1.833436792109200e-01,8.354245520772947e-10
1.835566714033120e-01,8.362643054004990e-10
1.837696635957040e-01,8.375474610195854e-10
1.839826557880960e-01,8.390395372111462e-10
1.841956479804880e-01,8.405060522517739e-10
1.844086401728800e-01,8.417125244180619e-10
1.846216323652720e-01,8.424740516573333e-10
1.848346245576640e-01,8.428039384157422e-10
1.850476167500550e-01,8.427650127339901e-10
1.852606089424470e-01,8.424201026527767e-10
1.854736011348390e-01,8.418320362128024e-10
1.856865933272310e-01,8.410636414547678e-10
1.858995855196230e-01,8.401777464193736e-10
1.861125777120150e-01,8.392371791473200e-10
1.863255699044070e-01,8.383047676793084e-10
1.865385620967990e-01,8.374433400560389e-10
1.867515542891900e-01,8.367024544781355e-10
1.869645464815820e-01,8.360785614409803e-10
1.871775386739740e-01,8.355548274236478e-10
1.873905308663660e-01,8.351144189052082e-10
1.876035230587580e-01,8.347405023647322e-10
1.878165152511500e-01,8.344162442812899e-10
1.880295074435420e-01,8.341248111339517e-10
1.882424996359330e-01,8.338493694017896e-10
1.884554918283250e-01,8.335730855638712e-10
1.886684840207170e-01,8.332791260992681e-10
1.888814762131090e-01,8.329542143692895e-10
1.890944684055010e-01,8.325993044667289e-10
1.893074605978930e-01,8.322189089680634e-10
1.895204527902850e-01,8.318175404497705e-10
1.897334449826770e-01,8.313997114883271e-10
1.899464371750680e-01,8.309699346602131e-10
1.901594293674600e-01,8.305327225419011e-10
1.903724215598520e-01,8.300925877098708e-10
1.905854137522440e-01,8.296540427405994e-10
1.907984059446360e-01,8.292216002105643e-10
1.910113981370280e-01,8.287988192996503e-10
1.912243903294200e-01,8.283854459206737e-10
1.914373825218110e-01,8.279802727495032e-10
1.916503747142030e-01,8.275820924620022e-10
1.918633669065950e-01,8.271896977340395e-10
1.920763590989870e-01,8.268018812414822e-10
1.922893512913790e-01,8.264174356601970e-10
1.925023434837710e-01,8.260351536660512e-10
1.927153356761630e-01,8.256538279349116e-10
1.929283278685550e-01,8.252722511426451e-10
1.931413200609460e-01,8.248894714673043e-10
1.933543122533380e-01,8.245055586945798e-10
1.935673044457300e-01,8.241208379118459e-10
1.937802966381220e-01,8.237356342064754e-10
1.939932888305140e-01,8.233502726658405e-10
1.942062810229060e-01,8.229650783773140e-10
1.944192732152980e-01,8.225803764282682e-10
1.946322654076900e-01,8.221964919060758e-10
1.948452576000810e-01,8.218137498981110e-10
1.950582497924730e-01,8.214324754917429e-10
1.952712419848650e-01,8.210529252550942e-10
1.954842341772570e-01,8.206750818714316e-10
1.956972263696490e-01,8.202988596008116e-10
1.959102185620410e-01,8.199241727032910e-10
1.961232107544330e-01,8.195509354389263e-10
1.963362029468240e-01,8.191790620677762e-10
1.965491951392160e-01,8.188084668498935e-10
1.967621873316080e-01,8.184390640453369e-10
1.969751795240000e-01,8.180707679141629e-10
1.971881717163920e-01,8.177034927164284e-10
1.974011639087840e-01,8.173371710140975e-10
1.976141561011760e-01,8.169718086059351e-10
1.978271482935680e-01,8.166074296072012e-10
1.980401404859590e-01,8.162440581331582e-10
1.982531326783510e-01,8.158817182990627e-10
1.984661248707430e-01,8.155204342201767e-10
1.986791170631350e-01,8.151602300117606e-10
1.988921092555270e-01,8.148011297890747e-10
1.991051014479190e-01,8.144431576673791e-10
1.993180936403110e-01,8.140863377619342e-10
1.995310858327020e-01,8.137306892454753e-10
1.997440780250940e-01,8.133762115188551e-10
1.999570702174860e-01,8.130228990395188e-10
2.001700624098780e-01,8.126707462649103e-10
2.003830546022700e-01,8.123197476524732e-10
2.005960467946620e-01,8.119698976596517e-10
2.008090389870540e-01,8.116211907438892e-10
2.010220311794460e-01,8.112736213626294e-10
2.012350233718370e-01,8.109271839733179e-10
2.014480155642290e-01,8.105818730333952e-10
2.016610077566210e-01,8.102376842897687e-10
2.018739999490130e-01,8.098946186460622e-10
2.020869921414050e-01,8.095526782947963e-10
2.022999843337970e-01,8.092118654284916e-10
2.025129765261890e-01,8.088721822396689e-10
2.027259687185810e-01,8.085336309208485e-10
2.029389609109720e-01,8.081962136645530e-10
2.031519531033640e-01,8.078599326632996e-10
2.033649452957560e-01,8.075247901096105e-10
2.035779374881480e-01,8.071907881960064e-10
2.037909296805400e-01,8.068579287311844e-10
2.040039218729320e-01,8.065262119893578e-10
2.042169140653240e-01,8.061956378613214e-10
2.044299062577150e-01,8.058662062378716e-10
2.046428984501070e-01,8.055379170098003e-10
2.048558906424990e-01,8.052107700679040e-10
2.050688828348910e-01,8.048847653029773e-10
2.052818750272830e-01,8.045599026058152e-10
2.054948672196750e-01,8.042361818672127e-10
2.057078594120670e-01,8.039136029779645e-10
2.059208516044590e-01,8.035921659077037e-10
2.061338437968500e-01,8.032718709415970e-10
2.063468359892420e-01,8.029527184437348e-10
2.065598281816340e-01,8.026347087782122e-10
2.067728203740260e-01,8.023178423091228e-10
2.069858125664180e-01,8.020021194005602e-10
2.071988047588100e-01,8.016875404166176e-10
2.074117969512020e-01,8.013741057213888e-10
2.076247891435940e-01,8.010618156789674e-10
2.078377813359850e-01,8.007506706534482e-10
2.080507735283770e-01,8.004406709149607e-10
2.082637657207690e-01,8.001318163576946e-10
2.084767579131610e-01,7.998241067818276e-10
2.086897501055530e-01,7.995175419875376e-10
2.089027422979450e-01,7.992121217750025e-10
2.091157344903370e-01,7.989078459443998e-10
2.093287266827280e-01,7.986047142959084e-10
2.095417188751200e-01,7.983027266297038e-10
2.097547110675120e-01,7.980018827459646e-10
2.099677032599040e-01,7.977021824448690e-10
2.101806954522960e-01,7.974036256077405e-10
2.103936876446880e-01,7.971062124404715e-10
2.106066798370800e-01,7.968099432300928e-10
2.108196720294720e-01,7.965148182636357e-10
2.110326642218630e-01,7.962208378281322e-10
2.112456564142550e-01,7.959280022106108e-10
2.114586486066470e-01,7.956363116981034e-10
2.116716407990390e-01,7.953457665776414e-10
2.118846329914310e-01,7.950563671362553e-10
2.120976251838230e-01,7.947681136609764e-10
2.123106173762150e-01,7.944810062812185e-10
2.125236095686060e-01,7.941950444961527e-10
2.127366017609980e-01,7.939102276474410e-10
2.129495939533900e-01,7.936265550767493e-10
2.131625861457820e-01,7.933440261257421e-10
2.133755783381740e-01,7.930626401360840e-10
2.135885705305660e-01,7.927823964494395e-10
2.138015627229580e-01,7.925032944074734e-10
2.140145549153500e-01,7.922253333518500e-10
2.142275471077410e-01,7.919485126242355e-10
2.144405393001330e-01,7.916728316314085e-10
2.146535314925250e-01,7.913982900404481e-10
2.148665236849170e-01,7.911248875834622e-10
2.150795158773090e-01,7.908526239925588e-10
2.152925080697010e-01,7.905814989998460e-10
2.155055002620930e-01,7.903115123374319e-10
2.157184924544850e-01,7.900426637374245e-10
2.159314846468760e-01,7.897749529319333e-10
2.161444768392680e-01,7.895083796530636e-10
2.163574690316600e-01,7.892429436329249e-10
2.165704612240520e-01,7.889786445552731e-10
2.167834534164440e-01,7.887154819103729e-10
2.169964456088360e-01,7.884534551400942e-10
2.172094378012280e-01,7.881925636863073e-10
2.174224299936190e-01,7.879328069908835e-10
2.176354221860110e-01,7.876741844956907e-10
2.178484143784030e-01,7.874166956426001e-10
2.180614065707950e-01,7.871603398734820e-10
2.182743987631870e-01,7.869051166302067e-10
2.184873909555790e-01,7.866510253546441e-10
2.187003831479710e-01,7.863980654618002e-10
2.189133753403630e-01,7.861462362592095e-10
2.191263675327540e-01,7.858955370275364e-10
2.193393597251460e-01,7.856459670474418e-10
2.195523519175380e-01,7.853975255995903e-10
2.197653441099300e-01,7.851502119646450e-10
2.199783363023220e-01,7.849040254232692e-10
2.201913284947140e-01,7.846589652561261e-10
2.204043206871060e-01,7.844150307438792e-10
2.206173128794970e-01,7.841722211671928e-10
2.208303050718890e-01,7.839305357898799e-10
2.210432972642810e-01,7.836899738083772e-10
2.212562894566730e-01,7.834505344022782e-10
2.214692816490650e-01,7.832122167511765e-10
2.216822738414570e-01,7.829750200346659e-10
2.218952660338490e-01,7.827389434323399e-10
2.221082582262410e-01,7.825039861237921e-10
2.223212504186320e-01,7.822701472886172e-10
2.225342426110240e-01,7.820374261064068e-10
2.227472348034160e-01,7.818058217567554e-10
2.229602269958080e-01,7.815753333956706e-10
2.231732191882000e-01,7.813459600848603e-10
2.233862113805920e-01,7.811177008624697e-10
2.235992035729840e-01,7.808905547666438e-10
2.238121957653760e-01,7.806645208355277e-10
2.240251879577670e-01,7.804395981072675e-10
2.242381801501590e-01,7.802157856200059e-10
2.244511723425510e-01,7.799930824118895e-10
2.246641645349430e-01,7.797714875210629e-10
2.248771567273350e-01,7.795509999856712e-10
2.250901489197270e-01,7.793316188241288e-10
2.253031411121190e-01,7.791133429758790e-10
2.255161333045100e-01,7.788961713606113e-10
2.257291254969020e-01,7.786801028980120e-10
2.259421176892940e-01,7.784651365077708e-10
2.261551098816860e-01,7.782512711095761e-10
2.263681020740780e-01,7.780385056231163e-10
2.265810942664700e-01,7.778268389680802e-10
2.267940864588620e-01,7.776162700641559e-10
2.270070786512540e-01,7.774067978310322e-10
2.272200708436450e-01,7.771984211685169e-10
2.274330630360370e-01,7.769911388968660e-10
2.276460552284290e-01,7.767849498164450e-10
2.278590474208210e-01,7.765798527276183e-10
2.280720396132130e-01,7.763758464307502e-10
2.282850318056050e-01,7.761729297262052e-10
2.284980239979970e-01,7.759711014143479e-10
2.287110161903880e-01,7.757703602955436e-10
2.289240083827800e-01,7.755707051701549e-10
2.291370005751720e-01,7.753721348385471e-10
2.293499927675640e-01,7.751746480822355e-10
2.295629849599560e-01,7.749782436073386e-10
2.297759771523480e-01,7.747829201011264e-10
2.299889693447400e-01,7.745886762508683e-10
2.302019615371320e-01,7.743955107438344e-10
2.304149537295230e-01,7.742034222672949e-10
2.306279459219150e-01,7.740124095085179e-10
2.308409381143070e-01,7.738224711547742e-10
2.310539303066990e-01,7.736336058933332e-10
2.312669224990910e-01,7.734458124114648e-10
2.314799146914830e-01,7.732590893783681e-10
2.316929068838750e-01,7.730734353909830e-10
2.319058990762670e-01,7.728888490281904e-10
2.321188912686580e-01,7.727053288688716e-10
2.323318834610500e-01,7.725228734919057e-10
2.325448756534420e-01,7.723414814761742e-10
2.327578678458340e-01,7.721611514005582e-10
2.329708600382260e-01,7.719818818439382e-10
2.331838522306180e-01,7.718036713851949e-10
2.333968444230100e-01,7.716265186032090e-10
2.336098366154010e-01,7.714504220596122e-10
2.338228288077930e-01,7.712753802470761e-10
2.340358210001850e-01,7.711013916410469e-10
2.342488131925770e-01,7.709284547169694e-10
2.344618053849690e-01,7.707565679502886e-10
2.346747975773610e-01,7.705857298164496e-10
2.348877897697530e-01,7.704159387908974e-10
2.351007819621450e-01,7.702471933490772e-10
2.353137741545360e-01,7.700794919664345e-10
2.355267663469280e-01,7.699128331184131e-10
2.357397585393200e-01,7.697472152640453e-10
2.359527507317120e-01,7.695826367966787e-10
2.361657429241040e-01,7.694190960932320e-10
2.363787351164960e-01,7.692565915306238e-10
2.365917273088880e-01,7.690951214857730e-10
2.368047195012800e-01,7.689346843355979e-10
2.370177116936710e-01,7.687752784570183e-10
2.372307038860630e-01,7.686169022269513e-10
2.374436960784550e-01,7.684595540223161e-10
2.376566882708470e-01,7.683032322200316e-10
2.378696804632390e-01,7.681479351814178e-10
2.380826726556310e-01,7.679936612053891e-10
2.382956648480230e-01,7.678404085752564e-10
2.385086570404140e-01,7.676881755743310e-10
2.387216492328060e-01,7.675369604859222e-10
2.389346414251980e-01,7.673867615933415e-10
2.391476336175900e-01,7.672375771798996e-10
2.393606258099820e-01,7.670894055289069e-10
2.395736180023740e-01,7.669422449236745e-10
2.397866101947660e-01,7.667960936475130e-10
2.399996023871580e-01,7.666509499689449e-10
2.402125945795490e-01,7.665068120973494e-10
2.404255867719410e-01,7.663636782273194e-10
2.406385789643330e-01,7.662215465534505e-10
2.408515711567250e-01,7.660804152703371e-10
2.410645633491170e-01,7.659402825725735e-10
2.412775555415090e-01,7.658011466547546e-10
2.414905477339010e-01,7.656630057114747e-10
2.417035399262920e-01,7.655258579373290e-10
2.419165321186840e-01,7.653897015269109e-10
2.421295243110760e-01,7.652545346608333e-10
2.423425165034680e-01,7.651203554638050e-10
2.425555086958600e-01,7.649871620465656e-10
2.427685008882520e-01,7.648549525198546e-10
2.429814930806440e-01,7.647237249944112e-10
2.431944852730360e-01,7.645934775809749e-10
2.434074774654270e-01,7.644642083902859e-10
2.436204696578190e-01,7.643359155330820e-10
2.438334618502110e-01,7.642085971201036e-10
2.440464540426030e-01,7.640822512620901e-10
2.442594462349950e-01,7.639568760566192e-10
2.444724384273870e-01,7.638324695485890e-10
2.446854306197790e-01,7.637090297697191e-10
2.448984228121710e-01,7.635865547517287e-10
2.451114150045620e-01,7.634650425263380e-10
2.453244071969540e-01,7.633444911252651e-10
2.455373993893460e-01,7.632248985802303e-10
2.457503915817380e-01,7.631062629229529e-10
2.459633837741300e-01,7.629885821851522e-10
2.461763759665220e-01,7.628718543985479e-10
2.463893681589140e-01,7.627560775824911e-10
2.466023603513050e-01,7.626412497068433e-10
2.468153525436970e-01,7.625273687290881e-10
2.470283447360890e-01,7.624144326067104e-10
2.472413369284810e-01,7.623024392971946e-10
2.474543291208730e-01,7.621913867580252e-10
2.476673213132650e-01,7.620812729466867e-10
2.478803135056570e-01,7.619720958206635e-10
2.480933056980490e-01,7.618638533374402e-10
2.483062978904400e-01,7.617565434545015e-10
2.485192900828320e-01,7.616501641177492e-10
2.487322822752240e-01,7.615447132267571e-10
2.489452744676160e-01,7.614401886695161e-10
2.491582666600080e-01,7.613365883340174e-10
2.493712588524000e-01,7.612339101082517e-10
2.495842510447920e-01,7.611321518802098e-10
2.497972432371830e-01,7.610313115378834e-10
2.500102354295750e-01,7.609313869692620e-10
2.502232276219670e-01,7.608323760623375e-10
2.504362198143590e-01,7.607342767051004e-10
2.506492120067510e-01,7.606370867747372e-10
2.508622041991430e-01,7.605408041052274e-10
2.510751963915350e-01,7.604454265197517e-10
2.512881885839270e-01,7.603509518414913e-10
2.515011807763180e-01,7.602573778936274e-10
2.517141729687100e-01,7.601647024993401e-10
2.519271651611020e-01,7.600729234818107e-10
2.521401573534940e-01,7.599820386642201e-10
2.523531495458860e-01,7.598920458697492e-10
2.525661417382780e-01,7.598029429215791e-10
2.527791339306700e-01,7.597147276328497e-10
2.529921261230620e-01,7.596273977765613e-10
2.532051183154530e-01,7.595409511156853e-10
2.534181105078450e-01,7.594553854131923e-10
2.536311027002370e-01,7.593706984320538e-10
2.538440948926290e-01,7.592868879352407e-10
2.540570870850210e-01,7.592039516857245e-10
2.542700792774130e-01,7.591218874464764e-10
2.544830714698050e-01,7.590406929804673e-10
2.546960636621960e-01,7.589603660506689e-10
2.549090558545880e-01,7.588809044107913e-10
2.551220480469800e-01,7.588023057774853e-10
2.553350402393720e-01,7.587245678581316e-10
2.555480324317640e-01,7.586476883601112e-10
2.557610246241560e-01,7.585716649908046e-10
2.559740168165480e-01,7.584964954575925e-10
2.561870090089400e-01,7.584221774678557e-10
2.564000012013310e-01,7.583487087289754e-10
2.566129933937230e-01,7.582760869483312e-10
2.568259855861150e-01,7.582043098333046e-10
2.570389777785070e-01,7.581333750827179e-10
2.572519699708990e-01,7.580632803611547e-10
2.574649621632910e-01,7.579940233246365e-10
2.576779543556830e-01,7.579256016291848e-10
2.578909465480740e-01,7.578580129308220e-10
2.581039387404660e-01,7.577912548855689e-10
2.583169309328580e-01,7.577253251494476e-10
2.585299231252500e-01,7.576602213784796e-10
2.587429153176420e-01,7.575959412286870e-10
2.589559075100340e-01,7.575324823560912e-10
2.591688997024260e-01,7.574698424090449e-10
2.593818918948180e-01,7.574080190052291e-10
2.595948840872090e-01,7.573470097546577e-10
2.598078762796010e-01,7.572868122673435e-10
2.600208684719930e-01,7.572274241533002e-10
2.602338606643850e-01,7.571688430225417e-10
2.604468528567770e-01,7.571110664850812e-10
2.606598450491690e-01,7.570540921509325e-10
2.608728372415610e-01,7.569979176301090e-10
2.610858294339530e-01,7.569425405326244e-10
2.612988216263440e-01,7.568879584610078e-10
2.615118138187360e-01,7.568341689878625e-10
2.617248060111280e-01,7.567811696783139e-10
2.619377982035200e-01,7.567289580974876e-10
2.621507903959120e-01,7.566775318105090e-10
2.623637825883040e-01,7.566268883825031e-10
2.625767747806960e-01,7.565770253785957e-10
2.627897669730870e-01,7.565279403639121e-10
2.630027591654790e-01,7.564796309035774e-10
2.632157513578710e-01,7.564320945627169e-10
2.634287435502630e-01,7.563853289015959e-10
2.636417357426550e-01,7.563393314610248e-10
2.638547279350470e-01,7.562940997769469e-10
2.640677201274390e-01,7.562496313853059e-10
2.642807123198310e-01,7.562059238220449e-10
2.644937045122220e-01,7.561629746231077e-10
2.647066967046140e-01,7.561207813244374e-10
2.649196888970060e-01,7.560793414619776e-10
2.651326810893980e-01,7.560386525716717e-10
2.653456732817900e-01,7.559987121894631e-10
2.655586654741820e-01,7.559595178400186e-10
2.657716576665740e-01,7.559210670028803e-10
2.659846498589660e-01,7.558833571463052e-10
2.661976420513570e-01,7.558463857385506e-10
2.664106342437490e-01,7.558101502478729e-10
2.666236264361410e-01,7.557746481425292e-10
2.668366186285330e-01,7.557398768907769e-10
2.670496108209250e-01,7.557058339608723e-10
2.672626030133170e-01,7.556725168210729e-10
2.674755952057090e-01,7.556399229396355e-10
2.676885873981000e-01,7.556080498007513e-10
2.679015795904920e-01,7.555768949523515e-10
2.681145717828840e-01,7.555464559583039e-10
2.683275639752760e-01,7.555167303824766e-10
2.685405561676680e-01,7.554877157887374e-10
2.687535483600600e-01,7.554594097409537e-10
2.689665405524520e-01,7.554318098029935e-10
2.691795327448440e-01,7.554049135387245e-10
2.693925249372350e-01,7.553787185120149e-10
2.696055171296270e-01,7.553532222867319e-10
2.698185093220190e-01,7.553284223442588e-10
2.700315015144110e-01,7.553043158361197e-10
2.702444937068030e-01,7.552808998313940e-10
2.704574858991950e-01,7.552581713991608e-10
2.706704780915870e-01,7.552361276084995e-10
2.708834702839780e-01,7.552147655284890e-10
2.710964624763700e-01,7.551940822282086e-10
2.713094546687620e-01,7.551740747767378e-10
2.715224468611540e-01,7.551547402431555e-10
2.717354390535460e-01,7.551360756965412e-10
2.719484312459380e-01,7.551180784940222e-10
2.721614234383300e-01,7.551007471442853e-10
2.723744156307220e-01,7.550840804437490e-10
2.725874078231130e-01,7.550680771888316e-10
2.728004000155050e-01,7.550527361759515e-10
2.730133922078970e-01,7.550380562015268e-10
2.732263844002890e-01,7.550240360619762e-10
2.734393765926810e-01,7.550106745537179e-10
2.736523687850730e-01,7.549979704731702e-10
2.738653609774650e-01,7.549859226167514e-10
2.740783531698570e-01,7.549745286901742e-10
2.742913453622480e-01,7.549637820339306e-10
2.745043375546400e-01,7.549536748966059e-10
2.747173297470320e-01,7.549441995267872e-10
2.749303219394240e-01,7.549353481730601e-10
2.751433141318160e-01,7.549271130840111e-10
2.753563063242080e-01,7.549194865082263e-10
2.755692985166000e-01,7.549124606942919e-10
2.757822907089910e-01,7.549060278907943e-10
2.759952829013830e-01,7.549001803463194e-10
2.762082750937750e-01,7.548949143674745e-10
2.764212672861670e-01,7.548902424968589e-10
2.766342594785590e-01,7.548861813370484e-10
2.768472516709510e-01,7.548827474906187e-10
2.770602438633430e-01,7.548799575601450e-10
2.772732360557350e-01,7.548778281482029e-10
2.774862282481260e-01,7.548763758573680e-10
2.776992204405180e-01,7.548756172902160e-10
2.779122126329100e-01,7.548755690493222e-10
2.781252048253020e-01,7.548762477372621e-10
2.783381970176940e-01,7.548776547961740e-10
2.785511892100860e-01,7.548797310305657e-10
