7.791356504680618e-06,4.701882617958948e-09
8.610780621332552e-06,4.636476725827246e-09
9.516384324626089e-06,4.571877689649429e-09
1.051723120080771e-05,4.508076163949312e-09
1.162333806181051e-05,4.445060271713133e-09
1.284577519687474e-05,4.382819602158326e-09
1.419677716772344e-05,4.321342079267957e-09
1.568986525616830e-05,4.260616243543918e-09
1.733998278964274e-05,4.200630519951973e-09
1.916364469904539e-05,4.141373064607323e-09
2.117910280571951e-05,4.082832917800683e-09
2.340652849181556e-05,4.024997462118335e-09
2.586821458226360e-05,3.967856238138766e-09
2.858879845885812e-05,3.911397229419547e-09
3.159550863945590e-05,3.855609510272483e-09
3.491843729013453e-05,3.800484291430739e-09
3.859084139770492e-05,3.746014144529725e-09
4.264947561681323e-05,3.692191740585930e-09
4.713496012287843e-05,3.639009855407394e-09
5.209218715246060e-05,3.586461107901855e-09
5.757077029985334e-05,3.534538416306773e-09
6.362554106661115e-05,3.483235009522645e-09
7.031709763364645e-05,3.432543618351529e-09
7.771241134819200e-05,3.382457592540181e-09
8.588549699555374e-05,3.332969919687707e-09
9.491815356395940e-05,3.284074198549415e-09
1.049007829163263e-04,3.235763583263601e-09
1.159332945624905e-04,3.188031386467889e-09
1.281261055871622e-04,3.140871731077905e-09
1.416012457412214e-04,3.094277691807331e-09
1.564935787564811e-04,3.048243184636291e-09
1.729521521072439e-04,3.002761774516861e-09
1.911416887275217e-04,2.957827644281190e-09
2.112442356135248e-04,2.913434571246633e-09
2.334609858111876e-04,2.869576541027944e-09
2.580142920237960e-04,2.826247714925126e-09
2.851498919925769e-04,2.783442242493513e-09
3.151393679226079e-04,2.741154503147762e-09
3.482828645688079e-04,2.699378641808019e-09
3.849120931855259e-04,2.658109150256275e-09
4.253936514042669e-04,2.617340772580693e-09
4.701326922660057e-04,2.577067848776863e-09
5.195769791289974e-04,2.537285321367573e-09
5.742213670349657e-04,2.497987837623452e-09
6.346127553846864e-04,2.459170397927753e-09
7.013555614910102e-04,2.420828298616667e-09
7.751177697904812e-04,2.382956254789000e-09
8.566376172560946e-04,2.345549839960120e-09
9.467309819210534e-04,2.308604172332309e-09
1.046299548460350e-03,2.272114489942223e-09
1.156339832554060e-03,2.236076256375921e-09
1.277953154351212e-03,2.200310665505204e-09
1.405748469786333e-03,2.166631393889040e-09
1.533543785221454e-03,2.136391809305412e-09
1.661339100656575e-03,2.109021221280726e-09
1.789134416091696e-03,2.083948939341388e-09
1.916929731526817e-03,2.060681777848014e-09
2.000000000000000e-03,2.046433949868240e-09
2.044725046961939e-03,2.039036103655761e-09
2.172520362397060e-03,2.018881021915433e-09
2.300315677832181e-03,2.000048917117682e-09
2.428110993267302e-03,1.982369201892850e-09
2.555906308702423e-03,1.965687175038361e-09
2.683701624137544e-03,1.949911680030012e-09
2.811496939572665e-03,1.934967446515700e-09
2.939292255007787e-03,1.920779204143327e-09
3.067087570442908e-03,1.907271682560791e-09
3.194882885878029e-03,1.894375575339259e-09
3.322678201313150e-03,1.882045431983528e-09
3.450473516748271e-03,1.870241766041941e-09
3.578268832183392e-03,1.858925091062844e-09
3.706064147618514e-03,1.848055920594581e-09
3.833859463053635e-03,1.837597489104212e-09
3.961654778488756e-03,1.827523914695948e-09
4.089450093923877e-03,1.817812036373859e-09
4.217245409358998e-03,1.808438693142015e-09
4.345040724794119e-03,1.799380724004484e-09
4.472836040229241e-03,1.790616385000472e-09
4.600631355664362e-03,1.782129600346344e-09
4.728426671099482e-03,1.773905711311906e-09
4.856221986534604e-03,1.765930059166969e-09
4.984017301969726e-03,1.758187985181340e-09
5.111812617404846e-03,1.750665633461401e-09
5.239607932839968e-03,1.743352359437057e-09
5.367403248275089e-03,1.736238321363405e-09
5.495198563710209e-03,1.729313677495539e-09
5.622993879145331e-03,1.722568586088557e-09
5.750789194580453e-03,1.715993694393466e-09
5.878584510015573e-03,1.709581605650478e-09
6.006379825450694e-03,1.703325412098488e-09
6.134175140885816e-03,1.697218205976395e-09
6.261970456320937e-03,1.691253079523096e-09
6.389765771756058e-03,1.685423438999788e-09
6.517561087191179e-03,1.679723946743406e-09
6.645356402626300e-03,1.674149579106456e-09
6.773151718061422e-03,1.668695312441445e-09
6.900947033496543e-03,1.663356123100879e-09
7.028742348931663e-03,1.658127196982480e-09
7.156537664366785e-03,1.653004558164169e-09
7.284332979801906e-03,1.647984440268752e-09
7.412128295237027e-03,1.643063076919036e-09
7.539923610672148e-03,1.638236701737827e-09
7.667718926107269e-03,1.633501694680909e-09
7.795514241542391e-03,1.628855021041321e-09
7.923309556977513e-03,1.624293792447754e-09
8.051104872412632e-03,1.619815120528898e-09
8.178900187847754e-03,1.615416116913445e-09
8.306695503282877e-03,1.611093996719842e-09
8.434490818717996e-03,1.606846389023732e-09
8.562286134153118e-03,1.602671026389604e-09
8.690081449588239e-03,1.598565641381944e-09
8.817876765023359e-03,1.594527966565240e-09
8.945672080458482e-03,1.590555812898406e-09
9.073467395893601e-03,1.586647304919786e-09
9.201262711328723e-03,1.582800645563016e-09
9.329058026763846e-03,1.579014037761732e-09
9.456853342198965e-03,1.575285684449571e-09
9.584648657634087e-03,1.571613837160421e-09
9.712443973069206e-03,1.567996941827624e-09
9.840239288504329e-03,1.564433492983994e-09
9.968034603939451e-03,1.560921985162346e-09
1.009582991937457e-02,1.557460912895493e-09
1.022362523480969e-02,1.554048837470647e-09
1.035142055024482e-02,1.550684587193112e-09
1.047921586567993e-02,1.547367057122844e-09
1.060701118111506e-02,1.544095142319797e-09
1.073480649655018e-02,1.540867737843926e-09
1.086260181198530e-02,1.537683738755185e-09
1.099039712742042e-02,1.534542040113531e-09
1.111819244285554e-02,1.531441536978916e-09
1.124598775829066e-02,1.528381124411297e-09
1.137378307372578e-02,1.525359697470628e-09
1.150157838916090e-02,1.522376208784680e-09
1.162937370459603e-02,1.519429841235876e-09
1.175716902003114e-02,1.516519835266149e-09
1.188496433546627e-02,1.513645431317429e-09
1.201275965090139e-02,1.510805869831652e-09
1.214055496633651e-02,1.508000391250747e-09
1.226835028177163e-02,1.505228236016649e-09
1.239614559720675e-02,1.502488644571288e-09
1.252394091264187e-02,1.499780857356598e-09
1.265173622807700e-02,1.497104114814510e-09
1.277953154351211e-02,1.494457690606741e-09
1.290732685894724e-02,1.491840991285906e-09
1.303512217438236e-02,1.489253456630290e-09
1.316291748981748e-02,1.486694526418175e-09
1.329071280525260e-02,1.484163640427844e-09
1.341850812068772e-02,1.481660238437581e-09
1.354630343612284e-02,1.479183760225669e-09
1.367409875155796e-02,1.476733645570391e-09
1.380189406699308e-02,1.474309334250030e-09
1.392968938242821e-02,1.471910266042870e-09
1.405748469786333e-02,1.469535904322561e-09
1.418528001329845e-02,1.467185806845588e-09
1.431307532873357e-02,1.464859554964491e-09
1.444087064416869e-02,1.462556730031804e-09
1.456866595960381e-02,1.460276913400067e-09
1.469646127503893e-02,1.458019686421816e-09
1.482425659047405e-02,1.455784630449588e-09
1.495205190590917e-02,1.453571326835922e-09
1.507984722134430e-02,1.451379356933353e-09
1.520764253677942e-02,1.449208302094421e-09
1.533543785221454e-02,1.447057759650551e-09
1.546323316764966e-02,1.444927390844925e-09
1.559102848308478e-02,1.442816872897711e-09
1.571882379851990e-02,1.440725883029077e-09
1.584661911395502e-02,1.438654098459190e-09
1.597441442939014e-02,1.436601196408218e-09
1.610220974482527e-02,1.434566854096330e-09
1.623000506026039e-02,1.432550748743693e-09
1.635780037569551e-02,1.430552557570475e-09
1.648559569113063e-02,1.428571957796844e-09
1.661339100656575e-02,1.426608638248641e-09
1.674118632200087e-02,1.424662334179087e-09
1.686898163743599e-02,1.422732792449427e-09
1.699677695287111e-02,1.420819759920904e-09
1.712457226830624e-02,1.418922983454759e-09
1.725236758374135e-02,1.417042209912239e-09
1.738016289917648e-02,1.415177186154585e-09
1.750795821461160e-02,1.413327659043040e-09
1.763575353004672e-02,1.411493375438847e-09
1.776354884548184e-02,1.409674082203251e-09
1.789134416091696e-02,1.407869534659277e-09
1.801913947635208e-02,1.406079521977998e-09
1.814693479178720e-02,1.404303841792733e-09
1.827473010722232e-02,1.402542291736794e-09
1.840252542265745e-02,1.400794669443499e-09
1.853032073809257e-02,1.399060772546164e-09
1.865811605352769e-02,1.397340398678103e-09
1.878591136896281e-02,1.395633345472634e-09
1.891370668439793e-02,1.393939410563071e-09
1.904150199983305e-02,1.392258391582730e-09
1.916929731526817e-02,1.390590092612442e-09
1.929709263070329e-02,1.388934343521884e-09
1.942488794613842e-02,1.387290980627641e-09
1.955268326157353e-02,1.385659840246301e-09
1.968047857700866e-02,1.384040758694450e-09
1.980827389244378e-02,1.382433572288672e-09
1.993606920787890e-02,1.380838117345556e-09
2.006386452331402e-02,1.379254230181686e-09
2.019165983874914e-02,1.377681747113650e-09
2.031945515418426e-02,1.376120504458033e-09
2.044725046961939e-02,1.374570343297568e-09
2.057504578505450e-02,1.373031123781740e-09
2.070284110048963e-02,1.371502710827263e-09
2.083063641592475e-02,1.369984969350854e-09
2.095843173135987e-02,1.368477764269228e-09
2.108622704679499e-02,1.366980960499101e-09
2.121402236223011e-02,1.365494422957187e-09
2.134181767766523e-02,1.364018016560203e-09
2.146961299310035e-02,1.362551606224863e-09
2.159740830853547e-02,1.361095056867884e-09
2.172520362397060e-02,1.359648237308863e-09
2.185299893940572e-02,1.358211031979551e-09
2.198079425484084e-02,1.356783329214892e-09
2.210858957027596e-02,1.355365017349827e-09
2.223638488571108e-02,1.353955984719302e-09
2.236418020114620e-02,1.352556119658258e-09
2.249197551658132e-02,1.351165310501640e-09
2.261977083201644e-02,1.349783445584390e-09
2.274756614745157e-02,1.348410413241452e-09
2.287536146288669e-02,1.347046101807769e-09
2.300315677832181e-02,1.345690402490322e-09
2.313095209375693e-02,1.344343217983851e-09
2.325874740919205e-02,1.343004453854934e-09
2.338654272462717e-02,1.341674015670152e-09
2.351433804006229e-02,1.340351808996084e-09
2.364213335549741e-02,1.339037739399309e-09
2.376992867093253e-02,1.337731712446408e-09
2.389772398636766e-02,1.336433633703959e-09
2.402551930180278e-02,1.335143408738544e-09
2.415331461723790e-02,1.333860943116740e-09
2.428110993267302e-02,1.332586144988686e-09
2.440890524810814e-02,1.331318932837631e-09
2.453670056354326e-02,1.330059227729820e-09
2.466449587897838e-02,1.328806950731500e-09
2.479229119441350e-02,1.327562022908917e-09
2.492008650984863e-02,1.326324365328318e-09
2.504788182528375e-02,1.325093899055949e-09
2.517567714071887e-02,1.323870545158057e-09
2.530347245615399e-02,1.322654224700888e-09
2.543126777158911e-02,1.321444858750688e-09
2.555906308702423e-02,1.320242370035074e-09
2.568685840245935e-02,1.319046687927487e-09
2.581465371789447e-02,1.317857743462912e-09
2.594244903332960e-02,1.316675467676335e-09
2.607024434876471e-02,1.315499791602741e-09
2.619803966419984e-02,1.314330646277116e-09
2.632583497963496e-02,1.313167962734445e-09
2.645363029507008e-02,1.312011672009713e-09
2.658142561050520e-02,1.310861705137905e-09
2.670922092594032e-02,1.309717993154008e-09
2.683701624137544e-02,1.308580468927369e-09
2.696481155681056e-02,1.307449072664637e-09
2.709260687224568e-02,1.306323746406742e-09
2.722040218768081e-02,1.305204432194616e-09
2.734819750311593e-02,1.304091072069190e-09
2.747599281855105e-02,1.302983608071395e-09
2.760378813398617e-02,1.301881982242162e-09
2.773158344942129e-02,1.300786136622422e-09
2.785937876485641e-02,1.299696013253108e-09
2.798717408029153e-02,1.298611554175149e-09
2.811496939572665e-02,1.297532702546471e-09
2.824276471116178e-02,1.296459405992540e-09
2.837056002659689e-02,1.295391613255605e-09
2.849835534203202e-02,1.294329273077910e-09
2.862615065746714e-02,1.293272334201704e-09
2.875394597290226e-02,1.292220745369233e-09
2.888174128833738e-02,1.291174455322744e-09
2.900953660377250e-02,1.290133412804483e-09
2.913733191920762e-02,1.289097566556698e-09
2.926512723464274e-02,1.288066865321634e-09
2.939292255007787e-02,1.287041259016266e-09
2.952071786551299e-02,1.286020702256778e-09
2.964851318094811e-02,1.285005150834233e-09
2.977630849638323e-02,1.283994560539694e-09
2.990410381181835e-02,1.282988887164225e-09
3.003189912725347e-02,1.281988086498890e-09
3.015969444268859e-02,1.280992114334752e-09
3.028748975812371e-02,1.280000926462874e-09
3.041528507355883e-02,1.279014478674320e-09
3.054308038899396e-02,1.278032726760154e-09
3.067087570442908e-02,1.277055627430216e-09
3.079867101986420e-02,1.276083141069434e-09
3.092646633529932e-02,1.275115228981493e-09
3.105426165073444e-02,1.274151852470081e-09
3.118205696616956e-02,1.273192972838885e-09
3.130985228160468e-02,1.272238551391593e-09
3.143764759703981e-02,1.271288549431890e-09
3.156544291247493e-02,1.270342928263465e-09
3.169323822791005e-02,1.269401649190004e-09
3.182103354334517e-02,1.268464673515196e-09
3.194882885878029e-02,1.267531963222076e-09
3.207662417421541e-02,1.266603483010857e-09
3.220441948965053e-02,1.265679198260987e-09
3.233221480508566e-02,1.264759074351917e-09
3.246001012052077e-02,1.263843076663094e-09
3.258780543595589e-02,1.262931170573967e-09
3.271560075139102e-02,1.262023321463986e-09
3.284339606682614e-02,1.261119494712600e-09
3.297119138226126e-02,1.260219655699257e-09
3.309898669769638e-02,1.259323769803406e-09
3.322678201313150e-02,1.258431803143518e-09
3.335457732856662e-02,1.257543724794379e-09
3.348237264400174e-02,1.256659504569908e-09
3.361016795943687e-02,1.255779112284030e-09
3.373796327487198e-02,1.254902517750664e-09
3.386575859030710e-02,1.254029690783732e-09
3.399355390574223e-02,1.253160601197157e-09
3.412134922117735e-02,1.252295218804859e-09
3.424914453661247e-02,1.251433513420759e-09
3.437693985204759e-02,1.250575454858781e-09
3.450473516748271e-02,1.249721013452931e-09
3.463253048291783e-02,1.248870161617575e-09
3.476032579835295e-02,1.248022872287166e-09
3.488812111378808e-02,1.247179118396159e-09
3.501591642922319e-02,1.246338872879011e-09
3.514371174465832e-02,1.245502108670173e-09
3.527150706009344e-02,1.244668798704103e-09
3.539930237552856e-02,1.243838915915254e-09
3.552709769096368e-02,1.243012433238080e-09
3.565489300639881e-02,1.242189323607037e-09
3.578268832183392e-02,1.241369560407194e-09
3.591048363726904e-02,1.240553118825944e-09
3.603827895270417e-02,1.239739974501233e-09
3.616607426813929e-02,1.238930103071005e-09
3.629386958357441e-02,1.238123480173206e-09
3.642166489900953e-02,1.237320081445780e-09
3.654946021444465e-02,1.236519882526672e-09
3.667725552987977e-02,1.235722859053827e-09
3.680505084531489e-02,1.234928986665190e-09
3.693284616075002e-02,1.234138240998706e-09
3.706064147618514e-02,1.233350598174673e-09
3.718843679162025e-02,1.232566036242980e-09
3.731623210705538e-02,1.231784533735953e-09
3.744402742249050e-02,1.231006069185921e-09
3.757182273792562e-02,1.230230621125212e-09
3.769961805336074e-02,1.229458168086155e-09
3.782741336879586e-02,1.228688688601078e-09
3.795520868423098e-02,1.227922161202309e-09
3.808300399966610e-02,1.227158564422175e-09
3.821079931510123e-02,1.226397876793006e-09
3.833859463053635e-02,1.225640077120444e-09
3.846638994597146e-02,1.224885145303411e-09
3.859418526140659e-02,1.224133061514152e-09
3.872198057684171e-02,1.223383805924912e-09
3.884977589227683e-02,1.222637358707935e-09
3.897757120771195e-02,1.221893700035468e-09
3.910536652314707e-02,1.221152810079755e-09
3.923316183858219e-02,1.220414669013041e-09
3.936095715401731e-02,1.219679257007571e-09
3.948875246945244e-02,1.218946554235591e-09
3.961654778488756e-02,1.218216541283568e-09
3.974434310032268e-02,1.217489200394763e-09
3.987213841575780e-02,1.216764514226610e-09
3.999993373119292e-02,1.216042465436546e-09
4.012772904662804e-02,1.215323036682006e-09
4.025552436206317e-02,1.214606210620423e-09
4.038331967749829e-02,1.213891969909235e-09
4.051111499293340e-02,1.213180297205877e-09
4.063891030836853e-02,1.212471175167782e-09
4.076670562380365e-02,1.211764586452387e-09
4.089450093923877e-02,1.211060513884284e-09
4.102229625467389e-02,1.210358940956762e-09
4.115009157010902e-02,1.209659851330301e-09
4.127788688554413e-02,1.208963228665381e-09
4.140568220097925e-02,1.208269056622481e-09
4.153347751641438e-02,1.207577318862084e-09
4.166127283184950e-02,1.206887999044668e-09
4.178906814728462e-02,1.206201080830713e-09
4.191686346271974e-02,1.205516547880701e-09
4.204465877815486e-02,1.204834383855111e-09
4.217245409358998e-02,1.204154572763282e-09
4.230024940902510e-02,1.203477100010032e-09
4.242804472446023e-02,1.202801951349056e-09
4.255584003989534e-02,1.202129112534052e-09
4.268363535533046e-02,1.201458569318714e-09
4.281143067076559e-02,1.200790307456739e-09
4.293922598620071e-02,1.200124312701824e-09
4.306702130163583e-02,1.199460570807664e-09
4.319481661707095e-02,1.198799067527955e-09
4.332261193250607e-02,1.198139788616395e-09
4.345040724794119e-02,1.197482719953725e-09
4.357820256337631e-02,1.196827847928857e-09
4.370599787881144e-02,1.196175159057736e-09
4.383379319424656e-02,1.195524639856306e-09
4.396158850968167e-02,1.194876276840515e-09
4.408938382511680e-02,1.194230056526308e-09
4.421717914055192e-02,1.193585965429629e-09
4.434497445598704e-02,1.192943990066426e-09
4.447276977142216e-02,1.192304116952644e-09
4.460056508685728e-02,1.191666332604227e-09
4.472836040229240e-02,1.191030623753562e-09
4.485615571772752e-02,1.190396977998895e-09
4.498395103316265e-02,1.189765383154959e-09
4.511174634859777e-02,1.189135827036491e-09
4.523954166403289e-02,1.188508297458225e-09
4.536733697946801e-02,1.187882782234897e-09
4.549513229490313e-02,1.187259269181241e-09
4.562292761033825e-02,1.186637746111994e-09
4.575072292577338e-02,1.186018200841889e-09
4.587851824120850e-02,1.185400621185662e-09
4.600631355664361e-02,1.184784995171297e-09
4.613410887207874e-02,1.184171311679805e-09
4.626190418751386e-02,1.183559559805464e-09
4.638969950294898e-02,1.182949728642551e-09
4.651749481838410e-02,1.182341807285342e-09
4.664529013381922e-02,1.181735784828117e-09
4.677308544925434e-02,1.181131650365152e-09
4.690088076468946e-02,1.180529392990725e-09
4.702867608012459e-02,1.179929001799113e-09
4.715647139555971e-02,1.179330465884593e-09
4.728426671099482e-02,1.178733774439769e-09
4.741206202642995e-02,1.178138917050532e-09
4.753985734186507e-02,1.177545883401091e-09
4.766765265730019e-02,1.176954663175658e-09
4.779544797273531e-02,1.176365246058442e-09
4.792324328817044e-02,1.175777621733653e-09
4.805103860360555e-02,1.175191779885503e-09
4.817883391904067e-02,1.174607710198200e-09
4.830662923447580e-02,1.174025402355956e-09
4.843442454991092e-02,1.173444846042980e-09
4.856221986534604e-02,1.172866031082928e-09
4.869001518078116e-02,1.172288947857175e-09
4.881781049621628e-02,1.171713586886512e-09
4.894560581165140e-02,1.171139938691730e-09
4.907340112708652e-02,1.170567993793618e-09
4.920119644252165e-02,1.169997742712969e-09
4.932899175795677e-02,1.169429175970572e-09
4.945678707339188e-02,1.168862284087219e-09
4.958458238882701e-02,1.168297057583700e-09
4.971237770426213e-02,1.167733486980805e-09
4.984017301969725e-02,1.167171562826438e-09
4.996796833513237e-02,1.166611275776964e-09
5.000000000000000e-02,1.166471096338899e-09
5.009576365056749e-02,1.166052616589809e-09
5.022355896600261e-02,1.165495576667408e-09
5.035135428143774e-02,1.164940147744899e-09
5.047914959687286e-02,1.164386321560189e-09
5.060694491230798e-02,1.163834089851183e-09
5.073474022774310e-02,1.163283444355786e-09
5.086253554317822e-02,1.162734376811903e-09
5.099033085861334e-02,1.162186878957441e-09
5.111812617404846e-02,1.161640942553270e-09
5.124592148948359e-02,1.161096559452119e-09
5.137371680491870e-02,1.160553721529683e-09
5.150151212035382e-02,1.160012420661656e-09
5.162930743578895e-02,1.159472648723731e-09
5.175710275122407e-02,1.158934397591602e-09
5.188489806665919e-02,1.158397659140964e-09
5.201269338209431e-02,1.157862425247510e-09
5.214048869752943e-02,1.157328687786934e-09
5.226828401296455e-02,1.156796438634931e-09
5.239607932839967e-02,1.156265669758093e-09
5.252387464383480e-02,1.155736373486580e-09
5.265166995926992e-02,1.155208542241433e-09
5.277946527470503e-02,1.154682168443692e-09
5.290726059014016e-02,1.154157244514400e-09
5.303505590557528e-02,1.153633762874596e-09
5.316285122101040e-02,1.153111715945323e-09
5.329064653644552e-02,1.152591096147622e-09
5.341844185188065e-02,1.152071895902532e-09
5.354623716731576e-02,1.151554107631098e-09
5.367403248275088e-02,1.151037723902774e-09
5.380182779818601e-02,1.150522737880728e-09
5.392962311362113e-02,1.150009142876559e-09
5.405741842905625e-02,1.149496932201871e-09
5.418521374449137e-02,1.148986099168263e-09
5.431300905992649e-02,1.148476637087339e-09
5.444080437536161e-02,1.147968539270699e-09
5.456859969079673e-02,1.147461799029944e-09
5.469639500623186e-02,1.146956409676676e-09
5.482419032166697e-02,1.146452364522497e-09
5.495198563710210e-02,1.145949656912510e-09
5.507978095253722e-02,1.145448280325823e-09
5.520757626797234e-02,1.144948228275044e-09
5.533537158340746e-02,1.144449494272783e-09
5.546316689884258e-02,1.143952071831649e-09
5.559096221427770e-02,1.143455954464251e-09
5.571875752971282e-02,1.142961135683199e-09
5.584655284514795e-02,1.142467609001101e-09
5.597434816058307e-02,1.141975367930566e-09
5.610214347601819e-02,1.141484405984203e-09
5.622993879145331e-02,1.140994716741505e-09
5.635773410688843e-02,1.140506294049471e-09
5.648552942232355e-02,1.140019131821973e-09
5.661332473775867e-02,1.139533223972884e-09
5.674112005319380e-02,1.139048564416074e-09
5.686891536862891e-02,1.138565147065416e-09
5.699671068406403e-02,1.138082965834781e-09
5.712450599949916e-02,1.137602014638042e-09
5.725230131493428e-02,1.137122287389070e-09
5.738009663036940e-02,1.136643778001737e-09
5.750789194580452e-02,1.136166480507963e-09
5.763568726123964e-02,1.135690389411903e-09
5.776348257667476e-02,1.135215499335776e-09
5.789127789210988e-02,1.134741804901802e-09
5.801907320754501e-02,1.134269300732202e-09
5.814686852298013e-02,1.133797981449197e-09
5.827466383841524e-02,1.133327841675007e-09
5.840245915385037e-02,1.132858876031853e-09
5.853025446928549e-02,1.132391079141954e-09
5.865804978472061e-02,1.131924445627532e-09
5.878584510015573e-02,1.131458970125199e-09
5.891364041559085e-02,1.130994647329136e-09
5.904143573102597e-02,1.130531471947918e-09
5.916923104646109e-02,1.130069438690117e-09
5.929702636189622e-02,1.129608542264307e-09
5.942482167733134e-02,1.129148777379063e-09
5.955261699276646e-02,1.128690138742957e-09
5.968041230820158e-02,1.128232621064564e-09
5.980820762363670e-02,1.127776219052457e-09
5.993600293907182e-02,1.127320927415210e-09
6.006379825450694e-02,1.126866740931408e-09
6.019159356994207e-02,1.126413654659667e-09
6.031938888537718e-02,1.125961663728603e-09
6.044718420081231e-02,1.125510763266835e-09
6.057497951624743e-02,1.125060948402979e-09
6.070277483168255e-02,1.124612214265653e-09
6.083057014711767e-02,1.124164555983473e-09
6.095836546255279e-02,1.123717968685058e-09
6.108616077798791e-02,1.123272447499025e-09
6.121395609342303e-02,1.122827987553991e-09
6.134175140885816e-02,1.122384584004795e-09
6.146954672429328e-02,1.121942232111174e-09
6.159734203972840e-02,1.121500927159089e-09
6.172513735516352e-02,1.121060664434504e-09
6.185293267059864e-02,1.120621439223382e-09
6.198072798603376e-02,1.120183246811685e-09
6.210852330146888e-02,1.119746082485377e-09
6.223631861690401e-02,1.119309941530419e-09
6.236411393233912e-02,1.118874819232776e-09
6.249190924777424e-02,1.118440710878409e-09
6.261970456320937e-02,1.118007611904622e-09
6.274749987864449e-02,1.117575518354098e-09
6.287529519407961e-02,1.117144426420863e-09
6.300309050951473e-02,1.116714332298946e-09
6.313088582494986e-02,1.116285232182375e-09
6.325868114038498e-02,1.115857122265178e-09
6.338647645582010e-02,1.115429998741382e-09
6.351427177125522e-02,1.115003857805015e-09
6.364206708669033e-02,1.114578695650106e-09
6.376986240212545e-02,1.114154508470683e-09
6.389765771756058e-02,1.113731292345027e-09
6.402545303299570e-02,1.113309042888464e-09
6.415324834843082e-02,1.112887755600590e-09
6.428104366386594e-02,1.112467425980997e-09
6.440883897930107e-02,1.112048049529279e-09
6.453663429473619e-02,1.111629621745030e-09
6.466442961017131e-02,1.111212138127843e-09
6.479222492560642e-02,1.110795594177313e-09
6.492002024104154e-02,1.110379985393032e-09
6.504781555647667e-02,1.109965307274595e-09
6.517561087191179e-02,1.109551555471789e-09
6.530340618734691e-02,1.109138726235232e-09
6.543120150278203e-02,1.108726815965769e-09
6.555899681821716e-02,1.108315821064244e-09
6.568679213365228e-02,1.107905737931500e-09
6.581458744908740e-02,1.107496562968383e-09
6.594238276452252e-02,1.107088292575734e-09
6.607017807995763e-02,1.106680923154399e-09
6.619797339539275e-02,1.106274451105222e-09
6.632576871082788e-02,1.105868872829045e-09
6.645356402626300e-02,1.105464184739555e-09
6.658135934169812e-02,1.105060383301802e-09
6.670915465713324e-02,1.104657464993680e-09
6.683694997256837e-02,1.104255426293081e-09
6.696474528800349e-02,1.103854263677898e-09
6.709254060343861e-02,1.103453973626023e-09
6.722033591887373e-02,1.103054552615352e-09
6.734813123430886e-02,1.102655997123775e-09
6.747592654974396e-02,1.102258303629186e-09
6.760372186517909e-02,1.101861468609478e-09
6.773151718061421e-02,1.101465488559483e-09
6.785931249604933e-02,1.101070360041782e-09
6.798710781148445e-02,1.100676079635893e-09
6.811490312691958e-02,1.100282643921336e-09
6.824269844235470e-02,1.099890049477628e-09
6.837049375778982e-02,1.099498292884289e-09
6.849828907322494e-02,1.099107370720837e-09
6.862608438866007e-02,1.098717279566791e-09
6.875387970409517e-02,1.098328016001670e-09
6.888167501953030e-02,1.097939576604991e-09
6.900947033496542e-02,1.097551958031225e-09
6.913726565040054e-02,1.097165157234680e-09
6.926506096583566e-02,1.096779171244633e-09
6.939285628127079e-02,1.096393997090360e-09
6.952065159670591e-02,1.096009631801138e-09
6.964844691214103e-02,1.095626072406244e-09
6.977624222757615e-02,1.095243315934955e-09
6.990403754301128e-02,1.094861359416548e-09
7.003183285844640e-02,1.094480199880299e-09
7.015962817388151e-02,1.094099834355485e-09
7.028742348931663e-02,1.093720259828567e-09
7.041521880475175e-02,1.093341473114737e-09
7.054301412018688e-02,1.092963470986366e-09
7.067080943562200e-02,1.092586250215827e-09
7.079860475105712e-02,1.092209807575490e-09
7.092640006649224e-02,1.091834139837729e-09
7.105419538192737e-02,1.091459243774915e-09
7.118199069736249e-02,1.091085116159420e-09
7.130978601279761e-02,1.090711753763617e-09
7.152277820518949e-02,1.090091174825748e-09
7.173577039758135e-02,1.089472698005595e-09
7.194876258997322e-02,1.088856310439565e-09
7.216175478236508e-02,1.088241999679907e-09
7.237474697475696e-02,1.087629753278868e-09
7.258773916714882e-02,1.087019558788698e-09
7.280073135954070e-02,1.086411403761644e-09
7.301372355193256e-02,1.085805275749955e-09
7.322671574432443e-02,1.085201162305877e-09
7.343970793671629e-02,1.084599050981661e-09
7.365270012910817e-02,1.083998929329553e-09
7.386569232150003e-02,1.083400785032304e-09
7.407868451389191e-02,1.082804606294680e-09
7.429167670628377e-02,1.082210381451947e-09
7.450466889867564e-02,1.081618098839373e-09
7.471766109106751e-02,1.081027746792223e-09
7.493065328345938e-02,1.080439313645765e-09
7.514364547585124e-02,1.079852787735265e-09
7.535663766824312e-02,1.079268157395992e-09
7.556962986063498e-02,1.078685410963211e-09
7.578262205302685e-02,1.078104536772190e-09
7.599561424541872e-02,1.077525523292883e-09
7.620860643781059e-02,1.076948359533979e-09
7.642159863020245e-02,1.076373034638847e-09
7.663459082259433e-02,1.075799537750856e-09
7.684758301498619e-02,1.075227858013374e-09
7.706057520737807e-02,1.074657984569770e-09
7.727356739976993e-02,1.074089906563413e-09
7.748655959216180e-02,1.073523613137672e-09
7.769955178455366e-02,1.072959093435915e-09
7.791254397694554e-02,1.072396336601512e-09
7.812553616933740e-02,1.071835331995480e-09
7.833852836172928e-02,1.071276069849387e-09
7.855152055412114e-02,1.070718540612426e-09
7.876451274651301e-02,1.070162734733789e-09
7.897750493890487e-02,1.069608642662669e-09
7.919049713129675e-02,1.069056254848259e-09
7.940348932368861e-02,1.068505561739751e-09
7.961648151608049e-02,1.067956553786339e-09
7.982947370847235e-02,1.067409221437214e-09
8.004246590086422e-02,1.066863555141570e-09
8.025545809325609e-02,1.066319545392977e-09
8.046845028564796e-02,1.065777182862535e-09
8.068144247803982e-02,1.065236458265723e-09
8.089443467043170e-02,1.064697362318023e-09
8.110742686282357e-02,1.064159885734917e-09
8.132041905521543e-02,1.063624019231887e-09
8.153341124760730e-02,1.063089753524413e-09
8.174640343999917e-02,1.062557079327978e-09
8.195939563239105e-02,1.062025987358062e-09
8.217238782478291e-02,1.061496468330147e-09
8.238538001717477e-02,1.060968513145397e-09
8.259837220956665e-02,1.060442113447725e-09
8.281136440195852e-02,1.059917261066735e-09
8.302435659435038e-02,1.059393947832036e-09
8.323734878674224e-02,1.058872165573232e-09
8.345034097913412e-02,1.058351906119931e-09
8.366333317152599e-02,1.057833161301737e-09
8.387632536391786e-02,1.057315922948258e-09
8.408931755630973e-02,1.056800182889100e-09
8.430230974870159e-02,1.056285932953868e-09
8.451530194109347e-02,1.055773165057358e-09
8.472829413348533e-02,1.055261871455123e-09
8.494128632587720e-02,1.054752044487903e-09
8.515427851826907e-02,1.054243676496441e-09
8.536727071066094e-02,1.053736759821480e-09
8.558026290305280e-02,1.053231286803762e-09
8.579325509544468e-02,1.052727249784027e-09
8.600624728783654e-02,1.052224641103018e-09
8.621923948022842e-02,1.051723453101478e-09
8.643223167262028e-02,1.051223678120147e-09
8.664522386501215e-02,1.050725308573524e-09
8.685821605740401e-02,1.050228337171120e-09
8.707120824979589e-02,1.049732756696198e-09
8.728420044218775e-02,1.049238559932020e-09
8.749719263457963e-02,1.048745739661850e-09
8.771018482697149e-02,1.048254288668950e-09
8.792317701936336e-02,1.047764199736585e-09
8.813616921175522e-02,1.047275465648016e-09
8.834916140414710e-02,1.046788079186507e-09
8.856215359653896e-02,1.046302033135321e-09
8.877514578893084e-02,1.045817320380202e-09
8.898813798132270e-02,1.045333934216799e-09
8.920113017371457e-02,1.044851868043230e-09
8.941412236610644e-02,1.044371115257615e-09
8.962711455849831e-02,1.043891669258073e-09
8.984010675089017e-02,1.043413523442724e-09
9.005309894328205e-02,1.042936671209685e-09
9.026609113567391e-02,1.042461105957078e-09
9.047908332806578e-02,1.041986821083020e-09
9.069207552045766e-02,1.041513809985630e-09
9.090506771284952e-02,1.041042066150365e-09
9.111805990524138e-02,1.040571583412044e-09
9.133105209763326e-02,1.040102355692833e-09
9.154404429002513e-02,1.039634376914900e-09
9.175703648241700e-02,1.039167641000411e-09
9.197002867480886e-02,1.038702141871534e-09
9.218302086720073e-02,1.038237873450434e-09
9.239601305959261e-02,1.037774829659280e-09
9.260900525198447e-02,1.037313004420237e-09
9.282199744437633e-02,1.036852391655474e-09
9.303498963676821e-02,1.036392985367731e-09
9.324798182916008e-02,1.035934779882064e-09
9.346097402155194e-02,1.035477769604110e-09
9.367396621394380e-02,1.035021948939503e-09
9.388695840633568e-02,1.034567312293882e-09
9.409995059872756e-02,1.034113854072881e-09
9.431294279111942e-02,1.033661568682137e-09
9.452593498351128e-02,1.033210450527287e-09
9.473892717590315e-02,1.032760494013966e-09
9.495191936829503e-02,1.032311693547811e-09
9.516491156068689e-02,1.031864043537577e-09
9.537790375307875e-02,1.031417538404499e-09
9.559089594547063e-02,1.030972172572933e-09
9.580388813786250e-02,1.030527940467232e-09
9.601688033025436e-02,1.030084836511751e-09
9.622987252264624e-02,1.029642855130844e-09
9.644286471503810e-02,1.029201990748866e-09
9.665585690742998e-02,1.028762237790172e-09
9.686884909982184e-02,1.028323590679116e-09
9.708184129221371e-02,1.027886043840053e-09
9.729483348460558e-02,1.027449591820678e-09
9.750782567699745e-02,1.027014229662047e-09
9.772081786938931e-02,1.026579952528550e-09
9.793381006178119e-02,1.026146755584579e-09
9.814680225417305e-02,1.025714633994525e-09
9.835979444656492e-02,1.025283582922780e-09
9.857278663895679e-02,1.024853597533735e-09
9.878577883134866e-02,1.024424672991782e-09
9.899877102374052e-02,1.023996804461311e-09
9.921176321613240e-02,1.023569987106716e-09
9.942475540852426e-02,1.023144216137713e-09
9.963774760091614e-02,1.022719486945325e-09
9.985073979330800e-02,1.022295794965896e-09
1.000637319857000e-01,1.021873135635769e-09
1.002767241780920e-01,1.021451504391290e-09
1.004897163704840e-01,1.021030896668803e-09
1.007027085628750e-01,1.020611307904654e-09
1.009157007552670e-01,1.020192733535184e-09
1.011286929476590e-01,1.019775168996738e-09
1.013416851400510e-01,1.019358609725662e-09
1.015546773324430e-01,1.018943051186689e-09
1.017676695248350e-01,1.018528488958132e-09
1.019806617172270e-01,1.018114918646704e-09
1.021936539096190e-01,1.017702335859120e-09
1.024066461020100e-01,1.017290736202095e-09
1.026196382944020e-01,1.016880115282340e-09
1.028326304867940e-01,1.016470468706570e-09
1.030456226791860e-01,1.016061792081500e-09
1.032586148715780e-01,1.015654081013843e-09
1.034716070639700e-01,1.015247331110313e-09
1.036845992563620e-01,1.014841538001127e-09
1.038975914487540e-01,1.014436697410500e-09
1.041105836411450e-01,1.014032805086148e-09
1.043235758335370e-01,1.013629856775781e-09
1.045365680259290e-01,1.013227848227116e-09
1.047495602183210e-01,1.012826775187865e-09
1.049625524107130e-01,1.012426633405743e-09
1.051755446031050e-01,1.012027418628463e-09
1.053885367954970e-01,1.011629126603739e-09
1.056015289878880e-01,1.011231753079287e-09
1.058145211802800e-01,1.010835293929726e-09
1.060275133726720e-01,1.010439745537111e-09
1.062405055650640e-01,1.010045104410302e-09
1.064534977574560e-01,1.009651367058157e-09
1.066664899498480e-01,1.009258529989534e-09
1.068794821422400e-01,1.008866589713294e-09
1.070924743346320e-01,1.008475542738295e-09
1.073054665270230e-01,1.008085385573397e-09
1.075184587194150e-01,1.007696114727456e-09
1.077314509118070e-01,1.007307726709333e-09
1.079444431041990e-01,1.006920217960804e-09
1.081574352965910e-01,1.006533584655127e-09
1.083704274889830e-01,1.006147822898386e-09
1.085834196813750e-01,1.005762928796664e-09
1.087964118737660e-01,1.005378898456046e-09
1.090094040661580e-01,1.004995727982611e-09
1.092223962585500e-01,1.004613413482445e-09
1.094353884509420e-01,1.004231951061630e-09
1.096483806433340e-01,1.003851336826251e-09
1.098613728357260e-01,1.003471566882389e-09
1.100743650281180e-01,1.003092637458627e-09
1.102873572205100e-01,1.002714545273727e-09
1.105003494129010e-01,1.002337287169045e-09
1.107133416052930e-01,1.001960859985933e-09
1.109263337976850e-01,1.001585260565746e-09
1.111393259900770e-01,1.001210485749839e-09
1.113523181824690e-01,1.000836532379567e-09
1.115653103748610e-01,1.000463397296284e-09
1.117783025672530e-01,1.000091077341344e-09
1.119912947596450e-01,9.997195693561035e-10
1.122042869520360e-01,9.993488701297346e-10
1.124172791444280e-01,9.989789762426630e-10
1.126302713368200e-01,9.986098842231280e-10
1.128432635292120e-01,9.982415905993682e-10
1.130562557216040e-01,9.978740918996217e-10
1.132692479139960e-01,9.975073846521267e-10
1.134822401063880e-01,9.971414653851212e-10
1.136952322987790e-01,9.967763306268453e-10
1.139082244911710e-01,9.964119769055337e-10
1.141212166835630e-01,9.960484007494263e-10
1.143342088759550e-01,9.956855988156227e-10
1.145472010683470e-01,9.953235682765483e-10
1.147601932607390e-01,9.949623064334288e-10
1.149731854531310e-01,9.946018105874904e-10
1.151861776455230e-01,9.942420780399592e-10
1.153991698379140e-01,9.938831060920626e-10
1.156121620303060e-01,9.935248920450237e-10
1.158251542226980e-01,9.931674332000699e-10
1.160381464150900e-01,9.928107268584275e-10
1.162511386074820e-01,9.924547703213224e-10
1.164641307998740e-01,9.920995608600906e-10
1.166771229922660e-01,9.917450956265746e-10
1.168901151846570e-01,9.913913717427605e-10
1.171031073770490e-01,9.910383863306295e-10
1.173160995694410e-01,9.906861365121677e-10
1.175290917618330e-01,9.903346194093603e-10
1.177420839542250e-01,9.899838321441916e-10
1.179550761466170e-01,9.896337718386464e-10
1.181680683390090e-01,9.892844356147091e-10
1.183810605314010e-01,9.889358205943647e-10
1.185940527237920e-01,9.885879238286301e-10
1.188070449161840e-01,9.882407420844826e-10
1.190200371085760e-01,9.878942720578564e-10
1.192330293009680e-01,9.875485104446840e-10
1.194460214933600e-01,9.872034539408972e-10
1.196590136857520e-01,9.868590992424293e-10
1.198720058781440e-01,9.865154430452125e-10
1.200849980705360e-01,9.861724820451786e-10
1.202979902629270e-01,9.858302129382628e-10
1.205109824553190e-01,9.854886324203931e-10
1.207239746477110e-01,9.851477377026518e-10
1.209369668401030e-01,9.848075280572164e-10
1.211499590324950e-01,9.844680032716674e-10
1.213629512248870e-01,9.841291631335845e-10
1.215759434172790e-01,9.837910074305480e-10
1.217889356096700e-01,9.834535359501394e-10
1.220019278020620e-01,9.831167484799355e-10
1.222149199944540e-01,9.827806448075185e-10
1.224279121868460e-01,9.824452247204677e-10
1.226409043792380e-01,9.821104880063638e-10
1.228538965716300e-01,9.817764326997075e-10
1.230668887640220e-01,9.814430498231153e-10
1.232798809564140e-01,9.811103286463414e-10
1.234928731488050e-01,9.807782584391411e-10
1.237058653411970e-01,9.804468284712652e-10
1.239188575335890e-01,9.801160280124693e-10
1.241318497259810e-01,9.797858463325069e-10
1.243448419183730e-01,9.794562727011320e-10
1.245578341107650e-01,9.791272963880986e-10
1.247708263031570e-01,9.787989066631605e-10
1.249838184955480e-01,9.784710993250855e-10
1.251968106879400e-01,9.781438962790135e-10
1.254098028803320e-01,9.778173259542647e-10
1.256227950727240e-01,9.774914167801587e-10
1.258357872651160e-01,9.771661971860144e-10
1.260487794575080e-01,9.768416956011505e-10
1.262617716499000e-01,9.765179404548871e-10
1.264747638422920e-01,9.761949601765428e-10
1.266877560346830e-01,9.758727831954380e-10
1.269007482270750e-01,9.755514379408896e-10
1.271137404194670e-01,9.752309286602540e-10
1.273267326118590e-01,9.749111629387160e-10
1.275397248042510e-01,9.745920242123268e-10
1.277527169966430e-01,9.742733959171374e-10
1.279657091890350e-01,9.739551614891995e-10
1.281787013814270e-01,9.736372043645640e-10
1.283916935738180e-01,9.733194079792838e-10
1.286046857662100e-01,9.730016557694071e-10
1.288176779586020e-01,9.726838311709863e-10
1.290306701509940e-01,9.723658176200734e-10
1.292436623433860e-01,9.720475887756085e-10
1.294566545357780e-01,9.717294793398487e-10
1.296696467281700e-01,9.714119143138369e-10
1.298826389205610e-01,9.710953186986165e-10
1.300956311129530e-01,9.707801174952267e-10
1.303086233053450e-01,9.704667357047114e-10
1.305216154977370e-01,9.701555983281128e-10
1.307346076901290e-01,9.698471303664734e-10
1.309475998825210e-01,9.695417568208353e-10
1.311605920749130e-01,9.692399026922409e-10
1.313735842673050e-01,9.689418101839844e-10
1.315865764596960e-01,9.686469902267453e-10
1.317995686520880e-01,9.683547709126373e-10
1.320125608444800e-01,9.680644803337777e-10
1.322255530368720e-01,9.677754465822828e-10
1.324385452292640e-01,9.674869977502685e-10
1.326515374216560e-01,9.671984619298509e-10
1.328645296140480e-01,9.669091672131464e-10
1.330775218064400e-01,9.666184416922709e-10
1.332905139988310e-01,9.663256134593421e-10
1.335035061912230e-01,9.660301927007931e-10
1.337164983836150e-01,9.657324178367382e-10
1.339294905760070e-01,9.654327093098155e-10
1.341424827683990e-01,9.651314875626635e-10
1.343554749607910e-01,9.648291730379206e-10
1.345684671531830e-01,9.645261861782251e-10
1.347814593455740e-01,9.642229474262167e-10
1.349944515379660e-01,9.639198772245309e-10
1.352074437303580e-01,9.636173960158077e-10
1.354204359227500e-01,9.633159242426852e-10
1.356334281151420e-01,9.630157930939830e-10
1.358464203075340e-01,9.627169769238391e-10
1.360594124999260e-01,9.624193609228467e-10
1.362724046923180e-01,9.621228302815996e-10
1.364853968847090e-01,9.618272701906922e-10
1.366983890771010e-01,9.615325658407158e-10
1.369113812694930e-01,9.612386024222647e-10
1.371243734618850e-01,9.609452651259324e-10
1.373373656542770e-01,9.606524391423124e-10
1.375503578466690e-01,9.603600096619985e-10
1.377633500390610e-01,9.600678857628623e-10
1.379763422314520e-01,9.597760721286406e-10
1.381893344238440e-01,9.594845973587264e-10
1.384023266162360e-01,9.591934900525168e-10
1.386153188086280e-01,9.589027788094074e-10
1.388283110010200e-01,9.586124922287945e-10
1.390413031934120e-01,9.583226589100737e-10
1.392542953858040e-01,9.580333074526408e-10
1.394672875781960e-01,9.577444664558916e-10
1.396802797705870e-01,9.574561645192231e-10
1.398932719629790e-01,9.571684238558310e-10
1.401062641553710e-01,9.568812411268415e-10
1.403192563477630e-01,9.565946066035426e-10
1.405322485401550e-01,9.563085105572217e-10
1.407452407325470e-01,9.560229432591657e-10
1.409582329249390e-01,9.557378949806623e-10
1.411712251173300e-01,9.554533559930001e-10
1.413842173097220e-01,9.551693165674639e-10
1.415972095021140e-01,9.548857669753425e-10
1.418102016945060e-01,9.546026974879230e-10
1.420231938868980e-01,9.543201000830660e-10
1.422361860792900e-01,9.540379735647611e-10
1.424491782716820e-01,9.537563184434897e-10
1.426621704640740e-01,9.534751352297331e-10
1.428751626564650e-01,9.531944244339742e-10
1.430881548488570e-01,9.529141865666914e-10
1.433011470412490e-01,9.526344221383672e-10
1.435141392336410e-01,9.523551316594834e-10
1.437271314260330e-01,9.520763156405208e-10
1.439401236184250e-01,9.517979745919613e-10
1.441531158108170e-01,9.515201086437157e-10
1.443661080032090e-01,9.512427164039212e-10
1.445791001956000e-01,9.509657961003999e-10
1.447920923879920e-01,9.506893459609688e-10
1.450050845803840e-01,9.504133642134501e-10
1.452180767727760e-01,9.501378490856636e-10
1.454310689651680e-01,9.498627988054299e-10
1.456440611575600e-01,9.495882116005692e-10
1.458570533499520e-01,9.493140856989017e-10
1.460700455423430e-01,9.490404193282488e-10
1.462830377347350e-01,9.487672107706345e-10
1.464960299271270e-01,9.484944585247727e-10
1.467090221195190e-01,9.482221611435116e-10
1.469220143119110e-01,9.479503171797004e-10
1.471350065043030e-01,9.476789251861881e-10
1.473479986966950e-01,9.474079837158231e-10
1.475609908890870e-01,9.471374913214548e-10
1.477739830814780e-01,9.468674465559329e-10
1.479869752738700e-01,9.465978479721038e-10
1.481999674662620e-01,9.463286941228180e-10
1.484129596586540e-01,9.460599835796521e-10
1.486259518510460e-01,9.457917149891304e-10
1.488389440434380e-01,9.455238870165223e-10
1.490519362358300e-01,9.452564983270978e-10
1.492649284282220e-01,9.449895475861262e-10
1.494779206206130e-01,9.447230334588779e-10
1.496909128130050e-01,9.444569546106205e-10
1.499039050053970e-01,9.441913097066245e-10
1.501168971977890e-01,9.439260974121593e-10
1.503298893901810e-01,9.436613163924949e-10
1.505428815825730e-01,9.433969653170708e-10
1.507558737749650e-01,9.431330428720122e-10
1.509688659673560e-01,9.428695477476161e-10
1.511818581597480e-01,9.426064786341769e-10
1.513948503521400e-01,9.423438342219921e-10
1.516078425445320e-01,9.420816132013580e-10
1.518208347369240e-01,9.418198142625712e-10
1.520338269293160e-01,9.415584360959285e-10
1.522468191217080e-01,9.412974773917252e-10
1.524598113141000e-01,9.410369368402589e-10
1.526728035064910e-01,9.407768131787161e-10
1.528857956988830e-01,9.405171053318111e-10
1.530987878912750e-01,9.402578122711354e-10
1.533117800836670e-01,9.399989329682804e-10
1.535247722760590e-01,9.397404663948364e-10
1.537377644684510e-01,9.394824115223948e-10
1.539507566608430e-01,9.392247673225462e-10
1.541637488532340e-01,9.389675327668828e-10
1.543767410456260e-01,9.387107068269929e-10
1.545897332380180e-01,9.384542884744689e-10
1.548027254304100e-01,9.381982765904621e-10
1.550157176228020e-01,9.379426696945372e-10
1.552287098151940e-01,9.376874662159039e-10
1.554417020075860e-01,9.374326645837724e-10
1.556546941999780e-01,9.371782632273522e-10
1.558676863923690e-01,9.369242605758547e-10
1.560806785847610e-01,9.366706550584874e-10
1.562936707771530e-01,9.364174451044612e-10
1.565066629695450e-01,9.361646291429860e-10
1.567196551619370e-01,9.359122056032718e-10
1.569326473543290e-01,9.356601730995818e-10
1.571456395467210e-01,9.354085309868590e-10
1.573586317391130e-01,9.351572788053334e-10
1.575716239315040e-01,9.349064160952366e-10
1.577846161238960e-01,9.346559423967964e-10
1.579976083162880e-01,9.344058572502441e-10
1.582106005086800e-01,9.341561601958098e-10
1.584235927010720e-01,9.339068507737238e-10
1.586365848934640e-01,9.336579285242163e-10
1.588495770858560e-01,9.334093929875174e-10
1.590625692782470e-01,9.331612434754029e-10
1.592755614706390e-01,9.329134783855290e-10
1.594885536630310e-01,9.326660958869518e-10
1.597015458554230e-01,9.324190941487265e-10
1.599145380478150e-01,9.321724713399089e-10
1.601275302402070e-01,9.319262256295535e-10
1.603405224325990e-01,9.316803551867160e-10
1.605535146249910e-01,9.314348581804515e-10
1.607665068173820e-01,9.311897327798167e-10
1.609794990097740e-01,9.309449771538639e-10
1.611924912021660e-01,9.307005897058755e-10
1.614054833945580e-01,9.304565697760459e-10
1.616184755869500e-01,9.302129169388022e-10
1.618314677793420e-01,9.299696307685708e-10
1.620444599717340e-01,9.297267108397788e-10
1.622574521641260e-01,9.294841567268527e-10
1.624704443565170e-01,9.292419680042205e-10
1.626834365489090e-01,9.290001442463067e-10
1.628964287413010e-01,9.287586850275388e-10
1.631094209336930e-01,9.285175899223442e-10
1.633224131260850e-01,9.282768583464395e-10
1.635354053184770e-01,9.280364890808904e-10
1.637483975108690e-01,9.277964807481461e-10
1.639613897032600e-01,9.275568319706570e-10
1.641743818956520e-01,9.273175413708704e-10
1.643873740880440e-01,9.270786075712365e-10
1.646003662804360e-01,9.268400291942049e-10
1.648133584728280e-01,9.266018048622250e-10
1.650263506652200e-01,9.263639331977458e-10
1.652393428576120e-01,9.261264128232167e-10
1.654523350500040e-01,9.258892424618883e-10
1.656653272423950e-01,9.256524212399718e-10
1.658783194347870e-01,9.254159483843550e-10
1.660913116271790e-01,9.251798231219288e-10
1.663043038195710e-01,9.249440446795826e-10
1.665172960119630e-01,9.247086122842068e-10
1.667302882043550e-01,9.244735251626907e-10
1.669432803967470e-01,9.242387825419243e-10
1.671562725891380e-01,9.240043836487983e-10
1.673692647815300e-01,9.237703277102005e-10
1.675822569739220e-01,9.235366139211974e-10
1.677952491663140e-01,9.233032413494941e-10
1.680082413587060e-01,9.230702090309399e-10
1.682212335510980e-01,9.228375160013843e-10
1.684342257434900e-01,9.226051612966766e-10
1.686472179358820e-01,9.223731439526658e-10
1.688602101282730e-01,9.221414630052027e-10
1.690732023206650e-01,9.219101174901341e-10
1.692861945130570e-01,9.216791064433108e-10
1.694991867054490e-01,9.214484289005815e-10
1.697121788978410e-01,9.212180839104374e-10
1.699251710902330e-01,9.209880705719422e-10
1.701381632826250e-01,9.207583879968064e-10
1.703511554750170e-01,9.205290352967401e-10
1.705641476674080e-01,9.203000115834546e-10
1.707771398598000e-01,9.200713159686579e-10
1.709901320521920e-01,9.198429475640615e-10
1.712031242445840e-01,9.196149054813752e-10
1.714161164369760e-01,9.193871888323094e-10
1.716291086293680e-01,9.191597967285743e-10
1.718421008217600e-01,9.189327283024517e-10
1.720550930141510e-01,9.187059827685005e-10
1.722680852065430e-01,9.184795593618434e-10
1.724810773989350e-01,9.182534573176058e-10
1.726940695913270e-01,9.180276758709124e-10
1.729070617837190e-01,9.178022142568875e-10
1.731200539761110e-01,9.175770717106560e-10
1.733330461685030e-01,9.173522474673423e-10
1.735460383608950e-01,9.171277407620710e-10
1.737590305532860e-01,9.169035508299677e-10
1.739720227456780e-01,9.166796768858776e-10
1.741850149380700e-01,9.164561180635737e-10
1.743980071304620e-01,9.162328734765685e-10
1.746109993228540e-01,9.160099422383741e-10
1.748239915152460e-01,9.157873234625030e-10
1.750369837076380e-01,9.155650162624673e-10
1.752499759000290e-01,9.153430197517804e-10
1.754629680924210e-01,9.151213330439525e-10
1.756759602848130e-01,9.148999552524969e-10
1.758889524772050e-01,9.146788854909258e-10
1.761019446695970e-01,9.144581228905911e-10
1.763149368619890e-01,9.142376666542504e-10
1.765279290543810e-01,9.140175160025248e-10
1.767409212467730e-01,9.137976701560356e-10
1.769539134391640e-01,9.135781283354046e-10
1.771669056315560e-01,9.133588897612511e-10
1.773798978239480e-01,9.131399536541971e-10
1.775928900163400e-01,9.129213192348638e-10
1.778058822087320e-01,9.127029857238724e-10
1.780188744011240e-01,9.124849523418437e-10
1.782318665935160e-01,9.122672183174512e-10
1.784448587859070e-01,9.120497829115889e-10
1.786578509782990e-01,9.118326453932059e-10
1.788708431706910e-01,9.116158050312544e-10
1.790838353630830e-01,9.113992610946855e-10
1.792968275554750e-01,9.111830128524502e-10
1.795098197478670e-01,9.109670595734994e-10
1.797228119402590e-01,9.107514005267845e-10
1.799358041326510e-01,9.105360349812566e-10
1.801487963250420e-01,9.103209622058675e-10
1.803617885174340e-01,9.101061814699159e-10
1.805747807098260e-01,9.098916920441006e-10
1.807877729022180e-01,9.096774931994696e-10
1.810007650946100e-01,9.094635842070699e-10
1.812137572870020e-01,9.092499643379491e-10
1.814267494793940e-01,9.090366328631550e-10
1.816397416717860e-01,9.088235890537346e-10
1.818527338641770e-01,9.086108321807368e-10
1.820657260565690e-01,9.083983615152069e-10
1.822787182489610e-01,9.081861763281935e-10
1.824917104413530e-01,9.079742758836228e-10
1.827047026337450e-01,9.077626594169443e-10
1.829176948261370e-01,9.075513261564897e-10
1.831306870185290e-01,9.073402753305910e-10
1.833436792109200e-01,9.071295061675810e-10
1.835566714033120e-01,9.069190178957894e-10
1.837696635957040e-01,9.067088097435491e-10
1.839826557880960e-01,9.064988809391921e-10
1.841956479804880e-01,9.062892307110503e-10
1.844086401728800e-01,9.060798582874553e-10
1.846216323652720e-01,9.058707629382236e-10
1.848346245576640e-01,9.056619440990150e-10
1.850476167500550e-01,9.054534012469279e-10
1.852606089424470e-01,9.052451338590579e-10
1.854736011348390e-01,9.050371414125035e-10
1.856865933272310e-01,9.048294233843622e-10
1.858995855196230e-01,9.046219792517313e-10
1.861125777120150e-01,9.044148084917084e-10
1.863255699044070e-01,9.042079105813909e-10
1.865385620967990e-01,9.040012849978762e-10
1.867515542891900e-01,9.037949311798085e-10
1.869645464815820e-01,9.035888484119283e-10
1.871775386739740e-01,9.033830359404842e-10
1.873905308663660e-01,9.031774930117233e-10
1.876035230587580e-01,9.029722188718927e-10
1.878165152511500e-01,9.027672127672402e-10
1.880295074435420e-01,9.025624739440124e-10
1.882424996359330e-01,9.023580016484578e-10
1.884554918283250e-01,9.021537951268221e-10
1.886684840207170e-01,9.019498536253529e-10
1.888814762131090e-01,9.017461764093996e-10
1.890944684055010e-01,9.015427628207354e-10
1.893074605978930e-01,9.013396122202440e-10
1.895204527902850e-01,9.011367239688088e-10
1.897334449826770e-01,9.009340974273136e-10
1.899464371750680e-01,9.007317319566427e-10
1.901594293674600e-01,9.005296269176781e-10
1.903724215598520e-01,9.003277816713043e-10
1.905854137522440e-01,9.001261955784051e-10
1.907984059446360e-01,8.999248679998637e-10
1.910113981370280e-01,8.997237983137830e-10
1.912243903294200e-01,8.995229859671355e-10
1.914373825218110e-01,8.993224304241108e-10
1.916503747142030e-01,8.991221311488961e-10
1.918633669065950e-01,8.989220876056809e-10
1.920763590989870e-01,8.987222992586536e-10
1.922893512913790e-01,8.985227655720035e-10
1.925023434837710e-01,8.983234860099189e-10
1.927153356761630e-01,8.981244600365888e-10
1.929283278685550e-01,8.979256871162018e-10
1.931413200609460e-01,8.977271666796695e-10
1.933543122533380e-01,8.975288980248399e-10
1.935673044457300e-01,8.973308804163120e-10
1.937802966381220e-01,8.971331131186837e-10
1.939932888305140e-01,8.969355953965531e-10
1.942062810229060e-01,8.967383265145179e-10
1.944192732152980e-01,8.965413057371764e-10
1.946322654076900e-01,8.963445323291264e-10
1.948452576000810e-01,8.961480055549668e-10
1.950582497924730e-01,8.959517246792938e-10
1.952712419848650e-01,8.957556890324730e-10
1.954842341772570e-01,8.955598982077528e-10
1.956972263696490e-01,8.953643518640560e-10
1.959102185620410e-01,8.951690496603056e-10
1.961232107544330e-01,8.949739912554246e-10
1.963362029468240e-01,8.947791763083368e-10
1.965491951392160e-01,8.945846044779632e-10
1.967621873316080e-01,8.943902754232278e-10
1.969751795240000e-01,8.941961888030534e-10
1.971881717163920e-01,8.940023442763632e-10
1.974011639087840e-01,8.938087414468482e-10
1.976141561011760e-01,8.936153796971842e-10
1.978271482935680e-01,8.934222583547715e-10
1.980401404859590e-01,8.932293767470113e-10
1.982531326783510e-01,8.930367342013018e-10
1.984661248707430e-01,8.928443300450442e-10
1.986791170631350e-01,8.926521636056384e-10
1.988921092555270e-01,8.924602342104848e-10
1.991051014479190e-01,8.922685411869836e-10
1.993180936403110e-01,8.920770838625348e-10
1.995310858327020e-01,8.918858615853041e-10
1.997440780250940e-01,8.916948737865200e-10
1.999570702174860e-01,8.915041199181820e-10
2.001700624098780e-01,8.913135994322886e-10
2.003830546022700e-01,8.911233117808385e-10
2.005960467946620e-01,8.909332564158302e-10
2.008090389870540e-01,8.907434327892623e-10
2.010220311794460e-01,8.905538403531333e-10
2.012350233718370e-01,8.903644785594426e-10
2.014480155642290e-01,8.901753468601873e-10
2.016610077566210e-01,8.899864447086586e-10
2.018739999490130e-01,8.897977715633146e-10
2.020869921414050e-01,8.896093268839042e-10
2.022999843337970e-01,8.894211101301768e-10
2.025129765261890e-01,8.892331207618816e-10
2.027259687185810e-01,8.890453582387678e-10
2.029389609109720e-01,8.888578220205856e-10
2.031519531033640e-01,8.886705115670823e-10
2.033649452957560e-01,8.884834263380082e-10
2.035779374881480e-01,8.882965657931125e-10
2.037909296805400e-01,8.881099294243529e-10
2.040039218729320e-01,8.879235168524536e-10
2.042169140653240e-01,8.877373277303136e-10
2.044299062577150e-01,8.875513617108319e-10
2.046428984501070e-01,8.873656184469061e-10
2.048558906424990e-01,8.871800975914354e-10
2.050688828348910e-01,8.869947987973188e-10
2.052818750272830e-01,8.868097217174549e-10
2.054948672196750e-01,8.866248660047424e-10
2.057078594120670e-01,8.864402313120800e-10
2.059208516044590e-01,8.862558172361676e-10
2.061338437968500e-01,8.860716231487808e-10
2.063468359892420e-01,8.858876483654299e-10
2.065598281816340e-01,8.857038922016271e-10
2.067728203740260e-01,8.855203539728842e-10
2.069858125664180e-01,8.853370329947130e-10
2.071988047588100e-01,8.851539285826251e-10
2.074117969512020e-01,8.849710400521322e-10
2.076247891435940e-01,8.847883667187459e-10
2.078377813359850e-01,8.846059078979790e-10
2.080507735283770e-01,8.844236629751108e-10
2.082637657207690e-01,8.842416316145755e-10
2.084767579131610e-01,8.840598135506126e-10
2.086897501055530e-01,8.838782085174621e-10
2.089027422979450e-01,8.836968162493632e-10
2.091157344903370e-01,8.835156364805555e-10
2.093287266827280e-01,8.833346689452797e-10
2.095417188751200e-01,8.831539133777735e-10
2.097547110675120e-01,8.829733695122773e-10
2.099677032599040e-01,8.827930370830307e-10
2.101806954522960e-01,8.826129157711052e-10
2.103936876446880e-01,8.824330050449091e-10
2.106066798370800e-01,8.822533043196876e-10
2.108196720294720e-01,8.820738130106858e-10
2.110326642218630e-01,8.818945305331495e-10
2.112456564142550e-01,8.817154563023223e-10
2.114586486066470e-01,8.815365897334501e-10
2.116716407990390e-01,8.813579302417778e-10
2.118846329914310e-01,8.811794772425508e-10
2.120976251838230e-01,8.810012301510140e-10
2.123106173762150e-01,8.808231884204391e-10
2.125236095686060e-01,8.806453516561500e-10
2.127366017609980e-01,8.804677195014681e-10
2.129495939533900e-01,8.802902915997171e-10
2.131625861457820e-01,8.801130675942193e-10
2.133755783381740e-01,8.799360471282981e-10
2.135885705305660e-01,8.797592298452760e-10
2.138015627229580e-01,8.795826153884760e-10
2.140145549153500e-01,8.794062034012207e-10
2.142275471077410e-01,8.792299935268338e-10
2.144405393001330e-01,8.790539853885269e-10
2.146535314925250e-01,8.788781785291299e-10
2.148665236849170e-01,8.787025724713887e-10
2.150795158773090e-01,8.785271667380493e-10
2.152925080697010e-01,8.783519608518577e-10
2.155055002620930e-01,8.781769543355601e-10
2.157184924544850e-01,8.780021467119023e-10
2.159314846468760e-01,8.778275375036313e-10
2.161444768392680e-01,8.776531262334916e-10
2.163574690316600e-01,8.774789124242298e-10
2.165704612240520e-01,8.773048956064381e-10
2.167834534164440e-01,8.771310753421056e-10
2.169964456088360e-01,8.769574512010745e-10
2.172094378012280e-01,8.767840227531867e-10
2.174224299936190e-01,8.766107895682852e-10
2.176354221860110e-01,8.764377512162104e-10
2.178484143784030e-01,8.762649072668051e-10
2.180614065707950e-01,8.760922572899114e-10
2.182743987631870e-01,8.759198008553714e-10
2.184873909555790e-01,8.757475375330270e-10
2.187003831479710e-01,8.755754669257095e-10
2.189133753403630e-01,8.754035887682223e-10
2.191263675327540e-01,8.752319028283672e-10
2.193393597251460e-01,8.750604088739437e-10
2.195523519175380e-01,8.748891066727534e-10
2.197653441099300e-01,8.747179959925975e-10
2.199783363023220e-01,8.745470766012768e-10
2.201913284947140e-01,8.743763482665927e-10
2.204043206871060e-01,8.742058107563457e-10
2.206173128794970e-01,8.740354638383379e-10
2.208303050718890e-01,8.738653072165142e-10
2.210432972642810e-01,8.736953403394502e-10
2.212562894566730e-01,8.735255625918903e-10
2.214692816490650e-01,8.733559733585776e-10
2.216822738414570e-01,8.731865720242561e-10
2.218952660338490e-01,8.730173579736698e-10
2.221082582262410e-01,8.728483305915623e-10
2.223212504186320e-01,8.726794892626781e-10
2.225342426110240e-01,8.725108333717596e-10
2.227472348034160e-01,8.723423623035513e-10
2.229602269958080e-01,8.721740755012277e-10
2.231732191882000e-01,8.720059726415728e-10
2.233862113805920e-01,8.718380534597441e-10
2.235992035729840e-01,8.716703176908989e-10
2.238121957653760e-01,8.715027650701947e-10
2.240251879577670e-01,8.713353953327899e-10
2.242381801501590e-01,8.711682082138403e-10
2.244511723425510e-01,8.710012034485039e-10
2.246641645349430e-01,8.708343807719384e-10
2.248771567273350e-01,8.706677399193014e-10
2.250901489197270e-01,8.705012806369287e-10
2.253031411121190e-01,8.703350027158980e-10
2.255161333045100e-01,8.701689059584799e-10
2.257291254969020e-01,8.700029901669427e-10
2.259421176892940e-01,8.698372551435572e-10
2.261551098816860e-01,8.696717006905930e-10
2.263681020740780e-01,8.695063266103201e-10
2.265810942664700e-01,8.693411327050082e-10
2.267940864588620e-01,8.691761187769274e-10
2.270070786512540e-01,8.690112846283473e-10
2.272200708436450e-01,8.688466298969123e-10
2.274330630360370e-01,8.686821535615611e-10
2.276460552284290e-01,8.685178544365090e-10
2.278590474208210e-01,8.683537313359711e-10
2.280720396132130e-01,8.681897830741620e-10
2.282850318056050e-01,8.680260084652963e-10
2.284980239979970e-01,8.678624063235892e-10
2.287110161903880e-01,8.676989754632561e-10
2.289240083827800e-01,8.675357146985102e-10
2.291370005751720e-01,8.673726228435669e-10
2.293499927675640e-01,8.672096993528365e-10
2.295629849599560e-01,8.670469462414896e-10
2.297759771523480e-01,8.668843661648817e-10
2.299889693447400e-01,8.667219617783683e-10
2.302019615371320e-01,8.665597357373053e-10
2.304149537295230e-01,8.663976906970486e-10
2.306279459219150e-01,8.662358293129525e-10
2.308409381143070e-01,8.660741542403734e-10
2.310539303066990e-01,8.659126681346665e-10
2.312669224990910e-01,8.657513736511879e-10
2.314799146914830e-01,8.655902711376934e-10
2.316929068838750e-01,8.654293517144678e-10
2.319058990762670e-01,8.652686041956579e-10
2.321188912686580e-01,8.651080173954119e-10
2.323318834610500e-01,8.649475801278755e-10
2.325448756534420e-01,8.647872812071962e-10
2.327578678458340e-01,8.646271094475219e-10
2.329708600382260e-01,8.644670536629993e-10
2.331838522306180e-01,8.643071026677755e-10
2.333968444230100e-01,8.641472452759981e-10
2.336098366154010e-01,8.639874788256333e-10
2.338228288077930e-01,8.638278347285931e-10
2.340358210001850e-01,8.636683529099500e-10
2.342488131925770e-01,8.635090732947760e-10
2.344618053849690e-01,8.633500358081431e-10
2.346747975773610e-01,8.631912803751232e-10
2.348877897697530e-01,8.630328469207879e-10
2.351007819621450e-01,8.628747753702093e-10
2.353137741545360e-01,8.627171056484601e-10
2.355267663469280e-01,8.625598776806106e-10
2.357397585393200e-01,8.624030996974906e-10
2.359527507317120e-01,8.622466530928506e-10
2.361657429241040e-01,8.620903875361379e-10
2.363787351164960e-01,8.619341526967993e-10
2.365917273088880e-01,8.617777982442817e-10
2.368047195012800e-01,8.616211738480323e-10
2.370177116936710e-01,8.614641291774989e-10
2.372307038860630e-01,8.613065139021270e-10
2.374436960784550e-01,8.611481776913643e-10
2.376566882708470e-01,8.609889702146579e-10
2.378696804632390e-01,8.608288593812171e-10
2.380826726556310e-01,8.606682861374415e-10
2.382956648480230e-01,8.605078097085674e-10
2.385086570404140e-01,8.603479893198318e-10
2.387216492328060e-01,8.601893841964693e-10
2.389346414251980e-01,8.600325535637167e-10
2.391476336175900e-01,8.598780566468103e-10
2.393606258099820e-01,8.597264526709864e-10
2.395736180023740e-01,8.595783008614809e-10
2.397866101947660e-01,8.594341604435302e-10
2.399996023871580e-01,8.592941493718234e-10
2.402125945795490e-01,8.591566207722988e-10
2.404255867719410e-01,8.590194866270549e-10
2.406385789643330e-01,8.588806589181922e-10
2.408515711567250e-01,8.587380496278102e-10
2.410645633491170e-01,8.585895707380088e-10
2.412775555415090e-01,8.584331342308874e-10
2.414905477339010e-01,8.582666520885462e-10
2.417035399262920e-01,8.580880362930855e-10
2.419165321186840e-01,8.578951988266033e-10
2.421295243110760e-01,8.576876987864651e-10
2.423425165034680e-01,8.574716807511989e-10
2.425555086958600e-01,8.572549349249866e-10
2.427685008882520e-01,8.570452515120104e-10
2.429814930806440e-01,8.568504207164520e-10
2.431944852730360e-01,8.566782327424935e-10
2.434074774654270e-01,8.565364777943174e-10
2.436204696578190e-01,8.564329460761043e-10
2.438334618502110e-01,8.563754277920369e-10
2.440464540426030e-01,8.563717131462971e-10
2.442594462349950e-01,8.564234519217105e-10
2.444724384273870e-01,8.565077163114798e-10
2.446854306197790e-01,8.565954301327782e-10
2.448984228121710e-01,8.566575172027793e-10
2.451114150045620e-01,8.566649013386565e-10
2.453244071969540e-01,8.565885063575836e-10
2.455373993893460e-01,8.563992560767337e-10
2.457503915817380e-01,8.560680743132805e-10
2.459633837741300e-01,8.555658848843970e-10
2.461763759665220e-01,8.548636116072569e-10
2.463893681589140e-01,8.539551020525672e-10
2.466023603513050e-01,8.529259298503002e-10
2.468153525436970e-01,8.518846079091372e-10
2.470283447360890e-01,8.509396491377746e-10
2.472413369284810e-01,8.501995664449039e-10
2.474543291208730e-01,8.497728727392168e-10
2.476673213132650e-01,8.497680809294047e-10
2.478803135056570e-01,8.502937039241594e-10
2.480933056980490e-01,8.514582546321724e-10
2.483062978904400e-01,8.533702459621244e-10
2.485192900828320e-01,8.560939989694984e-10
2.487322822752240e-01,8.595170620444445e-10
2.489452744676160e-01,8.634827890976520e-10
2.491582666600080e-01,8.678345340398121e-10
2.493712588524000e-01,8.724156507816145e-10
2.495842510447920e-01,8.770694932337488e-10
2.497972432371830e-01,8.816394153068842e-10
2.500102354295750e-01,8.859687709117545e-10
2.502232276219670e-01,8.899009139590280e-10
2.504362198143590e-01,8.932791983593939e-10
2.506492120067510e-01,8.959883793329882e-10
2.508622041991430e-01,8.980787711261169e-10
2.510751963915350e-01,8.996420661919526e-10
2.512881885839270e-01,9.007699569836671e-10
2.515011807763180e-01,9.015541359544296e-10
2.517141729687100e-01,9.020862955574194e-10
2.519271651611020e-01,9.024581282458041e-10
2.521401573534940e-01,9.027613264727558e-10
2.523531495458860e-01,9.030875826914467e-10
2.525661417382780e-01,9.035285893550486e-10
2.527791339306700e-01,9.041566336500819e-10
2.529921261230620e-01,9.049664273152772e-10
2.532051183154530e-01,9.059332996254160e-10
2.534181105078450e-01,9.070325798552936e-10
2.536311027002370e-01,9.082395972796916e-10
2.538440948926290e-01,9.095296811733969e-10
2.540570870850210e-01,9.108781608111959e-10
2.542700792774130e-01,9.122603654678741e-10
2.544830714698050e-01,9.136516244182176e-10
2.546960636621960e-01,9.150272669370072e-10
2.549090558545880e-01,9.163678149017510e-10
2.551220480469800e-01,9.176745712341838e-10
2.553350402393720e-01,9.189540367768214e-10
2.555480324317640e-01,9.202127123721799e-10
2.557610246241560e-01,9.214570988627751e-10
2.559740168165480e-01,9.226936970911226e-10
2.561870090089400e-01,9.239290078997381e-10
2.564000012013310e-01,9.251695321311320e-10
2.566129933937230e-01,9.264217706278318e-10
2.568259855861150e-01,9.276922242323471e-10
2.570389777785070e-01,9.289860009966989e-10
2.572519699708990e-01,9.303026366797587e-10
2.574649621632910e-01,9.316402736842602e-10
2.576779543556830e-01,9.329970544129359e-10
2.578909465480740e-01,9.343711212685123e-10
2.581039387404660e-01,9.357606166537363e-10
2.583169309328580e-01,9.371636829713345e-10
2.585299231252500e-01,9.385784626240401e-10
2.587429153176420e-01,9.400030980145860e-10
2.589559075100340e-01,9.414357315457061e-10
2.591688997024260e-01,9.428748781068647e-10
2.593818918948180e-01,9.443205423768539e-10
2.595948840872090e-01,9.457731014423971e-10
2.598078762796010e-01,9.472329323902377e-10
2.600208684719930e-01,9.487004123070988e-10
2.602338606643850e-01,9.501759182797091e-10
2.604468528567770e-01,9.516598273947997e-10
2.606598450491690e-01,9.531525167390994e-10
2.608728372415610e-01,9.546543633993386e-10
2.610858294339530e-01,9.561657444622459e-10
2.612988216263440e-01,9.576869364700512e-10
2.615118138187360e-01,9.592178139537270e-10
2.617248060111280e-01,9.607581509830640e-10
2.619377982035200e-01,9.623077216278589e-10
2.621507903959120e-01,9.638662999579109e-10
2.623637825883040e-01,9.654336600430165e-10
2.625767747806960e-01,9.670095759529731e-10
2.627897669730870e-01,9.685938217575707e-10
2.630027591654790e-01,9.701861715266224e-10
2.632157513578710e-01,9.717863993299180e-10
2.634287435502630e-01,9.733943056373775e-10
2.636417357426550e-01,9.750097965917856e-10
2.638547279350470e-01,9.766328047722494e-10
2.640677201274390e-01,9.782632627578761e-10
2.642807123198310e-01,9.799011031277726e-10
2.644937045122220e-01,9.815462584610376e-10
2.647066967046140e-01,9.831986613367947e-10
2.649196888970060e-01,9.848582443341421e-10
2.651326810893980e-01,9.865249400321874e-10
2.653456732817900e-01,9.881986810100366e-10
2.655586654741820e-01,9.898793923391728e-10
2.657716576665740e-01,9.915669690492716e-10
2.659846498589660e-01,9.932612986567312e-10
2.661976420513570e-01,9.949622686779419e-10
2.664106342437490e-01,9.966697666293185e-10
2.666236264361410e-01,9.983836800272505e-10
2.668366186285330e-01,1.000103896388137e-09
2.670496108209250e-01,1.001830303228375e-09
2.672626030133170e-01,1.003562788064365e-09
2.674755952057090e-01,1.005301238412503e-09
2.676885873981000e-01,1.007045543479878e-09
2.679015795904920e-01,1.008795599236851e-09
2.681145717828840e-01,1.010551303344685e-09
2.683275639752760e-01,1.012312553464650e-09
2.685405561676680e-01,1.014079247258015e-09
2.687535483600600e-01,1.015851282386054e-09
2.689665405524520e-01,1.017628556510037e-09
2.691795327448440e-01,1.019410967291233e-09
2.693925249372350e-01,1.021198412390905e-09
2.696055171296270e-01,1.022990789470341e-09
2.698185093220190e-01,1.024787995661919e-09
2.700315015144110e-01,1.026589925982998e-09
2.702444937068030e-01,1.028396474922307e-09
2.704574858991950e-01,1.030207536968576e-09
2.706704780915870e-01,1.032023006610535e-09
2.708834702839780e-01,1.033842778336904e-09
2.710964624763700e-01,1.035666746636430e-09
2.713094546687620e-01,1.037494805997835e-09
2.715224468611540e-01,1.039326850909849e-09
2.717354390535460e-01,1.041162775861200e-09
2.719484312459380e-01,1.043002475310638e-09
2.721614234383300e-01,1.044845843597058e-09
2.723744156307220e-01,1.046692775029408e-09
2.725874078231130e-01,1.048543163916628e-09
2.728004000155050e-01,1.050396904567681e-09
2.730133922078970e-01,1.052253891291507e-09
2.732263844002890e-01,1.054114018397053e-09
2.734393765926810e-01,1.055977180193268e-09
2.736523687850730e-01,1.057843270989099e-09
2.738653609774650e-01,1.059712185093494e-09
2.740783531698570e-01,1.061583817471615e-09
2.742913453622480e-01,1.063458065714914e-09
2.745043375546400e-01,1.065334828071808e-09
2.747173297470320e-01,1.067214002790686e-09
2.749303219394240e-01,1.069095488119946e-09
2.751433141318160e-01,1.070979182307986e-09
2.753563063242080e-01,1.072864983603204e-09
2.755692985166000e-01,1.074752790253997e-09
2.757822907089910e-01,1.076642500508756e-09
2.759952829013830e-01,1.078534012615895e-09
2.762082750937750e-01,1.080427222443665e-09
2.764212672861670e-01,1.082322016337468e-09
2.766342594785590e-01,1.084218278261422e-09
2.768472516709510e-01,1.086115892179644e-09
2.770602438633430e-01,1.088014742056251e-09
2.772732360557350e-01,1.089914711855361e-09
2.774862282481260e-01,1.091815685541081e-09
2.776992204405180e-01,1.093717547077547e-09
2.779122126329100e-01,1.095620180428866e-09
2.781252048253020e-01,1.097523469559156e-09
2.783381970176940e-01,1.099427308776697e-09
2.785511892100860e-01,1.101331633763604e-09
