7.791356504680618e-06,4.294674597675636e-09
8.610780621332552e-06,4.236352522057710e-09
9.516384324626089e-06,4.178629191033651e-09
1.051723120080771e-05,4.121498773339272e-09
1.162333806181051e-05,4.064955967527448e-09
1.284577519687474e-05,4.008995623168907e-09
1.419677716772344e-05,3.953612693950124e-09
1.568986525616830e-05,3.898802221145920e-09
1.733998278964274e-05,3.844559774445539e-09
1.916364469904539e-05,3.790880866730902e-09
2.117910280571951e-05,3.737761631457640e-09
2.340652849181556e-05,3.685198078490725e-09
2.586821458226360e-05,3.633186711685007e-09
2.858879845885812e-05,3.581724373901775e-09
3.159550863945590e-05,3.530808031318412e-09
3.491843729013453e-05,3.480434403518680e-09
3.859084139770492e-05,3.430600161035560e-09
4.264947561681323e-05,3.381301820826120e-09
4.713496012287843e-05,3.332535380197056e-09
5.209218715246060e-05,3.284296316743761e-09
5.757077029985334e-05,3.236580857515805e-09
6.362554106661115e-05,3.189384917911165e-09
7.031709763364645e-05,3.142705293630648e-09
7.771241134819200e-05,3.096538419921490e-09
8.588549699555374e-05,3.050880415198685e-09
9.491815356395940e-05,3.005727474453995e-09
1.049007829163263e-04,2.961075639364363e-09
1.159332945624905e-04,2.916921556129349e-09
1.281261055871622e-04,2.873261530229699e-09
1.416012457412214e-04,2.830091764113762e-09
1.564935787564811e-04,2.787408370815555e-09
1.729521521072439e-04,2.745208047522940e-09
1.911416887275217e-04,2.703487105406249e-09
2.112442356135248e-04,2.662241530416020e-09
2.334609858111876e-04,2.621468047839804e-09
2.580142920237960e-04,2.581163166469108e-09
2.851498919925769e-04,2.541322745609472e-09
3.151393679226079e-04,2.501943669589353e-09
3.482828645688079e-04,2.463022148977721e-09
3.849120931855259e-04,2.424554730262566e-09
4.253936514042669e-04,2.386537677730775e-09
4.701326922660057e-04,2.348967940899008e-09
5.195769791289974e-04,2.311841496432127e-09
5.742213670349657e-04,2.275154940039469e-09
6.346127553846864e-04,2.238905384898033e-09
7.013555614910102e-04,2.203089387671558e-09
7.751177697904812e-04,2.167703699820687e-09
8.566376172560946e-04,2.132745408854698e-09
9.467309819210534e-04,2.098211187151329e-09
1.046299548460350e-03,2.064097804466416e-09
1.156339832554060e-03,2.030402219605699e-09
1.277953154351212e-03,1.996958918688912e-09
1.405748469786333e-03,1.965464535828693e-09
1.533543785221454e-03,1.937185397286917e-09
1.661339100656575e-03,1.911588764203904e-09
1.789134416091696e-03,1.888141897719972e-09
1.916929731526817e-03,1.866384309862711e-09
2.000000000000000e-03,1.853061482963313e-09
2.044725046961939e-03,1.846144083148470e-09
2.172520362397060e-03,1.827298577349504e-09
2.300315677832181e-03,1.809691089882050e-09
2.428110993267302e-03,1.793162161442735e-09
2.555906308702423e-03,1.777567166266558e-09
2.683701624137544e-03,1.762820812751371e-09
2.811496939572665e-03,1.748852642838083e-09
2.939292255007787e-03,1.735592198467606e-09
3.067087570442908e-03,1.722969021580849e-09
3.194882885878029e-03,1.710918236387803e-09
3.322678201313150e-03,1.699397296399949e-09
3.450473516748271e-03,1.688369237510430e-09
3.578268832183392e-03,1.677797095612389e-09
3.706064147618514e-03,1.667643906598971e-09
3.833859463053635e-03,1.657875252370743e-09
3.961654778488756e-03,1.648466898822682e-09
4.089450093923877e-03,1.639397157839543e-09
4.217245409358998e-03,1.630644341306083e-09
4.345040724794119e-03,1.622186761107057e-09
4.472836040229241e-03,1.614004055540596e-09
4.600631355664362e-03,1.606081168592619e-09
4.728426671099482e-03,1.598404370679558e-09
4.856221986534604e-03,1.590959932217844e-09
4.984017301969726e-03,1.583734123623912e-09
5.111812617404846e-03,1.576713967721733e-09
5.239607932839968e-03,1.569889496944111e-09
5.367403248275089e-03,1.563251496120724e-09
5.495198563710209e-03,1.556790750081249e-09
5.622993879145331e-03,1.550498043655362e-09
5.750789194580453e-03,1.544364619189753e-09
5.878584510015573e-03,1.538383549104340e-09
6.006379825450694e-03,1.532548363338651e-09
6.134175140885816e-03,1.526852591832212e-09
6.261970456320937e-03,1.521289764524549e-09
6.389765771756058e-03,1.515853706067597e-09
6.517561087191179e-03,1.510539419950292e-09
6.645356402626300e-03,1.505342204367661e-09
6.773151718061422e-03,1.500257357514735e-09
6.900947033496543e-03,1.495280177586543e-09
7.028742348931663e-03,1.490406158419421e-09
7.156537664366785e-03,1.485631576414326e-09
7.284332979801906e-03,1.480952903613216e-09
7.412128295237027e-03,1.476366612058048e-09
7.539923610672148e-03,1.471869173790779e-09
7.667718926107269e-03,1.467457198316233e-09
7.795514241542391e-03,1.463127844995729e-09
7.923309556977513e-03,1.458878410655966e-09
8.051104872412632e-03,1.454706192123642e-09
8.178900187847754e-03,1.450608486225454e-09
8.306695503282877e-03,1.446582686148086e-09
8.434490818717996e-03,1.442626570516459e-09
8.562286134153118e-03,1.438738014314627e-09
8.690081449588239e-03,1.434914892526646e-09
8.817876765023359e-03,1.431155080136570e-09
8.945672080458482e-03,1.427456526866410e-09
9.073467395893601e-03,1.423817481391632e-09
9.201262711328723e-03,1.420236267126484e-09
9.329058026763846e-03,1.416711207485210e-09
9.456853342198965e-03,1.413240625882058e-09
9.584648657634087e-03,1.409822889228890e-09
9.712443973069206e-03,1.406456538426641e-09
9.840239288504329e-03,1.403140157873164e-09
9.968034603939451e-03,1.399872331966312e-09
1.009582991937457e-02,1.396651645103937e-09
1.022362523480969e-02,1.393476745562641e-09
1.035142055024482e-02,1.390346537134505e-09
1.047921586567993e-02,1.387259987490600e-09
1.060701118111506e-02,1.384216064301996e-09
1.073480649655018e-02,1.381213735239766e-09
1.086260181198530e-02,1.378251967974980e-09
1.099039712742042e-02,1.375329730178709e-09
1.111819244285554e-02,1.372445989522025e-09
1.124598775829066e-02,1.369599713675998e-09
1.137378307372578e-02,1.366789870311701e-09
1.150157838916090e-02,1.364015480557556e-09
1.162937370459603e-02,1.361275779355972e-09
1.175716902003114e-02,1.358570055098993e-09
1.188496433546627e-02,1.355897596178667e-09
1.201275965090139e-02,1.353257690987039e-09
1.214055496633651e-02,1.350649627916156e-09
1.226835028177163e-02,1.348072695358063e-09
1.239614559720675e-02,1.345526181704807e-09
1.252394091264187e-02,1.343009375348434e-09
1.265173622807700e-02,1.340521564680989e-09
1.277953154351211e-02,1.338062069459995e-09
1.290732685894724e-02,1.335630334915979e-09
1.303512217438236e-02,1.333225837650502e-09
1.316291748981748e-02,1.330848054265123e-09
1.329071280525260e-02,1.328496461361401e-09
1.341850812068772e-02,1.326170535540895e-09
1.354630343612284e-02,1.323869753405165e-09
1.367409875155796e-02,1.321593591555771e-09
1.380189406699308e-02,1.319341526594271e-09
1.392968938242821e-02,1.317113035122224e-09
1.405748469786333e-02,1.314907615595581e-09
1.418528001329845e-02,1.312724853889118e-09
1.431307532873357e-02,1.310564357732637e-09
1.444087064416869e-02,1.308425734855940e-09
1.456866595960381e-02,1.306308592988827e-09
1.469646127503893e-02,1.304212539861100e-09
1.482425659047405e-02,1.302137183202559e-09
1.495205190590917e-02,1.300082130743007e-09
1.507984722134430e-02,1.298046990212244e-09
1.520764253677942e-02,1.296031369340072e-09
1.533543785221454e-02,1.294034891081965e-09
1.546323316764966e-02,1.292057239292456e-09
1.559102848308478e-02,1.290098113049940e-09
1.571882379851990e-02,1.288157211432811e-09
1.584661911395502e-02,1.286234233519462e-09
1.597441442939014e-02,1.284328878388287e-09
1.610220974482527e-02,1.282440845117679e-09
1.623000506026039e-02,1.280569832786033e-09
1.635780037569551e-02,1.278715540471742e-09
1.648559569113063e-02,1.276877667253201e-09
1.661339100656575e-02,1.275055922778292e-09
1.674118632200087e-02,1.273250058977135e-09
1.686898163743599e-02,1.271459838351479e-09
1.699677695287111e-02,1.269685023403074e-09
1.712457226830624e-02,1.267925376633666e-09
1.725236758374135e-02,1.266180660545004e-09
1.738016289917648e-02,1.264450637638837e-09
1.750795821461160e-02,1.262735070416913e-09
1.763575353004672e-02,1.261033721380981e-09
1.776354884548184e-02,1.259346353032789e-09
1.789134416091696e-02,1.257672736021134e-09
1.801913947635208e-02,1.256012673583892e-09
1.814693479178720e-02,1.254365977106427e-09
1.827473010722232e-02,1.252732457974106e-09
1.840252542265745e-02,1.251111927572293e-09
1.853032073809257e-02,1.249504197286356e-09
1.865811605352769e-02,1.247909078501658e-09
1.878591136896281e-02,1.246326382603566e-09
1.891370668439793e-02,1.244755920977445e-09
1.904150199983305e-02,1.243197505008660e-09
1.916929731526817e-02,1.241650951945795e-09
1.929709263070329e-02,1.240116102489201e-09
1.942488794613842e-02,1.238592803201895e-09
1.955268326157353e-02,1.237080900646897e-09
1.968047857700866e-02,1.235580241387223e-09
1.980827389244378e-02,1.234090671985892e-09
1.993606920787890e-02,1.232612039005922e-09
2.006386452331402e-02,1.231144189010331e-09
2.019165983874914e-02,1.229686968562137e-09
2.031945515418426e-02,1.228240224224358e-09
2.044725046961939e-02,1.226803807205243e-09
2.057504578505450e-02,1.225377587296078e-09
2.070284110048963e-02,1.223961438934438e-09
2.083063641592475e-02,1.222555236557897e-09
2.095843173135987e-02,1.221158854604029e-09
2.108622704679499e-02,1.219772167510409e-09
2.121402236223011e-02,1.218395049714610e-09
2.134181767766523e-02,1.217027375654207e-09
2.146961299310035e-02,1.215669019766774e-09
2.159740830853547e-02,1.214319856489886e-09
2.172520362397060e-02,1.212979763711820e-09
2.185299893940572e-02,1.211648633124223e-09
2.198079425484084e-02,1.210326359869717e-09
2.210858957027596e-02,1.209012839090926e-09
2.223638488571108e-02,1.207707965930474e-09
2.236418020114620e-02,1.206411635530983e-09
2.249197551658132e-02,1.205123743035078e-09
2.261977083201644e-02,1.203844183585382e-09
2.274756614745157e-02,1.202572852324518e-09
2.287536146288669e-02,1.201309644395110e-09
2.300315677832181e-02,1.200054457805506e-09
2.313095209375693e-02,1.198807202026559e-09
2.325874740919205e-02,1.197567789394652e-09
2.338654272462717e-02,1.196336132246165e-09
2.351433804006229e-02,1.195112142917481e-09
2.364213335549741e-02,1.193895733744980e-09
2.376992867093253e-02,1.192686817065043e-09
2.389772398636766e-02,1.191485305214054e-09
2.402551930180278e-02,1.190291110528393e-09
2.415331461723790e-02,1.189104145344442e-09
2.428110993267302e-02,1.187924324198726e-09
2.440890524810814e-02,1.186751570427395e-09
2.453670056354326e-02,1.185585809566265e-09
2.466449587897838e-02,1.184426967151154e-09
2.479229119441350e-02,1.183274968717878e-09
2.492008650984863e-02,1.182129739802254e-09
2.504788182528375e-02,1.180991205940099e-09
2.517567714071887e-02,1.179859292667230e-09
2.530347245615399e-02,1.178733925519463e-09
2.543126777158911e-02,1.177615030032615e-09
2.555906308702423e-02,1.176502533579009e-09
2.568685840245935e-02,1.175396370877374e-09
2.581465371789447e-02,1.174296478483139e-09
2.594244903332960e-02,1.173202792951732e-09
2.607024434876471e-02,1.172115250838580e-09
2.619803966419984e-02,1.171033788699111e-09
2.632583497963496e-02,1.169958343088754e-09
2.645363029507008e-02,1.168888850562936e-09
2.658142561050520e-02,1.167825247677085e-09
2.670922092594032e-02,1.166767470986629e-09
2.683701624137544e-02,1.165715458467459e-09
2.696481155681056e-02,1.164669153777200e-09
2.709260687224568e-02,1.163628501993875e-09
2.722040218768081e-02,1.162593448195511e-09
2.734819750311593e-02,1.161563937460132e-09
2.747599281855105e-02,1.160539914865763e-09
2.760378813398617e-02,1.159521325490431e-09
2.773158344942129e-02,1.158508114412159e-09
2.785937876485641e-02,1.157500226708973e-09
2.798717408029153e-02,1.156497607458898e-09
2.811496939572665e-02,1.155500203040691e-09
2.824276471116178e-02,1.154507965035526e-09
2.837056002659689e-02,1.153520846325064e-09
2.849835534203202e-02,1.152538799790962e-09
2.862615065746714e-02,1.151561778314878e-09
2.875394597290226e-02,1.150589734778471e-09
2.888174128833738e-02,1.149622622063399e-09
2.900953660377250e-02,1.148660393051319e-09
2.913733191920762e-02,1.147703000623891e-09
2.926512723464274e-02,1.146750397662772e-09
2.939292255007787e-02,1.145802537988132e-09
2.952071786551299e-02,1.144859379174427e-09
2.964851318094811e-02,1.143920879734748e-09
2.977630849638323e-02,1.142986998182185e-09
2.990410381181835e-02,1.142057693029827e-09
3.003189912725347e-02,1.141132922790765e-09
3.015969444268859e-02,1.140212645978089e-09
3.028748975812371e-02,1.139296821104889e-09
3.041528507355883e-02,1.138385406684255e-09
3.054308038899396e-02,1.137478361229276e-09
3.067087570442908e-02,1.136575644076839e-09
3.079867101986420e-02,1.135677217858984e-09
3.092646633529932e-02,1.134783046031530e-09
3.105426165073444e-02,1.133893092050298e-09
3.118205696616956e-02,1.133007319371110e-09
3.130985228160468e-02,1.132125691449785e-09
3.143764759703981e-02,1.131248171742144e-09
3.156544291247493e-02,1.130374723704007e-09
3.169323822791005e-02,1.129505310791194e-09
3.182103354334517e-02,1.128639896459528e-09
3.194882885878029e-02,1.127778444997531e-09
3.207662417421541e-02,1.126920924024267e-09
3.220441948965053e-02,1.126067301991366e-09
3.233221480508566e-02,1.125217547350455e-09
3.246001012052077e-02,1.124371628553164e-09
3.258780543595589e-02,1.123529514051121e-09
3.271560075139102e-02,1.122691172295955e-09
3.284339606682614e-02,1.121856571739296e-09
3.297119138226126e-02,1.121025680832771e-09
3.309898669769638e-02,1.120198468028009e-09
3.322678201313150e-02,1.119374902255573e-09
3.335457732856662e-02,1.118554954361897e-09
3.348237264400174e-02,1.117738595672425e-09
3.361016795943687e-02,1.116925797512600e-09
3.373796327487198e-02,1.116116531207865e-09
3.386575859030710e-02,1.115310768083663e-09
3.399355390574223e-02,1.114508479465437e-09
3.412134922117735e-02,1.113709636678629e-09
3.424914453661247e-02,1.112914211048683e-09
3.437693985204759e-02,1.112122173901042e-09
3.450473516748271e-02,1.111333497167708e-09
3.463253048291783e-02,1.110548155206927e-09
3.476032579835295e-02,1.109766122983511e-09
3.488812111378808e-02,1.108987375462270e-09
3.501591642922319e-02,1.108211887608014e-09
3.514371174465832e-02,1.107439634385554e-09
3.527150706009344e-02,1.106670590759701e-09
3.539930237552856e-02,1.105904731695265e-09
3.552709769096368e-02,1.105142032157056e-09
3.565489300639881e-02,1.104382467109885e-09
3.578268832183392e-02,1.103626011931957e-09
3.591048363726904e-02,1.102872643654928e-09
3.603827895270417e-02,1.102122339723794e-09
3.616607426813929e-02,1.101375077583549e-09
3.629386958357441e-02,1.100630834679184e-09
3.642166489900953e-02,1.099889588455696e-09
3.654946021444465e-02,1.099151316358076e-09
3.667725552987977e-02,1.098415995831319e-09
3.680505084531489e-02,1.097683604320419e-09
3.693284616075002e-02,1.096954119270368e-09
3.706064147618514e-02,1.096227518459545e-09
3.718843679162025e-02,1.095503780999979e-09
3.731623210705538e-02,1.094782886337146e-09
3.744402742249050e-02,1.094064813916520e-09
3.757182273792562e-02,1.093349543183575e-09
3.769961805336074e-02,1.092637053583786e-09
3.782741336879586e-02,1.091927324562627e-09
3.795520868423098e-02,1.091220335565572e-09
3.808300399966610e-02,1.090516066038095e-09
3.821079931510123e-02,1.089814495425672e-09
3.833859463053635e-02,1.089115603722946e-09
3.846638994597146e-02,1.088419373121280e-09
3.859418526140659e-02,1.087725786361224e-09
3.872198057684171e-02,1.087034826183326e-09
3.884977589227683e-02,1.086346475328138e-09
3.897757120771195e-02,1.085660716536208e-09
3.910536652314707e-02,1.084977532548087e-09
3.923316183858219e-02,1.084296906104324e-09
3.936095715401731e-02,1.083618819945470e-09
3.948875246945244e-02,1.082943256812073e-09
3.961654778488756e-02,1.082270199137802e-09
3.974434310032268e-02,1.081599628128866e-09
3.987213841575780e-02,1.080931524684631e-09
3.999993373119292e-02,1.080265869704459e-09
4.012772904662804e-02,1.079602644087713e-09
4.025552436206317e-02,1.078941828733759e-09
4.038331967749829e-02,1.078283404541959e-09
4.051111499293340e-02,1.077627352411677e-09
4.063891030836853e-02,1.076973653242277e-09
4.076670562380365e-02,1.076322287933123e-09
4.089450093923877e-02,1.075673239569744e-09
4.102229625467389e-02,1.075026499983236e-09
4.115009157010902e-02,1.074382063191308e-09
4.127788688554413e-02,1.073739923211670e-09
4.140568220097925e-02,1.073100074062032e-09
4.153347751641438e-02,1.072462509760105e-09
4.166127283184950e-02,1.071827224323598e-09
4.178906814728462e-02,1.071194211770222e-09
4.191686346271974e-02,1.070563466117686e-09
4.204465877815486e-02,1.069934981383700e-09
4.217245409358998e-02,1.069308747942921e-09
4.230024940902510e-02,1.068684741597370e-09
4.242804472446023e-02,1.068062934505806e-09
4.255584003989534e-02,1.067443298826987e-09
4.268363535533046e-02,1.066825806719671e-09
4.281143067076559e-02,1.066210430342619e-09
4.293922598620071e-02,1.065597141854587e-09
4.306702130163583e-02,1.064985913414335e-09
4.319481661707095e-02,1.064376717180621e-09
4.332261193250607e-02,1.063769525312204e-09
4.345040724794119e-02,1.063164314089114e-09
4.357820256337631e-02,1.062561076275719e-09
4.370599787881144e-02,1.061959808757283e-09
4.383379319424656e-02,1.061360508419072e-09
4.396158850968167e-02,1.060763172146353e-09
4.408938382511680e-02,1.060167796824388e-09
4.421717914055192e-02,1.059574379338445e-09
4.434497445598704e-02,1.058982916573788e-09
4.447276977142216e-02,1.058393405415682e-09
4.460056508685728e-02,1.057805842749393e-09
4.472836040229240e-02,1.057220223693002e-09
4.485615571772752e-02,1.056636536295039e-09
4.498395103316265e-02,1.056054766836440e-09
4.511174634859777e-02,1.055474901598144e-09
4.523954166403289e-02,1.054896926861087e-09
4.536733697946801e-02,1.054320828906208e-09
4.549513229490313e-02,1.053746594014443e-09
4.562292761033825e-02,1.053174208466731e-09
4.575072292577338e-02,1.052603658544009e-09
4.587851824120850e-02,1.052034930527215e-09
4.600631355664361e-02,1.051468011379700e-09
4.613410887207874e-02,1.050902890794593e-09
4.626190418751386e-02,1.050339559147491e-09
4.638969950294898e-02,1.049778006813993e-09
4.651749481838410e-02,1.049218224169697e-09
4.664529013381922e-02,1.048660201590202e-09
4.677308544925434e-02,1.048103929451107e-09
4.690088076468946e-02,1.047549398128009e-09
4.702867608012459e-02,1.046996597996507e-09
4.715647139555971e-02,1.046445519432200e-09
4.728426671099482e-02,1.045896152783773e-09
4.741206202642995e-02,1.045348488292266e-09
4.753985734186507e-02,1.044802516171805e-09
4.766765265730019e-02,1.044258226636520e-09
4.779544797273531e-02,1.043715609900537e-09
4.792324328817044e-02,1.043174656177985e-09
4.805103860360555e-02,1.042635355682992e-09
4.817883391904067e-02,1.042097698629685e-09
4.830662923447580e-02,1.041561675232192e-09
4.843442454991092e-02,1.041027275704642e-09
4.856221986534604e-02,1.040494490441787e-09
4.869001518078116e-02,1.039963310560804e-09
4.881781049621628e-02,1.039433727359456e-09
4.894560581165140e-02,1.038905732135505e-09
4.907340112708652e-02,1.038379316186715e-09
4.920119644252165e-02,1.037854470810848e-09
4.932899175795677e-02,1.037331187305669e-09
4.945678707339188e-02,1.036809456968939e-09
4.958458238882701e-02,1.036289271098422e-09
4.971237770426213e-02,1.035770620991880e-09
4.984017301969725e-02,1.035253498223723e-09
4.996796833513237e-02,1.034737895475002e-09
5.000000000000000e-02,1.034608897992042e-09
5.009576365056749e-02,1.034223805611443e-09
5.022355896600261e-02,1.033711220696275e-09
5.035135428143774e-02,1.033200132378792e-09
5.047914959687286e-02,1.032690532304845e-09
5.060694491230798e-02,1.032182412120286e-09
5.073474022774310e-02,1.031675763470964e-09
5.086253554317822e-02,1.031170578002731e-09
5.099033085861334e-02,1.030666847361438e-09
5.111812617404846e-02,1.030164563298749e-09
5.124592148948359e-02,1.029663717989574e-09
5.137371680491870e-02,1.029164303714633e-09
5.150151212035382e-02,1.028666312754643e-09
5.162930743578895e-02,1.028169737390325e-09
5.175710275122407e-02,1.027674569902398e-09
5.188489806665919e-02,1.027180802571580e-09
5.201269338209431e-02,1.026688427678590e-09
5.214048869752943e-02,1.026197437504149e-09
5.226828401296455e-02,1.025707824328975e-09
5.239607932839967e-02,1.025219580675117e-09
5.252387464383480e-02,1.024732700029855e-09
5.265166995926992e-02,1.024247176121754e-09
5.277946527470503e-02,1.023763002679379e-09
5.290726059014016e-02,1.023280173431295e-09
5.303505590557528e-02,1.022798682106066e-09
5.316285122101040e-02,1.022318522432257e-09
5.329064653644552e-02,1.021839688138433e-09
5.341844185188065e-02,1.021362172953159e-09
5.354623716731576e-02,1.020885970604999e-09
5.367403248275088e-02,1.020411074694476e-09
5.380182779818601e-02,1.019937478309913e-09
5.392962311362113e-02,1.019465174411572e-09
5.405741842905625e-02,1.018994155959716e-09
5.418521374449137e-02,1.018524415914610e-09
5.431300905992649e-02,1.018055947236515e-09
5.444080437536161e-02,1.017588742885694e-09
5.456859969079673e-02,1.017122795822412e-09
5.469639500623186e-02,1.016658099006932e-09
5.482419032166697e-02,1.016194645399515e-09
5.495198563710210e-02,1.015732428188234e-09
5.507978095253722e-02,1.015271441472387e-09
5.520757626797234e-02,1.014811679579077e-09
5.533537158340746e-02,1.014353136835405e-09
5.546316689884258e-02,1.013895807568477e-09
5.559096221427770e-02,1.013439686105393e-09
5.571875752971282e-02,1.012984766773258e-09
5.584655284514795e-02,1.012531043899173e-09
5.597434816058307e-02,1.012078511810242e-09
5.610214347601819e-02,1.011627164833568e-09
5.622993879145331e-02,1.011176997319646e-09
5.635773410688843e-02,1.010728003712532e-09
5.648552942232355e-02,1.010280178479672e-09
5.661332473775867e-02,1.009833516088509e-09
5.674112005319380e-02,1.009388011006490e-09
5.686891536862891e-02,1.008943657701059e-09
5.699671068406403e-02,1.008500450639661e-09
5.712450599949916e-02,1.008058384289741e-09
5.725230131493428e-02,1.007617453118744e-09
5.738009663036940e-02,1.007177651594115e-09
5.750789194580452e-02,1.006738974212577e-09
5.763568726123964e-02,1.006301415587971e-09
5.776348257667476e-02,1.005864970363420e-09
5.789127789210988e-02,1.005429633182050e-09
5.801907320754501e-02,1.004995398686984e-09
5.814686852298013e-02,1.004562261521345e-09
5.827466383841524e-02,1.004130216328258e-09
5.840245915385037e-02,1.003699257750847e-09
5.853025446928549e-02,1.003269380432235e-09
5.865804978472061e-02,1.002840579015546e-09
5.878584510015573e-02,1.002412848252964e-09
5.891364041559085e-02,1.001986183332912e-09
5.904143573102597e-02,1.001560579552874e-09
5.916923104646109e-02,1.001136032210334e-09
5.929702636189622e-02,1.000712536602775e-09
5.942482167733134e-02,1.000290088027682e-09
5.955261699276646e-02,9.998686817825381e-10
5.968041230820158e-02,9.994483131648278e-10
5.980820762363670e-02,9.990289774720347e-10
5.993600293907182e-02,9.986106700016428e-10
6.006379825450694e-02,9.981933860854555e-10
6.019159356994207e-02,9.977771211925455e-10
6.031938888537718e-02,9.973618708263005e-10
6.044718420081231e-02,9.969476304901080e-10
6.057497951624743e-02,9.965343956873558e-10
6.070277483168255e-02,9.961221619214311e-10
6.083057014711767e-02,9.957109246957220e-10
6.095836546255279e-02,9.953006795136159e-10
6.108616077798791e-02,9.948914218785001e-10
6.121395609342303e-02,9.944831472937626e-10
6.134175140885816e-02,9.940758512916356e-10
6.146954672429328e-02,9.936695295197391e-10
6.159734203972840e-02,9.932641776545432e-10
6.172513735516352e-02,9.928597913725180e-10
6.185293267059864e-02,9.924563663501339e-10
6.198072798603376e-02,9.920538982638609e-10
6.210852330146888e-02,9.916523827901688e-10
6.223631861690401e-02,9.912518156055278e-10
6.236411393233912e-02,9.908521923864082e-10
6.249190924777424e-02,9.904535088092801e-10
6.261970456320937e-02,9.900557606149806e-10
6.274749987864449e-02,9.896589438018208e-10
6.287529519407961e-02,9.892630544324813e-10
6.300309050951473e-02,9.888680885696425e-10
6.313088582494986e-02,9.884740422759848e-10
6.325868114038498e-02,9.880809116141889e-10
6.338647645582010e-02,9.876886926469350e-10
6.351427177125522e-02,9.872973814369039e-10
6.364206708669033e-02,9.869069740467762e-10
6.376986240212545e-02,9.865174665392320e-10
6.389765771756058e-02,9.861288550115354e-10
6.402545303299570e-02,9.857411356992769e-10
6.415324834843082e-02,9.853543048726257e-10
6.428104366386594e-02,9.849683588017521e-10
6.440883897930107e-02,9.845832937568255e-10
6.453663429473619e-02,9.841991060080155e-10
6.466442961017131e-02,9.838157918254924e-10
6.479222492560642e-02,9.834333474794254e-10
6.492002024104154e-02,9.830517692399847e-10
6.504781555647667e-02,9.826710533773396e-10
6.517561087191179e-02,9.822911962008749e-10
6.530340618734691e-02,9.819121941768510e-10
6.543120150278203e-02,9.815340438107506e-10
6.555899681821716e-02,9.811567416080576e-10
6.568679213365228e-02,9.807802840742550e-10
6.581458744908740e-02,9.804046677148258e-10
6.594238276452252e-02,9.800298890352536e-10
6.607017807995763e-02,9.796559445410216e-10
6.619797339539275e-02,9.792828307376128e-10
6.632576871082788e-02,9.789105441305107e-10
6.645356402626300e-02,9.785390812540394e-10
6.658135934169812e-02,9.781684387578911e-10
6.670915465713324e-02,9.777986133206006e-10
6.683694997256837e-02,9.774296016207029e-10
6.696474528800349e-02,9.770614003367326e-10
6.709254060343861e-02,9.766940061472247e-10
6.722033591887373e-02,9.763274157307138e-10
6.734813123430886e-02,9.759616257657351e-10
6.747592654974396e-02,9.755966329308230e-10
6.760372186517909e-02,9.752324339045127e-10
6.773151718061421e-02,9.748690254114951e-10
6.785931249604933e-02,9.745064043610770e-10
6.798710781148445e-02,9.741445677087178e-10
6.811490312691958e-02,9.737835124098762e-10
6.824269844235470e-02,9.734232354200115e-10
6.837049375778982e-02,9.730637336945826e-10
6.849828907322494e-02,9.727050041890489e-10
6.862608438866007e-02,9.723470438588690e-10
6.875387970409517e-02,9.719898496595025e-10
6.888167501953030e-02,9.716334185464079e-10
6.900947033496542e-02,9.712777474796900e-10
6.913726565040054e-02,9.709228334380352e-10
6.926506096583566e-02,9.705686734047769e-10
6.939285628127079e-02,9.702152643632487e-10
6.952065159670591e-02,9.698626032967835e-10
6.964844691214103e-02,9.695106871887149e-10
6.977624222757615e-02,9.691595130223756e-10
6.990403754301128e-02,9.688090777810989e-10
7.003183285844640e-02,9.684593784482186e-10
7.015962817388151e-02,9.681104120070674e-10
7.028742348931663e-02,9.677621754776336e-10
7.041521880475175e-02,9.674146660265316e-10
7.054301412018688e-02,9.670678808570339e-10
7.067080943562200e-02,9.667218171724125e-10
7.079860475105712e-02,9.663764721759403e-10
7.092640006649224e-02,9.660318430708896e-10
7.105419538192737e-02,9.656879270605325e-10
7.118199069736249e-02,9.653447213481419e-10
7.130978601279761e-02,9.650022231369897e-10
7.152277820518949e-02,9.644329574139942e-10
7.173577039758135e-02,9.638656364671115e-10
7.194876258997322e-02,9.633002484055248e-10
7.216175478236508e-02,9.627367815498232e-10
7.237474697475696e-02,9.621752242205959e-10
7.258773916714882e-02,9.616155647384317e-10
7.280073135954070e-02,9.610577914239193e-10
7.301372355193256e-02,9.605018925976479e-10
7.322671574432443e-02,9.599478565802066e-10
7.343970793671629e-02,9.593956716921844e-10
7.365270012910817e-02,9.588453262541698e-10
7.386569232150003e-02,9.582968087334950e-10
7.407868451389191e-02,9.577501081844606e-10
7.429167670628377e-02,9.572052138081098e-10
7.450466889867564e-02,9.566621148054861e-10
7.471766109106751e-02,9.561208003776322e-10
7.493065328345938e-02,9.555812597255913e-10
7.514364547585124e-02,9.550434820504064e-10
7.535663766824312e-02,9.545074565531213e-10
7.556962986063498e-02,9.539731724347782e-10
7.578262205302685e-02,9.534406188964210e-10
7.599561424541872e-02,9.529097852406460e-10
7.620860643781059e-02,9.523806611762537e-10
7.642159863020245e-02,9.518532365135923e-10
7.663459082259433e-02,9.513275010630097e-10
7.684758301498619e-02,9.508034446348539e-10
7.706057520737807e-02,9.502810570394734e-10
7.727356739976993e-02,9.497603280872158e-10
7.748655959216180e-02,9.492412475884293e-10
7.769955178455366e-02,9.487238053534622e-10
7.791254397694554e-02,9.482079911926626e-10
7.812553616933740e-02,9.476937951602672e-10
7.833852836172928e-02,9.471812082860119e-10
7.855152055412114e-02,9.466702218434944e-10
7.876451274651301e-02,9.461608271063125e-10
7.897750493890487e-02,9.456530153480638e-10
7.919049713129675e-02,9.451467778423452e-10
7.940348932368861e-02,9.446421058627549e-10
7.961648151608049e-02,9.441389906828902e-10
7.982947370847235e-02,9.436374235763486e-10
8.004246590086422e-02,9.431373958167277e-10
8.025545809325609e-02,9.426388986850496e-10
8.046845028564796e-02,9.421419234920369e-10
8.068144247803982e-02,9.416464615558375e-10
8.089443467043170e-02,9.411525041945994e-10
8.110742686282357e-02,9.406600427264705e-10
8.132041905521543e-02,9.401690684695985e-10
8.153341124760730e-02,9.396795727421316e-10
8.174640343999917e-02,9.391915468622178e-10
8.195939563239105e-02,9.387049821480050e-10
8.217238782478291e-02,9.382198699176411e-10
8.238538001717477e-02,9.377362016614092e-10
8.259837220956665e-02,9.372539695581548e-10
8.281136440195852e-02,9.367731659588692e-10
8.302435659435038e-02,9.362937832145434e-10
8.323734878674224e-02,9.358158136761686e-10
8.345034097913412e-02,9.353392496947358e-10
8.366333317152599e-02,9.348640836212367e-10
8.387632536391786e-02,9.343903078066620e-10
8.408931755630973e-02,9.339179146020030e-10
8.430230974870159e-02,9.334468963582511e-10
8.451530194109347e-02,9.329772455369184e-10
8.472829413348533e-02,9.325089550416046e-10
8.494128632587720e-02,9.320420178864312e-10
8.515427851826907e-02,9.315764270855195e-10
8.536727071066094e-02,9.311121756529914e-10
8.558026290305280e-02,9.306492566029681e-10
8.579325509544468e-02,9.301876629495711e-10
8.600624728783654e-02,9.297273877069221e-10
8.621923948022842e-02,9.292684238891424e-10
8.643223167262028e-02,9.288107645103538e-10
8.664522386501215e-02,9.283544026194221e-10
8.685821605740401e-02,9.278993314041887e-10
8.707120824979589e-02,9.274455440872378e-10
8.728420044218775e-02,9.269930338911536e-10
8.749719263457963e-02,9.265417940385203e-10
8.771018482697149e-02,9.260918177519221e-10
8.792317701936336e-02,9.256430982539433e-10
8.813616921175522e-02,9.251956287671680e-10
8.834916140414710e-02,9.247494025141803e-10
8.856215359653896e-02,9.243044127175646e-10
8.877514578893084e-02,9.238606527356897e-10
8.898813798132270e-02,9.234181164700368e-10
8.920113017371457e-02,9.229767979578573e-10
8.941412236610644e-02,9.225366912364032e-10
8.962711455849831e-02,9.220977903429265e-10
8.984010675089017e-02,9.216600893146789e-10
9.005309894328205e-02,9.212235821889120e-10
9.026609113567391e-02,9.207882630028781e-10
9.047908332806578e-02,9.203541257938286e-10
9.069207552045766e-02,9.199211645990157e-10
9.090506771284952e-02,9.194893734936923e-10
9.111805990524138e-02,9.190587467051261e-10
9.133105209763326e-02,9.186292784985914e-10
9.154404429002513e-02,9.182009631393613e-10
9.175703648241700e-02,9.177737948927102e-10
9.197002867480886e-02,9.173477680239116e-10
9.218302086720073e-02,9.169228767982394e-10
9.239601305959261e-02,9.164991154809675e-10
9.260900525198447e-02,9.160764783373695e-10
9.282199744437633e-02,9.156549596327196e-10
9.303498963676821e-02,9.152345537078026e-10
9.324798182916008e-02,9.148152552054596e-10
9.346097402155194e-02,9.143970588440485e-10
9.367396621394380e-02,9.139799593419269e-10
9.388695840633568e-02,9.135639514174525e-10
9.409995059872756e-02,9.131490297889831e-10
9.431294279111942e-02,9.127351891748768e-10
9.452593498351128e-02,9.123224242934909e-10
9.473892717590315e-02,9.119107298631835e-10
9.495191936829503e-02,9.115001006023121e-10
9.516491156068689e-02,9.110905312646988e-10
9.537790375307875e-02,9.106820167460225e-10
9.559089594547063e-02,9.102745519774276e-10
9.580388813786250e-02,9.098681318900576e-10
9.601688033025436e-02,9.094627514150569e-10
9.622987252264624e-02,9.090584054835692e-10
9.644286471503810e-02,9.086550890267385e-10
9.665585690742998e-02,9.082527969757089e-10
9.686884909982184e-02,9.078515242616243e-10
9.708184129221371e-02,9.074512658156286e-10
9.729483348460558e-02,9.070520166902351e-10
9.750782567699745e-02,9.066537724234255e-10
9.772081786938931e-02,9.062565286745466e-10
9.793381006178119e-02,9.058602811029446e-10
9.814680225417305e-02,9.054650253679664e-10
9.835979444656492e-02,9.050707571289585e-10
9.857278663895679e-02,9.046774720452675e-10
9.878577883134866e-02,9.042851657762399e-10
9.899877102374052e-02,9.038938339812225e-10
9.921176321613240e-02,9.035034723195618e-10
9.942475540852426e-02,9.031140764292627e-10
9.963774760091614e-02,9.027256418629680e-10
9.985073979330800e-02,9.023381641519800e-10
1.000637319857000e-01,9.019516388276016e-10
1.002767241780920e-01,9.015660614211358e-10
1.004897163704840e-01,9.011814274638856e-10
1.007027085628750e-01,9.007977324871552e-10
1.009157007552670e-01,9.004149720222442e-10
1.011286929476590e-01,9.000331416004569e-10
1.013416851400510e-01,8.996522367530963e-10
1.015546773324430e-01,8.992722531045981e-10
1.017676695248350e-01,8.988931866520073e-10
1.019806617172270e-01,8.985150334855411e-10
1.021936539096190e-01,8.981377896954163e-10
1.024066461020100e-01,8.977614513718520e-10
1.026196382944020e-01,8.973860146050614e-10
1.028326304867940e-01,8.970114754852633e-10
1.030456226791860e-01,8.966378301026747e-10
1.032586148715780e-01,8.962650745475128e-10
1.034716070639700e-01,8.958932049099945e-10
1.036845992563620e-01,8.955222172676582e-10
1.038975914487540e-01,8.951521076473342e-10
1.041105836411450e-01,8.947828720631780e-10
1.043235758335370e-01,8.944145065293404e-10
1.045365680259290e-01,8.940470070599770e-10
1.047495602183210e-01,8.936803696692421e-10
1.049625524107130e-01,8.933145903712894e-10
1.051755446031050e-01,8.929496651802733e-10
1.053885367954970e-01,8.925855901103477e-10
1.056015289878880e-01,8.922223611756684e-10
1.058145211802800e-01,8.918599745218409e-10
1.060275133726720e-01,8.914984268200811e-10
1.062405055650640e-01,8.911377148729507e-10
1.064534977574560e-01,8.907778354830114e-10
1.066664899498480e-01,8.904187854528251e-10
1.068794821422400e-01,8.900605615849536e-10
1.070924743346320e-01,8.897031606819585e-10
1.073054665270230e-01,8.893465795464033e-10
1.075184587194150e-01,8.889908149808464e-10
1.077314509118070e-01,8.886358637878512e-10
1.079444431041990e-01,8.882817226834152e-10
1.081574352965910e-01,8.879283880370385e-10
1.083704274889830e-01,8.875758561315374e-10
1.085834196813750e-01,8.872241232497279e-10
1.087964118737660e-01,8.868731856744279e-10
1.090094040661580e-01,8.865230396884503e-10
1.092223962585500e-01,8.861736815746127e-10
1.094353884509420e-01,8.858251076157315e-10
1.096483806433340e-01,8.854773140946225e-10
1.098613728357260e-01,8.851302972941021e-10
1.100743650281180e-01,8.847840536586746e-10
1.102873572205100e-01,8.844385802798453e-10
1.105003494129010e-01,8.840938744109333e-10
1.107133416052930e-01,8.837499333052528e-10
1.109263337976850e-01,8.834067542161226e-10
1.111393259900770e-01,8.830643343968602e-10
1.113523181824690e-01,8.827226711007830e-10
1.115653103748610e-01,8.823817615812084e-10
1.117783025672530e-01,8.820416030914535e-10
1.119912947596450e-01,8.817021928848361e-10
1.122042869520360e-01,8.813635281244801e-10
1.124172791444280e-01,8.810256056126994e-10
1.126302713368200e-01,8.806884220616039e-10
1.128432635292120e-01,8.803519741833028e-10
1.130562557216040e-01,8.800162586899046e-10
1.132692479139960e-01,8.796812722935182e-10
1.134822401063880e-01,8.793470117062520e-10
1.136952322987790e-01,8.790134736402167e-10
1.139082244911710e-01,8.786806548075175e-10
1.141212166835630e-01,8.783485519202650e-10
1.143342088759550e-01,8.780171618133303e-10
1.145472010683470e-01,8.776864818125193e-10
1.147601932607390e-01,8.773565093663429e-10
1.149731854531310e-01,8.770272419233120e-10
1.151861776455230e-01,8.766986769319370e-10
1.153991698379140e-01,8.763708118407304e-10
1.156121620303060e-01,8.760436440982000e-10
1.158251542226980e-01,8.757171711528579e-10
1.160381464150900e-01,8.753913904532151e-10
1.162511386074820e-01,8.750662994477821e-10
1.164641307998740e-01,8.747418955533749e-10
1.166771229922660e-01,8.744181760600978e-10
1.168901151846570e-01,8.740951382263965e-10
1.171031073770490e-01,8.737727793107116e-10
1.173160995694410e-01,8.734510965714886e-10
1.175290917618330e-01,8.731300872671716e-10
1.177420839542250e-01,8.728097486562043e-10
1.179550761466170e-01,8.724900779970306e-10
1.181680683390090e-01,8.721710725480947e-10
1.183810605314010e-01,8.718527295678402e-10
1.185940527237920e-01,8.715350463715276e-10
1.188070449161840e-01,8.712180205017984e-10
1.190200371085760e-01,8.709016495581764e-10
1.192330293009680e-01,8.705859311401847e-10
1.194460214933600e-01,8.702708628473455e-10
1.196590136857520e-01,8.699564422791817e-10
1.198720058781440e-01,8.696426670352156e-10
1.200849980705360e-01,8.693295347149700e-10
1.202979902629270e-01,8.690170429179689e-10
1.205109824553190e-01,8.687051892437320e-10
1.207239746477110e-01,8.683939712903392e-10
1.209369668401030e-01,8.680833866500915e-10
1.211499590324950e-01,8.677734329138447e-10
1.213629512248870e-01,8.674641076724551e-10
1.215759434172790e-01,8.671554085167785e-10
1.217889356096700e-01,8.668473330376724e-10
1.220019278020620e-01,8.665398788259899e-10
1.222149199944540e-01,8.662330434725888e-10
1.224279121868460e-01,8.659268245683248e-10
1.226409043792380e-01,8.656212197040539e-10
1.228538965716300e-01,8.653162265145783e-10
1.230668887640220e-01,8.650118428104721e-10
1.232798809564140e-01,8.647080664462504e-10
1.234928731488050e-01,8.644048952764294e-10
1.237058653411970e-01,8.641023271555211e-10
1.239188575335890e-01,8.638003599380418e-10
1.241318497259810e-01,8.634989914785066e-10
1.243448419183730e-01,8.631982196314300e-10
1.245578341107650e-01,8.628980422513272e-10
1.247708263031570e-01,8.625984571927130e-10
1.249838184955480e-01,8.622994623021229e-10
1.251968106879400e-01,8.620010553941792e-10
1.254098028803320e-01,8.617032342755333e-10
1.256227950727240e-01,8.614059967528351e-10
1.258357872651160e-01,8.611093406327349e-10
1.260487794575080e-01,8.608132637218827e-10
1.262617716499000e-01,8.605177638269289e-10
1.264747638422920e-01,8.602228387545231e-10
1.266877560346830e-01,8.599284863113173e-10
1.269007482270750e-01,8.596347043039587e-10
1.271137404194670e-01,8.593414905813218e-10
1.273267326118590e-01,8.590488431610592e-10
1.275397248042510e-01,8.587567601029884e-10
1.277527169966430e-01,8.584652394669282e-10
1.279657091890350e-01,8.581742793126961e-10
1.281787013814270e-01,8.578838777001105e-10
1.283916935738180e-01,8.575940326889907e-10
1.286046857662100e-01,8.573047423391522e-10
1.288176779586020e-01,8.570160047104144e-10
1.290306701509940e-01,8.567278178625953e-10
1.292436623433860e-01,8.564401798400723e-10
1.294566545357780e-01,8.561530886254335e-10
1.296696467281700e-01,8.558665421858132e-10
1.298826389205610e-01,8.555805384883470e-10
1.300956311129530e-01,8.552950755001668e-10
1.303086233053450e-01,8.550101511884080e-10
1.305216154977370e-01,8.547257635202050e-10
1.307346076901290e-01,8.544419104626921e-10
1.309475998825210e-01,8.541585899830035e-10
1.311605920749130e-01,8.538758000482740e-10
1.313735842673050e-01,8.535935387173159e-10
1.315865764596960e-01,8.533118044156985e-10
1.317995686520880e-01,8.530305956606855e-10
1.320125608444800e-01,8.527499109695447e-10
1.322255530368720e-01,8.524697488595429e-10
1.324385452292640e-01,8.521901078479466e-10
1.326515374216560e-01,8.519109864520223e-10
1.328645296140480e-01,8.516323831890366e-10
1.330775218064400e-01,8.513542965762560e-10
1.332905139988310e-01,8.510767251309486e-10
1.335035061912230e-01,8.507996672753357e-10
1.337164983836150e-01,8.505231210515481e-10
1.339294905760070e-01,8.502470844067101e-10
1.341424827683990e-01,8.499715552879462e-10
1.343554749607910e-01,8.496965316423810e-10
1.345684671531830e-01,8.494220114171388e-10
1.347814593455740e-01,8.491479925593452e-10
1.349944515379660e-01,8.488744730161222e-10
1.352074437303580e-01,8.486014507345956e-10
1.354204359227500e-01,8.483289236618899e-10
1.356334281151420e-01,8.480568898529156e-10
1.358464203075340e-01,8.477853477935116e-10
1.360594124999260e-01,8.475142960771939e-10
1.362724046923180e-01,8.472437332974787e-10
1.364853968847090e-01,8.469736580478830e-10
1.366983890771010e-01,8.467040689219207e-10
1.369113812694930e-01,8.464349645131087e-10
1.371243734618850e-01,8.461663434149635e-10
1.373373656542770e-01,8.458982042210007e-10
1.375503578466690e-01,8.456305455247367e-10
1.377633500390610e-01,8.453633658795145e-10
1.379763422314520e-01,8.450966636778918e-10
1.381893344238440e-01,8.448304372722021e-10
1.384023266162360e-01,8.445646850147822e-10
1.386153188086280e-01,8.442994052579683e-10
1.388283110010200e-01,8.440345963540957e-10
1.390413031934120e-01,8.437702566555005e-10
1.392542953858040e-01,8.435063845145186e-10
1.394672875781960e-01,8.432429782834858e-10
1.396802797705870e-01,8.429800363147389e-10
1.398932719629790e-01,8.427175569871918e-10
1.401062641553710e-01,8.424555387861136e-10
1.403192563477630e-01,8.421939802233670e-10
1.405322485401550e-01,8.419328798108156e-10
1.407452407325470e-01,8.416722360603224e-10
1.409582329249390e-01,8.414120474837505e-10
1.411712251173300e-01,8.411523125929646e-10
1.413842173097220e-01,8.408930298998252e-10
1.415972095021140e-01,8.406341979161966e-10
1.418102016945060e-01,8.403758151539422e-10
1.420231938868980e-01,8.401178801318292e-10
1.422361860792900e-01,8.398603913962407e-10
1.424491782716820e-01,8.396033475004637e-10
1.426621704640740e-01,8.393467469977850e-10
1.428751626564650e-01,8.390905884414928e-10
1.430881548488570e-01,8.388348703848716e-10
1.433011470412490e-01,8.385795913812094e-10
1.435141392336410e-01,8.383247499837933e-10
1.437271314260330e-01,8.380703447459101e-10
1.439401236184250e-01,8.378163742208467e-10
1.441531158108170e-01,8.375628370007437e-10
1.443661080032090e-01,8.373097318331024e-10
1.445791001956000e-01,8.370570575042534e-10
1.447920923879920e-01,8.368048128005241e-10
1.450050845803840e-01,8.365529965082445e-10
1.452180767727760e-01,8.363016074137442e-10
1.454310689651680e-01,8.360506443033526e-10
1.456440611575600e-01,8.358001059633989e-10
1.458570533499520e-01,8.355499911802123e-10
1.460700455423430e-01,8.353002987401235e-10
1.462830377347350e-01,8.350510274116455e-10
1.464960299271270e-01,8.348021758920848e-10
1.467090221195190e-01,8.345537428609555e-10
1.469220143119110e-01,8.343057269977719e-10
1.471350065043030e-01,8.340581269820479e-10
1.473479986966950e-01,8.338109414932982e-10
1.475609908890870e-01,8.335641692110365e-10
1.477739830814780e-01,8.333178088147785e-10
1.479869752738700e-01,8.330718589840358e-10
1.481999674662620e-01,8.328263183983238e-10
1.484129596586540e-01,8.325811857135489e-10
1.486259518510460e-01,8.323364594911426e-10
1.488389440434380e-01,8.320921382689068e-10
1.490519362358300e-01,8.318482205846433e-10
1.492649284282220e-01,8.316047049761544e-10
1.494779206206130e-01,8.313615899812429e-10
1.496909128130050e-01,8.311188741377087e-10
1.499039050053970e-01,8.308765559833548e-10
1.501168971977890e-01,8.306346340559830e-10
1.503298893901810e-01,8.303931068933957e-10
1.505428815825730e-01,8.301519731489286e-10
1.507558737749650e-01,8.299112319381242e-10
1.509688659673560e-01,8.296708824920944e-10
1.511818581597480e-01,8.294309240419479e-10
1.513948503521400e-01,8.291913558187968e-10
1.516078425445320e-01,8.289521770537520e-10
1.518208347369240e-01,8.287133869779246e-10
1.520338269293160e-01,8.284749848224255e-10
1.522468191217080e-01,8.282369698183656e-10
1.524598113141000e-01,8.279993411968558e-10
1.526728035064910e-01,8.277620980578308e-10
1.528857956988830e-01,8.275252389765966e-10
1.530987878912750e-01,8.272887623973262e-10
1.533117800836670e-01,8.270526667641922e-10
1.535247722760590e-01,8.268169505213673e-10
1.537377644684510e-01,8.265816121130235e-10
1.539507566608430e-01,8.263466499833333e-10
1.541637488532340e-01,8.261120625764700e-10
1.543767410456260e-01,8.258778483366042e-10
1.545897332380180e-01,8.256440057079091e-10
1.548027254304100e-01,8.254105332717388e-10
1.550157176228020e-01,8.251774301579175e-10
1.552287098151940e-01,8.249446956333224e-10
1.554417020075860e-01,8.247123289648313e-10
1.556546941999780e-01,8.244803294193212e-10
1.558676863923690e-01,8.242486962636708e-10
1.560806785847610e-01,8.240174287647554e-10
1.562936707771530e-01,8.237865261894532e-10
1.565066629695450e-01,8.235559878046421e-10
1.567196551619370e-01,8.233258128771990e-10
1.569326473543290e-01,8.230960005899598e-10
1.571456395467210e-01,8.228665497893802e-10
1.573586317391130e-01,8.226374592377674e-10
1.575716239315040e-01,8.224087276974301e-10
1.577846161238960e-01,8.221803539306741e-10
1.579976083162880e-01,8.219523366998078e-10
1.582106005086800e-01,8.217246747671384e-10
1.584235927010720e-01,8.214973668949741e-10
1.586365848934640e-01,8.212704118456220e-10
1.588495770858560e-01,8.210438083813899e-10
1.590625692782470e-01,8.208175553235931e-10
1.592755614706390e-01,8.205916517296463e-10
1.594885536630310e-01,8.203660967160132e-10
1.597015458554230e-01,8.201408893991555e-10
1.599145380478150e-01,8.199160288955353e-10
1.601275302402070e-01,8.196915143216145e-10
1.603405224325990e-01,8.194673447938552e-10
1.605535146249910e-01,8.192435194287196e-10
1.607665068173820e-01,8.190200373426706e-10
1.609794990097740e-01,8.187968976521681e-10
1.611924912021660e-01,8.185740994510138e-10
1.614054833945580e-01,8.183516417423613e-10
1.616184755869500e-01,8.181295235067021e-10
1.618314677793420e-01,8.179077437245275e-10
1.620444599717340e-01,8.176863013763292e-10
1.622574521641260e-01,8.174651954425988e-10
1.624704443565170e-01,8.172444249038285e-10
1.626834365489090e-01,8.170239887405082e-10
1.628964287413010e-01,8.168038859331300e-10
1.631094209336930e-01,8.165841154621854e-10
1.633224131260850e-01,8.163646763286179e-10
1.635354053184770e-01,8.161455676151527e-10
1.637483975108690e-01,8.159267884249550e-10
1.639613897032600e-01,8.157083378611906e-10
1.641743818956520e-01,8.154902150270228e-10
1.643873740880440e-01,8.152724190256175e-10
1.646003662804360e-01,8.150549489601397e-10
1.648133584728280e-01,8.148378039337547e-10
1.650263506652200e-01,8.146209830496271e-10
1.652393428576120e-01,8.144044854109224e-10
1.654523350500040e-01,8.141883101366625e-10
1.656653272423950e-01,8.139724564092617e-10
1.658783194347870e-01,8.137569234269689e-10
1.660913116271790e-01,8.135417103880362e-10
1.663043038195710e-01,8.133268164907148e-10
1.665172960119630e-01,8.131122409332556e-10
1.667302882043550e-01,8.128979829139099e-10
1.669432803967470e-01,8.126840416309288e-10
1.671562725891380e-01,8.124704162825640e-10
1.673692647815300e-01,8.122571060670649e-10
1.675822569739220e-01,8.120441101372876e-10
1.677952491663140e-01,8.118314274644122e-10
1.680082413587060e-01,8.116190569741781e-10
1.682212335510980e-01,8.114069975923246e-10
1.684342257434900e-01,8.111952482445909e-10
1.686472179358820e-01,8.109838078567162e-10
1.688602101282730e-01,8.107726753544409e-10
1.690732023206650e-01,8.105618496635022e-10
1.692861945130570e-01,8.103513297096402e-10
1.694991867054490e-01,8.101411144185942e-10
1.697121788978410e-01,8.099312028769555e-10
1.699251710902330e-01,8.097215948148419e-10
1.701381632826250e-01,8.095122901232842e-10
1.703511554750170e-01,8.093032886933126e-10
1.705641476674080e-01,8.090945904159582e-10
1.707771398598000e-01,8.088861951822497e-10
1.709901320521920e-01,8.086781028832184e-10
1.712031242445840e-01,8.084703134098943e-10
1.714161164369760e-01,8.082628266533082e-10
1.716291086293680e-01,8.080556425044901e-10
1.718421008217600e-01,8.078487603723832e-10
1.720550930141510e-01,8.076421777378169e-10
1.722680852065430e-01,8.074358915996476e-10
1.724810773989350e-01,8.072298989567350e-10
1.726940695913270e-01,8.070241968079371e-10
1.729070617837190e-01,8.068187821521127e-10
1.731200539761110e-01,8.066136519881198e-10
1.733330461685030e-01,8.064088033148172e-10
1.735460383608950e-01,8.062042331310630e-10
1.737590305532860e-01,8.059999384357167e-10
1.739720227456780e-01,8.057959179185421e-10
1.741850149380700e-01,8.055921770300254e-10
1.743980071304620e-01,8.053887229101044e-10
1.746109993228540e-01,8.051855626987167e-10
1.748239915152460e-01,8.049827035358003e-10
1.750369837076380e-01,8.047801525612928e-10
1.752499759000290e-01,8.045779169151331e-10
1.754629680924210e-01,8.043760037372571e-10
1.756759602848130e-01,8.041744201676033e-10
1.758889524772050e-01,8.039731733461097e-10
1.761019446695970e-01,8.037722642289436e-10
1.763149368619890e-01,8.035716690206275e-10
1.765279290543810e-01,8.033713577336300e-10
1.767409212467730e-01,8.031713003804194e-10
1.769539134391640e-01,8.029714669734650e-10
1.771669056315560e-01,8.027718275252332e-10
1.773798978239480e-01,8.025723520481932e-10
1.775928900163400e-01,8.023730105548137e-10
1.778058822087320e-01,8.021737730575626e-10
1.780188744011240e-01,8.019746095689084e-10
1.782318665935160e-01,8.017755130966858e-10
1.784448587859070e-01,8.015765686633653e-10
1.786578509782990e-01,8.013778843033696e-10
1.788708431706910e-01,8.011795680511241e-10
1.790838353630830e-01,8.009817279410531e-10
1.792968275554750e-01,8.007844720075811e-10
1.795098197478670e-01,8.005879082851324e-10
1.797228119402590e-01,8.003921448081316e-10
1.799358041326510e-01,8.001972896110032e-10
1.801487963250420e-01,8.000034507281722e-10
1.803617885174340e-01,7.998106506484520e-10
1.805747807098260e-01,7.996185696605088e-10
1.807877729022180e-01,7.994268024985415e-10
1.810007650946100e-01,7.992349438967499e-10
1.812137572870020e-01,7.990425885893329e-10
1.814267494793940e-01,7.988493313104900e-10
1.816397416717860e-01,7.986547667944204e-10
1.818527338641770e-01,7.984584897753247e-10
1.820657260565690e-01,7.982600949873998e-10
1.822787182489610e-01,7.980591771648462e-10
1.824917104413530e-01,7.978556500254568e-10
1.827047026337450e-01,7.976507028934789e-10
1.829176948261370e-01,7.974458439128139e-10
1.831306870185290e-01,7.972425812273638e-10
1.833436792109200e-01,7.970424229810311e-10
1.835566714033120e-01,7.968468773177158e-10
1.837696635957040e-01,7.966574523813203e-10
1.839826557880960e-01,7.964756563157465e-10
1.841956479804880e-01,7.963029972648959e-10
1.844086401728800e-01,7.961409833726707e-10
1.846216323652720e-01,7.959899323394849e-10
1.848346245576640e-01,7.958454027854254e-10
1.850476167500550e-01,7.957017642335220e-10
1.852606089424470e-01,7.955533862068022e-10
1.854736011348390e-01,7.953946382282957e-10
1.856865933272310e-01,7.952198898210314e-10
1.858995855196230e-01,7.950235105080382e-10
1.861125777120150e-01,7.947998698123453e-10
1.863255699044070e-01,7.945433372569816e-10
1.865385620967990e-01,7.942482823649760e-10
1.867515542891900e-01,7.939135125690528e-10
1.869645464815820e-01,7.935555964202597e-10
1.871775386739740e-01,7.931955451203843e-10
1.873905308663660e-01,7.928543698712128e-10
1.876035230587580e-01,7.925530818745314e-10
1.878165152511500e-01,7.923126923321266e-10
1.880295074435420e-01,7.921542124457846e-10
1.882424996359330e-01,7.920986534172916e-10
1.884554918283250e-01,7.921670264484334e-10
1.886684840207170e-01,7.923803427409966e-10
1.888814762131090e-01,7.927505897611581e-10
1.890944684055010e-01,7.932536519079040e-10
1.893074605978930e-01,7.938563857817778e-10
1.895204527902850e-01,7.945256479833234e-10
1.897334449826770e-01,7.952282951130843e-10
1.899464371750680e-01,7.959311837716009e-10
1.901594293674600e-01,7.966011705594236e-10
1.903724215598520e-01,7.972051120770927e-10
1.905854137522440e-01,7.977098649251520e-10
1.907984059446360e-01,7.980822857041449e-10
1.910113981370280e-01,7.982982574240197e-10
1.912243903294200e-01,7.983697657093331e-10
1.914373825218110e-01,7.983178210826043e-10
1.916503747142030e-01,7.981634340663521e-10
1.918633669065950e-01,7.979276151830953e-10
1.920763590989870e-01,7.976313749553529e-10
1.922893512913790e-01,7.972957239056440e-10
1.925023434837710e-01,7.969416725564880e-10
1.927153356761630e-01,7.965902314304032e-10
1.929283278685550e-01,7.962624110499092e-10
1.931413200609460e-01,7.959747800229998e-10
1.933543122533380e-01,7.957261462725164e-10
1.935673044457300e-01,7.955108792925724e-10
1.937802966381220e-01,7.953233485772798e-10
1.939932888305140e-01,7.951579236207505e-10
1.942062810229060e-01,7.950089739170965e-10
1.944192732152980e-01,7.948708689604298e-10
1.946322654076900e-01,7.947379782448626e-10
1.948452576000810e-01,7.946046712645071e-10
1.950582497924730e-01,7.944653175134744e-10
1.952712419848650e-01,7.943154770936215e-10
1.954842341772570e-01,7.941554691989288e-10
1.956972263696490e-01,7.939868019622778e-10
1.959102185620410e-01,7.938109835165506e-10
1.961232107544330e-01,7.936295219946291e-10
1.963362029468240e-01,7.934439255293960e-10
1.965491951392160e-01,7.932557022537316e-10
1.967621873316080e-01,7.930663603005188e-10
1.969751795240000e-01,7.928774078026393e-10
1.971881717163920e-01,7.926903528929751e-10
1.974011639087840e-01,7.925063849955308e-10
1.976141561011760e-01,7.923254181908386e-10
1.978271482935680e-01,7.921470475965201e-10
1.980401404859590e-01,7.919708683301986e-10
1.982531326783510e-01,7.917964755094942e-10
1.984661248707430e-01,7.916234642520298e-10
1.986791170631350e-01,7.914514296754275e-10
1.988921092555270e-01,7.912799668973093e-10
1.991051014479190e-01,7.911086710352972e-10
1.993180936403110e-01,7.909371372070132e-10
1.995310858327020e-01,7.907650459836489e-10
1.997440780250940e-01,7.905924197812863e-10
1.999570702174860e-01,7.904193664848897e-10
2.001700624098780e-01,7.902459939794223e-10
2.003830546022700e-01,7.900724101498470e-10
2.005960467946620e-01,7.898987228811274e-10
2.008090389870540e-01,7.897250400582263e-10
2.010220311794460e-01,7.895514695661071e-10
2.012350233718370e-01,7.893781192897337e-10
2.014480155642290e-01,7.892050971140679e-10
2.016610077566210e-01,7.890324880202337e-10
2.018739999490130e-01,7.888602853940780e-10
2.020869921414050e-01,7.886884597276476e-10
2.022999843337970e-01,7.885169815129898e-10
2.025129765261890e-01,7.883458212421515e-10
2.027259687185810e-01,7.881749494071796e-10
2.029389609109720e-01,7.880043365001219e-10
2.031519531033640e-01,7.878339530130239e-10
2.033649452957560e-01,7.876637694379331e-10
2.035779374881480e-01,7.874937562668968e-10
2.037909296805400e-01,7.873238901422969e-10
2.040039218729320e-01,7.871541722948696e-10
2.042169140653240e-01,7.869846100991941e-10
2.044299062577150e-01,7.868152109298511e-10
2.046428984501070e-01,7.866459821614184e-10
2.048558906424990e-01,7.864769311684765e-10
2.050688828348910e-01,7.863080653256046e-10
2.052818750272830e-01,7.861393920073825e-10
2.054948672196750e-01,7.859709185883898e-10
2.057078594120670e-01,7.858026524432058e-10
2.059208516044590e-01,7.856345992981393e-10
2.061338437968500e-01,7.854667582826467e-10
2.063468359892420e-01,7.852991268760249e-10
2.065598281816340e-01,7.851317025575737e-10
2.067728203740260e-01,7.849644828065918e-10
2.069858125664180e-01,7.847974651023783e-10
2.071988047588100e-01,7.846306469242316e-10
2.074117969512020e-01,7.844640257514510e-10
2.076247891435940e-01,7.842975990633352e-10
2.078377813359850e-01,7.841313643391838e-10
2.080507735283770e-01,7.839653194851702e-10
2.082637657207690e-01,7.837994641154234e-10
2.084767579131610e-01,7.836337982711723e-10
2.086897501055530e-01,7.834683219936464e-10
2.089027422979450e-01,7.833030353240739e-10
2.091157344903370e-01,7.831379383036844e-10
2.093287266827280e-01,7.829730309737072e-10
2.095417188751200e-01,7.828083133753698e-10
2.097547110675120e-01,7.826437855499019e-10
2.099677032599040e-01,7.824794475385326e-10
2.101806954522960e-01,7.823152993076189e-10
2.103936876446880e-01,7.821513405240437e-10
2.106066798370800e-01,7.819875707798247e-10
2.108196720294720e-01,7.818239896669798e-10
2.110326642218630e-01,7.816605967775278e-10
2.112456564142550e-01,7.814973917034850e-10
2.114586486066470e-01,7.813343740368699e-10
2.116716407990390e-01,7.811715433697003e-10
2.118846329914310e-01,7.810088992939941e-10
2.120976251838230e-01,7.808464414017693e-10
2.123106173762150e-01,7.806841692853568e-10
2.125236095686060e-01,7.805220825383401e-10
2.127366017609980e-01,7.803601807546129e-10
2.129495939533900e-01,7.801984635280721e-10
2.131625861457820e-01,7.800369304526127e-10
2.133755783381740e-01,7.798755811221303e-10
2.135885705305660e-01,7.797144151305208e-10
2.138015627229580e-01,7.795534320716796e-10
2.140145549153500e-01,7.793926315395023e-10
2.142275471077410e-01,7.792320131278850e-10
2.144405393001330e-01,7.790715764146551e-10
2.146535314925250e-01,7.789113209134179e-10
2.148665236849170e-01,7.787512461217317e-10
2.150795158773090e-01,7.785913515371559e-10
2.152925080697010e-01,7.784316366572491e-10
2.155055002620930e-01,7.782721009795702e-10
2.157184924544850e-01,7.781127440016782e-10
2.159314846468760e-01,7.779535652211324e-10
2.161444768392680e-01,7.777945641354904e-10
2.163574690316600e-01,7.776357402423118e-10
2.165704612240520e-01,7.774770930948132e-10
2.167834534164440e-01,7.773186224689403e-10
2.169964456088360e-01,7.771603281963451e-10
2.172094378012280e-01,7.770022101086798e-10
2.174224299936190e-01,7.768442680375968e-10
2.176354221860110e-01,7.766865018147471e-10
2.178484143784030e-01,7.765289112717831e-10
2.180614065707950e-01,7.763714962403571e-10
2.182743987631870e-01,7.762142565521213e-10
2.184873909555790e-01,7.760571920387272e-10
2.187003831479710e-01,7.759003024655220e-10
2.189133753403630e-01,7.757435873325958e-10
2.191263675327540e-01,7.755870460737179e-10
2.193393597251460e-01,7.754306781226549e-10
2.195523519175380e-01,7.752744829131756e-10
2.197653441099300e-01,7.751184598790485e-10
2.199783363023220e-01,7.749626084540418e-10
2.201913284947140e-01,7.748069280719234e-10
2.204043206871060e-01,7.746514181664619e-10
2.206173128794970e-01,7.744960781714259e-10
2.208303050718890e-01,7.743409075918449e-10
2.210432972642810e-01,7.741859062177467e-10
2.212562894566730e-01,7.740310739103952e-10
2.214692816490650e-01,7.738764105310548e-10
2.216822738414570e-01,7.737219159409888e-10
2.218952660338490e-01,7.735675900014618e-10
2.221082582262410e-01,7.734134325737371e-10
2.223212504186320e-01,7.732594435190798e-10
2.225342426110240e-01,7.731056226987520e-10
2.227472348034160e-01,7.729519699740187e-10
2.229602269958080e-01,7.727984851463432e-10
2.231732191882000e-01,7.726451677781038e-10
2.233862113805920e-01,7.724920173719372e-10
2.235992035729840e-01,7.723390334304800e-10
2.238121957653760e-01,7.721862154563688e-10
2.240251879577670e-01,7.720335629522410e-10
2.242381801501590e-01,7.718810754207315e-10
2.244511723425510e-01,7.717287523644778e-10
2.246641645349430e-01,7.715765932861163e-10
2.248771567273350e-01,7.714245976882837e-10
2.250901489197270e-01,7.712727651055525e-10
2.253031411121190e-01,7.711210952003162e-10
2.255161333045100e-01,7.709695876669441e-10
2.257291254969020e-01,7.708182421998037e-10
2.259421176892940e-01,7.706670584932640e-10
2.261551098816860e-01,7.705160362416935e-10
2.263681020740780e-01,7.703651751394608e-10
2.265810942664700e-01,7.702144748809346e-10
2.267940864588620e-01,7.700639351604834e-10
2.270070786512540e-01,7.699135556724756e-10
2.272200708436450e-01,7.697633361241224e-10
2.274330630360370e-01,7.696132762740153e-10
2.276460552284290e-01,7.694633758935974e-10
2.278590474208210e-01,7.693136347543114e-10
2.280720396132130e-01,7.691640526275994e-10
2.282850318056050e-01,7.690146292849040e-10
2.284980239979970e-01,7.688653644976677e-10
2.287110161903880e-01,7.687162580373337e-10
2.289240083827800e-01,7.685673096753430e-10
2.291370005751720e-01,7.684185191831386e-10
2.293499927675640e-01,7.682698863033687e-10
2.295629849599560e-01,7.681214106635035e-10
2.297759771523480e-01,7.679730918622198e-10
2.299889693447400e-01,7.678249294981939e-10
2.302019615371320e-01,7.676769231701023e-10
2.304149537295230e-01,7.675290724766219e-10
2.306279459219150e-01,7.673813770164282e-10
2.308409381143070e-01,7.672338363881983e-10
2.310539303066990e-01,7.670864501906084e-10
2.312669224990910e-01,7.669392180223349e-10
2.314799146914830e-01,7.667921395037688e-10
2.316929068838750e-01,7.666452143421292e-10
2.319058990762670e-01,7.664984422663363e-10
2.321188912686580e-01,7.663518230053104e-10
2.323318834610500e-01,7.662053562879702e-10
2.325448756534420e-01,7.660590418432359e-10
2.327578678458340e-01,7.659128794000278e-10
2.329708600382260e-01,7.657668686872656e-10
2.331838522306180e-01,7.656210094338689e-10
2.333968444230100e-01,7.654753013687579e-10
2.336098366154010e-01,7.653297442173421e-10
2.338228288077930e-01,7.651843376909934e-10
2.340358210001850e-01,7.650390814975795e-10
2.342488131925770e-01,7.648939753449669e-10
2.344618053849690e-01,7.647490189410230e-10
2.346747975773610e-01,7.646042119936140e-10
2.348877897697530e-01,7.644595542106072e-10
2.351007819621450e-01,7.643150452998692e-10
2.353137741545360e-01,7.641706849692675e-10
2.355267663469280e-01,7.640264729266677e-10
2.357397585393200e-01,7.638824089002541e-10
2.359527507317120e-01,7.637384926995165e-10
2.361657429241040e-01,7.635947241542810e-10
2.363787351164960e-01,7.634511030943734e-10
2.365917273088880e-01,7.633076293496197e-10
2.368047195012800e-01,7.631643027498461e-10
2.370177116936710e-01,7.630211231248790e-10
2.372307038860630e-01,7.628780903045431e-10
2.374436960784550e-01,7.627352041186650e-10
2.376566882708470e-01,7.625924643970708e-10
2.378696804632390e-01,7.624498709039285e-10
2.380826726556310e-01,7.623074231407313e-10
2.382956648480230e-01,7.621651205432926e-10
2.385086570404140e-01,7.620229625474267e-10
2.387216492328060e-01,7.618809485889458e-10
2.389346414251980e-01,7.617390781036643e-10
2.391476336175900e-01,7.615973505273954e-10
2.393606258099820e-01,7.614557652959528e-10
2.395736180023740e-01,7.613143218451502e-10
2.397866101947660e-01,7.611730196108010e-10
2.399996023871580e-01,7.610318581298819e-10
2.402125945795490e-01,7.608908373439658e-10
2.404255867719410e-01,7.607499572957573e-10
2.406385789643330e-01,7.606092180279634e-10
2.408515711567250e-01,7.604686195832903e-10
2.410645633491170e-01,7.603281620044441e-10
2.412775555415090e-01,7.601878453341311e-10
2.414905477339010e-01,7.600476696150572e-10
2.417035399262920e-01,7.599076348899296e-10
2.419165321186840e-01,7.597677412014531e-10
2.421295243110760e-01,7.596279885117168e-10
2.423425165034680e-01,7.594883764604860e-10
2.425555086958600e-01,7.593489046069807e-10
2.427685008882520e-01,7.592095725104216e-10
2.429814930806440e-01,7.590703797300286e-10
2.431944852730360e-01,7.589313258250224e-10
2.434074774654270e-01,7.587924103546239e-10
2.436204696578190e-01,7.586536328780521e-10
2.438334618502110e-01,7.585149929545278e-10
2.440464540426030e-01,7.583764901432718e-10
2.442594462349950e-01,7.582381240437480e-10
2.444724384273870e-01,7.580998944165000e-10
2.446854306197790e-01,7.579618010623676e-10
2.448984228121710e-01,7.578238437821903e-10
2.451114150045620e-01,7.576860223768083e-10
2.453244071969540e-01,7.575483366470601e-10
2.455373993893460e-01,7.574107863937858e-10
2.457503915817380e-01,7.572733714178251e-10
2.459633837741300e-01,7.571360915200176e-10
2.461763759665220e-01,7.569989465012030e-10
2.463893681589140e-01,7.568619361615047e-10
2.466023603513050e-01,7.567250602981830e-10
2.468153525436970e-01,7.565883187077792e-10
2.470283447360890e-01,7.564517111868368e-10
2.472413369284810e-01,7.563152375318985e-10
2.474543291208730e-01,7.561788975395074e-10
2.476673213132650e-01,7.560426910062060e-10
2.478803135056570e-01,7.559066177285373e-10
2.480933056980490e-01,7.557706775030443e-10
2.483062978904400e-01,7.556348701262700e-10
2.485192900828320e-01,7.554991953707610e-10
2.487322822752240e-01,7.553636529130811e-10
2.489452744676160e-01,7.552282424057970e-10
2.491582666600080e-01,7.550929635014749e-10
2.493712588524000e-01,7.549578158526819e-10
2.495842510447920e-01,7.548227991119839e-10
2.497972432371830e-01,7.546879129319486e-10
2.500102354295750e-01,7.545531569651410e-10
2.502232276219670e-01,7.544185308641283e-10
2.504362198143590e-01,7.542840342814774e-10
2.506492120067510e-01,7.541496668998552e-10
2.508622041991430e-01,7.540154285222997e-10
2.510751963915350e-01,7.538813189819325e-10
2.512881885839270e-01,7.537473381118756e-10
2.515011807763180e-01,7.536134857452510e-10
2.517141729687100e-01,7.534797617151793e-10
2.519271651611020e-01,7.533461658547830e-10
2.521401573534940e-01,7.532126979971838e-10
2.523531495458860e-01,7.530793579755033e-10
2.525661417382780e-01,7.529461456228632e-10
2.527791339306700e-01,7.528130607681950e-10
2.529921261230620e-01,7.526801032236764e-10
2.532051183154530e-01,7.525472727973002e-10
2.534181105078450e-01,7.524145692970579e-10
2.536311027002370e-01,7.522819925309420e-10
2.538440948926290e-01,7.521495423069451e-10
2.540570870850210e-01,7.520172184330594e-10
2.542700792774130e-01,7.518850207172774e-10
2.544830714698050e-01,7.517529489675911e-10
2.546960636621960e-01,7.516210029919937e-10
2.549090558545880e-01,7.514891825848331e-10
2.551220480469800e-01,7.513574874858590e-10
2.553350402393720e-01,7.512259174211635e-10
2.555480324317640e-01,7.510944721168388e-10
2.557610246241560e-01,7.509631512989769e-10
2.559740168165480e-01,7.508319546936696e-10
2.561870090089400e-01,7.507008820270094e-10
2.564000012013310e-01,7.505699330250888e-10
2.566129933937230e-01,7.504391074139985e-10
2.568259855861150e-01,7.503084049198314e-10
2.570389777785070e-01,7.501778252660677e-10
2.572519699708990e-01,7.500473681657375e-10
2.574649621632910e-01,7.499170333292580e-10
2.576779543556830e-01,7.497868204670467e-10
2.578909465480740e-01,7.496567292895214e-10
2.581039387404660e-01,7.495267595070982e-10
2.583169309328580e-01,7.493969108301950e-10
2.585299231252500e-01,7.492671829692288e-10
2.587429153176420e-01,7.491375756346174e-10
2.589559075100340e-01,7.490080885367777e-10
2.591688997024260e-01,7.488787214429251e-10
2.593818918948180e-01,7.487494743474426e-10
2.595948840872090e-01,7.486203473015000e-10
2.598078762796010e-01,7.484913403562650e-10
2.600208684719930e-01,7.483624535629074e-10
2.602338606643850e-01,7.482336869725964e-10
2.604468528567770e-01,7.481050406365009e-10
2.606598450491690e-01,7.479765146057899e-10
2.608728372415610e-01,7.478481089316328e-10
2.610858294339530e-01,7.477198236651983e-10
2.612988216263440e-01,7.475916587625998e-10
2.615118138187360e-01,7.474636137998804e-10
2.617248060111280e-01,7.473356882581073e-10
2.619377982035200e-01,7.472078816183473e-10
2.621507903959120e-01,7.470801933616671e-10
2.623637825883040e-01,7.469526229691331e-10
2.625767747806960e-01,7.468251699218124e-10
2.627897669730870e-01,7.466978337007721e-10
2.630027591654790e-01,7.465706137870773e-10
2.632157513578710e-01,7.464435096617960e-10
2.634287435502630e-01,7.463165208956067e-10
2.636417357426550e-01,7.461896474178855e-10
2.638547279350470e-01,7.460628892477430e-10
2.640677201274390e-01,7.459362464042904e-10
2.642807123198310e-01,7.458097189066385e-10
2.644937045122220e-01,7.456833067738988e-10
2.647066967046140e-01,7.455570100251812e-10
2.649196888970060e-01,7.454308286795972e-10
2.651326810893980e-01,7.453047627562578e-10
2.653456732817900e-01,7.451788122742740e-10
2.655586654741820e-01,7.450529771841550e-10
2.657716576665740e-01,7.449272571619004e-10
2.659846498589660e-01,7.448016518148565e-10
2.661976420513570e-01,7.446761607503699e-10
2.664106342437490e-01,7.445507835757857e-10
2.666236264361410e-01,7.444255198984509e-10
2.668366186285330e-01,7.443003693257116e-10
2.670496108209250e-01,7.441753314649140e-10
2.672626030133170e-01,7.440504059234044e-10
2.674755952057090e-01,7.439255923085291e-10
2.676885873981000e-01,7.438008903032739e-10
2.679015795904920e-01,7.436762998932010e-10
2.681145717828840e-01,7.435518211395234e-10
2.683275639752760e-01,7.434274541034540e-10
2.685405561676680e-01,7.433031988462056e-10
2.687535483600600e-01,7.431790554289902e-10
2.689665405524520e-01,7.430550239130211e-10
2.691795327448440e-01,7.429311043595104e-10
2.693925249372350e-01,7.428072968296718e-10
2.696055171296270e-01,7.426836013847164e-10
2.698185093220190e-01,7.425600179925910e-10
2.700315015144110e-01,7.424365462482662e-10
2.702444937068030e-01,7.423131856534906e-10
2.704574858991950e-01,7.421899357100130e-10
2.706704780915870e-01,7.420667959195824e-10
2.708834702839780e-01,7.419437657839481e-10
2.710964624763700e-01,7.418208448048578e-10
2.713094546687620e-01,7.416980324840610e-10
2.715224468611540e-01,7.415753283233065e-10
2.717354390535460e-01,7.414527318243430e-10
2.719484312459380e-01,7.413302426320730e-10
2.721614234383300e-01,7.412078609636976e-10
2.723744156307220e-01,7.410855871794140e-10
2.725874078231130e-01,7.409634216394202e-10
2.728004000155050e-01,7.408413647039120e-10
2.730133922078970e-01,7.407194167330876e-10
2.732263844002890e-01,7.405975780871440e-10
2.734393765926810e-01,7.404758491262786e-10
2.736523687850730e-01,7.403542302106884e-10
2.738653609774650e-01,7.402327217005711e-10
2.740783531698570e-01,7.401113236579823e-10
2.742913453622480e-01,7.399900349517587e-10
2.745043375546400e-01,7.398688541522661e-10
2.747173297470320e-01,7.397477798298715e-10
2.749303219394240e-01,7.396268105549416e-10
2.751433141318160e-01,7.395059448978437e-10
2.753563063242080e-01,7.393851814289442e-10
2.755692985166000e-01,7.392645187186099e-10
2.757822907089910e-01,7.391439553372083e-10
2.759952829013830e-01,7.390234898551049e-10
2.762082750937750e-01,7.389031216781076e-10
2.764212672861670e-01,7.387828535545903e-10
2.766342594785590e-01,7.386626890687700e-10
2.768472516709510e-01,7.385426318048639e-10
2.770602438633430e-01,7.384226853470885e-10
2.772732360557350e-01,7.383028532796611e-10
2.774862282481260e-01,7.381831391867992e-10
2.776992204405180e-01,7.380635466527187e-10
2.779122126329100e-01,7.379440792616369e-10
2.781252048253020e-01,7.378247405977708e-10
2.783381970176940e-01,7.377055314425656e-10
2.785511892100860e-01,7.375864413671410e-10
