7.791356504680618e-06,5.147760494871822e-09
8.610780621332552e-06,5.055958098211073e-09
9.516384324626089e-06,4.965691675622173e-09
1.051723120080771e-05,4.876944954680942e-09
1.162333806181051e-05,4.789700550224404e-09
1.284577519687474e-05,4.703940036960074e-09
1.419677716772344e-05,4.619644558792162e-09
1.568986525616830e-05,4.536793927300996e-09
1.733998278964274e-05,4.455366891976762e-09
1.916364469904539e-05,4.375340699305568e-09
2.117910280571951e-05,4.296691810298281e-09
2.340652849181556e-05,4.219394148103242e-09
2.586821458226360e-05,4.143420860844493e-09
2.858879845885812e-05,4.068742778977102e-09
3.159550863945590e-05,3.995328835497286e-09
3.491843729013453e-05,3.923146399345043e-09
3.859084139770492e-05,3.852161338727678e-09
4.264947561681323e-05,3.782339422206747e-09
4.713496012287843e-05,3.713646671364782e-09
5.209218715246060e-05,3.646051434004547e-09
5.757077029985334e-05,3.579525890040687e-09
6.362554106661115e-05,3.514046412150540e-09
7.031709763364645e-05,3.449592509113040e-09
7.771241134819200e-05,3.386144230484788e-09
8.588549699555374e-05,3.323679862363866e-09
9.491815356395940e-05,3.262175371821551e-09
1.049007829163263e-04,3.201608538913465e-09
1.159332945624905e-04,3.141962056959832e-09
1.281261055871622e-04,3.083221562718644e-09
1.416012457412214e-04,3.025369555674893e-09
1.564935787564811e-04,2.968389649570488e-09
1.729521521072439e-04,2.912269733833573e-09
1.911416887275217e-04,2.856996542467012e-09
2.112442356135248e-04,2.802557961460052e-09
2.334609858111876e-04,2.748943724295409e-09
2.580142920237960e-04,2.696143537941797e-09
2.851498919925769e-04,2.644148290207480e-09
3.151393679226079e-04,2.592949476005432e-09
3.482828645688079e-04,2.542538923611035e-09
3.849120931855259e-04,2.492909463430509e-09
4.253936514042669e-04,2.444053875832336e-09
4.701326922660057e-04,2.395965517588603e-09
5.195769791289974e-04,2.348637942698847e-09
5.742213670349657e-04,2.302064795876535e-09
6.346127553846864e-04,2.256239800039898e-09
7.013555614910102e-04,2.211156730813919e-09
7.751177697904812e-04,2.166809232110945e-09
8.566376172560946e-04,2.123189534342002e-09
9.467309819210534e-04,2.080289572936063e-09
1.046299548460350e-03,2.038101219063583e-09
1.156339832554060e-03,1.996615902784448e-09
1.277953154351212e-03,1.955612193223572e-09
1.405748469786333e-03,1.917166992021815e-09
1.533543785221454e-03,1.882802260798674e-09
1.661339100656575e-03,1.851829427911858e-09
1.789134416091696e-03,1.823559921719073e-09
1.916929731526817e-03,1.797399579291929e-09
2.000000000000000e-03,1.781417299079032e-09
2.044725046961939e-03,1.773131293416252e-09
2.172520362397060e-03,1.750601637857240e-09
2.300315677832181e-03,1.729611627169206e-09
2.428110993267302e-03,1.709958588728456e-09
2.555906308702423e-03,1.691458916780073e-09
2.683701624137544e-03,1.674005273056301e-09
2.811496939572665e-03,1.657509386164190e-09
2.939292255007787e-03,1.641882984710790e-09
3.067087570442908e-03,1.627037797303150e-09
3.194882885878029e-03,1.612892608118030e-09
3.322678201313150e-03,1.599394423895628e-09
3.450473516748271e-03,1.586497307088152e-09
3.578268832183392e-03,1.574155320147805e-09
3.706064147618514e-03,1.562322525526795e-09
3.833859463053635e-03,1.550956184471605e-09
3.961654778488756e-03,1.540026353361486e-09
4.089450093923877e-03,1.529506287347801e-09
4.217245409358998e-03,1.519369241581908e-09
4.345040724794119e-03,1.509588471215168e-09
4.472836040229241e-03,1.500138882721498e-09
4.600631355664362e-03,1.491001987907705e-09
4.728426671099482e-03,1.482160949924492e-09
4.856221986534604e-03,1.473598931922560e-09
4.984017301969726e-03,1.465299097052610e-09
5.111812617404846e-03,1.457245540242615e-09
5.239607932839968e-03,1.449426083503207e-09
5.367403248275089e-03,1.441829480609080e-09
5.495198563710209e-03,1.434444485334926e-09
5.622993879145331e-03,1.427259851455439e-09
5.750789194580453e-03,1.420264897081892e-09
5.878584510015573e-03,1.413451197678288e-09
6.006379825450694e-03,1.406810893048408e-09
6.134175140885816e-03,1.400336122996039e-09
6.261970456320937e-03,1.394019027324963e-09
6.389765771756058e-03,1.387852107714338e-09
6.517561087191179e-03,1.381829313329303e-09
6.645356402626300e-03,1.375944955202618e-09
6.773151718061422e-03,1.370193344367046e-09
6.900947033496543e-03,1.364568791855344e-09
7.028742348931663e-03,1.359065849413657e-09
7.156537664366785e-03,1.353680031640895e-09
7.284332979801906e-03,1.348407093848975e-09
7.412128295237027e-03,1.343242791349813e-09
7.539923610672148e-03,1.338182879455325e-09
7.667718926107269e-03,1.333223280902644e-09
7.795514241542391e-03,1.328360588135900e-09
7.923309556977513e-03,1.323591561027500e-09
8.051104872412632e-03,1.318912959449852e-09
8.178900187847754e-03,1.314321543275365e-09
8.306695503282877e-03,1.309814190259649e-09
8.434490818717996e-03,1.305388249689056e-09
8.562286134153118e-03,1.301041188732100e-09
8.690081449588239e-03,1.296770474557298e-09
8.817876765023359e-03,1.292573574333165e-09
8.945672080458482e-03,1.288448044558745e-09
9.073467395893601e-03,1.284391799057175e-09
9.201262711328723e-03,1.280402840983106e-09
9.329058026763846e-03,1.276479173491189e-09
9.456853342198965e-03,1.272618799736076e-09
9.584648657634087e-03,1.268819776554525e-09
9.712443973069206e-03,1.265080375509997e-09
9.840239288504329e-03,1.261398921847198e-09
9.968034603939451e-03,1.257773740810835e-09
1.009582991937457e-02,1.254203157645613e-09
1.022362523480969e-02,1.250685573269176e-09
1.035142055024482e-02,1.247219691291489e-09
1.047921586567993e-02,1.243804290995740e-09
1.060701118111506e-02,1.240438151665118e-09
1.073480649655018e-02,1.237120052582811e-09
1.086260181198530e-02,1.233848773032009e-09
1.099039712742042e-02,1.230623092295900e-09
1.111819244285554e-02,1.227441789657671e-09
1.124598775829066e-02,1.224303644400513e-09
1.137378307372578e-02,1.221207435807613e-09
1.150157838916090e-02,1.218152007407917e-09
1.162937370459603e-02,1.215136459694855e-09
1.175716902003114e-02,1.212159957398343e-09
1.188496433546627e-02,1.209221665248297e-09
1.201275965090139e-02,1.206320747974634e-09
1.214055496633651e-02,1.203456370307269e-09
1.226835028177163e-02,1.200627696976119e-09
1.239614559720675e-02,1.197833892711100e-09
1.252394091264187e-02,1.195074122242128e-09
1.265173622807700e-02,1.192347550299119e-09
1.277953154351211e-02,1.189653378928504e-09
1.290732685894724e-02,1.186990959455989e-09
1.303512217438236e-02,1.184359680530407e-09
1.316291748981748e-02,1.181758930800587e-09
1.329071280525260e-02,1.179188098915360e-09
1.341850812068772e-02,1.176646573523557e-09
1.354630343612284e-02,1.174133743274009e-09
1.367409875155796e-02,1.171648996815546e-09
1.380189406699308e-02,1.169191722797000e-09
1.392968938242821e-02,1.166761309867199e-09
1.405748469786333e-02,1.164357172635596e-09
1.418528001329845e-02,1.161978829555623e-09
1.431307532873357e-02,1.159625825042085e-09
1.444087064416869e-02,1.157297703509786e-09
1.456866595960381e-02,1.154994009373532e-09
1.469646127503893e-02,1.152714287048127e-09
1.482425659047405e-02,1.150458080948377e-09
1.495205190590917e-02,1.148224935489086e-09
1.507984722134430e-02,1.146014395085059e-09
1.520764253677942e-02,1.143826004151102e-09
1.533543785221454e-02,1.141659324743536e-09
1.546323316764966e-02,1.139513989480543e-09
1.559102848308478e-02,1.137389648619724e-09
1.571882379851990e-02,1.135285952418676e-09
1.584661911395502e-02,1.133202551135000e-09
1.597441442939014e-02,1.131139095026293e-09
1.610220974482527e-02,1.129095234350155e-09
1.623000506026039e-02,1.127070619364184e-09
1.635780037569551e-02,1.125064900325981e-09
1.648559569113063e-02,1.123077727493143e-09
1.661339100656575e-02,1.121108763890049e-09
1.674118632200087e-02,1.119157723613362e-09
1.686898163743599e-02,1.117224333529107e-09
1.699677695287111e-02,1.115308320503311e-09
1.712457226830624e-02,1.113409411401999e-09
1.725236758374135e-02,1.111527333091196e-09
1.738016289917648e-02,1.109661812436928e-09
1.750795821461160e-02,1.107812576305221e-09
1.763575353004672e-02,1.105979351562100e-09
1.776354884548184e-02,1.104161865073591e-09
1.789134416091696e-02,1.102359853031778e-09
1.801913947635208e-02,1.100573088933993e-09
1.814693479178720e-02,1.098801355604131e-09
1.827473010722232e-02,1.097044435866088e-09
1.840252542265745e-02,1.095302112543759e-09
1.853032073809257e-02,1.093574168461041e-09
1.865811605352769e-02,1.091860386441829e-09
1.878591136896281e-02,1.090160549310018e-09
1.891370668439793e-02,1.088474439889505e-09
1.904150199983305e-02,1.086801841004185e-09
1.916929731526817e-02,1.085142542436531e-09
1.929709263070329e-02,1.083496361802023e-09
1.942488794613842e-02,1.081863123674065e-09
1.955268326157353e-02,1.080242652626061e-09
1.968047857700866e-02,1.078634773231415e-09
1.980827389244378e-02,1.077039310063531e-09
1.993606920787890e-02,1.075456087695813e-09
2.006386452331402e-02,1.073884930701664e-09
2.019165983874914e-02,1.072325663654489e-09
2.031945515418426e-02,1.070778111127692e-09
2.044725046961939e-02,1.069242102890495e-09
2.057504578505450e-02,1.067717489497754e-09
2.070284110048963e-02,1.066204126701327e-09
2.083063641592475e-02,1.064701870253071e-09
2.095843173135987e-02,1.063210575904842e-09
2.108622704679499e-02,1.061730099408499e-09
2.121402236223011e-02,1.060260296515899e-09
2.134181767766523e-02,1.058801022978897e-09
2.146961299310035e-02,1.057352134549353e-09
2.159740830853547e-02,1.055913486979121e-09
2.172520362397060e-02,1.054484940294558e-09
2.185299893940572e-02,1.053066371620682e-09
2.198079425484084e-02,1.051657662357349e-09
2.210858957027596e-02,1.050258693904417e-09
2.223638488571108e-02,1.048869347661741e-09
2.236418020114620e-02,1.047489505029178e-09
2.249197551658132e-02,1.046119047406584e-09
2.261977083201644e-02,1.044757856193815e-09
2.274756614745157e-02,1.043405812790727e-09
2.287536146288669e-02,1.042062798597176e-09
2.300315677832181e-02,1.040728698120132e-09
2.313095209375693e-02,1.039403408294578e-09
2.325874740919205e-02,1.038086829162400e-09
2.338654272462717e-02,1.036778860765482e-09
2.351433804006229e-02,1.035479403145707e-09
2.364213335549741e-02,1.034188356344961e-09
2.376992867093253e-02,1.032905620405126e-09
2.389772398636766e-02,1.031631095368088e-09
2.402551930180278e-02,1.030364681275731e-09
2.415331461723790e-02,1.029106278169938e-09
2.428110993267302e-02,1.027855788719445e-09
2.440890524810814e-02,1.026613126099255e-09
2.453670056354326e-02,1.025378206110652e-09
2.466449587897838e-02,1.024150944554919e-09
2.479229119441350e-02,1.022931257233342e-09
2.492008650984863e-02,1.021719059947203e-09
2.504788182528375e-02,1.020514268497789e-09
2.517567714071887e-02,1.019316798686383e-09
2.530347245615399e-02,1.018126566314269e-09
2.543126777158911e-02,1.016943487182731e-09
2.555906308702423e-02,1.015767479136380e-09
2.568685840245935e-02,1.014598468193556e-09
2.581465371789447e-02,1.013436382416137e-09
2.594244903332960e-02,1.012281149866005e-09
2.607024434876471e-02,1.011132698605037e-09
2.619803966419984e-02,1.009990956695115e-09
2.632583497963496e-02,1.008855852198117e-09
2.645363029507008e-02,1.007727313175923e-09
2.658142561050520e-02,1.006605267690413e-09
2.670922092594032e-02,1.005489643803465e-09
2.683701624137544e-02,1.004380371327088e-09
2.696481155681056e-02,1.003277387073644e-09
2.709260687224568e-02,1.002180629605549e-09
2.722040218768081e-02,1.001090037485216e-09
2.734819750311593e-02,1.000005549275060e-09
2.747599281855105e-02,9.989271035374969e-10
2.760378813398617e-02,9.978546388349403e-10
2.773158344942129e-02,9.967880937298054e-10
2.785937876485641e-02,9.957274067845063e-10
2.798717408029153e-02,9.946725165614581e-10
2.811496939572665e-02,9.936233629294754e-10
2.824276471116178e-02,9.925798909824745e-10
2.837056002659689e-02,9.915420471205219e-10
2.849835534203202e-02,9.905097777436831e-10
2.862615065746714e-02,9.894830292520247e-10
2.875394597290226e-02,9.884617480456128e-10
2.888174128833738e-02,9.874458805245134e-10
2.900953660377250e-02,9.864353730887929e-10
2.913733191920762e-02,9.854301721385172e-10
2.926512723464274e-02,9.844302240737527e-10
2.939292255007787e-02,9.834354765343606e-10
2.952071786551299e-02,9.824458821197067e-10
2.964851318094811e-02,9.814613946691120e-10
2.977630849638323e-02,9.804819680218983e-10
2.990410381181835e-02,9.795075560173871e-10
3.003189912725347e-02,9.785381124948998e-10
3.015969444268859e-02,9.775735912937583e-10
3.028748975812371e-02,9.766139462532836e-10
3.041528507355883e-02,9.756591312127979e-10
3.054308038899396e-02,9.747091000116221e-10
3.067087570442908e-02,9.737638073835390e-10
3.079867101986420e-02,9.728232116401420e-10
3.092646633529932e-02,9.718872719874690e-10
3.105426165073444e-02,9.709559476315578e-10
3.118205696616956e-02,9.700291977784464e-10
3.130985228160468e-02,9.691069816341724e-10
3.143764759703981e-02,9.681892584047743e-10
3.156544291247493e-02,9.672759872962896e-10
3.169323822791005e-02,9.663671275147564e-10
3.182103354334517e-02,9.654626382662125e-10
3.194882885878029e-02,9.645624796239650e-10
3.207662417421541e-02,9.636666151301082e-10
3.220441948965053e-02,9.627750091938620e-10
3.233221480508566e-02,9.618876262244448e-10
3.246001012052077e-02,9.610044306310767e-10
3.258780543595589e-02,9.601253868229771e-10
3.271560075139102e-02,9.592504592093646e-10
3.284339606682614e-02,9.583796121994591e-10
3.297119138226126e-02,9.575128102024798e-10
3.309898669769638e-02,9.566500176276461e-10
3.322678201313150e-02,9.557911995262847e-10
3.335457732856662e-02,9.549363235183515e-10
3.348237264400174e-02,9.540853578660099e-10
3.361016795943687e-02,9.532382708314227e-10
3.373796327487198e-02,9.523950306767530e-10
3.386575859030710e-02,9.515556056641643e-10
3.399355390574223e-02,9.507199640558192e-10
3.412134922117735e-02,9.498880741138808e-10
3.424914453661247e-02,9.490599041005123e-10
3.437693985204759e-02,9.482354222778770e-10
3.450473516748271e-02,9.474145975285024e-10
3.463253048291783e-02,9.465974012163842e-10
3.476032579835295e-02,9.457838053258874e-10
3.488812111378808e-02,9.449737818413764e-10
3.501591642922319e-02,9.441673027472161e-10
3.514371174465832e-02,9.433643400277714e-10
3.527150706009344e-02,9.425648656674069e-10
3.539930237552856e-02,9.417688516504871e-10
3.552709769096368e-02,9.409762699613772e-10
3.565489300639881e-02,9.401870925844416e-10
3.578268832183392e-02,9.394012919902919e-10
3.591048363726904e-02,9.386188425943896e-10
3.603827895270417e-02,9.378397192983735e-10
3.616607426813929e-02,9.370638970038843e-10
3.629386958357441e-02,9.362913506125602e-10
3.642166489900953e-02,9.355220550260416e-10
3.654946021444465e-02,9.347559851459674e-10
3.667725552987977e-02,9.339931158739777e-10
3.680505084531489e-02,9.332334221117111e-10
3.693284616075002e-02,9.324768787608076e-10
3.706064147618514e-02,9.317234611914706e-10
3.718843679162025e-02,9.309731466483292e-10
3.731623210705538e-02,9.302259128446603e-10
3.744402742249050e-02,9.294817374937416e-10
3.757182273792562e-02,9.287405983088500e-10
3.769961805336074e-02,9.280024730032632e-10
3.782741336879586e-02,9.272673392902583e-10
3.795520868423098e-02,9.265351748831128e-10
3.808300399966610e-02,9.258059574951038e-10
3.821079931510123e-02,9.250796648395086e-10
3.833859463053635e-02,9.243562749417939e-10
3.846638994597146e-02,9.236357670762024e-10
3.859418526140659e-02,9.229181208291762e-10
3.872198057684171e-02,9.222033157871570e-10
3.884977589227683e-02,9.214913315365871e-10
3.897757120771195e-02,9.207821476639084e-10
3.910536652314707e-02,9.200757437555630e-10
3.923316183858219e-02,9.193720993979928e-10
3.936095715401731e-02,9.186711941776397e-10
3.948875246945244e-02,9.179730076809458e-10
3.961654778488756e-02,9.172775198977135e-10
3.974434310032268e-02,9.165847124310941e-10
3.987213841575780e-02,9.158945672875521e-10
3.999993373119292e-02,9.152070664735520e-10
4.012772904662804e-02,9.145221919955591e-10
4.025552436206317e-02,9.138399258600377e-10
4.038331967749829e-02,9.131602500734529e-10
4.051111499293340e-02,9.124831466422691e-10
4.063891030836853e-02,9.118085975729510e-10
4.076670562380365e-02,9.111365848719638e-10
4.089450093923877e-02,9.104670907963116e-10
4.102229625467389e-02,9.098000986052614e-10
4.115009157010902e-02,9.091355918086714e-10
4.127788688554413e-02,9.084735539163996e-10
4.140568220097925e-02,9.078139684383042e-10
4.153347751641438e-02,9.071568188842431e-10
4.166127283184950e-02,9.065020887640746e-10
4.178906814728462e-02,9.058497615876570e-10
4.191686346271974e-02,9.051998208648480e-10
4.204465877815486e-02,9.045522501055061e-10
4.217245409358998e-02,9.039070330814227e-10
4.230024940902510e-02,9.032641546121543e-10
4.242804472446023e-02,9.026235997792056e-10
4.255584003989534e-02,9.019853536640820e-10
4.268363535533046e-02,9.013494013482879e-10
4.281143067076559e-02,9.007157279133283e-10
4.293922598620071e-02,9.000843184407083e-10
4.306702130163583e-02,8.994551580119327e-10
4.319481661707095e-02,8.988282317085064e-10
4.332261193250607e-02,8.982035246119343e-10
4.345040724794119e-02,8.975810219552098e-10
4.357820256337631e-02,8.969607095772524e-10
4.370599787881144e-02,8.963425734684562e-10
4.383379319424656e-02,8.957265996192155e-10
4.396158850968167e-02,8.951127740199244e-10
4.408938382511680e-02,8.945010826609772e-10
4.421717914055192e-02,8.938915115327682e-10
4.434497445598704e-02,8.932840466256911e-10
4.447276977142216e-02,8.926786739301406e-10
4.460056508685728e-02,8.920753794365105e-10
4.472836040229240e-02,8.914741497203228e-10
4.485615571772752e-02,8.908749736978793e-10
4.498395103316265e-02,8.902778408707444e-10
4.511174634859777e-02,8.896827407404824e-10
4.523954166403289e-02,8.890896628086577e-10
4.536733697946801e-02,8.884985965768346e-10
4.549513229490313e-02,8.879095315465777e-10
4.562292761033825e-02,8.873224572194511e-10
4.575072292577338e-02,8.867373630970192e-10
4.587851824120850e-02,8.861542386808467e-10
4.600631355664361e-02,8.855730720917665e-10
4.613410887207874e-02,8.849938459274590e-10
4.626190418751386e-02,8.844165414047594e-10
4.638969950294898e-02,8.838411397405029e-10
4.651749481838410e-02,8.832676221515246e-10
4.664529013381922e-02,8.826959698546597e-10
4.677308544925434e-02,8.821261640667433e-10
4.690088076468946e-02,8.815581860046106e-10
4.702867608012459e-02,8.809920168850966e-10
4.715647139555971e-02,8.804276379250369e-10
4.728426671099482e-02,8.798650363671964e-10
4.741206202642995e-02,8.793042235572710e-10
4.753985734186507e-02,8.787452168664927e-10
4.766765265730019e-02,8.781880336660922e-10
4.779544797273531e-02,8.776326913273012e-10
4.792324328817044e-02,8.770792072213510e-10
4.805103860360555e-02,8.765275987194733e-10
4.817883391904067e-02,8.759778831928987e-10
4.830662923447580e-02,8.754300780128594e-10
4.843442454991092e-02,8.748842005505860e-10
4.856221986534604e-02,8.743402463970094e-10
4.869001518078116e-02,8.737981240311603e-10
4.881781049621628e-02,8.732577201564207e-10
4.894560581165140e-02,8.727189214761727e-10
4.907340112708652e-02,8.721816146937985e-10
4.920119644252165e-02,8.716456865126798e-10
4.932899175795677e-02,8.711110236361988e-10
4.945678707339188e-02,8.705775127677376e-10
4.958458238882701e-02,8.700450406106783e-10
4.971237770426213e-02,8.695134938684029e-10
4.984017301969725e-02,8.689829112040287e-10
4.996796833513237e-02,8.684539391523729e-10
5.000000000000000e-02,8.683216995989383e-10
5.009576365056749e-02,8.679273084122778e-10
5.022355896600261e-02,8.674031581881810e-10
5.035135428143774e-02,8.668813225852251e-10
5.047914959687286e-02,8.663616331708341e-10
5.060694491230798e-02,8.658439215124317e-10
5.073474022774310e-02,8.653280191774412e-10
5.086253554317822e-02,8.648137577332864e-10
5.099033085861334e-02,8.643009687473913e-10
5.111812617404846e-02,8.637895155043753e-10
5.124592148948359e-02,8.632793881550862e-10
5.137371680491870e-02,8.627706085662889e-10
5.150151212035382e-02,8.622631986047486e-10
5.162930743578895e-02,8.617571801372303e-10
5.175710275122407e-02,8.612525750304991e-10
5.188489806665919e-02,8.607494051513203e-10
5.201269338209431e-02,8.602476923664586e-10
5.214048869752943e-02,8.597474585426795e-10
5.226828401296455e-02,8.592487255467479e-10
5.239607932839967e-02,8.587515089798747e-10
5.252387464383480e-02,8.582557993834152e-10
5.265166995926992e-02,8.577615810343515e-10
5.277946527470503e-02,8.572688382096648e-10
5.290726059014016e-02,8.567775551863367e-10
5.303505590557528e-02,8.562877162413490e-10
5.316285122101040e-02,8.557993056516834e-10
5.329064653644552e-02,8.553123076943213e-10
5.341844185188065e-02,8.548267066462445e-10
5.354623716731576e-02,8.543424867844344e-10
5.367403248275088e-02,8.538596342384051e-10
5.380182779818601e-02,8.533781425482915e-10
5.392962311362113e-02,8.528980071070074e-10
5.405741842905625e-02,8.524192233074668e-10
5.418521374449137e-02,8.519417865425831e-10
5.431300905992649e-02,8.514656922052702e-10
5.444080437536161e-02,8.509909356884416e-10
5.456859969079673e-02,8.505175123850116e-10
5.469639500623186e-02,8.500454176878935e-10
5.482419032166697e-02,8.495746469900010e-10
5.495198563710210e-02,8.491051952661064e-10
5.507978095253722e-02,8.486370558184270e-10
5.520757626797234e-02,8.481702215310453e-10
5.533537158340746e-02,8.477046852880434e-10
5.546316689884258e-02,8.472404399735034e-10
5.559096221427770e-02,8.467774784715077e-10
5.571875752971282e-02,8.463157936661383e-10
5.584655284514795e-02,8.458553784414776e-10
5.597434816058307e-02,8.453962256816076e-10
5.610214347601819e-02,8.449383282706108e-10
5.622993879145331e-02,8.444816793030807e-10
5.635773410688843e-02,8.440262727155881e-10
5.648552942232355e-02,8.435721026551811e-10
5.661332473775867e-02,8.431191632689075e-10
5.674112005319380e-02,8.426674487038153e-10
5.686891536862891e-02,8.422169531069526e-10
5.699671068406403e-02,8.417676706253672e-10
5.712450599949916e-02,8.413195954061071e-10
5.725230131493428e-02,8.408727215962204e-10
5.738009663036940e-02,8.404270433427548e-10
5.750789194580452e-02,8.399825548271268e-10
5.763568726123964e-02,8.395392503682373e-10
5.776348257667476e-02,8.390971243193607e-10
5.789127789210988e-02,8.386561710337716e-10
5.801907320754501e-02,8.382163848647449e-10
5.814686852298013e-02,8.377777601655547e-10
5.827466383841524e-02,8.373402912894760e-10
5.840245915385037e-02,8.369039725897834e-10
5.853025446928549e-02,8.364687984197512e-10
5.865804978472061e-02,8.360347631326542e-10
5.878584510015573e-02,8.356018611471385e-10
5.891364041559085e-02,8.351700871433368e-10
5.904143573102597e-02,8.347394358667541e-10
5.916923104646109e-02,8.343099020628954e-10
5.929702636189622e-02,8.338814804772657e-10
5.942482167733134e-02,8.334541658553699e-10
5.955261699276646e-02,8.330279529427130e-10
5.968041230820158e-02,8.326028364847999e-10
5.980820762363670e-02,8.321788112271355e-10
5.993600293907182e-02,8.317558719152248e-10
6.006379825450694e-02,8.313340133740630e-10
6.019159356994207e-02,8.309132307465849e-10
6.031938888537718e-02,8.304935192552045e-10
6.044718420081231e-02,8.300748741223354e-10
6.057497951624743e-02,8.296572905703917e-10
6.070277483168255e-02,8.292407638217874e-10
6.083057014711767e-02,8.288252890989366e-10
6.095836546255279e-02,8.284108616242529e-10
6.108616077798791e-02,8.279974766201504e-10
6.121395609342303e-02,8.275851293090432e-10
6.134175140885816e-02,8.271738149246087e-10
6.146954672429328e-02,8.267635287455827e-10
6.159734203972840e-02,8.263542660619671e-10
6.172513735516352e-02,8.259460221637634e-10
6.185293267059864e-02,8.255387923409735e-10
6.198072798603376e-02,8.251325718835986e-10
6.210852330146888e-02,8.247273560816406e-10
6.223631861690401e-02,8.243231402251011e-10
6.236411393233912e-02,8.239199196039819e-10
6.249190924777424e-02,8.235176895082845e-10
6.261970456320937e-02,8.231164453163875e-10
6.274749987864449e-02,8.227161827601846e-10
6.287529519407961e-02,8.223168976599496e-10
6.300309050951473e-02,8.219185858359566e-10
6.313088582494986e-02,8.215212431084791e-10
6.325868114038498e-02,8.211248652977911e-10
6.338647645582010e-02,8.207294482241663e-10
6.351427177125522e-02,8.203349877078787e-10
6.364206708669033e-02,8.199414795692020e-10
6.376986240212545e-02,8.195489196284100e-10
6.389765771756058e-02,8.191573037320633e-10
6.402545303299570e-02,8.187666278318636e-10
6.415324834843082e-02,8.183768879057960e-10
6.428104366386594e-02,8.179880799318459e-10
6.440883897930107e-02,8.176001998879986e-10
6.453663429473619e-02,8.172132437522395e-10
6.466442961017131e-02,8.168272075025537e-10
6.479222492560642e-02,8.164420871169268e-10
6.492002024104154e-02,8.160578785733440e-10
6.504781555647667e-02,8.156745778497906e-10
6.517561087191179e-02,8.152921809591410e-10
6.530340618734691e-02,8.149106840538421e-10
6.543120150278203e-02,8.145300833212364e-10
6.555899681821716e-02,8.141503749486670e-10
6.568679213365228e-02,8.137715551234768e-10
6.581458744908740e-02,8.133936200330089e-10
6.594238276452252e-02,8.130165658646061e-10
6.607017807995763e-02,8.126403888056116e-10
6.619797339539275e-02,8.122650850433678e-10
6.632576871082788e-02,8.118906507652183e-10
6.645356402626300e-02,8.115170822035426e-10
6.658135934169812e-02,8.111443757708744e-10
6.670915465713324e-02,8.107725279247866e-10
6.683694997256837e-02,8.104015351228525e-10
6.696474528800349e-02,8.100313938226451e-10
6.709254060343861e-02,8.096621004817377e-10
6.722033591887373e-02,8.092936515577034e-10
6.734813123430886e-02,8.089260435081150e-10
6.747592654974396e-02,8.085592727905462e-10
6.760372186517909e-02,8.081933358625697e-10
6.773151718061421e-02,8.078282292201556e-10
6.785931249604933e-02,8.074639495128553e-10
6.798710781148445e-02,8.071004934286135e-10
6.811490312691958e-02,8.067378576553749e-10
6.824269844235470e-02,8.063760388810843e-10
6.837049375778982e-02,8.060150337936866e-10
6.849828907322494e-02,8.056548390811266e-10
6.862608438866007e-02,8.052954514313487e-10
6.875387970409517e-02,8.049368675322983e-10
6.888167501953030e-02,8.045790840719196e-10
6.900947033496542e-02,8.042220977668974e-10
6.913726565040054e-02,8.038659054488881e-10
6.926506096583566e-02,8.035105039782946e-10
6.939285628127079e-02,8.031558902155197e-10
6.952065159670591e-02,8.028020610209665e-10
6.964844691214103e-02,8.024490132550376e-10
6.977624222757615e-02,8.020967437781362e-10
6.990403754301128e-02,8.017452494506649e-10
7.003183285844640e-02,8.013945271330269e-10
7.015962817388151e-02,8.010445736856250e-10
7.028742348931663e-02,8.006953859908592e-10
7.041521880475175e-02,8.003469610191245e-10
7.054301412018688e-02,7.999992957628148e-10
7.067080943562200e-02,7.996523872143237e-10
7.079860475105712e-02,7.993062323660454e-10
7.092640006649224e-02,7.989608282103734e-10
7.105419538192737e-02,7.986161717397020e-10
7.118199069736249e-02,7.982722599464249e-10
7.130978601279761e-02,7.979290898229360e-10
7.152277820518949e-02,7.973587796033997e-10
7.173577039758135e-02,7.967905074957149e-10
7.194876258997322e-02,7.962242605585932e-10
7.216175478236508e-02,7.956600260473153e-10
7.237474697475696e-02,7.950977912171616e-10
7.258773916714882e-02,7.945375433234125e-10
7.280073135954070e-02,7.939792696213487e-10
7.301372355193256e-02,7.934229573662506e-10
7.322671574432443e-02,7.928685938133985e-10
7.343970793671629e-02,7.923161662180733e-10
7.365270012910817e-02,7.917656618355552e-10
7.386569232150003e-02,7.912170681348563e-10
7.407868451389191e-02,7.906703734399124e-10
7.429167670628377e-02,7.901255662883904e-10
7.450466889867564e-02,7.895826352179571e-10
7.471766109106751e-02,7.890415687662789e-10
7.493065328345938e-02,7.885023554710226e-10
7.514364547585124e-02,7.879649838698549e-10
7.535663766824312e-02,7.874294425004425e-10
7.556962986063498e-02,7.868957199004521e-10
7.578262205302685e-02,7.863638046075503e-10
7.599561424541872e-02,7.858336853005217e-10
7.620860643781059e-02,7.853053512226044e-10
7.642159863020245e-02,7.847787917581469e-10
7.663459082259433e-02,7.842539962914971e-10
7.684758301498619e-02,7.837309542070029e-10
7.706057520737807e-02,7.832096548890127e-10
7.727356739976993e-02,7.826900877218743e-10
7.748655959216180e-02,7.821722420899358e-10
7.769955178455366e-02,7.816561073775453e-10
7.791254397694554e-02,7.811416729690508e-10
7.812553616933740e-02,7.806289283862023e-10
7.833852836172928e-02,7.801178637003246e-10
7.855152055412114e-02,7.796084691201298e-10
7.876451274651301e-02,7.791007348543291e-10
7.897750493890487e-02,7.785946511116345e-10
7.919049713129675e-02,7.780902081007574e-10
7.940348932368861e-02,7.775873960304095e-10
7.961648151608049e-02,7.770862051093022e-10
7.982947370847235e-02,7.765866255461472e-10
8.004246590086422e-02,7.760886475496564e-10
8.025545809325609e-02,7.755922614975586e-10
8.046845028564796e-02,7.750974584436925e-10
8.068144247803982e-02,7.746042296109341e-10
8.089443467043170e-02,7.741125662221587e-10
8.110742686282357e-02,7.736224595002426e-10
8.132041905521543e-02,7.731339006680610e-10
8.153341124760730e-02,7.726468809484900e-10
8.174640343999917e-02,7.721613915644052e-10
8.195939563239105e-02,7.716774237386824e-10
8.217238782478291e-02,7.711949686941973e-10
8.238538001717477e-02,7.707140177352283e-10
8.259837220956665e-02,7.702345624916737e-10
8.281136440195852e-02,7.697565946748399e-10
8.302435659435038e-02,7.692801059960329e-10
8.323734878674224e-02,7.688050881665586e-10
8.345034097913412e-02,7.683315328977234e-10
8.366333317152599e-02,7.678594319008329e-10
8.387632536391786e-02,7.673887768871937e-10
8.408931755630973e-02,7.669195595681116e-10
8.430230974870159e-02,7.664517716548930e-10
8.451530194109347e-02,7.659854049813104e-10
8.472829413348533e-02,7.655204518710071e-10
8.494128632587720e-02,7.650569047700929e-10
8.515427851826907e-02,7.645947561246785e-10
8.536727071066094e-02,7.641339983808742e-10
8.558026290305280e-02,7.636746239847907e-10
8.579325509544468e-02,7.632166253825383e-10
8.600624728783654e-02,7.627599950202273e-10
8.621923948022842e-02,7.623047253439682e-10
8.643223167262028e-02,7.618508087998715e-10
8.664522386501215e-02,7.613982379310452e-10
8.685821605740401e-02,7.609470056685793e-10
8.707120824979589e-02,7.604971050405569e-10
8.728420044218775e-02,7.600485290750607e-10
8.749719263457963e-02,7.596012708001742e-10
8.771018482697149e-02,7.591553232439800e-10
8.792317701936336e-02,7.587106794345613e-10
8.813616921175522e-02,7.582673324000013e-10
8.834916140414710e-02,7.578252751683827e-10
8.856215359653896e-02,7.573845007677889e-10
8.877514578893084e-02,7.569450023005560e-10
8.898813798132270e-02,7.565067731660202e-10
8.920113017371457e-02,7.560698068377631e-10
8.941412236610644e-02,7.556340967893665e-10
8.962711455849831e-02,7.551996364944121e-10
8.984010675089017e-02,7.547664194264817e-10
9.005309894328205e-02,7.543344390591572e-10
9.026609113567391e-02,7.539036888660202e-10
9.047908332806578e-02,7.534741623206527e-10
9.069207552045766e-02,7.530458528966363e-10
9.090506771284952e-02,7.526187541601934e-10
9.111805990524138e-02,7.521928600481302e-10
9.133105209763326e-02,7.517681645899055e-10
9.154404429002513e-02,7.513446618149783e-10
9.175703648241700e-02,7.509223457528071e-10
9.197002867480886e-02,7.505012104328503e-10
9.218302086720073e-02,7.500812498845672e-10
9.239601305959261e-02,7.496624581374159e-10
9.260900525198447e-02,7.492448292208553e-10
9.282199744437633e-02,7.488283571643443e-10
9.303498963676821e-02,7.484130360603693e-10
9.324798182916008e-02,7.479988602535392e-10
9.346097402155194e-02,7.475858241514951e-10
9.367396621394380e-02,7.471739221618782e-10
9.388695840633568e-02,7.467631486923298e-10
9.409995059872756e-02,7.463534981504908e-10
9.431294279111942e-02,7.459449649440030e-10
9.452593498351128e-02,7.455375434805071e-10
9.473892717590315e-02,7.451312281676444e-10
9.495191936829503e-02,7.447260134130564e-10
9.516491156068689e-02,7.443218936825266e-10
9.537790375307875e-02,7.439188636744112e-10
9.559089594547063e-02,7.435169181452095e-10
9.580388813786250e-02,7.431160518514209e-10
9.601688033025436e-02,7.427162595495454e-10
9.622987252264624e-02,7.423175359960822e-10
9.644286471503810e-02,7.419198759475310e-10
9.665585690742998e-02,7.415232741603912e-10
9.686884909982184e-02,7.411277253911623e-10
9.708184129221371e-02,7.407332243963441e-10
9.729483348460558e-02,7.403397659964715e-10
9.750782567699745e-02,7.399473452682183e-10
9.772081786938931e-02,7.395559573522908e-10
9.793381006178119e-02,7.391655973893957e-10
9.814680225417305e-02,7.387762605202401e-10
9.835979444656492e-02,7.383879418855306e-10
9.857278663895679e-02,7.380006366259738e-10
9.878577883134866e-02,7.376143398822766e-10
9.899877102374052e-02,7.372290467951455e-10
9.921176321613240e-02,7.368447525052875e-10
9.942475540852426e-02,7.364614522231817e-10
9.963774760091614e-02,7.360791414383846e-10
9.985073979330800e-02,7.356978157102190e-10
1.000637319857000e-01,7.353174705980074e-10
1.002767241780920e-01,7.349381016610727e-10
1.004897163704840e-01,7.345597044587378e-10
1.007027085628750e-01,7.341822745503271e-10
1.009157007552670e-01,7.338058074951597e-10
1.011286929476590e-01,7.334302988525602e-10
1.013416851400510e-01,7.330557441818514e-10
1.015546773324430e-01,7.326821390638659e-10
1.017676695248350e-01,7.323094791654938e-10
1.019806617172270e-01,7.319377601751446e-10
1.021936539096190e-01,7.315669777812274e-10
1.024066461020100e-01,7.311971276721532e-10
1.026196382944020e-01,7.308282055363278e-10
1.028326304867940e-01,7.304602070621618e-10
1.030456226791860e-01,7.300931279380648e-10
1.032586148715780e-01,7.297269638524459e-10
1.034716070639700e-01,7.293617104937142e-10
1.036845992563620e-01,7.289973636154797e-10
1.038975914487540e-01,7.286339192321283e-10
1.041105836411450e-01,7.282713734232354e-10
1.043235758335370e-01,7.279097222683712e-10
1.045365680259290e-01,7.275489618471109e-10
1.047495602183210e-01,7.271890882390285e-10
1.049625524107130e-01,7.268300975236974e-10
1.051755446031050e-01,7.264719857806912e-10
1.053885367954970e-01,7.261147490895838e-10
1.056015289878880e-01,7.257583835299504e-10
1.058145211802800e-01,7.254028852045930e-10
1.060275133726720e-01,7.250482503092090e-10
1.062405055650640e-01,7.246944750627063e-10
1.064534977574560e-01,7.243415556839933e-10
1.066664899498480e-01,7.239894883919786e-10
1.068794821422400e-01,7.236382694055700e-10
1.070924743346320e-01,7.232878949436763e-10
1.073054665270230e-01,7.229383612252071e-10
1.075184587194150e-01,7.225896644690674e-10
1.077314509118070e-01,7.222418008941675e-10
1.079444431041990e-01,7.218947667713398e-10
1.081574352965910e-01,7.215485585792592e-10
1.083704274889830e-01,7.212031728485969e-10
1.085834196813750e-01,7.208586061100238e-10
1.087964118737660e-01,7.205148548942125e-10
1.090094040661580e-01,7.201719157318311e-10
1.092223962585500e-01,7.198297851535523e-10
1.094353884509420e-01,7.194884596900470e-10
1.096483806433340e-01,7.191479358719863e-10
1.098613728357260e-01,7.188082102300414e-10
1.100743650281180e-01,7.184692793332334e-10
1.102873572205100e-01,7.181311399040415e-10
1.105003494129010e-01,7.177937887033263e-10
1.107133416052930e-01,7.174572224919435e-10
1.109263337976850e-01,7.171214380307531e-10
1.111393259900770e-01,7.167864320806143e-10
1.113523181824690e-01,7.164522014023856e-10
1.115653103748610e-01,7.161187427569262e-10
1.117783025672530e-01,7.157860529050944e-10
1.119912947596450e-01,7.154541286077492e-10
1.122042869520360e-01,7.151229666385250e-10
1.124172791444280e-01,7.147925638221511e-10
1.126302713368200e-01,7.144629169961370e-10
1.128432635292120e-01,7.141340229979915e-10
1.130562557216040e-01,7.138058786652225e-10
1.132692479139960e-01,7.134784808353383e-10
1.134822401063880e-01,7.131518263458474e-10
1.136952322987790e-01,7.128259120342592e-10
1.139082244911710e-01,7.125007347380791e-10
1.141212166835630e-01,7.121762912948171e-10
1.143342088759550e-01,7.118525785907751e-10
1.145472010683470e-01,7.115295937073846e-10
1.147601932607390e-01,7.112073337748481e-10
1.149731854531310e-01,7.108857959233681e-10
1.151861776455230e-01,7.105649772831470e-10
1.153991698379140e-01,7.102448749843887e-10
1.156121620303060e-01,7.099254861572929e-10
1.158251542226980e-01,7.096068079320634e-10
1.160381464150900e-01,7.092888374389026e-10
1.162511386074820e-01,7.089715718080130e-10
1.164641307998740e-01,7.086550081886829e-10
1.166771229922660e-01,7.083391438065040e-10
1.168901151846570e-01,7.080239759061339e-10
1.171031073770490e-01,7.077095017322263e-10
1.173160995694410e-01,7.073957185294393e-10
1.175290917618330e-01,7.070826235424292e-10
1.177420839542250e-01,7.067702140158528e-10
1.179550761466170e-01,7.064584871943664e-10
1.181680683390090e-01,7.061474403226269e-10
1.183810605314010e-01,7.058370706452903e-10
1.185940527237920e-01,7.055273754395970e-10
1.188070449161840e-01,7.052183521131837e-10
1.190200371085760e-01,7.049099981063097e-10
1.192330293009680e-01,7.046023108592326e-10
1.194460214933600e-01,7.042952878122108e-10
1.196590136857520e-01,7.039889264055019e-10
1.198720058781440e-01,7.036832240793637e-10
1.200849980705360e-01,7.033781782740543e-10
1.202979902629270e-01,7.030737864298330e-10
1.205109824553190e-01,7.027700459869547e-10
1.207239746477110e-01,7.024669543875566e-10
1.209369668401030e-01,7.021645090812860e-10
1.211499590324950e-01,7.018627075196691e-10
1.213629512248870e-01,7.015615471542322e-10
1.215759434172790e-01,7.012610254365014e-10
1.217889356096700e-01,7.009611398180043e-10
1.220019278020620e-01,7.006618877502641e-10
1.222149199944540e-01,7.003632666848084e-10
1.224279121868460e-01,7.000652740731634e-10
1.226409043792380e-01,6.997679073668552e-10
1.228538965716300e-01,6.994711640768454e-10
1.230668887640220e-01,6.991750419518224e-10
1.232798809564140e-01,6.988795387999026e-10
1.234928731488050e-01,6.985846524292041e-10
1.237058653411970e-01,6.982903806478403e-10
1.239188575335890e-01,6.979967212639294e-10
1.241318497259810e-01,6.977036720855878e-10
1.243448419183730e-01,6.974112309209320e-10
1.245578341107650e-01,6.971193955780785e-10
1.247708263031570e-01,6.968281638651437e-10
1.249838184955480e-01,6.965375335765751e-10
1.251968106879400e-01,6.962475024521544e-10
1.254098028803320e-01,6.959580682180070e-10
1.256227950727240e-01,6.956692286002571e-10
1.258357872651160e-01,6.953809813250287e-10
1.260487794575080e-01,6.950933241184459e-10
1.262617716499000e-01,6.948062547066328e-10
1.264747638422920e-01,6.945197708157135e-10
1.266877560346830e-01,6.942338701718134e-10
1.269007482270750e-01,6.939485505010541e-10
1.271137404194670e-01,6.936638095687553e-10
1.273267326118590e-01,6.933796452969063e-10
1.275397248042510e-01,6.930960556466379e-10
1.277527169966430e-01,6.928130385790806e-10
1.279657091890350e-01,6.925305920553652e-10
1.281787013814270e-01,6.922487140366222e-10
1.283916935738180e-01,6.919674024839835e-10
1.286046857662100e-01,6.916866553585772e-10
1.288176779586020e-01,6.914064706215352e-10
1.290306701509940e-01,6.911268462339881e-10
1.292436623433860e-01,6.908477801597225e-10
1.294566545357780e-01,6.905692703731524e-10
1.296696467281700e-01,6.902913148513505e-10
1.298826389205610e-01,6.900139115713905e-10
1.300956311129530e-01,6.897370585103421e-10
1.303086233053450e-01,6.894607536452789e-10
1.305216154977370e-01,6.891849949532735e-10
1.307346076901290e-01,6.889097804113983e-10
1.309475998825210e-01,6.886351079967256e-10
1.311605920749130e-01,6.883609756863278e-10
1.313735842673050e-01,6.880873814798053e-10
1.315865764596960e-01,6.878143234668812e-10
1.317995686520880e-01,6.875417997598080e-10
1.320125608444800e-01,6.872698084708417e-10
1.322255530368720e-01,6.869983477122372e-10
1.324385452292640e-01,6.867274155962494e-10
1.326515374216560e-01,6.864570102351333e-10
1.328645296140480e-01,6.861871297411436e-10
1.330775218064400e-01,6.859177722265352e-10
1.332905139988310e-01,6.856489358035644e-10
1.335035061912230e-01,6.853806186164559e-10
1.337164983836150e-01,6.851128189373029e-10
1.339294905760070e-01,6.848455350701576e-10
1.341424827683990e-01,6.845787653190717e-10
1.343554749607910e-01,6.843125079880971e-10
1.345684671531830e-01,6.840467613812857e-10
1.347814593455740e-01,6.837815238026907e-10
1.349944515379660e-01,6.835167935563615e-10
1.352074437303580e-01,6.832525689463513e-10
1.354204359227500e-01,6.829888482767118e-10
1.356334281151420e-01,6.827256298419692e-10
1.358464203075340e-01,6.824629118985647e-10
1.360594124999260e-01,6.822006926934231e-10
1.362724046923180e-01,6.819389704734696e-10
1.364853968847090e-01,6.816777434856303e-10
1.366983890771010e-01,6.814170099768277e-10
1.369113812694930e-01,6.811567681939882e-10
1.371243734618850e-01,6.808970163840363e-10
1.373373656542770e-01,6.806377527938974e-10
1.375503578466690e-01,6.803789756704962e-10
1.377633500390610e-01,6.801206832885490e-10
1.379763422314520e-01,6.798628740340031e-10
1.381893344238440e-01,6.796055463206266e-10
1.384023266162360e-01,6.793486985621912e-10
1.386153188086280e-01,6.790923291724671e-10
1.388283110010200e-01,6.788364365652248e-10
1.390413031934120e-01,6.785810191542349e-10
1.392542953858040e-01,6.783260753532674e-10
1.394672875781960e-01,6.780716035760932e-10
1.396802797705870e-01,6.778176022364835e-10
1.398932719629790e-01,6.775640697522599e-10
1.401062641553710e-01,6.773110045574659e-10
1.403192563477630e-01,6.770584050901995e-10
1.405322485401550e-01,6.768062697885585e-10
1.407452407325470e-01,6.765545970906410e-10
1.409582329249390e-01,6.763033854345449e-10
1.411712251173300e-01,6.760526332583694e-10
1.413842173097220e-01,6.758023390002100e-10
1.415972095021140e-01,6.755525010981661e-10
1.418102016945060e-01,6.753031179903354e-10
1.420231938868980e-01,6.750541881378748e-10
1.422361860792900e-01,6.748057100941739e-10
1.424491782716820e-01,6.745576824356798e-10
1.426621704640740e-01,6.743101037388399e-10
1.428751626564650e-01,6.740629725801025e-10
1.430881548488570e-01,6.738162875359126e-10
1.433011470412490e-01,6.735700471827186e-10
1.435141392336410e-01,6.733242500969677e-10
1.437271314260330e-01,6.730788948551073e-10
1.439401236184250e-01,6.728339800335846e-10
1.441531158108170e-01,6.725895042020063e-10
1.443661080032090e-01,6.723454659026266e-10
1.445791001956000e-01,6.721018636708652e-10
1.447920923879920e-01,6.718586960421379e-10
1.450050845803840e-01,6.716159615518644e-10
1.452180767727760e-01,6.713736587354628e-10
1.454310689651680e-01,6.711317861283515e-10
1.456440611575600e-01,6.708903422659489e-10
1.458570533499520e-01,6.706493256836733e-10
1.460700455423430e-01,6.704087349169440e-10
1.462830377347350e-01,6.701685685315959e-10
1.464960299271270e-01,6.699288252150627e-10
1.467090221195190e-01,6.696895036851571e-10
1.469220143119110e-01,6.694506026596914e-10
1.471350065043030e-01,6.692121208564780e-10
1.473479986966950e-01,6.689740569933296e-10
1.475609908890870e-01,6.687364097880584e-10
1.477739830814780e-01,6.684991779584779e-10
1.479869752738700e-01,6.682623602223984e-10
1.481999674662620e-01,6.680259552976335e-10
1.484129596586540e-01,6.677899619077730e-10
1.486259518510460e-01,6.675543787995265e-10
1.488389440434380e-01,6.673192047253865e-10
1.490519362358300e-01,6.670844384378454e-10
1.492649284282220e-01,6.668500786893954e-10
1.494779206206130e-01,6.666161242325302e-10
1.496909128130050e-01,6.663825738197396e-10
1.499039050053970e-01,6.661494262035176e-10
1.501168971977890e-01,6.659166801363562e-10
1.503298893901810e-01,6.656843343707479e-10
1.505428815825730e-01,6.654523876506989e-10
1.507558737749650e-01,6.652208386862658e-10
1.509688659673560e-01,6.649896861790172e-10
1.511818581597480e-01,6.647589288305188e-10
1.513948503521400e-01,6.645285653423396e-10
1.516078425445320e-01,6.642985944160472e-10
1.518208347369240e-01,6.640690147532094e-10
1.520338269293160e-01,6.638398250553942e-10
1.522468191217080e-01,6.636110240241690e-10
1.524598113141000e-01,6.633826103611020e-10
1.526728035064910e-01,6.631545828049207e-10
1.528857956988830e-01,6.629269402429631e-10
1.530987878912750e-01,6.626996815997173e-10
1.533117800836670e-01,6.624728057996702e-10
1.535247722760590e-01,6.622463117673091e-10
1.537377644684510e-01,6.620201984271208e-10
1.539507566608430e-01,6.617944647035927e-10
1.541637488532340e-01,6.615691095212128e-10
1.543767410456260e-01,6.613441318044660e-10
1.545897332380180e-01,6.611195304778405e-10
1.548027254304100e-01,6.608953044461302e-10
1.550157176228020e-01,6.606714525353948e-10
1.552287098151940e-01,6.604479735520188e-10
1.554417020075860e-01,6.602248663023869e-10
1.556546941999780e-01,6.600021295928837e-10
1.558676863923690e-01,6.597797622298952e-10
1.560806785847610e-01,6.595577630198041e-10
1.562936707771530e-01,6.593361307689959e-10
1.565066629695450e-01,6.591148642838556e-10
1.567196551619370e-01,6.588939623707677e-10
1.569326473543290e-01,6.586734238729592e-10
1.571456395467210e-01,6.584532477811177e-10
1.573586317391130e-01,6.582334331228198e-10
1.575716239315040e-01,6.580139789256429e-10
1.577846161238960e-01,6.577948842171614e-10
1.579976083162880e-01,6.575761480249528e-10
1.582106005086800e-01,6.573577693765934e-10
1.584235927010720e-01,6.571397472996598e-10
1.586365848934640e-01,6.569220808217284e-10
1.588495770858560e-01,6.567047689703754e-10
1.590625692782470e-01,6.564878107338995e-10
1.592755614706390e-01,6.562712049434283e-10
1.594885536630310e-01,6.560549503907884e-10
1.597015458554230e-01,6.558390458678053e-10
1.599145380478150e-01,6.556234901663044e-10
1.601275302402070e-01,6.554082820781112e-10
1.603405224325990e-01,6.551934203950510e-10
1.605535146249910e-01,6.549789039089494e-10
1.607665068173820e-01,6.547647314116328e-10
1.609794990097740e-01,6.545509016949248e-10
1.611924912021660e-01,6.543374136900723e-10
1.614054833945580e-01,6.541242668860122e-10
1.616184755869500e-01,6.539114609111057e-10
1.618314677793420e-01,6.536989953937141e-10
1.620444599717340e-01,6.534868699621987e-10
1.622574521641260e-01,6.532750842449209e-10
1.624704443565170e-01,6.530636378702428e-10
1.626834365489090e-01,6.528525304665237e-10
1.628964287413010e-01,6.526417616621262e-10
1.631094209336930e-01,6.524313310854112e-10
1.633224131260850e-01,6.522212379037745e-10
1.635354053184770e-01,6.520114794412919e-10
1.637483975108690e-01,6.518020525613450e-10
1.639613897032600e-01,6.515929541273168e-10
1.641743818956520e-01,6.513841810025870e-10
1.643873740880440e-01,6.511757300505386e-10
1.646003662804360e-01,6.509675981345532e-10
1.648133584728280e-01,6.507597821180127e-10
1.650263506652200e-01,6.505522788642989e-10
1.652393428576120e-01,6.503450852367936e-10
1.654523350500040e-01,6.501381998184006e-10
1.656653272423950e-01,6.499316280659611e-10
1.658783194347870e-01,6.497253771537610e-10
1.660913116271790e-01,6.495194542560888e-10
1.663043038195710e-01,6.493138665472320e-10
1.665172960119630e-01,6.491086212014784e-10
1.667302882043550e-01,6.489037253931155e-10
1.669432803967470e-01,6.486991862964309e-10
1.671562725891380e-01,6.484950110857132e-10
1.673692647815300e-01,6.482912069352482e-10
1.675822569739220e-01,6.480877746804343e-10
1.677952491663140e-01,6.478846897885279e-10
1.680082413587060e-01,6.476819213816032e-10
1.682212335510980e-01,6.474794385817347e-10
1.684342257434900e-01,6.472772105109967e-10
1.686472179358820e-01,6.470752062914633e-10
1.688602101282730e-01,6.468733950452101e-10
1.690732023206650e-01,6.466717458943092e-10
1.692861945130570e-01,6.464702279608361e-10
1.694991867054490e-01,6.462688103668652e-10
1.697121788978410e-01,6.460674859033996e-10
1.699251710902330e-01,6.458663420548892e-10
1.701381632826250e-01,6.456654899835791e-10
1.703511554750170e-01,6.454650408517138e-10
1.705641476674080e-01,6.452651058215392e-10
1.707771398598000e-01,6.450657960552982e-10
1.709901320521920e-01,6.448672227152366e-10
1.712031242445840e-01,6.446694969635989e-10
1.714161164369760e-01,6.444727299626302e-10
1.716291086293680e-01,6.442770328745751e-10
1.718421008217600e-01,6.440824285222206e-10
1.720550930141510e-01,6.438885864134686e-10
1.722680852065430e-01,6.436950877382322e-10
1.724810773989350e-01,6.435015136864272e-10
1.726940695913270e-01,6.433074454479684e-10
1.729070617837190e-01,6.431124642127707e-10
1.731200539761110e-01,6.429161511707492e-10
1.733330461685030e-01,6.427180875118185e-10
1.735460383608950e-01,6.425178544258937e-10
1.737590305532860e-01,6.423150331028904e-10
1.739720227456780e-01,6.421095345433284e-10
1.741850149380700e-01,6.419025884225505e-10
1.743980071304620e-01,6.416957539427635e-10
1.746109993228540e-01,6.414905903061741e-10
1.748239915152460e-01,6.412886567149892e-10
1.750369837076380e-01,6.410915123714154e-10
1.752499759000290e-01,6.409007164776605e-10
1.754629680924210e-01,6.407178282359294e-10
1.756759602848130e-01,6.405444068484297e-10
1.758889524772050e-01,6.403820115173683e-10
1.761019446695970e-01,6.402309719183689e-10
1.763149368619890e-01,6.400866963276389e-10
1.765279290543810e-01,6.399433618477094e-10
1.767409212467730e-01,6.397951455811115e-10
1.769539134391640e-01,6.396362246303769e-10
1.771669056315560e-01,6.394607760980357e-10
1.773798978239480e-01,6.392629770866191e-10
1.775928900163400e-01,6.390370046986585e-10
1.778058822087320e-01,6.387770360366851e-10
1.780188744011240e-01,6.384772482032296e-10
1.782318665935160e-01,6.381364084196539e-10
1.784448587859070e-01,6.377716510039032e-10
1.786578509782990e-01,6.374047037039752e-10
1.788708431706910e-01,6.370572942678730e-10
1.790838353630830e-01,6.367511504435977e-10
1.792968275554750e-01,6.365079999791508e-10
1.795098197478670e-01,6.363495706225334e-10
1.797228119402590e-01,6.362975901217469e-10
1.799358041326510e-01,6.363737862247926e-10
1.801487963250420e-01,6.365998866796703e-10
1.803617885174340e-01,6.369804834626901e-10
1.805747807098260e-01,6.374516219153761e-10
1.807877729022180e-01,6.379322098335086e-10
1.810007650946100e-01,6.383411550128686e-10
1.812137572870020e-01,6.385973652492364e-10
1.814267494793940e-01,6.386197483383926e-10
1.816397416717860e-01,6.383272120761179e-10
1.818527338641770e-01,6.376386642581968e-10
1.820657260565690e-01,6.364730126804040e-10
1.822787182489610e-01,6.347491651385224e-10
1.824917104413530e-01,6.324206054304928e-10
1.827047026337450e-01,6.295790858182146e-10
1.829176948261370e-01,6.263509167956891e-10
1.831306870185290e-01,6.228624088569181e-10
1.833436792109200e-01,6.192398724959185e-10
1.835566714033120e-01,6.156096182066588e-10
1.837696635957040e-01,6.120979564831554e-10
1.839826557880960e-01,6.088311978194102e-10
1.841956479804880e-01,6.059356527094250e-10
1.844086401728800e-01,6.035376316471997e-10
1.846216323652720e-01,6.017291968822388e-10
1.848346245576640e-01,6.004654951796794e-10
1.850476167500550e-01,5.996674637960188e-10
1.852606089424470e-01,5.992560399877427e-10
1.854736011348390e-01,5.991521610113503e-10
1.856865933272310e-01,5.992767641233348e-10
1.858995855196230e-01,5.995507865801903e-10
1.861125777120150e-01,5.998951656384104e-10
1.863255699044070e-01,6.002308385544888e-10
1.865385620967990e-01,6.004787425849193e-10
1.867515542891900e-01,6.005765144398529e-10
1.869645464815820e-01,6.005286243147729e-10
1.871775386739740e-01,6.003562596989309e-10
1.873905308663660e-01,6.000806080815793e-10
1.876035230587580e-01,5.997228569519706e-10
1.878165152511500e-01,5.993041937993574e-10
1.880295074435420e-01,5.988458061129921e-10
1.882424996359330e-01,5.983688813821292e-10
1.884554918283250e-01,5.978946070960169e-10
1.886684840207170e-01,5.974441707439098e-10
1.888814762131090e-01,5.970342835851519e-10
1.890944684055010e-01,5.966637479291653e-10
1.893074605978930e-01,5.963268878400923e-10
1.895204527902850e-01,5.960180273820755e-10
1.897334449826770e-01,5.957314906192576e-10
1.899464371750680e-01,5.954616016157823e-10
1.901594293674600e-01,5.952026844357897e-10
1.903724215598520e-01,5.949490631434235e-10
1.905854137522440e-01,5.946950618028264e-10
1.907984059446360e-01,5.944350044781410e-10
1.910113981370280e-01,5.941644150161665e-10
1.912243903294200e-01,5.938836159925134e-10
1.914373825218110e-01,5.935941295645509e-10
1.916503747142030e-01,5.932974778896440e-10
1.918633669065950e-01,5.929951831251618e-10
1.920763590989870e-01,5.926887674284718e-10
1.922893512913790e-01,5.923797529569421e-10
1.925023434837710e-01,5.920696618679399e-10
1.927153356761630e-01,5.917600163188335e-10
1.929283278685550e-01,5.914523384669901e-10
1.931413200609460e-01,5.911478288747260e-10
1.933543122533380e-01,5.908464022289825e-10
1.935673044457300e-01,5.905476518740238e-10
1.937802966381220e-01,5.902511711541131e-10
1.939932888305140e-01,5.899565534135131e-10
1.942062810229060e-01,5.896633919964869e-10
1.944192732152980e-01,5.893712802472972e-10
1.946322654076900e-01,5.890798115102073e-10
1.948452576000810e-01,5.887885791294812e-10
1.950582497924730e-01,5.884971764493792e-10
1.952712419848650e-01,5.882052830084723e-10
1.954842341772570e-01,5.879129228808410e-10
1.956972263696490e-01,5.876202062140562e-10
1.959102185620410e-01,5.873272431556887e-10
1.961232107544330e-01,5.870341438533098e-10
1.963362029468240e-01,5.867410184544914e-10
1.965491951392160e-01,5.864479771068021e-10
1.967621873316080e-01,5.861551299578140e-10
1.969751795240000e-01,5.858625871550980e-10
1.971881717163920e-01,5.855704588462253e-10
1.974011639087840e-01,5.852788321039909e-10
1.976141561011760e-01,5.849877016653102e-10
1.978271482935680e-01,5.846970391739303e-10
1.980401404859590e-01,5.844068162736003e-10
1.982531326783510e-01,5.841170046080644e-10
1.984661248707430e-01,5.838275758210717e-10
1.986791170631350e-01,5.835385015563692e-10
1.988921092555270e-01,5.832497534577046e-10
1.991051014479190e-01,5.829613031688249e-10
1.993180936403110e-01,5.826731223334777e-10
1.995310858327020e-01,5.823851887744600e-10
1.997440780250940e-01,5.820975050329729e-10
1.999570702174860e-01,5.818100798303771e-10
2.001700624098780e-01,5.815229218880316e-10
2.003830546022700e-01,5.812360399272960e-10
2.005960467946620e-01,5.809494426695291e-10
2.008090389870540e-01,5.806631388360906e-10
2.010220311794460e-01,5.803771371483395e-10
2.012350233718370e-01,5.800914463276366e-10
2.014480155642290e-01,5.798060750953382e-10
2.016610077566210e-01,5.795210305109274e-10
2.018739999490130e-01,5.792363129878313e-10
2.020869921414050e-01,5.789519212783284e-10
2.022999843337970e-01,5.786678541346963e-10
2.025129765261890e-01,5.783841103092135e-10
2.027259687185810e-01,5.781006885541578e-10
2.029389609109720e-01,5.778175876218088e-10
2.031519531033640e-01,5.775348062644418e-10
2.033649452957560e-01,5.772523432343364e-10
2.035779374881480e-01,5.769701972837706e-10
2.037909296805400e-01,5.766883676020709e-10
2.040039218729320e-01,5.764068551258357e-10
2.042169140653240e-01,5.761256612282505e-10
2.044299062577150e-01,5.758447872825018e-10
2.046428984501070e-01,5.755642346617726e-10
2.048558906424990e-01,5.752840047392498e-10
2.050688828348910e-01,5.750040988881187e-10
2.052818750272830e-01,5.747245184815647e-10
2.054948672196750e-01,5.744452648927735e-10
2.057078594120670e-01,5.741663394949305e-10
2.059208516044590e-01,5.738877435389309e-10
2.061338437968500e-01,5.736094777862315e-10
2.063468359892420e-01,5.733315428758553e-10
2.065598281816340e-01,5.730539394468288e-10
2.067728203740260e-01,5.727766681381774e-10
2.069858125664180e-01,5.724997295889269e-10
2.071988047588100e-01,5.722231244381023e-10
2.074117969512020e-01,5.719468533247291e-10
2.076247891435940e-01,5.716709168878331e-10
2.078377813359850e-01,5.713953157664405e-10
2.080507735283770e-01,5.711200506287124e-10
2.082637657207690e-01,5.708451222593951e-10
2.084767579131610e-01,5.705705314723872e-10
2.086897501055530e-01,5.702962790815874e-10
2.089027422979450e-01,5.700223659008939e-10
2.091157344903370e-01,5.697487927442054e-10
2.093287266827280e-01,5.694755604254214e-10
2.095417188751200e-01,5.692026697584382e-10
2.097547110675120e-01,5.689301215571552e-10
2.099677032599040e-01,5.686579166354712e-10
2.101806954522960e-01,5.683860557898398e-10
2.103936876446880e-01,5.681145397469384e-10
2.106066798370800e-01,5.678433692160018e-10
2.108196720294720e-01,5.675725449062645e-10
2.110326642218630e-01,5.673020675269619e-10
2.112456564142550e-01,5.670319377873261e-10
2.114586486066470e-01,5.667621563965929e-10
2.116716407990390e-01,5.664927240639968e-10
2.118846329914310e-01,5.662236414987720e-10
2.120976251838230e-01,5.659549094101533e-10
2.123106173762150e-01,5.656865285012358e-10
2.125236095686060e-01,5.654184994505687e-10
2.127366017609980e-01,5.651508229305627e-10
2.129495939533900e-01,5.648834996136321e-10
2.131625861457820e-01,5.646165301721899e-10
2.133755783381740e-01,5.643499152786492e-10
2.135885705305660e-01,5.640836556054232e-10
2.138015627229580e-01,5.638177518249251e-10
2.140145549153500e-01,5.635522046095678e-10
2.142275471077410e-01,5.632870146317658e-10
2.144405393001330e-01,5.630221825668770e-10
2.146535314925250e-01,5.627577091020440e-10
2.148665236849170e-01,5.624935949273522e-10
2.150795158773090e-01,5.622298407328865e-10
2.152925080697010e-01,5.619664472087318e-10
2.155055002620930e-01,5.617034150449733e-10
2.157184924544850e-01,5.614407449316961e-10
2.159314846468760e-01,5.611784375589861e-10
2.161444768392680e-01,5.609164936169261e-10
2.163574690316600e-01,5.606549137956023e-10
2.165704612240520e-01,5.603936987713773e-10
2.167834534164440e-01,5.601328491657000e-10
2.169964456088360e-01,5.598723655862848e-10
2.172094378012280e-01,5.596122486408460e-10
2.174224299936190e-01,5.593524989370994e-10
2.176354221860110e-01,5.590931170827570e-10
2.178484143784030e-01,5.588341036855344e-10
2.180614065707950e-01,5.585754593531461e-10
2.182743987631870e-01,5.583171846933065e-10
2.184873909555790e-01,5.580592803137299e-10
2.187003831479710e-01,5.578017468189137e-10
2.189133753403630e-01,5.575445848004849e-10
2.191263675327540e-01,5.572877948468540e-10
2.193393597251460e-01,5.570313775464272e-10
2.195523519175380e-01,5.567753334876152e-10
2.197653441099300e-01,5.565196632588269e-10
2.199783363023220e-01,5.562643674484715e-10
2.201913284947140e-01,5.560094466449578e-10
2.204043206871060e-01,5.557549014366951e-10
2.206173128794970e-01,5.555007324120937e-10
2.208303050718890e-01,5.552469401607572e-10
2.210432972642810e-01,5.549935252770807e-10
2.212562894566730e-01,5.547404883566548e-10
2.214692816490650e-01,5.544878299950697e-10
2.216822738414570e-01,5.542355507879160e-10
2.218952660338490e-01,5.539836513307842e-10
2.221082582262410e-01,5.537321322192648e-10
2.223212504186320e-01,5.534809940489492e-10
2.225342426110240e-01,5.532302374154260e-10
2.227472348034160e-01,5.529798629142863e-10
2.229602269958080e-01,5.527298711195047e-10
2.231732191882000e-01,5.524802625186326e-10
2.233862113805920e-01,5.522310375776264e-10
2.235992035729840e-01,5.519821967624428e-10
2.238121957653760e-01,5.517337405390379e-10
2.240251879577670e-01,5.514856693733695e-10
2.242381801501590e-01,5.512379837313917e-10
2.244511723425510e-01,5.509906840790621e-10
2.246641645349430e-01,5.507437708823373e-10
2.248771567273350e-01,5.504972446071735e-10
2.250901489197270e-01,5.502511057280655e-10
2.253031411121190e-01,5.500053547536808e-10
2.255161333045100e-01,5.497599922012372e-10
2.257291254969020e-01,5.495150185879487e-10
2.259421176892940e-01,5.492704344310327e-10
2.261551098816860e-01,5.490262402477055e-10
2.263681020740780e-01,5.487824365551833e-10
2.265810942664700e-01,5.485390238706828e-10
2.267940864588620e-01,5.482960027114201e-10
2.270070786512540e-01,5.480533735946116e-10
2.272200708436450e-01,5.478111370254492e-10
2.274330630360370e-01,5.475692934610056e-10
2.276460552284290e-01,5.473278433463238e-10
2.278590474208210e-01,5.470867871264461e-10
2.280720396132130e-01,5.468461252464145e-10
2.282850318056050e-01,5.466058581512710e-10
2.284980239979970e-01,5.463659862860578e-10
2.287110161903880e-01,5.461265100958181e-10
2.289240083827800e-01,5.458874300255917e-10
2.291370005751720e-01,5.456487465204218e-10
2.293499927675640e-01,5.454104600205740e-10
2.295629849599560e-01,5.451725709472072e-10
2.297759771523480e-01,5.449350797167040e-10
2.299889693447400e-01,5.446979867454467e-10
2.302019615371320e-01,5.444612924498182e-10
2.304149537295230e-01,5.442249972462017e-10
2.306279459219150e-01,5.439891015509778e-10
2.308409381143070e-01,5.437536057805300e-10
2.310539303066990e-01,5.435185103512408e-10
2.312669224990910e-01,5.432838156794928e-10
2.314799146914830e-01,5.430495221779607e-10
2.316929068838750e-01,5.428156302444929e-10
2.319058990762670e-01,5.425821402732328e-10
2.321188912686580e-01,5.423490526583243e-10
2.323318834610500e-01,5.421163677939086e-10
2.325448756534420e-01,5.418840860741297e-10
2.327578678458340e-01,5.416522078931310e-10
2.329708600382260e-01,5.414207336450552e-10
2.331838522306180e-01,5.411896637240459e-10
2.333968444230100e-01,5.409589985242459e-10
2.336098366154010e-01,5.407287384334756e-10
2.338228288077930e-01,5.404988838142719e-10
2.340358210001850e-01,5.402694350228592e-10
2.342488131925770e-01,5.400403924154606e-10
2.344618053849690e-01,5.398117563482992e-10
2.346747975773610e-01,5.395835271775982e-10
2.348877897697530e-01,5.393557052595808e-10
2.351007819621450e-01,5.391282909504701e-10
2.353137741545360e-01,5.389012846064903e-10
2.355267663469280e-01,5.386746865838625e-10
2.357397585393200e-01,5.384484972292556e-10
2.359527507317120e-01,5.382227168510973e-10
2.361657429241040e-01,5.379973457482514e-10
2.363787351164960e-01,5.377723842195811e-10
2.365917273088880e-01,5.375478325639501e-10
2.368047195012800e-01,5.373236910802219e-10
2.370177116936710e-01,5.370999600672610e-10
2.372307038860630e-01,5.368766398239290e-10
2.374436960784550e-01,5.366537306490900e-10
2.376566882708470e-01,5.364312328416078e-10
2.378696804632390e-01,5.362091467002020e-10
2.380826726556310e-01,5.359874725230159e-10
2.382956648480230e-01,5.357662106080489e-10
2.385086570404140e-01,5.355453612533013e-10
2.387216492328060e-01,5.353249247567707e-10
2.389346414251980e-01,5.351049014164574e-10
2.391476336175900e-01,5.348852915303608e-10
2.393606258099820e-01,5.346660953964801e-10
2.395736180023740e-01,5.344473133128150e-10
2.397866101947660e-01,5.342289455773648e-10
2.399996023871580e-01,5.340109924788083e-10
2.402125945795490e-01,5.337934542685483e-10
2.404255867719410e-01,5.335763311886670e-10
2.406385789643330e-01,5.333596234812494e-10
2.408515711567250e-01,5.331433313883795e-10
2.410645633491170e-01,5.329274551521413e-10
2.412775555415090e-01,5.327119950146188e-10
2.414905477339010e-01,5.324969512178962e-10
2.417035399262920e-01,5.322823240040583e-10
2.419165321186840e-01,5.320681136151873e-10
2.421295243110760e-01,5.318543202903114e-10
2.423425165034680e-01,5.316409442562368e-10
2.425555086958600e-01,5.314279857367156e-10
2.427685008882520e-01,5.312154449555001e-10
2.429814930806440e-01,5.310033221363422e-10
2.431944852730360e-01,5.307916175029944e-10
2.434074774654270e-01,5.305803312792096e-10
2.436204696578190e-01,5.303694636887380e-10
2.438334618502110e-01,5.301590149553330e-10
2.440464540426030e-01,5.299489853027464e-10
2.442594462349950e-01,5.297393749458215e-10
2.444724384273870e-01,5.295301840637411e-10
2.446854306197790e-01,5.293214128267674e-10
2.448984228121710e-01,5.291130614051627e-10
2.451114150045620e-01,5.289051299691902e-10
2.453244071969540e-01,5.286976186891102e-10
2.455373993893460e-01,5.284905277351860e-10
2.457503915817380e-01,5.282838572776795e-10
2.459633837741300e-01,5.280776074868532e-10
2.461763759665220e-01,5.278717785329694e-10
2.463893681589140e-01,5.276663705868983e-10
2.466023603513050e-01,5.274613838219444e-10
2.468153525436970e-01,5.272568184120181e-10
2.470283447360890e-01,5.270526745310322e-10
2.472413369284810e-01,5.268489523528991e-10
2.474543291208730e-01,5.266456520515308e-10
2.476673213132650e-01,5.264427738008394e-10
2.478803135056570e-01,5.262403177747372e-10
2.480933056980490e-01,5.260382841471361e-10
2.483062978904400e-01,5.258366730919493e-10
2.485192900828320e-01,5.256354847724545e-10
2.487322822752240e-01,5.254347193094014e-10
2.489452744676160e-01,5.252343768129055e-10
2.491582666600080e-01,5.250344573930822e-10
2.493712588524000e-01,5.248349611600472e-10
2.495842510447920e-01,5.246358882239161e-10
2.497972432371830e-01,5.244372386948052e-10
2.500102354295750e-01,5.242390126828283e-10
2.502232276219670e-01,5.240412102981017e-10
2.504362198143590e-01,5.238438316507413e-10
2.506492120067510e-01,5.236468768502002e-10
2.508622041991430e-01,5.234503460032851e-10
2.510751963915350e-01,5.232542392161401e-10
2.512881885839270e-01,5.230585565949100e-10
2.515011807763180e-01,5.228632982457404e-10
2.517141729687100e-01,5.226684642747737e-10
2.519271651611020e-01,5.224740547881558e-10
2.521401573534940e-01,5.222800698920310e-10
2.523531495458860e-01,5.220865096925439e-10
2.525661417382780e-01,5.218933742958390e-10
2.527791339306700e-01,5.217006637870933e-10
2.529921261230620e-01,5.215083781676614e-10
2.532051183154530e-01,5.213165174179556e-10
2.534181105078450e-01,5.211250815183860e-10
2.536311027002370e-01,5.209340704493651e-10
2.538440948926290e-01,5.207434841913040e-10
2.540570870850210e-01,5.205533227246146e-10
2.542700792774130e-01,5.203635860297084e-10
2.544830714698050e-01,5.201742740869971e-10
2.546960636621960e-01,5.199853868768930e-10
2.549090558545880e-01,5.197969244124939e-10
2.551220480469800e-01,5.196088868377191e-10
2.553350402393720e-01,5.194212743292084e-10
2.555480324317640e-01,5.192340870636017e-10
2.557610246241560e-01,5.190473252175387e-10
2.559740168165480e-01,5.188609889676593e-10
2.561870090089400e-01,5.186750784906034e-10
2.564000012013310e-01,5.184895939630117e-10
2.566129933937230e-01,5.183045355615221e-10
2.568259855861150e-01,5.181199034627755e-10
2.570389777785070e-01,5.179356977913747e-10
2.572519699708990e-01,5.177519184637311e-10
2.574649621632910e-01,5.175685653441986e-10
2.576779543556830e-01,5.173856382971306e-10
2.578909465480740e-01,5.172031371868815e-10
2.581039387404660e-01,5.170210618778033e-10
2.583169309328580e-01,5.168394122342503e-10
2.585299231252500e-01,5.166581881205760e-10
2.587429153176420e-01,5.164773894011341e-10
2.589559075100340e-01,5.162970159402779e-10
2.591688997024260e-01,5.161170676297964e-10
2.593818918948180e-01,5.159375444712077e-10
2.595948840872090e-01,5.157584464934603e-10
2.598078762796010e-01,5.155797737254999e-10
2.600208684719930e-01,5.154015261962750e-10
2.602338606643850e-01,5.152237039347334e-10
2.604468528567770e-01,5.150463069698223e-10
2.606598450491690e-01,5.148693353304897e-10
2.608728372415610e-01,5.146927890456830e-10
2.610858294339530e-01,5.145166681443497e-10
2.612988216263440e-01,5.143409726417634e-10
2.615118138187360e-01,5.141657024985190e-10
2.617248060111280e-01,5.139908576615498e-10
2.619377982035200e-01,5.138164380777889e-10
2.621507903959120e-01,5.136424436941688e-10
2.623637825883040e-01,5.134688744576225e-10
2.625767747806960e-01,5.132957303150828e-10
2.627897669730870e-01,5.131230112134832e-10
2.630027591654790e-01,5.129507170997551e-10
2.632157513578710e-01,5.127788479208318e-10
2.634287435502630e-01,5.126074036113538e-10
2.636417357426550e-01,5.124363840567560e-10
2.638547279350470e-01,5.122657891301643e-10
2.640677201274390e-01,5.120956187047045e-10
2.642807123198310e-01,5.119258726535021e-10
2.644937045122220e-01,5.117565508496839e-10
2.647066967046140e-01,5.115876531663738e-10
2.649196888970060e-01,5.114191794766985e-10
2.651326810893980e-01,5.112511296537837e-10
2.653456732817900e-01,5.110835035707552e-10
2.655586654741820e-01,5.109163011136744e-10
2.657716576665740e-01,5.107495222203663e-10
2.659846498589660e-01,5.105831668416017e-10
2.661976420513570e-01,5.104172349281519e-10
2.664106342437490e-01,5.102517264307858e-10
2.666236264361410e-01,5.100866413002749e-10
2.668366186285330e-01,5.099219794873898e-10
2.670496108209250e-01,5.097577409429012e-10
2.672626030133170e-01,5.095939256175796e-10
2.674755952057090e-01,5.094305334621954e-10
2.676885873981000e-01,5.092675644095162e-10
2.679015795904920e-01,5.091050183202857e-10
2.681145717828840e-01,5.089428950372436e-10
2.683275639752760e-01,5.087811944031286e-10
2.685405561676680e-01,5.086199162606796e-10
2.687535483600600e-01,5.084590604526355e-10
2.689665405524520e-01,5.082986268217349e-10
2.691795327448440e-01,5.081386152107169e-10
2.693925249372350e-01,5.079790254623211e-10
2.696055171296270e-01,5.078198574192847e-10
2.698185093220190e-01,5.076611108910384e-10
2.700315015144110e-01,5.075027855538087e-10
2.702444937068030e-01,5.073448810505294e-10
2.704574858991950e-01,5.071873970241339e-10
2.706704780915870e-01,5.070303331175559e-10
2.708834702839780e-01,5.068736889737299e-10
2.710964624763700e-01,5.067174642355880e-10
2.713094546687620e-01,5.065616585460645e-10
2.715224468611540e-01,5.064062715480933e-10
2.717354390535460e-01,5.062513028846077e-10
2.719484312459380e-01,5.060967523884179e-10
2.721614234383300e-01,5.059426206514206e-10
2.723744156307220e-01,5.057889084551807e-10
2.725874078231130e-01,5.056356165812633e-10
2.728004000155050e-01,5.054827458112315e-10
2.730133922078970e-01,5.053302969266505e-10
2.732263844002890e-01,5.051782707090850e-10
2.734393765926810e-01,5.050266679400994e-10
2.736523687850730e-01,5.048754894012583e-10
2.738653609774650e-01,5.047247358741262e-10
2.740783531698570e-01,5.045744073520143e-10
2.742913453622480e-01,5.044245006734869e-10
2.745043375546400e-01,5.042750118879860e-10
2.747173297470320e-01,5.041259370449559e-10
2.749303219394240e-01,5.039772721938397e-10
2.751433141318160e-01,5.038290133840811e-10
2.753563063242080e-01,5.036811566651232e-10
2.755692985166000e-01,5.035336980864095e-10
2.757822907089910e-01,5.033866336973839e-10
2.759952829013830e-01,5.032399595474888e-10
2.762082750937750e-01,5.030936746293153e-10
2.764212672861670e-01,5.029477897108805e-10
2.766342594785590e-01,5.028023185047663e-10
2.768472516709510e-01,5.026572747235547e-10
2.770602438633430e-01,5.025126720798281e-10
2.772732360557350e-01,5.023685242861685e-10
2.774862282481260e-01,5.022248450551588e-10
2.776992204405180e-01,5.020816480993798e-10
2.779122126329100e-01,5.019389471314143e-10
2.781252048253020e-01,5.017967558638442e-10
2.783381970176940e-01,5.016550769994390e-10
2.785511892100860e-01,5.015138692047097e-10
