7.791356504680618e-06,5.338609044743338e-09
8.610780621332552e-06,5.283252155463284e-09
9.516384324626089e-06,5.228418165612598e-09
1.051723120080771e-05,5.174103375331355e-09
1.162333806181051e-05,5.120302920079967e-09
1.284577519687474e-05,5.067011824909733e-09
1.419677716772344e-05,5.014226454286310e-09
1.568986525616830e-05,4.961942025649708e-09
1.733998278964274e-05,4.910154267861080e-09
1.916364469904539e-05,4.858858863115317e-09
2.117910280571951e-05,4.808051599656838e-09
2.340652849181556e-05,4.757728123321085e-09
2.586821458226360e-05,4.707884429857597e-09
2.858879845885812e-05,4.658516466834437e-09
3.159550863945590e-05,4.609619626454780e-09
3.491843729013453e-05,4.561189905925912e-09
3.859084139770492e-05,4.513223883437562e-09
4.264947561681323e-05,4.465716781145303e-09
4.713496012287843e-05,4.418664646539169e-09
5.209218715246060e-05,4.372064141059191e-09
5.757077029985334e-05,4.325910755454811e-09
6.362554106661115e-05,4.280200458988822e-09
7.031709763364645e-05,4.234930051554414e-09
7.771241134819200e-05,4.190095088565253e-09
8.588549699555374e-05,4.145691885691930e-09
9.491815356395940e-05,4.101716954000992e-09
1.049007829163263e-04,4.058166359186821e-09
1.159332945624905e-04,4.015036102474576e-09
1.281261055871622e-04,3.972322674476417e-09
1.416012457412214e-04,3.930022498400669e-09
1.564935787564811e-04,3.888131906865715e-09
1.729521521072439e-04,3.846647263885474e-09
1.911416887275217e-04,3.805565083322283e-09
2.112442356135248e-04,3.764881690660413e-09
2.334609858111876e-04,3.724593750660360e-09
2.580142920237960e-04,3.684697832092606e-09
2.851498919925769e-04,3.645190429267828e-09
3.151393679226079e-04,3.606067616879577e-09
3.482828645688079e-04,3.567326951781484e-09
3.849120931855259e-04,3.528964352898887e-09
4.253936514042669e-04,3.490976687484494e-09
4.701326922660057e-04,3.453360704716128e-09
5.195769791289974e-04,3.416112926764659e-09
5.742213670349657e-04,3.379230564338510e-09
6.346127553846864e-04,3.342709859186487e-09
7.013555614910102e-04,3.306547912663961e-09
7.751177697904812e-04,3.270741271731570e-09
8.566376172560946e-04,3.235286905267114e-09
9.467309819210534e-04,3.200181761909157e-09
1.046299548460350e-03,3.165422697787964e-09
1.156339832554060e-03,3.131006584491295e-09
1.277953154351212e-03,3.096770040521856e-09
1.405748469786333e-03,3.064450264443233e-09
1.533543785221454e-03,3.035356907041128e-09
1.661339100656575e-03,3.008960074193173e-09
1.789134416091696e-03,2.984729871777000e-09
1.916929731526817e-03,2.962207940637421e-09
2.000000000000000e-03,2.948398152844734e-09
2.044725046961939e-03,2.941221636129048e-09
2.172520362397060e-03,2.921647284672817e-09
2.300315677832181e-03,2.903327757846110e-09
2.428110993267302e-03,2.886103219673638e-09
2.555906308702423e-03,2.869828630698938e-09
2.683701624137544e-03,2.854418137550220e-09
2.811496939572665e-03,2.839800683379201e-09
2.939292255007787e-03,2.825905211337598e-09
3.067087570442908e-03,2.812660664577129e-09
3.194882885878029e-03,2.800001587675437e-09
3.322678201313150e-03,2.787884931139813e-09
3.450473516748271e-03,2.776273247016445e-09
3.578268832183392e-03,2.765129087351518e-09
3.706064147618514e-03,2.754415004191221e-09
3.833859463053635e-03,2.744096114360138e-09
3.961654778488756e-03,2.734147793760911e-09
4.089450093923877e-03,2.724547983056802e-09
4.217245409358998e-03,2.715274622911074e-09
4.345040724794119e-03,2.706305653986992e-09
4.472836040229241e-03,2.697620357761932e-09
4.600631355664362e-03,2.689203379004375e-09
4.728426671099482e-03,2.681040703314239e-09
4.856221986534604e-03,2.673118316291443e-09
4.984017301969726e-03,2.665422203535907e-09
5.111812617404846e-03,2.657939113086664e-09
5.239607932839968e-03,2.650658842717600e-09
5.367403248275089e-03,2.643571952630908e-09
5.495198563710209e-03,2.636669003028779e-09
5.622993879145331e-03,2.629940554113405e-09
5.750789194580453e-03,2.623377632188893e-09
5.878584510015573e-03,2.616973127972294e-09
6.006379825450694e-03,2.610720398285219e-09
6.134175140885816e-03,2.604612799949280e-09
6.261970456320937e-03,2.598643689786088e-09
6.389765771756058e-03,2.592806724387172e-09
6.517561087191179e-03,2.587096759410899e-09
6.645356402626300e-03,2.581508950279134e-09
6.773151718061422e-03,2.576038452413739e-09
6.900947033496543e-03,2.570680421236579e-09
7.028742348931663e-03,2.565430212885904e-09
7.156537664366785e-03,2.560283986364873e-09
7.284332979801906e-03,2.555238101392717e-09
7.412128295237027e-03,2.550288917688665e-09
7.539923610672148e-03,2.545432794971948e-09
7.667718926107269e-03,2.540666233484828e-09
7.795514241542391e-03,2.535986295566832e-09
7.923309556977513e-03,2.531390184083091e-09
8.051104872412632e-03,2.526875101898733e-09
8.178900187847754e-03,2.522438251878886e-09
8.306695503282877e-03,2.518076935316792e-09
8.434490818717996e-03,2.513788847216405e-09
8.562286134153118e-03,2.509571781008923e-09
8.690081449588239e-03,2.505423530125546e-09
8.817876765023359e-03,2.501341887997469e-09
8.945672080458482e-03,2.497324725580993e-09
9.073467395893601e-03,2.493370223934527e-09
9.201262711328723e-03,2.489476641642437e-09
9.329058026763846e-03,2.485642237289090e-09
9.456853342198965e-03,2.481865269458849e-09
9.584648657634087e-03,2.478144042043159e-09
9.712443973069206e-03,2.474477040160302e-09
9.840239288504329e-03,2.470862794234913e-09
9.968034603939451e-03,2.467299834691625e-09
1.009582991937457e-02,2.463786691955071e-09
1.022362523480969e-02,2.460321961608851e-09
1.035142055024482e-02,2.456904499872921e-09
1.047921586567993e-02,2.453533228126450e-09
1.060701118111506e-02,2.450207067748605e-09
1.073480649655018e-02,2.446924940118556e-09
1.086260181198530e-02,2.443685766615471e-09
1.099039712742042e-02,2.440488468618519e-09
1.111819244285554e-02,2.437331967506869e-09
1.124598775829066e-02,2.434215184659689e-09
1.137378307372578e-02,2.431137041456148e-09
1.150157838916090e-02,2.428096514942172e-09
1.162937370459603e-02,2.425092804814652e-09
1.175716902003114e-02,2.422125166429204e-09
1.188496433546627e-02,2.419192855141442e-09
1.201275965090139e-02,2.416295126306982e-09
1.214055496633651e-02,2.413431235281441e-09
1.226835028177163e-02,2.410600437420433e-09
1.239614559720675e-02,2.407801988079573e-09
1.252394091264187e-02,2.405035142614479e-09
1.265173622807700e-02,2.402299156380763e-09
1.277953154351211e-02,2.399593317106090e-09
1.290732685894724e-02,2.396917042017772e-09
1.303512217438236e-02,2.394269780720903e-09
1.316291748981748e-02,2.391650982820577e-09
1.329071280525260e-02,2.389060097921888e-09
1.341850812068772e-02,2.386496575629928e-09
1.354630343612284e-02,2.383959865549792e-09
1.367409875155796e-02,2.381449417286573e-09
1.380189406699308e-02,2.378964680445365e-09
1.392968938242821e-02,2.376505104631260e-09
1.405748469786333e-02,2.374070162611832e-09
1.418528001329845e-02,2.371659419805906e-09
1.431307532873357e-02,2.369272464795461e-09
1.444087064416869e-02,2.366908886162473e-09
1.456866595960381e-02,2.364568272488919e-09
1.469646127503893e-02,2.362250212356777e-09
1.482425659047405e-02,2.359954294348023e-09
1.495205190590917e-02,2.357680107044633e-09
1.507984722134430e-02,2.355427239028587e-09
1.520764253677942e-02,2.353195278881859e-09
1.533543785221454e-02,2.350983830370412e-09
1.546323316764966e-02,2.348792557992525e-09
1.559102848308478e-02,2.346621141428655e-09
1.571882379851990e-02,2.344469260359258e-09
1.584661911395502e-02,2.342336594464789e-09
1.597441442939014e-02,2.340222823425705e-09
1.610220974482527e-02,2.338127626922462e-09
1.623000506026039e-02,2.336050684635516e-09
1.635780037569551e-02,2.333991676245322e-09
1.648559569113063e-02,2.331950281432337e-09
1.661339100656575e-02,2.329926191764997e-09
1.674118632200087e-02,2.327919146368465e-09
1.686898163743599e-02,2.325928896258289e-09
1.699677695287111e-02,2.323955192450019e-09
1.712457226830624e-02,2.321997785959202e-09
1.725236758374135e-02,2.320056427801388e-09
1.738016289917648e-02,2.318130868992125e-09
1.750795821461160e-02,2.316220860546961e-09
1.763575353004672e-02,2.314326153481445e-09
1.776354884548184e-02,2.312446498811126e-09
1.789134416091696e-02,2.310581655411058e-09
1.801913947635208e-02,2.308731413595176e-09
1.814693479178720e-02,2.306895571537347e-09
1.827473010722232e-02,2.305073927411436e-09
1.840252542265745e-02,2.303266279391311e-09
1.853032073809257e-02,2.301472425650838e-09
1.865811605352769e-02,2.299692164363884e-09
1.878591136896281e-02,2.297925293704315e-09
1.891370668439793e-02,2.296171611845999e-09
1.904150199983305e-02,2.294430916962801e-09
1.916929731526817e-02,2.292703014291301e-09
1.929709263070329e-02,2.290987737317602e-09
1.942488794613842e-02,2.289284926589858e-09
1.955268326157353e-02,2.287594422656223e-09
1.968047857700866e-02,2.285916066064848e-09
1.980827389244378e-02,2.284249697363888e-09
1.993606920787890e-02,2.282595157101495e-09
2.006386452331402e-02,2.280952285825824e-09
2.019165983874914e-02,2.279320924085026e-09
2.031945515418426e-02,2.277700912427255e-09
2.044725046961939e-02,2.276092093436825e-09
2.057504578505450e-02,2.274494317843616e-09
2.070284110048963e-02,2.272907438414129e-09
2.083063641592475e-02,2.271331307914870e-09
2.095843173135987e-02,2.269765779112340e-09
2.108622704679499e-02,2.268210704773044e-09
2.121402236223011e-02,2.266665937663484e-09
2.134181767766523e-02,2.265131330550164e-09
2.146961299310035e-02,2.263606736199586e-09
2.159740830853547e-02,2.262092007378254e-09
2.172520362397060e-02,2.260587011205939e-09
2.185299893940572e-02,2.259091672217758e-09
2.198079425484084e-02,2.257605929303235e-09
2.210858957027596e-02,2.256129721351895e-09
2.223638488571108e-02,2.254662987253262e-09
2.236418020114620e-02,2.253205665896861e-09
2.249197551658132e-02,2.251757696172218e-09
2.261977083201644e-02,2.250319016968855e-09
2.274756614745157e-02,2.248889567176297e-09
2.287536146288669e-02,2.247469285684070e-09
2.300315677832181e-02,2.246058092166565e-09
2.313095209375693e-02,2.244655829440281e-09
2.325874740919205e-02,2.243262321107907e-09
2.338654272462717e-02,2.241877390772130e-09
2.351433804006229e-02,2.240500862035636e-09
2.364213335549741e-02,2.239132558501113e-09
2.376992867093253e-02,2.237772303771248e-09
2.389772398636766e-02,2.236419921448727e-09
2.402551930180278e-02,2.235075235136239e-09
2.415331461723790e-02,2.233738068436470e-09
2.428110993267302e-02,2.232408270145263e-09
2.440890524810814e-02,2.231085789820159e-09
2.453670056354326e-02,2.229770602206393e-09
2.466449587897838e-02,2.228462682049201e-09
2.479229119441350e-02,2.227162004093817e-09
2.492008650984863e-02,2.225868543085477e-09
2.504788182528375e-02,2.224582273769417e-09
2.517567714071887e-02,2.223303170890872e-09
2.530347245615399e-02,2.222031209195077e-09
2.543126777158911e-02,2.220766363427268e-09
2.555906308702423e-02,2.219508598735996e-09
2.568685840245935e-02,2.218257841881070e-09
2.581465371789447e-02,2.217014010024608e-09
2.594244903332960e-02,2.215777020328732e-09
2.607024434876471e-02,2.214546789955562e-09
2.619803966419984e-02,2.213323236067217e-09
2.632583497963496e-02,2.212106275825817e-09
2.645363029507008e-02,2.210895826393484e-09
2.658142561050520e-02,2.209691804932336e-09
2.670922092594032e-02,2.208494128604493e-09
2.683701624137544e-02,2.207302719222410e-09
2.696481155681056e-02,2.206117517199473e-09
2.709260687224568e-02,2.204938467599198e-09
2.722040218768081e-02,2.203765515485103e-09
2.734819750311593e-02,2.202598605920704e-09
2.747599281855105e-02,2.201437683969520e-09
2.760378813398617e-02,2.200282694695068e-09
2.773158344942129e-02,2.199133583160864e-09
2.785937876485641e-02,2.197990294430427e-09
2.798717408029153e-02,2.196852773567272e-09
2.811496939572665e-02,2.195720966094438e-09
2.824276471116178e-02,2.194594819372862e-09
2.837056002659689e-02,2.193474281222915e-09
2.849835534203202e-02,2.192359299464967e-09
2.862615065746714e-02,2.191249821919389e-09
2.875394597290226e-02,2.190145796406550e-09
2.888174128833738e-02,2.189047170746820e-09
2.900953660377250e-02,2.187953892760571e-09
2.913733191920762e-02,2.186865910268170e-09
2.926512723464274e-02,2.185783171089991e-09
2.939292255007787e-02,2.184705624357837e-09
2.952071786551299e-02,2.183633224449606e-09
2.964851318094811e-02,2.182565927054798e-09
2.977630849638323e-02,2.181503687862918e-09
2.990410381181835e-02,2.180446462563465e-09
3.003189912725347e-02,2.179394206845943e-09
3.015969444268859e-02,2.178346876399853e-09
3.028748975812371e-02,2.177304426914699e-09
3.041528507355883e-02,2.176266814079980e-09
3.054308038899396e-02,2.175233993585201e-09
3.067087570442908e-02,2.174205921997516e-09
3.079867101986420e-02,2.173182559394655e-09
3.092646633529932e-02,2.172163866731986e-09
3.105426165073444e-02,2.171149804964877e-09
3.118205696616956e-02,2.170140335048695e-09
3.130985228160468e-02,2.169135417938807e-09
3.143764759703981e-02,2.168135014590582e-09
3.156544291247493e-02,2.167139085959386e-09
3.169323822791005e-02,2.166147593000588e-09
3.182103354334517e-02,2.165160496669553e-09
3.194882885878029e-02,2.164177758651370e-09
3.207662417421541e-02,2.163199343549753e-09
3.220441948965053e-02,2.162225216698015e-09
3.233221480508566e-02,2.161255343429470e-09
3.246001012052077e-02,2.160289689077429e-09
3.258780543595589e-02,2.159328218975208e-09
3.271560075139102e-02,2.158370898456116e-09
3.284339606682614e-02,2.157417692853470e-09
3.297119138226126e-02,2.156468567500580e-09
3.309898669769638e-02,2.155523487730760e-09
3.322678201313150e-02,2.154582419524651e-09
3.335457732856662e-02,2.153645331452408e-09
3.348237264400174e-02,2.152712192731614e-09
3.361016795943687e-02,2.151782972579853e-09
3.373796327487198e-02,2.150857640214708e-09
3.386575859030710e-02,2.149936164853762e-09
3.399355390574223e-02,2.149018515714600e-09
3.412134922117735e-02,2.148104662014803e-09
3.424914453661247e-02,2.147194572971956e-09
3.437693985204759e-02,2.146288217803642e-09
3.450473516748271e-02,2.145385566312308e-09
3.463253048291783e-02,2.144486590639862e-09
3.476032579835295e-02,2.143591263513080e-09
3.488812111378808e-02,2.142699557658739e-09
3.501591642922319e-02,2.141811445803613e-09
3.514371174465832e-02,2.140926900674478e-09
3.527150706009344e-02,2.140045894998111e-09
3.539930237552856e-02,2.139168401501289e-09
3.552709769096368e-02,2.138294392910785e-09
3.565489300639881e-02,2.137423841953376e-09
3.578268832183392e-02,2.136556721888403e-09
3.591048363726904e-02,2.135693008105318e-09
3.603827895270417e-02,2.134832676526058e-09
3.616607426813929e-02,2.133975703072565e-09
3.629386958357441e-02,2.133122063666778e-09
3.642166489900953e-02,2.132271734230639e-09
3.654946021444465e-02,2.131424690686086e-09
3.667725552987977e-02,2.130580908955060e-09
3.680505084531489e-02,2.129740364959502e-09
3.693284616075002e-02,2.128903034621350e-09
3.706064147618514e-02,2.128068894053615e-09
3.718843679162025e-02,2.127237920133647e-09
3.731623210705538e-02,2.126410089929900e-09
3.744402742249050e-02,2.125585380510830e-09
3.757182273792562e-02,2.124763768944892e-09
3.769961805336074e-02,2.123945232300539e-09
3.782741336879586e-02,2.123129747646226e-09
3.795520868423098e-02,2.122317292050407e-09
3.808300399966610e-02,2.121507842581538e-09
3.821079931510123e-02,2.120701376308072e-09
3.833859463053635e-02,2.119897871041672e-09
3.846638994597146e-02,2.119097307566876e-09
3.859418526140659e-02,2.118299667411456e-09
3.872198057684171e-02,2.117504932103180e-09
3.884977589227683e-02,2.116713083169821e-09
3.897757120771195e-02,2.115924102139146e-09
3.910536652314707e-02,2.115137970538928e-09
3.923316183858219e-02,2.114354669896937e-09
3.936095715401731e-02,2.113574181740942e-09
3.948875246945244e-02,2.112796487598714e-09
3.961654778488756e-02,2.112021568913081e-09
3.974434310032268e-02,2.111249406787124e-09
3.987213841575780e-02,2.110479982238991e-09
3.999993373119292e-02,2.109713276286830e-09
4.012772904662804e-02,2.108949269948789e-09
4.025552436206317e-02,2.108187944243017e-09
4.038331967749829e-02,2.107429280187662e-09
4.051111499293340e-02,2.106673258800872e-09
4.063891030836853e-02,2.105919861100795e-09
4.076670562380365e-02,2.105169068105580e-09
4.089450093923877e-02,2.104420861328007e-09
4.102229625467389e-02,2.103675224259588e-09
4.115009157010902e-02,2.102932140886569e-09
4.127788688554413e-02,2.102191595195196e-09
4.140568220097925e-02,2.101453571171714e-09
4.153347751641438e-02,2.100718052802370e-09
4.166127283184950e-02,2.099985024073410e-09
4.178906814728462e-02,2.099254468971079e-09
4.191686346271974e-02,2.098526371481623e-09
4.204465877815486e-02,2.097800715591288e-09
4.217245409358998e-02,2.097077485552922e-09
4.230024940902510e-02,2.096356666685805e-09
4.242804472446023e-02,2.095638244575836e-09
4.255584003989534e-02,2.094922204808913e-09
4.268363535533046e-02,2.094208532970934e-09
4.281143067076559e-02,2.093497214647797e-09
4.293922598620071e-02,2.092788235425401e-09
4.306702130163583e-02,2.092081580889643e-09
4.319481661707095e-02,2.091377236626422e-09
4.332261193250607e-02,2.090675188221636e-09
4.345040724794119e-02,2.089975421316759e-09
4.357820256337631e-02,2.089277921775561e-09
4.370599787881144e-02,2.088582675517385e-09
4.383379319424656e-02,2.087889668461572e-09
4.396158850968167e-02,2.087198886527464e-09
4.408938382511680e-02,2.086510315634403e-09
4.421717914055192e-02,2.085823941701731e-09
4.434497445598704e-02,2.085139750648790e-09
4.447276977142216e-02,2.084457728394921e-09
4.460056508685728e-02,2.083777860859465e-09
4.472836040229240e-02,2.083100134375865e-09
4.485615571772752e-02,2.082424536934148e-09
4.498395103316265e-02,2.081751056938536e-09
4.511174634859777e-02,2.081079682793253e-09
4.523954166403289e-02,2.080410402902519e-09
4.536733697946801e-02,2.079743205670558e-09
4.549513229490313e-02,2.079078079501592e-09
4.562292761033825e-02,2.078415012799844e-09
4.575072292577338e-02,2.077753993969536e-09
4.587851824120850e-02,2.077095011414891e-09
4.600631355664361e-02,2.076438053418660e-09
4.613410887207874e-02,2.075783107777698e-09
4.626190418751386e-02,2.075130162167377e-09
4.638969950294898e-02,2.074479204263069e-09
4.651749481838410e-02,2.073830221740150e-09
4.664529013381922e-02,2.073183202273990e-09
4.677308544925434e-02,2.072538133539965e-09
4.690088076468946e-02,2.071895003213446e-09
4.702867608012459e-02,2.071253798969806e-09
4.715647139555971e-02,2.070614508484419e-09
4.728426671099482e-02,2.069977119937920e-09
4.741206202642995e-02,2.069341623531922e-09
4.753985734186507e-02,2.068708009973270e-09
4.766765265730019e-02,2.068076269968807e-09
4.779544797273531e-02,2.067446394225376e-09
4.792324328817044e-02,2.066818373449821e-09
4.805103860360555e-02,2.066192198348984e-09
4.817883391904067e-02,2.065567859629710e-09
4.830662923447580e-02,2.064945347998841e-09
4.843442454991092e-02,2.064324654163220e-09
4.856221986534604e-02,2.063705768420510e-09
4.869001518078116e-02,2.063088679431821e-09
4.881781049621628e-02,2.062473375449171e-09
4.894560581165140e-02,2.061859844724575e-09
4.907340112708652e-02,2.061248075510050e-09
4.920119644252165e-02,2.060638056057613e-09
4.932899175795677e-02,2.060029774619280e-09
4.945678707339188e-02,2.059423219447068e-09
4.958458238882701e-02,2.058818378792993e-09
4.971237770426213e-02,2.058215240909073e-09
4.984017301969725e-02,2.057613797294833e-09
4.996796833513237e-02,2.057014052440538e-09
5.000000000000000e-02,2.056863994643979e-09
5.009576365056749e-02,2.056416012671812e-09
5.022355896600261e-02,2.055819671993696e-09
5.035135428143774e-02,2.055225018056139e-09
5.047914959687286e-02,2.054632038456227e-09
5.060694491230798e-02,2.054040720791047e-09
5.073474022774310e-02,2.053451052657688e-09
5.086253554317822e-02,2.052863021653238e-09
5.099033085861334e-02,2.052276615374785e-09
5.111812617404846e-02,2.051691822225378e-09
5.124592148948359e-02,2.051108633831857e-09
5.137371680491870e-02,2.050527042626990e-09
5.150151212035382e-02,2.049947041043545e-09
5.162930743578895e-02,2.049368621514291e-09
5.175710275122407e-02,2.048791776471997e-09
5.188489806665919e-02,2.048216498349430e-09
5.201269338209431e-02,2.047642779579361e-09
5.214048869752943e-02,2.047070612594558e-09
5.226828401296455e-02,2.046499989827788e-09
5.239607932839967e-02,2.045930903690392e-09
5.252387464383480e-02,2.045363346508004e-09
5.265166995926992e-02,2.044797310584832e-09
5.277946527470503e-02,2.044232788225084e-09
5.290726059014016e-02,2.043669771732969e-09
5.303505590557528e-02,2.043108253412696e-09
5.316285122101040e-02,2.042548225568472e-09
5.329064653644552e-02,2.041989680504507e-09
5.341844185188065e-02,2.041432610525009e-09
5.354623716731576e-02,2.040877007934187e-09
5.367403248275088e-02,2.040322865124246e-09
5.380182779818601e-02,2.039770174839405e-09
5.392962311362113e-02,2.039218929911891e-09
5.405741842905625e-02,2.038669123173931e-09
5.418521374449137e-02,2.038120747457753e-09
5.431300905992649e-02,2.037573795595584e-09
5.444080437536161e-02,2.037028260419651e-09
5.456859969079673e-02,2.036484134762182e-09
5.469639500623186e-02,2.035941411455403e-09
5.482419032166697e-02,2.035400083331542e-09
5.495198563710210e-02,2.034860143403318e-09
5.507978095253722e-02,2.034321585405414e-09
5.520757626797234e-02,2.033784403253000e-09
5.533537158340746e-02,2.033248590861248e-09
5.546316689884258e-02,2.032714142145328e-09
5.559096221427770e-02,2.032181051020413e-09
5.571875752971282e-02,2.031649311401673e-09
5.584655284514795e-02,2.031118917204279e-09
5.597434816058307e-02,2.030589862343403e-09
5.610214347601819e-02,2.030062140734216e-09
5.622993879145331e-02,2.029535746203422e-09
5.635773410688843e-02,2.029010672223880e-09
5.648552942232355e-02,2.028486912179999e-09
5.661332473775867e-02,2.027964459456187e-09
5.674112005319380e-02,2.027443307436850e-09
5.686891536862891e-02,2.026923449506397e-09
5.699671068406403e-02,2.026404879049234e-09
5.712450599949916e-02,2.025887589449770e-09
5.725230131493428e-02,2.025371574092411e-09
5.738009663036940e-02,2.024856826361566e-09
5.750789194580452e-02,2.024343339794630e-09
5.763568726123964e-02,2.023831108541006e-09
5.776348257667476e-02,2.023320126903107e-09
5.789127789210988e-02,2.022810389183347e-09
5.801907320754501e-02,2.022301889684140e-09
5.814686852298013e-02,2.021794622707902e-09
5.827466383841524e-02,2.021288582557045e-09
5.840245915385037e-02,2.020783763533984e-09
5.853025446928549e-02,2.020280159941135e-09
5.865804978472061e-02,2.019777766080910e-09
5.878584510015573e-02,2.019276576356090e-09
5.891364041559085e-02,2.018776585570929e-09
5.904143573102597e-02,2.018277788630044e-09
5.916923104646109e-02,2.017780180438055e-09
5.929702636189622e-02,2.017283755899581e-09
5.942482167733134e-02,2.016788509919243e-09
5.955261699276646e-02,2.016294437401659e-09
5.968041230820158e-02,2.015801533251449e-09
5.980820762363670e-02,2.015309792373233e-09
5.993600293907182e-02,2.014819209671629e-09
6.006379825450694e-02,2.014329780047700e-09
6.019159356994207e-02,2.013841498388287e-09
6.031938888537718e-02,2.013354359576673e-09
6.044718420081231e-02,2.012868358496141e-09
6.057497951624743e-02,2.012383490029973e-09
6.070277483168255e-02,2.011899749061455e-09
6.083057014711767e-02,2.011417130473869e-09
6.095836546255279e-02,2.010935629150499e-09
6.108616077798791e-02,2.010455239974628e-09
6.121395609342303e-02,2.009975957829539e-09
6.134175140885816e-02,2.009497777686127e-09
6.146954672429328e-02,2.009020694865761e-09
6.159734203972840e-02,2.008544704777434e-09
6.172513735516352e-02,2.008069802830141e-09
6.185293267059864e-02,2.007595984432880e-09
6.198072798603376e-02,2.007123244994643e-09
6.210852330146888e-02,2.006651579924425e-09
6.223631861690401e-02,2.006180984631223e-09
6.236411393233912e-02,2.005711454524030e-09
6.249190924777424e-02,2.005242985011843e-09
6.261970456320937e-02,2.004775571514141e-09
6.274749987864449e-02,2.004309209492354e-09
6.287529519407961e-02,2.003843894418392e-09
6.300309050951473e-02,2.003379621764173e-09
6.313088582494986e-02,2.002916387001608e-09
6.325868114038498e-02,2.002454185602612e-09
6.338647645582010e-02,2.001993013039099e-09
6.351427177125522e-02,2.001532864782983e-09
6.364206708669033e-02,2.001073736306177e-09
6.376986240212545e-02,2.000615623080595e-09
6.389765771756058e-02,2.000158520635416e-09
6.402545303299570e-02,1.999702424728861e-09
6.415324834843082e-02,1.999247331176411e-09
6.428104366386594e-02,1.998793235793545e-09
6.440883897930107e-02,1.998340134395742e-09
6.453663429473619e-02,1.997888022798483e-09
6.466442961017131e-02,1.997436896817248e-09
6.479222492560642e-02,1.996986752267515e-09
6.492002024104154e-02,1.996537584964766e-09
6.504781555647667e-02,1.996089390724479e-09
6.517561087191179e-02,1.995642165437212e-09
6.530340618734691e-02,1.995195905293866e-09
6.543120150278203e-02,1.994750606560437e-09
6.555899681821716e-02,1.994306265502917e-09
6.568679213365228e-02,1.993862878387301e-09
6.581458744908740e-02,1.993420441479584e-09
6.594238276452252e-02,1.992978951045759e-09
6.607017807995763e-02,1.992538403351823e-09
6.619797339539275e-02,1.992098794663768e-09
6.632576871082788e-02,1.991660121247589e-09
6.645356402626300e-02,1.991222379394080e-09
6.658135934169812e-02,1.990785565493235e-09
6.670915465713324e-02,1.990349675959852e-09
6.683694997256837e-02,1.989914707208726e-09
6.696474528800349e-02,1.989480655654652e-09
6.709254060343861e-02,1.989047517712427e-09
6.722033591887373e-02,1.988615289796846e-09
6.734813123430886e-02,1.988183968322706e-09
6.747592654974396e-02,1.987753549704802e-09
6.760372186517909e-02,1.987324030357931e-09
6.773151718061421e-02,1.986895406668787e-09
6.785931249604933e-02,1.986467674911667e-09
6.798710781148445e-02,1.986040831332770e-09
6.811490312691958e-02,1.985614872178294e-09
6.824269844235470e-02,1.985189793694437e-09
6.837049375778982e-02,1.984765592127396e-09
6.849828907322494e-02,1.984342263723373e-09
6.862608438866007e-02,1.983919804728562e-09
6.875387970409517e-02,1.983498211389164e-09
6.888167501953030e-02,1.983077479951377e-09
6.900947033496542e-02,1.982657606812868e-09
6.913726565040054e-02,1.982238588977255e-09
6.926506096583566e-02,1.981820423599658e-09
6.939285628127079e-02,1.981403107835202e-09
6.952065159670591e-02,1.980986638839008e-09
6.964844691214103e-02,1.980571013766198e-09
6.977624222757615e-02,1.980156229771894e-09
6.990403754301128e-02,1.979742284011217e-09
7.003183285844640e-02,1.979329173639291e-09
7.015962817388151e-02,1.978916895811237e-09
7.028742348931663e-02,1.978505447572220e-09
7.041521880475175e-02,1.978094825527553e-09
7.054301412018688e-02,1.977685026172581e-09
7.067080943562200e-02,1.977276046002651e-09
7.079860475105712e-02,1.976867881513109e-09
7.092640006649224e-02,1.976460529199302e-09
7.105419538192737e-02,1.976053985556574e-09
7.118199069736249e-02,1.975648247080272e-09
7.130978601279761e-02,1.975243310265742e-09
7.152277820518949e-02,1.974570187526650e-09
7.173577039758135e-02,1.973899266347908e-09
7.194876258997322e-02,1.973230533916805e-09
7.216175478236508e-02,1.972563978103159e-09
7.237474697475696e-02,1.971899586776788e-09
7.258773916714882e-02,1.971237347807509e-09
7.280073135954070e-02,1.970577249065142e-09
7.301372355193256e-02,1.969919278419503e-09
7.322671574432443e-02,1.969263423740411e-09
7.343970793671629e-02,1.968609672897684e-09
7.365270012910817e-02,1.967958013761139e-09
7.386569232150003e-02,1.967308434043521e-09
7.407868451389191e-02,1.966660920829280e-09
7.429167670628377e-02,1.966015461045795e-09
7.450466889867564e-02,1.965372041620443e-09
7.471766109106751e-02,1.964730649480601e-09
7.493065328345938e-02,1.964091271553648e-09
7.514364547585124e-02,1.963453894766961e-09
7.535663766824312e-02,1.962818506047919e-09
7.556962986063498e-02,1.962185092323897e-09
7.578262205302685e-02,1.961553640522276e-09
7.599561424541872e-02,1.960924138076835e-09
7.620860643781059e-02,1.960296574446909e-09
7.642159863020245e-02,1.959670939598207e-09
7.663459082259433e-02,1.959047223496439e-09
7.684758301498619e-02,1.958425416107315e-09
7.706057520737807e-02,1.957805507396541e-09
7.727356739976993e-02,1.957187487329828e-09
7.748655959216180e-02,1.956571345872885e-09
7.769955178455366e-02,1.955957072991421e-09
7.791254397694554e-02,1.955344658651144e-09
7.812553616933740e-02,1.954734092637251e-09
7.833852836172928e-02,1.954125364012922e-09
7.855152055412114e-02,1.953518461660845e-09
7.876451274651301e-02,1.952913374463707e-09
7.897750493890487e-02,1.952310091304196e-09
7.919049713129675e-02,1.951708601065001e-09
7.940348932368861e-02,1.951108892628808e-09
7.961648151608049e-02,1.950510954878306e-09
7.982947370847235e-02,1.949914776696181e-09
8.004246590086422e-02,1.949320346965122e-09
8.025545809325609e-02,1.948727654988184e-09
8.046845028564796e-02,1.948136691749993e-09
8.068144247803982e-02,1.947547448655593e-09
8.089443467043170e-02,1.946959917110025e-09
8.110742686282357e-02,1.946374088518333e-09
8.132041905521543e-02,1.945789954285558e-09
8.153341124760730e-02,1.945207505816744e-09
8.174640343999917e-02,1.944626734516933e-09
8.195939563239105e-02,1.944047631791168e-09
8.217238782478291e-02,1.943470189044492e-09
8.238538001717477e-02,1.942894397577257e-09
8.259837220956665e-02,1.942320248271044e-09
8.281136440195852e-02,1.941747731902736e-09
8.302435659435038e-02,1.941176839249219e-09
8.323734878674224e-02,1.940607561087376e-09
8.345034097913412e-02,1.940039888194091e-09
8.366333317152599e-02,1.939473811346249e-09
8.387632536391786e-02,1.938909321320734e-09
8.408931755630973e-02,1.938346408894429e-09
8.430230974870159e-02,1.937785064844220e-09
8.451530194109347e-02,1.937225280259349e-09
8.472829413348533e-02,1.936667047478506e-09
8.494128632587720e-02,1.936110359152741e-09
8.515427851826907e-02,1.935555207933105e-09
8.536727071066094e-02,1.935001586470646e-09
8.558026290305280e-02,1.934449487416417e-09
8.579325509544468e-02,1.933898903421468e-09
8.600624728783654e-02,1.933349827136848e-09
8.621923948022842e-02,1.932802251213609e-09
8.643223167262028e-02,1.932256168302801e-09
8.664522386501215e-02,1.931711570910729e-09
8.685821605740401e-02,1.931168450964729e-09
8.707120824979589e-02,1.930626800247401e-09
8.728420044218775e-02,1.930086610541342e-09
8.749719263457963e-02,1.929547873629151e-09
8.771018482697149e-02,1.929010581293427e-09
8.792317701936336e-02,1.928474725316767e-09
8.813616921175522e-02,1.927940297481770e-09
8.834916140414710e-02,1.927407289571034e-09
8.856215359653896e-02,1.926875693367159e-09
8.877514578893084e-02,1.926345501030601e-09
8.898813798132270e-02,1.925816706233182e-09
8.920113017371457e-02,1.925289303024546e-09
8.941412236610644e-02,1.924763285454335e-09
8.962711455849831e-02,1.924238647572191e-09
8.984010675089017e-02,1.923715383427759e-09
9.005309894328205e-02,1.923193487070680e-09
9.026609113567391e-02,1.922672952550598e-09
9.047908332806578e-02,1.922153773917155e-09
9.069207552045766e-02,1.921635945219995e-09
9.090506771284952e-02,1.921119460314533e-09
9.111805990524138e-02,1.920604312279228e-09
9.133105209763326e-02,1.920090493998285e-09
9.154404429002513e-02,1.919577998355913e-09
9.175703648241700e-02,1.919066818236317e-09
9.197002867480886e-02,1.918556946523705e-09
9.218302086720073e-02,1.918048376102283e-09
9.239601305959261e-02,1.917541099856257e-09
9.260900525198447e-02,1.917035110669835e-09
9.282199744437633e-02,1.916530401427224e-09
9.303498963676821e-02,1.916026965295629e-09
9.324798182916008e-02,1.915524796574294e-09
9.346097402155194e-02,1.915023889845482e-09
9.367396621394380e-02,1.914524239691456e-09
9.388695840633568e-02,1.914025840694479e-09
9.409995059872756e-02,1.913528687436814e-09
9.431294279111942e-02,1.913032774500726e-09
9.452593498351128e-02,1.912538096468476e-09
9.473892717590315e-02,1.912044647922328e-09
9.495191936829503e-02,1.911552423444545e-09
9.516491156068689e-02,1.911061417548335e-09
9.537790375307875e-02,1.910571624470683e-09
9.559089594547063e-02,1.910083038379520e-09
9.580388813786250e-02,1.909595653442774e-09
9.601688033025436e-02,1.909109463828374e-09
9.622987252264624e-02,1.908624463704250e-09
9.644286471503810e-02,1.908140647238332e-09
9.665585690742998e-02,1.907658008598547e-09
9.686884909982184e-02,1.907176541952826e-09
9.708184129221371e-02,1.906696241469097e-09
9.729483348460558e-02,1.906217101405172e-09
9.750782567699745e-02,1.905739116378376e-09
9.772081786938931e-02,1.905262281095912e-09
9.793381006178119e-02,1.904786590264985e-09
9.814680225417305e-02,1.904312038592797e-09
9.835979444656492e-02,1.903838620786552e-09
9.857278663895679e-02,1.903366331553454e-09
9.878577883134866e-02,1.902895165600706e-09
9.899877102374052e-02,1.902425117635513e-09
9.921176321613240e-02,1.901956182365076e-09
9.942475540852426e-02,1.901488354643771e-09
9.963774760091614e-02,1.901021629914621e-09
9.985073979330800e-02,1.900556003767810e-09
1.000637319857000e-01,1.900091471793518e-09
1.002767241780920e-01,1.899628029581928e-09
1.004897163704840e-01,1.899165672723221e-09
1.007027085628750e-01,1.898704396807581e-09
1.009157007552670e-01,1.898244197425186e-09
1.011286929476590e-01,1.897785070166220e-09
1.013416851400510e-01,1.897327010620863e-09
1.015546773324430e-01,1.896870014267193e-09
1.017676695248350e-01,1.896414076134767e-09
1.019806617172270e-01,1.895959191140990e-09
1.021936539096190e-01,1.895505354203266e-09
1.024066461020100e-01,1.895052560239003e-09
1.026196382944020e-01,1.894600804165600e-09
1.028326304867940e-01,1.894150080900465e-09
1.030456226791860e-01,1.893700385361003e-09
1.032586148715780e-01,1.893251712464618e-09
1.034716070639700e-01,1.892804057128715e-09
1.036845992563620e-01,1.892357414514453e-09
1.038975914487540e-01,1.891911780757908e-09
1.041105836411450e-01,1.891467152238863e-09
1.043235758335370e-01,1.891023525337097e-09
1.045365680259290e-01,1.890580896432394e-09
1.047495602183210e-01,1.890139261904534e-09
1.049625524107130e-01,1.889698618133299e-09
1.051755446031050e-01,1.889258961498472e-09
1.053885367954970e-01,1.888820288379834e-09
1.056015289878880e-01,1.888382595157169e-09
1.058145211802800e-01,1.887945878058921e-09
1.060275133726720e-01,1.887510132708459e-09
1.062405055650640e-01,1.887075354577940e-09
1.064534977574560e-01,1.886641539139521e-09
1.066664899498480e-01,1.886208681865358e-09
1.068794821422400e-01,1.885776778227609e-09
1.070924743346320e-01,1.885345823698430e-09
1.073054665270230e-01,1.884915813749982e-09
1.075184587194150e-01,1.884486743854415e-09
1.077314509118070e-01,1.884058609483891e-09
1.079444431041990e-01,1.883631406246643e-09
1.081574352965910e-01,1.883205130295595e-09
1.083704274889830e-01,1.882779777919935e-09
1.085834196813750e-01,1.882355345408855e-09
1.087964118737660e-01,1.881931829051544e-09
1.090094040661580e-01,1.881509225137189e-09
1.092223962585500e-01,1.881087529954980e-09
1.094353884509420e-01,1.880666739794107e-09
1.096483806433340e-01,1.880246850943761e-09
1.098613728357260e-01,1.879827859693129e-09
1.100743650281180e-01,1.879409762418447e-09
1.102873572205100e-01,1.878992555844268e-09
1.105003494129010e-01,1.878576236782258e-09
1.107133416052930e-01,1.878160802044078e-09
1.109263337976850e-01,1.877746248441394e-09
1.111393259900770e-01,1.877332572785870e-09
1.113523181824690e-01,1.876919771889172e-09
1.115653103748610e-01,1.876507842562963e-09
1.117783025672530e-01,1.876096781618909e-09
1.119912947596450e-01,1.875686585868674e-09
1.122042869520360e-01,1.875277252047035e-09
1.124172791444280e-01,1.874868776581181e-09
1.126302713368200e-01,1.874461155821406e-09
1.128432635292120e-01,1.874054386118003e-09
1.130562557216040e-01,1.873648463821263e-09
1.132692479139960e-01,1.873243385281479e-09
1.134822401063880e-01,1.872839146848944e-09
1.136952322987790e-01,1.872435744873950e-09
1.139082244911710e-01,1.872033175706787e-09
1.141212166835630e-01,1.871631435697749e-09
1.143342088759550e-01,1.871230521316331e-09
1.145472010683470e-01,1.870830429508729e-09
1.147601932607390e-01,1.870431157340290e-09
1.149731854531310e-01,1.870032701876356e-09
1.151861776455230e-01,1.869635060182272e-09
1.153991698379140e-01,1.869238229323384e-09
1.156121620303060e-01,1.868842206365032e-09
1.158251542226980e-01,1.868446988372563e-09
1.160381464150900e-01,1.868052572411321e-09
1.162511386074820e-01,1.867658955546650e-09
1.164641307998740e-01,1.867266134749278e-09
1.166771229922660e-01,1.866874106611669e-09
1.168901151846570e-01,1.866482867631775e-09
1.171031073770490e-01,1.866092414307543e-09
1.173160995694410e-01,1.865702743136927e-09
1.175290917618330e-01,1.865313850617877e-09
1.177420839542250e-01,1.864925733248343e-09
1.179550761466170e-01,1.864538387526275e-09
1.181680683390090e-01,1.864151809949625e-09
1.183810605314010e-01,1.863765997016343e-09
1.185940527237920e-01,1.863380945498478e-09
1.188070449161840e-01,1.862996653265073e-09
1.190200371085760e-01,1.862613118459576e-09
1.192330293009680e-01,1.862230339225434e-09
1.194460214933600e-01,1.861848313706096e-09
1.196590136857520e-01,1.861467040045007e-09
1.198720058781440e-01,1.861086516385616e-09
1.200849980705360e-01,1.860706740871370e-09
1.202979902629270e-01,1.860327711645717e-09
1.205109824553190e-01,1.859949426852102e-09
1.207239746477110e-01,1.859571884340571e-09
1.209369668401030e-01,1.859195080787272e-09
1.211499590324950e-01,1.858819012574803e-09
1.213629512248870e-01,1.858443676085764e-09
1.215759434172790e-01,1.858069067702755e-09
1.217889356096700e-01,1.857695183808376e-09
1.220019278020620e-01,1.857322020785225e-09
1.222149199944540e-01,1.856949575015901e-09
1.224279121868460e-01,1.856577842883005e-09
1.226409043792380e-01,1.856206820769136e-09
1.228538965716300e-01,1.855836505311493e-09
1.230668887640220e-01,1.855466894165616e-09
1.232798809564140e-01,1.855097985241613e-09
1.234928731488050e-01,1.854729776449592e-09
1.237058653411970e-01,1.854362265699658e-09
1.239188575335890e-01,1.853995450901921e-09
1.241318497259810e-01,1.853629329966486e-09
1.243448419183730e-01,1.853263900803464e-09
1.245578341107650e-01,1.852899161322961e-09
1.247708263031570e-01,1.852535109435086e-09
1.249838184955480e-01,1.852171743008573e-09
1.251968106879400e-01,1.851809059746728e-09
1.254098028803320e-01,1.851447057311515e-09
1.256227950727240e-01,1.851085733364900e-09
1.258357872651160e-01,1.850725085568846e-09
1.260487794575080e-01,1.850365111585318e-09
1.262617716499000e-01,1.850005809076281e-09
1.264747638422920e-01,1.849647175703699e-09
1.266877560346830e-01,1.849289209129539e-09
1.269007482270750e-01,1.848931907015760e-09
1.271137404194670e-01,1.848575266998192e-09
1.273267326118590e-01,1.848219286608187e-09
1.275397248042510e-01,1.847863963350994e-09
1.277527169966430e-01,1.847509294731862e-09
1.279657091890350e-01,1.847155278256041e-09
1.281787013814270e-01,1.846801911428781e-09
1.283916935738180e-01,1.846449191755333e-09
1.286046857662100e-01,1.846097116740942e-09
1.288176779586020e-01,1.845745683890861e-09
1.290306701509940e-01,1.845394890710339e-09
1.292436623433860e-01,1.845044734806602e-09
1.294566545357780e-01,1.844695214194955e-09
1.296696467281700e-01,1.844346326992767e-09
1.298826389205610e-01,1.843998071317406e-09
1.300956311129530e-01,1.843650445286237e-09
1.303086233053450e-01,1.843303447016631e-09
1.305216154977370e-01,1.842957074625954e-09
1.307346076901290e-01,1.842611326231575e-09
1.309475998825210e-01,1.842266199950861e-09
1.311605920749130e-01,1.841921693901180e-09
1.313735842673050e-01,1.841577806139366e-09
1.315865764596960e-01,1.841234534480086e-09
1.317995686520880e-01,1.840891876677456e-09
1.320125608444800e-01,1.840549830485594e-09
1.322255530368720e-01,1.840208393658621e-09
1.324385452292640e-01,1.839867563950654e-09
1.326515374216560e-01,1.839527339115810e-09
1.328645296140480e-01,1.839187716908210e-09
1.330775218064400e-01,1.838848695081970e-09
1.332905139988310e-01,1.838510271391211e-09
1.335035061912230e-01,1.838172443620407e-09
1.337164983836150e-01,1.837835209675456e-09
1.339294905760070e-01,1.837498567492601e-09
1.341424827683990e-01,1.837162515008087e-09
1.343554749607910e-01,1.836827050158156e-09
1.345684671531830e-01,1.836492170879051e-09
1.347814593455740e-01,1.836157875107019e-09
1.349944515379660e-01,1.835824160778299e-09
1.352074437303580e-01,1.835491025829137e-09
1.354204359227500e-01,1.835158468195776e-09
1.356334281151420e-01,1.834826485890619e-09
1.358464203075340e-01,1.834495077230554e-09
1.360594124999260e-01,1.834164240608553e-09
1.362724046923180e-01,1.833833974417584e-09
1.364853968847090e-01,1.833504277050621e-09
1.366983890771010e-01,1.833175146900631e-09
1.369113812694930e-01,1.832846582360586e-09
1.371243734618850e-01,1.832518581823457e-09
1.373373656542770e-01,1.832191143682214e-09
1.375503578466690e-01,1.831864266329827e-09
1.377633500390610e-01,1.831537948111743e-09
1.379763422314520e-01,1.831212187183188e-09
1.381893344238440e-01,1.830886981651806e-09
1.384023266162360e-01,1.830562329625244e-09
1.386153188086280e-01,1.830238229211147e-09
1.388283110010200e-01,1.829914678517159e-09
1.390413031934120e-01,1.829591675650926e-09
1.392542953858040e-01,1.829269218720094e-09
1.394672875781960e-01,1.828947305832307e-09
1.396802797705870e-01,1.828625935095212e-09
1.398932719629790e-01,1.828305104655192e-09
1.401062641553710e-01,1.827984812813642e-09
1.403192563477630e-01,1.827665057910716e-09
1.405322485401550e-01,1.827345838286570e-09
1.407452407325470e-01,1.827027152281359e-09
1.409582329249390e-01,1.826708998235239e-09
1.411712251173300e-01,1.826391374488366e-09
1.413842173097220e-01,1.826074279380894e-09
1.415972095021140e-01,1.825757711252978e-09
1.418102016945060e-01,1.825441668444775e-09
1.420231938868980e-01,1.825126149301096e-09
1.422361860792900e-01,1.824811152185382e-09
1.424491782716820e-01,1.824496675465728e-09
1.426621704640740e-01,1.824182717510231e-09
1.428751626564650e-01,1.823869276686990e-09
1.430881548488570e-01,1.823556351364097e-09
1.433011470412490e-01,1.823243939909650e-09
1.435141392336410e-01,1.822932040691747e-09
1.437271314260330e-01,1.822620652078482e-09
1.439401236184250e-01,1.822309772437954e-09
1.441531158108170e-01,1.821999400138649e-09
1.443661080032090e-01,1.821689533550621e-09
1.445791001956000e-01,1.821380171044317e-09
1.447920923879920e-01,1.821071310990178e-09
1.450050845803840e-01,1.820762951758651e-09
1.452180767727760e-01,1.820455091720180e-09
1.454310689651680e-01,1.820147729245209e-09
1.456440611575600e-01,1.819840862704184e-09
1.458570533499520e-01,1.819534490467550e-09
1.460700455423430e-01,1.819228610905752e-09
1.462830377347350e-01,1.818923222431053e-09
1.464960299271270e-01,1.818618323622894e-09
1.467090221195190e-01,1.818313913102478e-09
1.469220143119110e-01,1.818009989491012e-09
1.471350065043030e-01,1.817706551409701e-09
1.473479986966950e-01,1.817403597479751e-09
1.475609908890870e-01,1.817101126322366e-09
1.477739830814780e-01,1.816799136558755e-09
1.479869752738700e-01,1.816497626810118e-09
1.481999674662620e-01,1.816196595697664e-09
1.484129596586540e-01,1.815896041862249e-09
1.486259518510460e-01,1.815595964023367e-09
1.488389440434380e-01,1.815296360920183e-09
1.490519362358300e-01,1.814997231291862e-09
1.492649284282220e-01,1.814698573877569e-09
1.494779206206130e-01,1.814400387416469e-09
1.496909128130050e-01,1.814102670647724e-09
1.499039050053970e-01,1.813805422310500e-09
1.501168971977890e-01,1.813508641143960e-09
1.503298893901810e-01,1.813212325887271e-09
1.505428815825730e-01,1.812916475174294e-09
1.507558737749650e-01,1.812621087217626e-09
1.509688659673560e-01,1.812326160124528e-09
1.511818581597480e-01,1.812031692002264e-09
1.513948503521400e-01,1.811737680958094e-09
1.516078425445320e-01,1.811444125099283e-09
1.518208347369240e-01,1.811151022533092e-09
1.520338269293160e-01,1.810858371366784e-09
1.522468191217080e-01,1.810566169707622e-09
1.524598113141000e-01,1.810274415662869e-09
1.526728035064910e-01,1.809983107562520e-09
1.528857956988830e-01,1.809692244627365e-09
1.530987878912750e-01,1.809401826300856e-09
1.533117800836670e-01,1.809111852026445e-09
1.535247722760590e-01,1.808822321247586e-09
1.537377644684510e-01,1.808533233407729e-09
1.539507566608430e-01,1.808244587950329e-09
1.541637488532340e-01,1.807956384318838e-09
1.543767410456260e-01,1.807668621956706e-09
1.545897332380180e-01,1.807381300307387e-09
1.548027254304100e-01,1.807094418609320e-09
1.550157176228020e-01,1.806807975281280e-09
1.552287098151940e-01,1.806521968537219e-09
1.554417020075860e-01,1.806236396591091e-09
1.556546941999780e-01,1.805951257656849e-09
1.558676863923690e-01,1.805666549948448e-09
1.560806785847610e-01,1.805382271679838e-09
1.562936707771530e-01,1.805098421064973e-09
1.565066629695450e-01,1.804814996317807e-09
1.567196551619370e-01,1.804531995652292e-09
1.569326473543290e-01,1.804249417431211e-09
1.571456395467210e-01,1.803967260613028e-09
1.573586317391130e-01,1.803685524305225e-09
1.575716239315040e-01,1.803404207615287e-09
1.577846161238960e-01,1.803123309650691e-09
1.579976083162880e-01,1.802842829518922e-09
1.582106005086800e-01,1.802562766327461e-09
1.584235927010720e-01,1.802283119183789e-09
1.586365848934640e-01,1.802003887195389e-09
1.588495770858560e-01,1.801725069469743e-09
1.590625692782470e-01,1.801446665038755e-09
1.592755614706390e-01,1.801168672631915e-09
1.594885536630310e-01,1.800891090903088e-09
1.597015458554230e-01,1.800613918506139e-09
1.599145380478150e-01,1.800337154094933e-09
1.601275302402070e-01,1.800060796323335e-09
1.603405224325990e-01,1.799784843845208e-09
1.605535146249910e-01,1.799509295314418e-09
1.607665068173820e-01,1.799234149384831e-09
1.609794990097740e-01,1.798959404710308e-09
1.611924912021660e-01,1.798685059996151e-09
1.614054833945580e-01,1.798411114153401e-09
1.616184755869500e-01,1.798137566144536e-09
1.618314677793420e-01,1.797864414932034e-09
1.620444599717340e-01,1.797591659478373e-09
1.622574521641260e-01,1.797319298746032e-09
1.624704443565170e-01,1.797047331697489e-09
1.626834365489090e-01,1.796775757295219e-09
1.628964287413010e-01,1.796504574501702e-09
1.631094209336930e-01,1.796233782279417e-09
1.633224131260850e-01,1.795963379656661e-09
1.635354053184770e-01,1.795693365924943e-09
1.637483975108690e-01,1.795423740441550e-09
1.639613897032600e-01,1.795154502563772e-09
1.641743818956520e-01,1.794885651648897e-09
1.643873740880440e-01,1.794617187054214e-09
1.646003662804360e-01,1.794349108137013e-09
1.648133584728280e-01,1.794081414254582e-09
1.650263506652200e-01,1.793814104764209e-09
1.652393428576120e-01,1.793547179023185e-09
1.654523350500040e-01,1.793280636192625e-09
1.656653272423950e-01,1.793014474649424e-09
1.658783194347870e-01,1.792748692574538e-09
1.660913116271790e-01,1.792483288148927e-09
1.663043038195710e-01,1.792218259553549e-09
1.665172960119630e-01,1.791953604969361e-09
1.667302882043550e-01,1.791689322577323e-09
1.669432803967470e-01,1.791425410558392e-09
1.671562725891380e-01,1.791161867093527e-09
1.673692647815300e-01,1.790898690363684e-09
1.675822569739220e-01,1.790635878809008e-09
1.677952491663140e-01,1.790373431906894e-09
1.680082413587060e-01,1.790111349394180e-09
1.682212335510980e-01,1.789849631007705e-09
1.684342257434900e-01,1.789588276484306e-09
1.686472179358820e-01,1.789327285560821e-09
1.688602101282730e-01,1.789066657974091e-09
1.690732023206650e-01,1.788806393460949e-09
1.692861945130570e-01,1.788546491758236e-09
1.694991867054490e-01,1.788286952602790e-09
1.697121788978410e-01,1.788027775554537e-09
1.699251710902330e-01,1.787768959465625e-09
1.701381632826250e-01,1.787510503011226e-09
1.703511554750170e-01,1.787252404866508e-09
1.705641476674080e-01,1.786994663706644e-09
1.707771398598000e-01,1.786737278206802e-09
1.709901320521920e-01,1.786480247042154e-09
1.712031242445840e-01,1.786223568887869e-09
1.714161164369760e-01,1.785967242419119e-09
1.716291086293680e-01,1.785711266311074e-09
1.718421008217600e-01,1.785455639349156e-09
1.720550930141510e-01,1.785200360759740e-09
1.722680852065430e-01,1.784945429879424e-09
1.724810773989350e-01,1.784690846044808e-09
1.726940695913270e-01,1.784436608592492e-09
1.729070617837190e-01,1.784182716859074e-09
1.731200539761110e-01,1.783929170181155e-09
1.733330461685030e-01,1.783675967895333e-09
1.735460383608950e-01,1.783423109338208e-09
1.737590305532860e-01,1.783170593846380e-09
1.739720227456780e-01,1.782918420701522e-09
1.741850149380700e-01,1.782666588965699e-09
1.743980071304620e-01,1.782415097646100e-09
1.746109993228540e-01,1.782163945749911e-09
1.748239915152460e-01,1.781913132284321e-09
1.750369837076380e-01,1.781662656256517e-09
1.752499759000290e-01,1.781412516673687e-09
1.754629680924210e-01,1.781162712543017e-09
1.756759602848130e-01,1.780913242871695e-09
1.758889524772050e-01,1.780664106666909e-09
1.761019446695970e-01,1.780415302961457e-09
1.763149368619890e-01,1.780166830890644e-09
1.765279290543810e-01,1.779918689615423e-09
1.767409212467730e-01,1.779670878296742e-09
1.769539134391640e-01,1.779423396095554e-09
1.771669056315560e-01,1.779176242172809e-09
1.773798978239480e-01,1.778929415689456e-09
1.775928900163400e-01,1.778682915806449e-09
1.778058822087320e-01,1.778436741684736e-09
1.780188744011240e-01,1.778190892485270e-09
1.782318665935160e-01,1.777945367370506e-09
1.784448587859070e-01,1.777700165508930e-09
1.786578509782990e-01,1.777455286070532e-09
1.788708431706910e-01,1.777210728225302e-09
1.790838353630830e-01,1.776966491143233e-09
1.792968275554750e-01,1.776722573994317e-09
1.795098197478670e-01,1.776478975948543e-09
1.797228119402590e-01,1.776235696175903e-09
1.799358041326510e-01,1.775992733846389e-09
1.801487963250420e-01,1.775750088129993e-09
1.803617885174340e-01,1.775507758270015e-09
1.805747807098260e-01,1.775265743803009e-09
1.807877729022180e-01,1.775024044338849e-09
1.810007650946100e-01,1.774782659487409e-09
1.812137572870020e-01,1.774541588858560e-09
1.814267494793940e-01,1.774300832062176e-09
1.816397416717860e-01,1.774060388708129e-09
1.818527338641770e-01,1.773820258406294e-09
1.820657260565690e-01,1.773580440766540e-09
1.822787182489610e-01,1.773340935398742e-09
1.824917104413530e-01,1.773101741753436e-09
1.827047026337450e-01,1.772862858643973e-09
1.829176948261370e-01,1.772624284724448e-09
1.831306870185290e-01,1.772386018648957e-09
1.833436792109200e-01,1.772148059071598e-09
1.835566714033120e-01,1.771910404646464e-09
1.837696635957040e-01,1.771673054027653e-09
1.839826557880960e-01,1.771436005869259e-09
1.841956479804880e-01,1.771199258825380e-09
1.844086401728800e-01,1.770962811550110e-09
1.846216323652720e-01,1.770726662866898e-09
1.848346245576640e-01,1.770490812276216e-09
1.850476167500550e-01,1.770255259447699e-09
1.852606089424470e-01,1.770020004050977e-09
1.854736011348390e-01,1.769785045755684e-09
1.856865933272310e-01,1.769550384231453e-09
1.858995855196230e-01,1.769316019147917e-09
1.861125777120150e-01,1.769081950174709e-09
1.863255699044070e-01,1.768848176981462e-09
1.865385620967990e-01,1.768614699237809e-09
1.867515542891900e-01,1.768381516504101e-09
1.869645464815820e-01,1.768148627903315e-09
1.871775386739740e-01,1.767916032449033e-09
1.873905308663660e-01,1.767683729154836e-09
1.876035230587580e-01,1.767451717034303e-09
1.878165152511500e-01,1.767219995101016e-09
1.880295074435420e-01,1.766988562368554e-09
1.882424996359330e-01,1.766757417850498e-09
1.884554918283250e-01,1.766526560560428e-09
1.886684840207170e-01,1.766295989511924e-09
1.888814762131090e-01,1.766065703852849e-09
1.890944684055010e-01,1.765835703268318e-09
1.893074605978930e-01,1.765605987577790e-09
1.895204527902850e-01,1.765376556600723e-09
1.897334449826770e-01,1.765147410156576e-09
1.899464371750680e-01,1.764918548064808e-09
1.901594293674600e-01,1.764689970144874e-09
1.903724215598520e-01,1.764461676216236e-09
1.905854137522440e-01,1.764233666098350e-09
1.907984059446360e-01,1.764005939610675e-09
1.910113981370280e-01,1.763778496416312e-09
1.912243903294200e-01,1.763551335552979e-09
1.914373825218110e-01,1.763324455902065e-09
1.916503747142030e-01,1.763097856344955e-09
1.918633669065950e-01,1.762871535763038e-09
1.920763590989870e-01,1.762645493037699e-09
1.922893512913790e-01,1.762419727050328e-09
1.925023434837710e-01,1.762194236682310e-09
1.927153356761630e-01,1.761969020815033e-09
1.929283278685550e-01,1.761744078329884e-09
1.931413200609460e-01,1.761519408225875e-09
1.933543122533380e-01,1.761295009972313e-09
1.935673044457300e-01,1.761070883156043e-09
1.937802966381220e-01,1.760847027363906e-09
1.939932888305140e-01,1.760623442182744e-09
1.942062810229060e-01,1.760400127199399e-09
1.944192732152980e-01,1.760177082000713e-09
1.946322654076900e-01,1.759954306173526e-09
1.948452576000810e-01,1.759731799304683e-09
1.950582497924730e-01,1.759509560981023e-09
1.952712419848650e-01,1.759287590767536e-09
1.954842341772570e-01,1.759065888141865e-09
1.956972263696490e-01,1.758844452559826e-09
1.959102185620410e-01,1.758623283477240e-09
1.961232107544330e-01,1.758402380349926e-09
1.963362029468240e-01,1.758181742633704e-09
1.965491951392160e-01,1.757961369784392e-09
1.967621873316080e-01,1.757741261257810e-09
1.969751795240000e-01,1.757521416509776e-09
1.971881717163920e-01,1.757301834996111e-09
1.974011639087840e-01,1.757082516059307e-09
1.976141561011760e-01,1.756863458588377e-09
1.978271482935680e-01,1.756644661358913e-09
1.980401404859590e-01,1.756426123146514e-09
1.982531326783510e-01,1.756207842726771e-09
1.984661248707430e-01,1.755989818875280e-09
1.986791170631350e-01,1.755772050367637e-09
1.988921092555270e-01,1.755554535979437e-09
1.991051014479190e-01,1.755337274486274e-09
1.993180936403110e-01,1.755120264663743e-09
1.995310858327020e-01,1.754903505722555e-09
1.997440780250940e-01,1.754686998614027e-09
1.999570702174860e-01,1.754470744724673e-09
2.001700624098780e-01,1.754254745441005e-09
2.003830546022700e-01,1.754039002149535e-09
2.005960467946620e-01,1.753823516236775e-09
2.008090389870540e-01,1.753608289089238e-09
2.010220311794460e-01,1.753393322093436e-09
2.012350233718370e-01,1.753178616635881e-09
2.014480155642290e-01,1.752964174103085e-09
2.016610077566210e-01,1.752749994663911e-09
2.018739999490130e-01,1.752536073617700e-09
2.020869921414050e-01,1.752322405046675e-09
2.022999843337970e-01,1.752108983033062e-09
2.025129765261890e-01,1.751895801659084e-09
2.027259687185810e-01,1.751682855006967e-09
2.029389609109720e-01,1.751470137158936e-09
2.031519531033640e-01,1.751257642197213e-09
2.033649452957560e-01,1.751045364204025e-09
2.035779374881480e-01,1.750833297261595e-09
2.037909296805400e-01,1.750621439326683e-09
2.040039218729320e-01,1.750409803846001e-09
2.042169140653240e-01,1.750198408136706e-09
2.044299062577150e-01,1.749987269515956e-09
2.046428984501070e-01,1.749776405300908e-09
2.048558906424990e-01,1.749565832808718e-09
2.050688828348910e-01,1.749355569356546e-09
2.052818750272830e-01,1.749145632261546e-09
2.054948672196750e-01,1.748936038840877e-09
2.057078594120670e-01,1.748726806411697e-09
2.059208516044590e-01,1.748517938441624e-09
2.061338437968500e-01,1.748309382968445e-09
2.063468359892420e-01,1.748101074164565e-09
2.065598281816340e-01,1.747892946202388e-09
2.067728203740260e-01,1.747684933254319e-09
2.069858125664180e-01,1.747476969492763e-09
2.071988047588100e-01,1.747268989090124e-09
2.074117969512020e-01,1.747060926218807e-09
2.076247891435940e-01,1.746852715051216e-09
2.078377813359850e-01,1.746644289759758e-09
2.080507735283770e-01,1.746435635912589e-09
2.082637657207690e-01,1.746226944714936e-09
2.084767579131610e-01,1.746018458794807e-09
2.086897501055530e-01,1.745810420780213e-09
2.089027422979450e-01,1.745603073299162e-09
2.091157344903370e-01,1.745396658979663e-09
2.093287266827280e-01,1.745191420449727e-09
2.095417188751200e-01,1.744987600337361e-09
2.097547110675120e-01,1.744785441270575e-09
2.099677032599040e-01,1.744585185877378e-09
2.101806954522960e-01,1.744386884973079e-09
2.103936876446880e-01,1.744189822157409e-09
2.106066798370800e-01,1.743993089235017e-09
2.108196720294720e-01,1.743795778010545e-09
2.110326642218630e-01,1.743596980288643e-09
2.112456564142550e-01,1.743395787873953e-09
2.114586486066470e-01,1.743191292571122e-09
2.116716407990390e-01,1.742982586184796e-09
2.118846329914310e-01,1.742768760519621e-09
2.120976251838230e-01,1.742548907380243e-09
2.123106173762150e-01,1.742322834861052e-09
2.125236095686060e-01,1.742093215199292e-09
2.127366017609980e-01,1.741863436413969e-09
2.129495939533900e-01,1.741636886524095e-09
2.131625861457820e-01,1.741416953548681e-09
2.133755783381740e-01,1.741207025506734e-09
2.135885705305660e-01,1.741010490417267e-09
2.138015627229580e-01,1.740830736299287e-09
2.140145549153500e-01,1.740671151171807e-09
2.142275471077410e-01,1.740535123053835e-09
2.144405393001330e-01,1.740424584200384e-09
2.146535314925250e-01,1.740335647672873e-09
2.148665236849170e-01,1.740262972699283e-09
2.150795158773090e-01,1.740201218507594e-09
2.152925080697010e-01,1.740145044325786e-09
2.155055002620930e-01,1.740089109381838e-09
2.157184924544850e-01,1.740028072903731e-09
2.159314846468760e-01,1.739956594119445e-09
2.161444768392680e-01,1.739869332256958e-09
2.163574690316600e-01,1.739760946544252e-09
2.165704612240520e-01,1.739627549467326e-09
2.167834534164440e-01,1.739471069080403e-09
2.169964456088360e-01,1.739294887964069e-09
2.172094378012280e-01,1.739102388698912e-09
2.174224299936190e-01,1.738896953865519e-09
2.176354221860110e-01,1.738681966044478e-09
2.178484143784030e-01,1.738460807816376e-09
2.180614065707950e-01,1.738236861761800e-09
2.182743987631870e-01,1.738013510461339e-09
2.184873909555790e-01,1.737794136495578e-09
2.187003831479710e-01,1.737581407629992e-09
2.189133753403630e-01,1.737375132005326e-09
2.191263675327540e-01,1.737174402765066e-09
2.193393597251460e-01,1.736978313052695e-09
2.195523519175380e-01,1.736785956011701e-09
2.197653441099300e-01,1.736596424785569e-09
2.199783363023220e-01,1.736408812517784e-09
2.201913284947140e-01,1.736222212351832e-09
2.204043206871060e-01,1.736035717431200e-09
2.206173128794970e-01,1.735848420899372e-09
2.208303050718890e-01,1.735659607458813e-09
2.210432972642810e-01,1.735469327908916e-09
2.212562894566730e-01,1.735277824538566e-09
2.214692816490650e-01,1.735085339636649e-09
2.216822738414570e-01,1.734892115492048e-09
2.218952660338490e-01,1.734698394393649e-09
2.221082582262410e-01,1.734504418630336e-09
2.223212504186320e-01,1.734310430490995e-09
2.225342426110240e-01,1.734116672264508e-09
2.227472348034160e-01,1.733923386239762e-09
2.229602269958080e-01,1.733730763427277e-09
2.231732191882000e-01,1.733538789824643e-09
2.233862113805920e-01,1.733347400201334e-09
2.235992035729840e-01,1.733156529326826e-09
2.238121957653760e-01,1.732966111970594e-09
2.240251879577670e-01,1.732776082902114e-09
2.242381801501590e-01,1.732586376890858e-09
2.244511723425510e-01,1.732396928706304e-09
2.246641645349430e-01,1.732207673117925e-09
2.248771567273350e-01,1.732018544895197e-09
2.250901489197270e-01,1.731829492417971e-09
2.253031411121190e-01,1.731640518540787e-09
2.255161333045100e-01,1.731451639745168e-09
2.257291254969020e-01,1.731262872512629e-09
2.259421176892940e-01,1.731074233324691e-09
2.261551098816860e-01,1.730885738662871e-09
2.263681020740780e-01,1.730697405008690e-09
2.265810942664700e-01,1.730509248843666e-09
2.267940864588620e-01,1.730321286649318e-09
2.270070786512540e-01,1.730133534907165e-09
2.272200708436450e-01,1.729946006677142e-09
2.274330630360370e-01,1.729758701328736e-09
2.276460552284290e-01,1.729571614807789e-09
2.278590474208210e-01,1.729384743060147e-09
2.280720396132130e-01,1.729198082031652e-09
2.282850318056050e-01,1.729011627668151e-09
2.284980239979970e-01,1.728825375915486e-09
2.287110161903880e-01,1.728639322719502e-09
2.289240083827800e-01,1.728453464026043e-09
2.291370005751720e-01,1.728267795780951e-09
2.293499927675640e-01,1.728082314590280e-09
2.295629849599560e-01,1.727897019700887e-09
2.297759771523480e-01,1.727711911019825e-09
2.299889693447400e-01,1.727526988454149e-09
2.302019615371320e-01,1.727342251910912e-09
2.304149537295230e-01,1.727157701297170e-09
2.306279459219150e-01,1.726973336519974e-09
2.308409381143070e-01,1.726789157486380e-09
2.310539303066990e-01,1.726605164103441e-09
2.312669224990910e-01,1.726421356278212e-09
2.314799146914830e-01,1.726237733923316e-09
2.316929068838750e-01,1.726054296973649e-09
2.319058990762670e-01,1.725871045369673e-09
2.321188912686580e-01,1.725687979051851e-09
2.323318834610500e-01,1.725505097960644e-09
2.325448756534420e-01,1.725322402036514e-09
2.327578678458340e-01,1.725139891219923e-09
2.329708600382260e-01,1.724957565451334e-09
2.331838522306180e-01,1.724775424671208e-09
2.333968444230100e-01,1.724593468820008e-09
2.336098366154010e-01,1.724411697724076e-09
2.338228288077930e-01,1.724230110753555e-09
2.340358210001850e-01,1.724048707164615e-09
2.342488131925770e-01,1.723867486213422e-09
2.344618053849690e-01,1.723686447156144e-09
2.346747975773610e-01,1.723505589248950e-09
2.348877897697530e-01,1.723324911748005e-09
2.351007819621450e-01,1.723144413909478e-09
2.353137741545360e-01,1.722964094989538e-09
2.355267663469280e-01,1.722783954244349e-09
2.357397585393200e-01,1.722603991066704e-09
2.359527507317120e-01,1.722424205396141e-09
2.361657429241040e-01,1.722244597308952e-09
2.363787351164960e-01,1.722065166881428e-09
2.365917273088880e-01,1.721885914189860e-09
2.368047195012800e-01,1.721706839310541e-09
2.370177116936710e-01,1.721527942319762e-09
2.372307038860630e-01,1.721349223293813e-09
2.374436960784550e-01,1.721170682308986e-09
2.376566882708470e-01,1.720992319441573e-09
2.378696804632390e-01,1.720814134687967e-09
2.380826726556310e-01,1.720636127724918e-09
2.382956648480230e-01,1.720458298149252e-09
2.385086570404140e-01,1.720280645557794e-09
2.387216492328060e-01,1.720103169547369e-09
2.389346414251980e-01,1.719925869714803e-09
2.391476336175900e-01,1.719748745656921e-09
2.393606258099820e-01,1.719571796970549e-09
2.395736180023740e-01,1.719395023252511e-09
2.397866101947660e-01,1.719218424099635e-09
2.399996023871580e-01,1.719041999065955e-09
2.402125945795490e-01,1.718865747534378e-09
2.404255867719410e-01,1.718689668845029e-09
2.406385789643330e-01,1.718513762338037e-09
2.408515711567250e-01,1.718338027353531e-09
2.410645633491170e-01,1.718162463231637e-09
2.412775555415090e-01,1.717987069312483e-09
2.414905477339010e-01,1.717811844936197e-09
2.417035399262920e-01,1.717636789442909e-09
2.419165321186840e-01,1.717461902172743e-09
2.421295243110760e-01,1.717287182616141e-09
2.423425165034680e-01,1.717112630864516e-09
2.425555086958600e-01,1.716938247159462e-09
2.427685008882520e-01,1.716764031742568e-09
2.429814930806440e-01,1.716589984855424e-09
2.431944852730360e-01,1.716416106739622e-09
2.434074774654270e-01,1.716242397636755e-09
2.436204696578190e-01,1.716068857788410e-09
2.438334618502110e-01,1.715895487436180e-09
2.440464540426030e-01,1.715722286821655e-09
2.442594462349950e-01,1.715549256003722e-09
2.444724384273870e-01,1.715376394309976e-09
2.446854306197790e-01,1.715203700885067e-09
2.448984228121710e-01,1.715031174873650e-09
2.451114150045620e-01,1.714858815420379e-09
2.453244071969540e-01,1.714686621669902e-09
2.455373993893460e-01,1.714514592766876e-09
2.457503915817380e-01,1.714342727855952e-09
2.459633837741300e-01,1.714171026081782e-09
2.461763759665220e-01,1.713999486589021e-09
2.463893681589140e-01,1.713828108676917e-09
2.466023603513050e-01,1.713656892263314e-09
2.468153525436970e-01,1.713485837420756e-09
2.470283447360890e-01,1.713314944221790e-09
2.472413369284810e-01,1.713144212738960e-09
2.474543291208730e-01,1.712973643044812e-09
2.476673213132650e-01,1.712803235211891e-09
2.478803135056570e-01,1.712632989312741e-09
2.480933056980490e-01,1.712462905419908e-09
2.483062978904400e-01,1.712292983605940e-09
2.485192900828320e-01,1.712123223842443e-09
2.487322822752240e-01,1.711953625697287e-09
2.489452744676160e-01,1.711784188637399e-09
2.491582666600080e-01,1.711614912129704e-09
2.493712588524000e-01,1.711445795641130e-09
2.495842510447920e-01,1.711276838638604e-09
2.497972432371830e-01,1.711108040589053e-09
2.500102354295750e-01,1.710939400959402e-09
2.502232276219670e-01,1.710770919216580e-09
2.504362198143590e-01,1.710602594827513e-09
2.506492120067510e-01,1.710434427338707e-09
2.508622041991430e-01,1.710266416614896e-09
2.510751963915350e-01,1.710098562600347e-09
2.512881885839270e-01,1.709930865239329e-09
2.515011807763180e-01,1.709763324476111e-09
2.517141729687100e-01,1.709595940254959e-09
2.519271651611020e-01,1.709428712520143e-09
2.521401573534940e-01,1.709261641215931e-09
2.523531495458860e-01,1.709094726286590e-09
2.525661417382780e-01,1.708927967676390e-09
2.527791339306700e-01,1.708761365254952e-09
2.529921261230620e-01,1.708594918593489e-09
2.532051183154530e-01,1.708428627188657e-09
2.534181105078450e-01,1.708262490537109e-09
2.536311027002370e-01,1.708096508135502e-09
2.538440948926290e-01,1.707930679480489e-09
2.540570870850210e-01,1.707765004068727e-09
2.542700792774130e-01,1.707599481396869e-09
2.544830714698050e-01,1.707434110961570e-09
2.546960636621960e-01,1.707268892259486e-09
2.549090558545880e-01,1.707103824870799e-09
2.551220480469800e-01,1.706938908709970e-09
2.553350402393720e-01,1.706774143775078e-09
2.555480324317640e-01,1.706609530064198e-09
2.557610246241560e-01,1.706445067575404e-09
2.559740168165480e-01,1.706280756306774e-09
2.561870090089400e-01,1.706116596256384e-09
2.564000012013310e-01,1.705952587422309e-09
2.566129933937230e-01,1.705788729802626e-09
2.568259855861150e-01,1.705625023395409e-09
2.570389777785070e-01,1.705461468124850e-09
2.572519699708990e-01,1.705298063619532e-09
2.574649621632910e-01,1.705134809434125e-09
2.576779543556830e-01,1.704971705123296e-09
2.578909465480740e-01,1.704808750241715e-09
2.581039387404660e-01,1.704645944344049e-09
2.583169309328580e-01,1.704483286984967e-09
2.585299231252500e-01,1.704320777719137e-09
2.587429153176420e-01,1.704158416101229e-09
2.589559075100340e-01,1.703996201685911e-09
2.591688997024260e-01,1.703834134075957e-09
2.593818918948180e-01,1.703672213066549e-09
2.595948840872090e-01,1.703510438500965e-09
2.598078762796010e-01,1.703348810222482e-09
2.600208684719930e-01,1.703187328074379e-09
2.602338606643850e-01,1.703025991899933e-09
2.604468528567770e-01,1.702864801542422e-09
2.606598450491690e-01,1.702703756845123e-09
2.608728372415610e-01,1.702542857651315e-09
2.610858294339530e-01,1.702382103804275e-09
2.612988216263440e-01,1.702221495122568e-09
2.615118138187360e-01,1.702061031325938e-09
2.617248060111280e-01,1.701900712109440e-09
2.619377982035200e-01,1.701740537168126e-09
2.621507903959120e-01,1.701580506197049e-09
2.623637825883040e-01,1.701420618891262e-09
2.625767747806960e-01,1.701260874945817e-09
2.627897669730870e-01,1.701101274055770e-09
2.630027591654790e-01,1.700941815916171e-09
2.632157513578710e-01,1.700782500222073e-09
2.634287435502630e-01,1.700623326682026e-09
2.636417357426550e-01,1.700464295058600e-09
2.638547279350470e-01,1.700305405127878e-09
2.640677201274390e-01,1.700146656665947e-09
2.642807123198310e-01,1.699988049448889e-09
2.644937045122220e-01,1.699829583252790e-09
2.647066967046140e-01,1.699671257853734e-09
2.649196888970060e-01,1.699513073027805e-09
2.651326810893980e-01,1.699355028551087e-09
2.653456732817900e-01,1.699197124199666e-09
2.655586654741820e-01,1.699039359747421e-09
2.657716576665740e-01,1.698881734959404e-09
2.659846498589660e-01,1.698724249598462e-09
2.661976420513570e-01,1.698566903427442e-09
2.664106342437490e-01,1.698409696209188e-09
2.666236264361410e-01,1.698252627706547e-09
2.668366186285330e-01,1.698095697682367e-09
2.670496108209250e-01,1.697938905899492e-09
2.672626030133170e-01,1.697782252120768e-09
2.674755952057090e-01,1.697625736109043e-09
2.676885873981000e-01,1.697469357629127e-09
2.679015795904920e-01,1.697313116453683e-09
2.681145717828840e-01,1.697157012357340e-09
2.683275639752760e-01,1.697001045114729e-09
2.685405561676680e-01,1.696845214500478e-09
2.687535483600600e-01,1.696689520289216e-09
2.689665405524520e-01,1.696533962255572e-09
2.691795327448440e-01,1.696378540174175e-09
2.693925249372350e-01,1.696223253819655e-09
2.696055171296270e-01,1.696068102966639e-09
2.698185093220190e-01,1.695913087386172e-09
2.700315015144110e-01,1.695758206834960e-09
2.702444937068030e-01,1.695603461066126e-09
2.704574858991950e-01,1.695448849832793e-09
2.706704780915870e-01,1.695294372888084e-09
2.708834702839780e-01,1.695140029985123e-09
2.710964624763700e-01,1.694985820877031e-09
2.713094546687620e-01,1.694831745316931e-09
2.715224468611540e-01,1.694677803057946e-09
2.717354390535460e-01,1.694523993853200e-09
2.719484312459380e-01,1.694370317501193e-09
2.721614234383300e-01,1.694216773981836e-09
2.723744156307220e-01,1.694063363320367e-09
2.725874078231130e-01,1.693910085542026e-09
2.728004000155050e-01,1.693756940672049e-09
2.730133922078970e-01,1.693603928735677e-09
2.732263844002890e-01,1.693451049758147e-09
2.734393765926810e-01,1.693298303764699e-09
2.736523687850730e-01,1.693145690780571e-09
2.738653609774650e-01,1.692993210831000e-09
2.740783531698570e-01,1.692840863728637e-09
2.742913453622480e-01,1.692688648435301e-09
2.745043375546400e-01,1.692536563699988e-09
2.747173297470320e-01,1.692384608271692e-09
2.749303219394240e-01,1.692232780899412e-09
2.751433141318160e-01,1.692081080332141e-09
2.753563063242080e-01,1.691929505318876e-09
2.755692985166000e-01,1.691778054608614e-09
2.757822907089910e-01,1.691626726950350e-09
2.759952829013830e-01,1.691475521093080e-09
2.762082750937750e-01,1.691324436646723e-09
2.764212672861670e-01,1.691173476665724e-09
2.766342594785590e-01,1.691022645065865e-09
2.768472516709510e-01,1.690871945762930e-09
2.770602438633430e-01,1.690721382672703e-09
2.772732360557350e-01,1.690570959710965e-09
2.774862282481260e-01,1.690420680793499e-09
2.776992204405180e-01,1.690270549836090e-09
2.779122126329100e-01,1.690120570754518e-09
2.781252048253020e-01,1.689970747464568e-09
2.783381970176940e-01,1.689821080567350e-09
2.785511892100860e-01,1.689671557406190e-09
