7.791356504680618e-06,2.284012496809930e-09
8.610780621332552e-06,2.274813290081064e-09
9.516384324626089e-06,2.213758919812164e-09
1.051723120080771e-05,2.107554307973679e-09
1.162333806181051e-05,1.968366928626468e-09
1.284577519687474e-05,1.811894980749438e-09
1.419677716772344e-05,1.655038526436529e-09
1.568986525616830e-05,1.513557796817234e-09
1.733998278964274e-05,1.994573444720211e-09
1.916364469904539e-05,1.943358349138086e-09
2.117910280571951e-05,1.894509896714222e-09
2.340652849181556e-05,1.848447925763995e-09
2.586821458226360e-05,1.805258850949867e-09
2.858879845885812e-05,1.764747389181573e-09
3.159550863945590e-05,1.726523104582638e-09
3.491843729013453e-05,1.690097293558430e-09
3.859084139770492e-05,1.654974777253638e-09
4.264947561681323e-05,1.620729488248471e-09
4.713496012287843e-05,1.587052656449279e-09
5.209218715246060e-05,1.553776810721138e-09
5.757077029985334e-05,1.520872005417483e-09
6.362554106661115e-05,1.488424544399426e-09
7.031709763364645e-05,1.456600282367532e-09
7.771241134819200e-05,1.425604156171716e-09
8.588549699555374e-05,1.395641060145485e-09
9.491815356395940e-05,1.366887209343168e-09
1.049007829163263e-04,1.339468789009050e-09
1.159332945624905e-04,1.313450496479487e-09
1.281261055871622e-04,1.288835146654213e-09
1.416012457412214e-04,1.265572385147290e-09
1.564935787564811e-04,1.243570079101263e-09
1.729521521072439e-04,1.222710305149058e-09
1.911416887275217e-04,1.202864088107176e-09
2.112442356135248e-04,1.183905584620222e-09
2.334609858111876e-04,1.165723362153405e-09
2.580142920237960e-04,1.148228370133471e-09
2.851498919925769e-04,1.131359171033056e-09
3.151393679226079e-04,1.115083024399684e-09
3.482828645688079e-04,1.099392702779411e-09
3.849120931855259e-04,1.084301357445793e-09
4.253936514042669e-04,1.069837666159409e-09
4.701326922660057e-04,1.056042581790184e-09
5.195769791289974e-04,1.042964283095915e-09
5.742213670349657e-04,1.030651745814622e-09
6.346127553846864e-04,1.019151684185709e-09
7.013555614910102e-04,1.008507379789333e-09
7.751177697904812e-04,9.987551910347122e-10
8.566376172560946e-04,9.899249744005798e-10
9.467309819210534e-04,9.820391493661209e-10
1.046299548460350e-03,9.751143191226943e-10
1.156339832554060e-03,9.691626221575537e-10
1.277953154351212e-03,9.641085310187194e-10
1.405748469786333e-03,9.602107370921890e-10
1.533543785221454e-03,9.575170559715055e-10
1.661339100656575e-03,9.557793578783661e-10
1.789134416091696e-03,9.547495130344677e-10
1.916929731526817e-03,9.542164757297559e-10
2.000000000000000e-03,9.541043882285701e-10
2.044725046961939e-03,9.541172767164018e-10
2.172520362397060e-03,9.544122350428618e-10
2.300315677832181e-03,9.550412149725794e-10
2.428110993267302e-03,9.559424253313388e-10
2.555906308702423e-03,9.570606689620644e-10
2.683701624137544e-03,9.583671247804073e-10
2.811496939572665e-03,9.598395657212437e-10
2.939292255007787e-03,9.614557647194488e-10
3.067087570442908e-03,9.631934947098987e-10
3.194882885878029e-03,9.650325592602161e-10
3.322678201313150e-03,9.669608845509198e-10
3.450473516748271e-03,9.689684274362296e-10
3.578268832183392e-03,9.710451447703650e-10
3.706064147618514e-03,9.731809934075457e-10
3.833859463053635e-03,9.753667686590002e-10
3.961654778488756e-03,9.775966196523722e-10
4.089450093923877e-03,9.798655339665023e-10
4.217245409358998e-03,9.821684991802322e-10
4.345040724794119e-03,9.845005028724029e-10
4.472836040229241e-03,9.868569121259405e-10
4.600631355664362e-03,9.892346120499198e-10
4.728426671099482e-03,9.916308672624025e-10
4.856221986534604e-03,9.940429423814518e-10
4.984017301969726e-03,9.964681020251302e-10
5.111812617404846e-03,9.989038086793019e-10
5.239607932839968e-03,1.001348316295425e-09
5.367403248275089e-03,1.003800076689951e-09
5.495198563710209e-03,1.006257541679336e-09
5.622993879145331e-03,1.008719163080032e-09
5.750789194580453e-03,1.011183500764414e-09
5.878584510015573e-03,1.013649546829763e-09
6.006379825450694e-03,1.016116401429894e-09
6.134175140885816e-03,1.018583164718623e-09
6.261970456320937e-03,1.021048936849764e-09
6.389765771756058e-03,1.023512877772111e-09
6.517561087191179e-03,1.025974386611805e-09
6.645356402626300e-03,1.028432922288685e-09
6.773151718061422e-03,1.030887943722590e-09
6.900947033496543e-03,1.033338909833358e-09
7.028742348931663e-03,1.035785314724732e-09
7.156537664366785e-03,1.038226793235955e-09
7.284332979801906e-03,1.040663015390122e-09
7.412128295237027e-03,1.043093651210324e-09
7.539923610672148e-03,1.045518370719654e-09
7.667718926107269e-03,1.047936867432180e-09
7.795514241542391e-03,1.050348928826723e-09
7.923309556977513e-03,1.052754365873509e-09
8.051104872412632e-03,1.055152989542763e-09
8.178900187847754e-03,1.057544610804711e-09
8.306695503282877e-03,1.059929055284964e-09
8.434490818717996e-03,1.062306207230408e-09
8.562286134153118e-03,1.064675965543189e-09
8.690081449588239e-03,1.067038229125449e-09
8.817876765023359e-03,1.069392896879333e-09
8.945672080458482e-03,1.071739877418530e-09
9.073467395893601e-03,1.074079118203121e-09
9.201262711328723e-03,1.076410576404843e-09
9.329058026763846e-03,1.078734209195432e-09
9.456853342198965e-03,1.081049973746622e-09
9.584648657634087e-03,1.083357831756894e-09
9.712443973069206e-03,1.085657763031557e-09
9.840239288504329e-03,1.087949751902592e-09
9.968034603939451e-03,1.090233782701980e-09
1.009582991937457e-02,1.092509839761703e-09
1.022362523480969e-02,1.094777914003360e-09
1.035142055024482e-02,1.097038022707068e-09
1.047921586567993e-02,1.099290189742587e-09
1.060701118111506e-02,1.101534438979681e-09
1.073480649655018e-02,1.103770794288108e-09
1.086260181198530e-02,1.105999279537630e-09
1.099039712742042e-02,1.108219918598008e-09
1.111819244285554e-02,1.110432735339002e-09
1.124598775829066e-02,1.112637753630373e-09
1.137378307372578e-02,1.114834997341883e-09
1.150157838916090e-02,1.117024493749590e-09
1.162937370459603e-02,1.119206283753771e-09
1.175716902003114e-02,1.121380411660505e-09
1.188496433546627e-02,1.123546921775877e-09
1.201275965090139e-02,1.125705858405968e-09
1.214055496633651e-02,1.127857265856860e-09
1.226835028177163e-02,1.130001188434635e-09
1.239614559720675e-02,1.132137670445376e-09
1.252394091264187e-02,1.134266756195164e-09
1.265173622807700e-02,1.136388489990082e-09
1.277953154351211e-02,1.138502917135755e-09
1.290732685894724e-02,1.140610086936331e-09
1.303512217438236e-02,1.142710049695678e-09
1.316291748981748e-02,1.144802855717663e-09
1.329071280525260e-02,1.146888555306156e-09
1.341850812068772e-02,1.148967198765023e-09
1.354630343612284e-02,1.151038836398134e-09
1.367409875155796e-02,1.153103518509355e-09
1.380189406699308e-02,1.155161295402556e-09
1.392968938242821e-02,1.157212217381603e-09
1.405748469786333e-02,1.159256334661241e-09
1.418528001329845e-02,1.161293697099711e-09
1.431307532873357e-02,1.163324354466130e-09
1.444087064416869e-02,1.165348356529612e-09
1.456866595960381e-02,1.167365753059272e-09
1.469646127503893e-02,1.169376593824226e-09
1.482425659047405e-02,1.171380928593588e-09
1.495205190590917e-02,1.173378807136475e-09
1.507984722134430e-02,1.175370279222001e-09
1.520764253677942e-02,1.177355394619281e-09
1.533543785221454e-02,1.179334202517683e-09
1.546323316764966e-02,1.181306749787722e-09
1.559102848308478e-02,1.183273082720232e-09
1.571882379851990e-02,1.185233247606050e-09
1.584661911395502e-02,1.187187290736010e-09
1.597441442939014e-02,1.189135258400950e-09
1.610220974482527e-02,1.191077196891703e-09
1.623000506026039e-02,1.193013152499106e-09
1.635780037569551e-02,1.194943171513995e-09
1.648559569113063e-02,1.196867300227204e-09
1.661339100656575e-02,1.198785584225056e-09
1.674118632200087e-02,1.200698066275534e-09
1.686898163743599e-02,1.202604788441964e-09
1.699677695287111e-02,1.204505792787674e-09
1.712457226830624e-02,1.206401121375990e-09
1.725236758374135e-02,1.208290816270239e-09
1.738016289917648e-02,1.210174919533747e-09
1.750795821461160e-02,1.212053473229842e-09
1.763575353004672e-02,1.213926519421850e-09
1.776354884548184e-02,1.215794100173098e-09
1.789134416091696e-02,1.217656256730866e-09
1.801913947635208e-02,1.219513027078162e-09
1.814693479178720e-02,1.221364448381902e-09
1.827473010722232e-02,1.223210557809003e-09
1.840252542265745e-02,1.225051392526382e-09
1.853032073809257e-02,1.226886989700954e-09
1.865811605352769e-02,1.228717386499637e-09
1.878591136896281e-02,1.230542620089348e-09
1.891370668439793e-02,1.232362727637002e-09
1.904150199983305e-02,1.234177746309518e-09
1.916929731526817e-02,1.235987712631266e-09
1.929709263070329e-02,1.237792660556563e-09
1.942488794613842e-02,1.239592623397241e-09
1.955268326157353e-02,1.241387634465131e-09
1.968047857700866e-02,1.243177727072067e-09
1.980827389244378e-02,1.244962934529879e-09
1.993606920787890e-02,1.246743290150400e-09
2.006386452331402e-02,1.248518827245462e-09
2.019165983874914e-02,1.250289579126896e-09
2.031945515418426e-02,1.252055579106535e-09
2.044725046961939e-02,1.253816859927133e-09
2.057504578505450e-02,1.255573452054876e-09
2.070284110048963e-02,1.257325385386744e-09
2.083063641592475e-02,1.259072689819716e-09
2.095843173135987e-02,1.260815395250770e-09
2.108622704679499e-02,1.262553531576886e-09
2.121402236223011e-02,1.264287128695043e-09
2.134181767766523e-02,1.266016216502220e-09
2.146961299310035e-02,1.267740824895397e-09
2.159740830853547e-02,1.269460983771552e-09
2.172520362397060e-02,1.271176722634810e-09
2.185299893940572e-02,1.272888069417809e-09
2.198079425484084e-02,1.274595051660304e-09
2.210858957027596e-02,1.276297696902046e-09
2.223638488571108e-02,1.277996032682789e-09
2.236418020114620e-02,1.279690086542286e-09
2.249197551658132e-02,1.281379886020289e-09
2.261977083201644e-02,1.283065458656552e-09
2.274756614745157e-02,1.284746831990828e-09
2.287536146288669e-02,1.286424033562869e-09
2.300315677832181e-02,1.288097090461919e-09
2.313095209375693e-02,1.289766027975247e-09
2.325874740919205e-02,1.291430870939641e-09
2.338654272462717e-02,1.293091644191892e-09
2.351433804006229e-02,1.294748372568789e-09
2.364213335549741e-02,1.296401080907123e-09
2.376992867093253e-02,1.298049794043682e-09
2.389772398636766e-02,1.299694536815257e-09
2.402551930180278e-02,1.301335334058636e-09
2.415331461723790e-02,1.302972210610611e-09
2.428110993267302e-02,1.304605191058847e-09
2.440890524810814e-02,1.306234298994626e-09
2.453670056354326e-02,1.307859557760159e-09
2.466449587897838e-02,1.309480990697659e-09
2.479229119441350e-02,1.311098621149339e-09
2.492008650984863e-02,1.312712472457409e-09
2.504788182528375e-02,1.314322567964083e-09
2.517567714071887e-02,1.315928931011572e-09
2.530347245615399e-02,1.317531584942088e-09
2.543126777158911e-02,1.319130553097843e-09
2.555906308702423e-02,1.320725858434993e-09
2.568685840245935e-02,1.322317522365381e-09
2.581465371789447e-02,1.323905565914751e-09
2.594244903332960e-02,1.325490010108850e-09
2.607024434876471e-02,1.327070875973422e-09
2.619803966419984e-02,1.328648184534215e-09
2.632583497963496e-02,1.330221956816972e-09
2.645363029507008e-02,1.331792213847440e-09
2.658142561050520e-02,1.333358976651363e-09
2.670922092594032e-02,1.334922266254489e-09
2.683701624137544e-02,1.336482103409927e-09
2.696481155681056e-02,1.338038507780281e-09
2.709260687224568e-02,1.339591498755530e-09
2.722040218768081e-02,1.341141095725654e-09
2.734819750311593e-02,1.342687318080633e-09
2.747599281855105e-02,1.344230185210446e-09
2.760378813398617e-02,1.345769716505075e-09
2.773158344942129e-02,1.347305931354499e-09
2.785937876485641e-02,1.348838849148698e-09
2.798717408029153e-02,1.350368489277652e-09
2.811496939572665e-02,1.351894870827365e-09
2.824276471116178e-02,1.353418011668053e-09
2.837056002659689e-02,1.354937929366013e-09
2.849835534203202e-02,1.356454641487545e-09
2.862615065746714e-02,1.357968165598946e-09
2.875394597290226e-02,1.359478519266515e-09
2.888174128833738e-02,1.360985720056548e-09
2.900953660377250e-02,1.362489785535346e-09
2.913733191920762e-02,1.363990733269205e-09
2.926512723464274e-02,1.365488580824425e-09
2.939292255007787e-02,1.366983345497121e-09
2.952071786551299e-02,1.368475043502617e-09
2.964851318094811e-02,1.369963690786019e-09
2.977630849638323e-02,1.371449303292434e-09
2.990410381181835e-02,1.372931896966967e-09
3.003189912725347e-02,1.374411487754727e-09
3.015969444268859e-02,1.375888091600818e-09
3.028748975812371e-02,1.377361724450348e-09
3.041528507355883e-02,1.378832402248424e-09
3.054308038899396e-02,1.380300140940150e-09
3.067087570442908e-02,1.381764956213486e-09
3.079867101986420e-02,1.383226862727798e-09
3.092646633529932e-02,1.384685874885313e-09
3.105426165073444e-02,1.386142007088253e-09
3.118205696616956e-02,1.387595273738843e-09
3.130985228160468e-02,1.389045689239307e-09
3.143764759703981e-02,1.390493267991868e-09
3.156544291247493e-02,1.391938024398752e-09
3.169323822791005e-02,1.393379972862183e-09
3.182103354334517e-02,1.394819127784384e-09
3.194882885878029e-02,1.396255503402279e-09
3.207662417421541e-02,1.397689113291648e-09
3.220441948965053e-02,1.399119970862997e-09
3.233221480508566e-02,1.400548089526834e-09
3.246001012052077e-02,1.401973482693663e-09
3.258780543595589e-02,1.403396163773994e-09
3.271560075139102e-02,1.404816146178331e-09
3.284339606682614e-02,1.406233443317182e-09
3.297119138226126e-02,1.407648068601053e-09
3.309898669769638e-02,1.409060035440452e-09
3.322678201313150e-02,1.410469357050242e-09
3.335457732856662e-02,1.411876045862664e-09
3.348237264400174e-02,1.413280114114283e-09
3.361016795943687e-02,1.414681574041666e-09
3.373796327487198e-02,1.416080437881381e-09
3.386575859030710e-02,1.417476717869994e-09
3.399355390574223e-02,1.418870426244073e-09
3.412134922117735e-02,1.420261575240183e-09
3.424914453661247e-02,1.421650177094893e-09
3.437693985204759e-02,1.423036244044767e-09
3.450473516748271e-02,1.424419788243351e-09
3.463253048291783e-02,1.425800821512092e-09
3.476032579835295e-02,1.427179355589413e-09
3.488812111378808e-02,1.428555402213740e-09
3.501591642922319e-02,1.429928973123496e-09
3.514371174465832e-02,1.431300080057104e-09
3.527150706009344e-02,1.432668734752989e-09
3.539930237552856e-02,1.434034948949574e-09
3.552709769096368e-02,1.435398734385285e-09
3.565489300639881e-02,1.436760102798543e-09
3.578268832183392e-02,1.438119065714983e-09
3.591048363726904e-02,1.439475633809129e-09
3.603827895270417e-02,1.440829817542747e-09
3.616607426813929e-02,1.442181627377599e-09
3.629386958357441e-02,1.443531073775452e-09
3.642166489900953e-02,1.444878167198069e-09
3.654946021444465e-02,1.446222918107214e-09
3.667725552987977e-02,1.447565336964652e-09
3.680505084531489e-02,1.448905434232147e-09
3.693284616075002e-02,1.450243220371465e-09
3.706064147618514e-02,1.451578705794587e-09
3.718843679162025e-02,1.452911900714360e-09
3.731623210705538e-02,1.454242815293838e-09
3.744402742249050e-02,1.455571459696077e-09
3.757182273792562e-02,1.456897844084131e-09
3.769961805336074e-02,1.458221978621057e-09
3.782741336879586e-02,1.459543873469909e-09
3.795520868423098e-02,1.460863538793743e-09
3.808300399966610e-02,1.462180984755614e-09
3.821079931510123e-02,1.463496221518577e-09
3.833859463053635e-02,1.464809259133915e-09
3.846638994597146e-02,1.466120107205814e-09
3.859418526140659e-02,1.467428775226685e-09
3.872198057684171e-02,1.468735272688938e-09
3.884977589227683e-02,1.470039609084982e-09
3.897757120771195e-02,1.471341793907229e-09
3.910536652314707e-02,1.472641836648088e-09
3.923316183858219e-02,1.473939746799969e-09
3.936095715401731e-02,1.475235533855283e-09
3.948875246945244e-02,1.476529207306440e-09
3.961654778488756e-02,1.477820776549512e-09
3.974434310032268e-02,1.479110250595234e-09
3.987213841575780e-02,1.480397638358016e-09
3.999993373119292e-02,1.481682948752267e-09
4.012772904662804e-02,1.482966190692395e-09
4.025552436206317e-02,1.484247373092810e-09
4.038331967749829e-02,1.485526504867921e-09
4.051111499293340e-02,1.486803594932136e-09
4.063891030836853e-02,1.488078652199865e-09
4.076670562380365e-02,1.489351685585516e-09
4.089450093923877e-02,1.490622703801957e-09
4.102229625467389e-02,1.491891714755808e-09
4.115009157010902e-02,1.493158726152106e-09
4.127788688554413e-02,1.494423745695888e-09
4.140568220097925e-02,1.495686781092192e-09
4.153347751641438e-02,1.496947840046055e-09
4.166127283184950e-02,1.498206930262513e-09
4.178906814728462e-02,1.499464059446605e-09
4.191686346271974e-02,1.500719235303368e-09
4.204465877815486e-02,1.501972465537838e-09
4.217245409358998e-02,1.503223757857434e-09
4.230024940902510e-02,1.504473119979104e-09
4.242804472446023e-02,1.505720559622175e-09
4.255584003989534e-02,1.506966084505973e-09
4.268363535533046e-02,1.508209702349829e-09
4.281143067076559e-02,1.509451420873070e-09
4.293922598620071e-02,1.510691247795024e-09
4.306702130163583e-02,1.511929190835018e-09
4.319481661707095e-02,1.513165257712382e-09
4.332261193250607e-02,1.514399456146442e-09
4.345040724794119e-02,1.515631793732291e-09
4.357820256337631e-02,1.516862277568101e-09
4.370599787881144e-02,1.518090914627817e-09
4.383379319424656e-02,1.519317711885387e-09
4.396158850968167e-02,1.520542676314757e-09
4.408938382511680e-02,1.521765814889874e-09
4.421717914055192e-02,1.522987134584683e-09
4.434497445598704e-02,1.524206642373133e-09
4.447276977142216e-02,1.525424345229169e-09
4.460056508685728e-02,1.526640250126738e-09
4.472836040229240e-02,1.527854363972304e-09
4.485615571772752e-02,1.529066693402367e-09
4.498395103316265e-02,1.530277244985928e-09
4.511174634859777e-02,1.531486025291989e-09
4.523954166403289e-02,1.532693040889552e-09
4.536733697946801e-02,1.533898298347618e-09
4.549513229490313e-02,1.535101804235190e-09
4.562292761033825e-02,1.536303565121267e-09
4.575072292577338e-02,1.537503587574853e-09
4.587851824120850e-02,1.538701878164948e-09
4.600631355664361e-02,1.539898443428584e-09
4.613410887207874e-02,1.541093289774902e-09
4.626190418751386e-02,1.542286423581070e-09
4.638969950294898e-02,1.543477851224257e-09
4.651749481838410e-02,1.544667579081631e-09
4.664529013381922e-02,1.545855613530361e-09
4.677308544925434e-02,1.547041960947614e-09
4.690088076468946e-02,1.548226627710559e-09
4.702867608012459e-02,1.549409620196364e-09
4.715647139555971e-02,1.550590944782198e-09
4.728426671099482e-02,1.551770607772974e-09
4.741206202642995e-02,1.552948615184597e-09
4.753985734186507e-02,1.554124972960721e-09
4.766765265730019e-02,1.555299687045001e-09
4.779544797273531e-02,1.556472763381092e-09
4.792324328817044e-02,1.557644207912649e-09
4.805103860360555e-02,1.558814026583325e-09
4.817883391904067e-02,1.559982225336777e-09
4.830662923447580e-02,1.561148810116659e-09
4.843442454991092e-02,1.562313786866625e-09
4.856221986534604e-02,1.563477161463832e-09
4.869001518078116e-02,1.564638939519471e-09
4.881781049621628e-02,1.565799126578253e-09
4.894560581165140e-02,1.566957728184883e-09
4.907340112708652e-02,1.568114749884070e-09
4.920119644252165e-02,1.569270197220524e-09
4.932899175795677e-02,1.570424075738951e-09
4.945678707339188e-02,1.571576390984059e-09
4.958458238882701e-02,1.572727148500558e-09
4.971237770426213e-02,1.573876353833154e-09
4.984017301969725e-02,1.575024012722517e-09
4.996796833513237e-02,1.576170131693193e-09
5.000000000000000e-02,1.576457163770976e-09
5.009576365056749e-02,1.577314717337062e-09
5.022355896600261e-02,1.578457775123846e-09
5.035135428143774e-02,1.579599309944447e-09
5.047914959687286e-02,1.580739326684953e-09
5.060694491230798e-02,1.581877830231451e-09
5.073474022774310e-02,1.583014825470028e-09
5.086253554317822e-02,1.584150317286771e-09
5.099033085861334e-02,1.585284310567769e-09
5.111812617404846e-02,1.586416810254983e-09
5.124592148948359e-02,1.587547821513875e-09
5.137371680491870e-02,1.588677349565777e-09
5.150151212035382e-02,1.589805399632022e-09
5.162930743578895e-02,1.590931976933944e-09
5.175710275122407e-02,1.592057086692877e-09
5.188489806665919e-02,1.593180734130152e-09
5.201269338209431e-02,1.594302924467104e-09
5.214048869752943e-02,1.595423662925066e-09
5.226828401296455e-02,1.596542954725371e-09
5.239607932839967e-02,1.597660805004931e-09
5.252387464383480e-02,1.598777218563003e-09
5.265166995926992e-02,1.599892200114436e-09
5.277946527470503e-02,1.601005754374082e-09
5.290726059014016e-02,1.602117886056793e-09
5.303505590557528e-02,1.603228599877418e-09
5.316285122101040e-02,1.604337900550809e-09
5.329064653644552e-02,1.605445792791816e-09
5.341844185188065e-02,1.606552281315291e-09
5.354623716731576e-02,1.607657370836084e-09
5.367403248275088e-02,1.608761066057487e-09
5.380182779818601e-02,1.609863371636556e-09
5.392962311362113e-02,1.610964292218784e-09
5.405741842905625e-02,1.612063832449666e-09
5.418521374449137e-02,1.613161996974697e-09
5.431300905992649e-02,1.614258790439370e-09
5.444080437536161e-02,1.615354217489182e-09
5.456859969079673e-02,1.616448282769625e-09
5.469639500623186e-02,1.617540990926196e-09
5.482419032166697e-02,1.618632346604387e-09
5.495198563710210e-02,1.619722354316919e-09
5.507978095253722e-02,1.620811018045417e-09
5.520757626797234e-02,1.621898341638731e-09
5.533537158340746e-02,1.622984328945716e-09
5.546316689884258e-02,1.624068983815221e-09
5.559096221427770e-02,1.625152310096100e-09
5.571875752971282e-02,1.626234311637204e-09
5.584655284514795e-02,1.627314992287384e-09
5.597434816058307e-02,1.628394355895494e-09
5.610214347601819e-02,1.629472406310384e-09
5.622993879145331e-02,1.630549147449088e-09
5.635773410688843e-02,1.631624583501339e-09
5.648552942232355e-02,1.632698718725039e-09
5.661332473775867e-02,1.633771557378093e-09
5.674112005319380e-02,1.634843103718403e-09
5.686891536862891e-02,1.635913362003872e-09
5.699671068406403e-02,1.636982336492403e-09
5.712450599949916e-02,1.638050031441900e-09
5.725230131493428e-02,1.639116451110265e-09
5.738009663036940e-02,1.640181599755401e-09
5.750789194580452e-02,1.641245481580647e-09
5.763568726123964e-02,1.642308100571062e-09
5.776348257667476e-02,1.643369460657132e-09
5.789127789210988e-02,1.644429565769343e-09
5.801907320754501e-02,1.645488419838181e-09
5.814686852298013e-02,1.646546026794132e-09
5.827466383841524e-02,1.647602390567682e-09
5.840245915385037e-02,1.648657515089316e-09
5.853025446928549e-02,1.649711404289522e-09
5.865804978472061e-02,1.650764062098784e-09
5.878584510015573e-02,1.651815492411465e-09
5.891364041559085e-02,1.652865698977433e-09
5.904143573102597e-02,1.653914685510432e-09
5.916923104646109e-02,1.654962455724204e-09
5.929702636189622e-02,1.656009013332494e-09
5.942482167733134e-02,1.657054362049046e-09
5.955261699276646e-02,1.658098505587603e-09
5.968041230820158e-02,1.659141447661909e-09
5.980820762363670e-02,1.660183191985708e-09
5.993600293907182e-02,1.661223742272743e-09
6.006379825450694e-02,1.662263102187589e-09
6.019159356994207e-02,1.663301275198159e-09
6.031938888537718e-02,1.664338264723204e-09
6.044718420081231e-02,1.665374074181476e-09
6.057497951624743e-02,1.666408706991726e-09
6.070277483168255e-02,1.667442166572704e-09
6.083057014711767e-02,1.668474456343162e-09
6.095836546255279e-02,1.669505579721850e-09
6.108616077798791e-02,1.670535540127520e-09
6.121395609342303e-02,1.671564340978923e-09
6.134175140885816e-02,1.672591985702736e-09
6.146954672429328e-02,1.673618477757343e-09
6.159734203972840e-02,1.674643820609053e-09
6.172513735516352e-02,1.675668017724178e-09
6.185293267059864e-02,1.676691072569029e-09
6.198072798603376e-02,1.677712988609916e-09
6.210852330146888e-02,1.678733769313150e-09
6.223631861690401e-02,1.679753418145042e-09
6.236411393233912e-02,1.680771938571902e-09
6.249190924777424e-02,1.681789334060042e-09
6.261970456320937e-02,1.682805608033298e-09
6.274749987864449e-02,1.683820763745606e-09
6.287529519407961e-02,1.684834804408427e-09
6.300309050951473e-02,1.685847733233222e-09
6.313088582494986e-02,1.686859553431450e-09
6.325868114038498e-02,1.687870268214574e-09
6.338647645582010e-02,1.688879880794053e-09
6.351427177125522e-02,1.689888394381348e-09
6.364206708669033e-02,1.690895812187919e-09
6.376986240212545e-02,1.691902137425228e-09
6.389765771756058e-02,1.692907373283153e-09
6.402545303299570e-02,1.693911522865249e-09
6.415324834843082e-02,1.694914589253492e-09
6.428104366386594e-02,1.695916575529859e-09
6.440883897930107e-02,1.696917484776324e-09
6.453663429473619e-02,1.697917320074864e-09
6.466442961017131e-02,1.698916084507455e-09
6.479222492560642e-02,1.699913781156072e-09
6.492002024104154e-02,1.700910413102692e-09
6.504781555647667e-02,1.701905983429289e-09
6.517561087191179e-02,1.702900495175200e-09
6.530340618734691e-02,1.703893951209175e-09
6.543120150278203e-02,1.704886354357316e-09
6.555899681821716e-02,1.705877707445725e-09
6.568679213365228e-02,1.706868013300503e-09
6.581458744908740e-02,1.707857274747752e-09
6.594238276452252e-02,1.708845494613574e-09
6.607017807995763e-02,1.709832675724069e-09
6.619797339539275e-02,1.710818820905339e-09
6.632576871082788e-02,1.711803932983487e-09
6.645356402626300e-02,1.712788014799247e-09
6.658135934169812e-02,1.713771069251886e-09
6.670915465713324e-02,1.714753099255307e-09
6.683694997256837e-02,1.715734107723412e-09
6.696474528800349e-02,1.716714097570103e-09
6.709254060343861e-02,1.717693071709282e-09
6.722033591887373e-02,1.718671033054850e-09
6.734813123430886e-02,1.719647984520710e-09
6.747592654974396e-02,1.720623929020764e-09
6.760372186517909e-02,1.721598869468914e-09
6.773151718061421e-02,1.722572808754486e-09
6.785931249604933e-02,1.723545749668508e-09
6.798710781148445e-02,1.724517694977434e-09
6.811490312691958e-02,1.725488647447719e-09
6.824269844235470e-02,1.726458609845816e-09
6.837049375778982e-02,1.727427584938180e-09
6.849828907322494e-02,1.728395575491265e-09
6.862608438866007e-02,1.729362584271526e-09
6.875387970409517e-02,1.730328614045416e-09
6.888167501953030e-02,1.731293667579390e-09
6.900947033496542e-02,1.732257747580790e-09
6.913726565040054e-02,1.733220856520483e-09
6.926506096583566e-02,1.734182996810210e-09
6.939285628127079e-02,1.735144170861713e-09
6.952065159670591e-02,1.736104381086731e-09
6.964844691214103e-02,1.737063629897007e-09
6.977624222757615e-02,1.738021919704282e-09
6.990403754301128e-02,1.738979252920295e-09
7.003183285844640e-02,1.739935631956790e-09
7.015962817388151e-02,1.740891059225507e-09
7.028742348931663e-02,1.741845537171656e-09
7.041521880475175e-02,1.742799068374333e-09
7.054301412018688e-02,1.743751655446108e-09
7.067080943562200e-02,1.744703300999549e-09
7.079860475105712e-02,1.745654007647223e-09
7.092640006649224e-02,1.746603778001701e-09
7.105419538192737e-02,1.747552614675550e-09
7.118199069736249e-02,1.748500520281339e-09
7.130978601279761e-02,1.749447497431637e-09
7.152277820518949e-02,1.751023736543574e-09
7.173577039758135e-02,1.752597415812559e-09
7.194876258997322e-02,1.754168546572402e-09
7.216175478236508e-02,1.755737140004623e-09
7.237474697475696e-02,1.757303207290742e-09
7.258773916714882e-02,1.758866759612283e-09
7.280073135954070e-02,1.760427808150766e-09
7.301372355193256e-02,1.761986364087711e-09
7.322671574432443e-02,1.763542438604640e-09
7.343970793671629e-02,1.765096042883074e-09
7.365270012910817e-02,1.766647188104534e-09
7.386569232150003e-02,1.768195885304711e-09
7.407868451389191e-02,1.769742144935972e-09
7.429167670628377e-02,1.771285977304854e-09
7.450466889867564e-02,1.772827392717897e-09
7.471766109106751e-02,1.774366401481637e-09
7.493065328345938e-02,1.775903013902612e-09
7.514364547585124e-02,1.777437240287359e-09
7.535663766824312e-02,1.778969090942417e-09
7.556962986063498e-02,1.780498576174323e-09
7.578262205302685e-02,1.782025706289615e-09
7.599561424541872e-02,1.783550491598147e-09
7.620860643781059e-02,1.785072942423044e-09
7.642159863020245e-02,1.786593069090750e-09
7.663459082259433e-02,1.788110881927704e-09
7.684758301498619e-02,1.789626391260348e-09
7.706057520737807e-02,1.791139607415126e-09
7.727356739976993e-02,1.792650540718477e-09
7.748655959216180e-02,1.794159201496845e-09
7.769955178455366e-02,1.795665600076671e-09
7.791254397694554e-02,1.797169746784397e-09
7.812553616933740e-02,1.798671651398786e-09
7.833852836172928e-02,1.800171321508013e-09
7.855152055412114e-02,1.801668764152637e-09
7.876451274651301e-02,1.803163986373214e-09
7.897750493890487e-02,1.804656995210304e-09
7.919049713129675e-02,1.806147797704463e-09
7.940348932368861e-02,1.807636400896250e-09
7.961648151608049e-02,1.809122811826222e-09
7.982947370847235e-02,1.810607037534938e-09
8.004246590086422e-02,1.812089085062955e-09
8.025545809325609e-02,1.813568963045731e-09
8.046845028564796e-02,1.815046686498692e-09
8.068144247803982e-02,1.816522272032345e-09
8.089443467043170e-02,1.817995736257199e-09
8.110742686282357e-02,1.819467095783763e-09
8.132041905521543e-02,1.820936367222546e-09
8.153341124760730e-02,1.822403567184057e-09
8.174640343999917e-02,1.823868712278804e-09
8.195939563239105e-02,1.825331819117296e-09
8.217238782478291e-02,1.826792904310042e-09
8.238538001717477e-02,1.828251978173960e-09
8.259837220956665e-02,1.829709025850836e-09
8.281136440195852e-02,1.831164026188478e-09
8.302435659435038e-02,1.832616958034697e-09
8.323734878674224e-02,1.834067800237300e-09
8.345034097913412e-02,1.835516531644099e-09
8.366333317152599e-02,1.836963131102901e-09
8.387632536391786e-02,1.838407577461516e-09
8.408931755630973e-02,1.839849849567754e-09
8.430230974870159e-02,1.841289926269423e-09
8.451530194109347e-02,1.842727809595245e-09
8.472829413348533e-02,1.844163594297912e-09
8.494128632587720e-02,1.845597398311194e-09
8.515427851826907e-02,1.847029339568859e-09
8.536727071066094e-02,1.848459536004676e-09
8.558026290305280e-02,1.849888105552415e-09
8.579325509544468e-02,1.851315166145844e-09
8.600624728783654e-02,1.852740835718731e-09
8.621923948022842e-02,1.854165232204846e-09
8.643223167262028e-02,1.855588473537958e-09
8.664522386501215e-02,1.857010590257210e-09
8.685821605740401e-02,1.858431263331474e-09
8.707120824979589e-02,1.859850086339118e-09
8.728420044218775e-02,1.861266652858508e-09
8.749719263457963e-02,1.862680556468007e-09
8.771018482697149e-02,1.864091390745983e-09
8.792317701936336e-02,1.865498749270800e-09
8.813616921175522e-02,1.866902225620826e-09
8.834916140414710e-02,1.868301413374426e-09
8.856215359653896e-02,1.869695906109964e-09
8.877514578893084e-02,1.871085478776162e-09
8.898813798132270e-02,1.872470631766409e-09
8.920113017371457e-02,1.873852046826074e-09
8.941412236610644e-02,1.875230405700527e-09
8.962711455849831e-02,1.876606390135136e-09
8.984010675089017e-02,1.877980681875271e-09
9.005309894328205e-02,1.879353962666301e-09
9.026609113567391e-02,1.880726914253596e-09
9.047908332806578e-02,1.882100218382525e-09
9.069207552045766e-02,1.883474556798457e-09
9.090506771284952e-02,1.884850426065549e-09
9.111805990524138e-02,1.886227581976374e-09
9.133105209763326e-02,1.887605595118922e-09
9.154404429002513e-02,1.888984036081185e-09
9.175703648241700e-02,1.890362475451153e-09
9.197002867480886e-02,1.891740483816816e-09
9.218302086720073e-02,1.893117631766168e-09
9.239601305959261e-02,1.894493489887196e-09
9.260900525198447e-02,1.895867628767893e-09
9.282199744437633e-02,1.897239618996250e-09
9.303498963676821e-02,1.898609122311312e-09
9.324798182916008e-02,1.899976165069468e-09
9.346097402155194e-02,1.901340864784721e-09
9.367396621394380e-02,1.902703338971078e-09
9.388695840633568e-02,1.904063705142545e-09
9.409995059872756e-02,1.905422080813125e-09
9.431294279111942e-02,1.906778583496824e-09
9.452593498351128e-02,1.908133330707648e-09
9.473892717590315e-02,1.909486439959601e-09
9.495191936829503e-02,1.910838028766690e-09
9.516491156068689e-02,1.912188189598651e-09
9.537790375307875e-02,1.913536914747264e-09
9.559089594547063e-02,1.914884171459595e-09
9.580388813786250e-02,1.916229926982710e-09
9.601688033025436e-02,1.917574148563675e-09
9.622987252264624e-02,1.918916803449556e-09
9.644286471503810e-02,1.920257858887419e-09
9.665585690742998e-02,1.921597282124331e-09
9.686884909982184e-02,1.922935040407356e-09
9.708184129221371e-02,1.924271100983563e-09
9.729483348460558e-02,1.925605437148856e-09
9.750782567699745e-02,1.926938046394068e-09
9.772081786938931e-02,1.928268932258650e-09
9.793381006178119e-02,1.929598098282053e-09
9.814680225417305e-02,1.930925548003729e-09
9.835979444656492e-02,1.932251284963130e-09
9.857278663895679e-02,1.933575312699706e-09
9.878577883134866e-02,1.934897634752911e-09
9.899877102374052e-02,1.936218254662194e-09
9.921176321613240e-02,1.937537175967009e-09
9.942475540852426e-02,1.938854400351482e-09
9.963774760091614e-02,1.940169922078785e-09
9.985073979330800e-02,1.941483733556930e-09
1.000637319857000e-01,1.942795827193935e-09
1.002767241780920e-01,1.944106195397812e-09
1.004897163704840e-01,1.945414830576577e-09
1.007027085628750e-01,1.946721725138237e-09
1.009157007552670e-01,1.948026871490820e-09
1.011286929476590e-01,1.949330262042334e-09
1.013416851400510e-01,1.950631889200793e-09
1.015546773324430e-01,1.951931745714004e-09
1.017676695248350e-01,1.953229825689224e-09
1.019806617172270e-01,1.954526123573644e-09
1.021936539096190e-01,1.955820633814455e-09
1.024066461020100e-01,1.957113350858842e-09
1.026196382944020e-01,1.958404269154009e-09
1.028326304867940e-01,1.959693383147140e-09
1.030456226791860e-01,1.960980687285426e-09
1.032586148715780e-01,1.962266176016060e-09
1.034716070639700e-01,1.963549843786230e-09
1.036845992563620e-01,1.964831685441899e-09
1.038975914487540e-01,1.966111697423940e-09
1.041105836411450e-01,1.967389876571913e-09
1.043235758335370e-01,1.968666219725394e-09
1.045365680259290e-01,1.969940723723942e-09
1.047495602183210e-01,1.971213385407123e-09
1.049625524107130e-01,1.972484201614500e-09
1.051755446031050e-01,1.973753169185639e-09
1.053885367954970e-01,1.975020284960104e-09
1.056015289878880e-01,1.976285545777454e-09
1.058145211802800e-01,1.977548949371778e-09
1.060275133726720e-01,1.978810497053726e-09
1.062405055650640e-01,1.980070191027742e-09
1.064534977574560e-01,1.981328033498263e-09
1.066664899498480e-01,1.982584026669731e-09
1.068794821422400e-01,1.983838172746584e-09
1.070924743346320e-01,1.985090473933264e-09
1.073054665270230e-01,1.986340932434203e-09
1.075184587194150e-01,1.987589550453855e-09
1.077314509118070e-01,1.988836330196653e-09
1.079444431041990e-01,1.990081275250880e-09
1.081574352965910e-01,1.991324394744017e-09
1.083704274889830e-01,1.992565699189306e-09
1.085834196813750e-01,1.993805199099985e-09
1.087964118737660e-01,1.995042904989289e-09
1.090094040661580e-01,1.996278827370468e-09
1.092223962585500e-01,1.997512976756757e-09
1.094353884509420e-01,1.998745363661397e-09
1.096483806433340e-01,1.999975998597625e-09
1.098613728357260e-01,2.001204892078683e-09
1.100743650281180e-01,2.002432056127181e-09
1.102873572205100e-01,2.003657508805519e-09
1.105003494129010e-01,2.004881269686621e-09
1.107133416052930e-01,2.006103358343425e-09
1.109263337976850e-01,2.007323794348854e-09
1.111393259900770e-01,2.008542597275834e-09
1.113523181824690e-01,2.009759786697295e-09
1.115653103748610e-01,2.010975382186163e-09
1.117783025672530e-01,2.012189403315366e-09
1.119912947596450e-01,2.013401869657832e-09
1.122042869520360e-01,2.014612802161095e-09
1.124172791444280e-01,2.015822227271560e-09
1.126302713368200e-01,2.017030172810433e-09
1.128432635292120e-01,2.018236666598922e-09
1.130562557216040e-01,2.019441736458238e-09
1.132692479139960e-01,2.020645410209589e-09
1.134822401063880e-01,2.021847715674187e-09
1.136952322987790e-01,2.023048680673234e-09
1.139082244911710e-01,2.024248333027953e-09
1.141212166835630e-01,2.025446700559546e-09
1.143342088759550e-01,2.026643812039274e-09
1.145472010683470e-01,2.027839700037707e-09
1.147601932607390e-01,2.029034398075017e-09
1.149731854531310e-01,2.030227939671378e-09
1.151861776455230e-01,2.031420358346963e-09
1.153991698379140e-01,2.032611687621940e-09
1.156121620303060e-01,2.033801961016493e-09
1.158251542226980e-01,2.034991212050790e-09
1.160381464150900e-01,2.036179474245004e-09
1.162511386074820e-01,2.037366781119309e-09
1.164641307998740e-01,2.038553165995077e-09
1.166771229922660e-01,2.039738661398918e-09
1.168901151846570e-01,2.040923299658849e-09
1.171031073770490e-01,2.042107113102908e-09
1.173160995694410e-01,2.043290134059112e-09
1.175290917618330e-01,2.044472394855485e-09
1.177420839542250e-01,2.045653927820054e-09
1.179550761466170e-01,2.046834765280841e-09
1.181680683390090e-01,2.048014939565872e-09
1.183810605314010e-01,2.049194483003170e-09
1.185940527237920e-01,2.050373426436982e-09
1.188070449161840e-01,2.051551794773175e-09
1.190200371085760e-01,2.052729611432174e-09
1.192330293009680e-01,2.053906899834411e-09
1.194460214933600e-01,2.055083683400320e-09
1.196590136857520e-01,2.056259985550330e-09
1.198720058781440e-01,2.057435829704874e-09
1.200849980705360e-01,2.058611239284385e-09
1.202979902629270e-01,2.059786237709288e-09
1.205109824553190e-01,2.060960848400026e-09
1.207239746477110e-01,2.062135092001632e-09
1.209369668401030e-01,2.063308978054829e-09
1.211499590324950e-01,2.064482513323574e-09
1.213629512248870e-01,2.065655704571823e-09
1.215759434172790e-01,2.066828558563534e-09
1.217889356096700e-01,2.068001082062659e-09
1.220019278020620e-01,2.069173281833166e-09
1.222149199944540e-01,2.070345164639006e-09
1.224279121868460e-01,2.071516737244136e-09
1.226409043792380e-01,2.072688006412513e-09
1.228538965716300e-01,2.073858974926765e-09
1.230668887640220e-01,2.075029629645180e-09
1.232798809564140e-01,2.076199953445208e-09
1.234928731488050e-01,2.077369929204293e-09
1.237058653411970e-01,2.078539539799896e-09
1.239188575335890e-01,2.079708768109460e-09
1.241318497259810e-01,2.080877597010437e-09
1.243448419183730e-01,2.082046009380275e-09
1.245578341107650e-01,2.083213988096424e-09
1.247708263031570e-01,2.084381516036334e-09
1.249838184955480e-01,2.085548573881682e-09
1.251968106879400e-01,2.086715133534353e-09
1.254098028803320e-01,2.087881164702072e-09
1.256227950727240e-01,2.089046637092571e-09
1.258357872651160e-01,2.090211520413582e-09
1.260487794575080e-01,2.091375784372838e-09
1.262617716499000e-01,2.092539398678070e-09
1.264747638422920e-01,2.093702333037010e-09
1.266877560346830e-01,2.094864557157386e-09
1.269007482270750e-01,2.096026040746939e-09
1.271137404194670e-01,2.097186744833898e-09
1.273267326118590e-01,2.098346595752076e-09
1.275397248042510e-01,2.099505511167575e-09
1.277527169966430e-01,2.100663408746493e-09
1.279657091890350e-01,2.101820206154929e-09
1.281787013814270e-01,2.102975821058983e-09
1.283916935738180e-01,2.104130171124749e-09
1.286046857662100e-01,2.105283174018337e-09
1.288176779586020e-01,2.106434747405840e-09
1.290306701509940e-01,2.107584808953359e-09
1.292436623433860e-01,2.108733299386645e-09
1.294566545357780e-01,2.109880251708844e-09
1.296696467281700e-01,2.111025722002151e-09
1.298826389205610e-01,2.112169766348757e-09
1.300956311129530e-01,2.113312440830868e-09
1.303086233053450e-01,2.114453801530676e-09
1.305216154977370e-01,2.115593904530375e-09
1.307346076901290e-01,2.116732805912161e-09
1.309475998825210e-01,2.117870561758231e-09
1.311605920749130e-01,2.119007228150780e-09
1.313735842673050e-01,2.120142776255261e-09
1.315865764596960e-01,2.121276837532236e-09
1.317995686520880e-01,2.122408958506582e-09
1.320125608444800e-01,2.123538685703157e-09
1.322255530368720e-01,2.124665565646827e-09
1.324385452292640e-01,2.125789144862457e-09
1.326515374216560e-01,2.126908969874911e-09
1.328645296140480e-01,2.128024587209056e-09
1.330775218064400e-01,2.129135543389755e-09
1.332905139988310e-01,2.130241384941869e-09
1.335035061912230e-01,2.131341990661269e-09
1.337164983836150e-01,2.132438568165757e-09
1.339294905760070e-01,2.133532657213129e-09
1.341424827683990e-01,2.134625797561184e-09
1.343554749607910e-01,2.135719528967719e-09
1.345684671531830e-01,2.136815391190533e-09
1.347814593455740e-01,2.137914923987418e-09
1.349944515379660e-01,2.139019667116182e-09
1.352074437303580e-01,2.140131160334617e-09
1.354204359227500e-01,2.141250943400521e-09
1.356334281151420e-01,2.142379342480442e-09
1.358464203075340e-01,2.143511831831479e-09
1.360594124999260e-01,2.144642673346950e-09
1.362724046923180e-01,2.145766128920171e-09
1.364853968847090e-01,2.146876460444454e-09
1.366983890771010e-01,2.147967929813125e-09
1.369113812694930e-01,2.149034798919497e-09
1.371243734618850e-01,2.150071329656886e-09
1.373373656542770e-01,2.151071783918609e-09
1.375503578466690e-01,2.152030423597981e-09
1.377633500390610e-01,2.152946067450842e-09
1.379763422314520e-01,2.153835772508509e-09
1.381893344238440e-01,2.154721158079150e-09
1.384023266162360e-01,2.155623843470916e-09
1.386153188086280e-01,2.156565447991964e-09
1.388283110010200e-01,2.157567590950450e-09
1.390413031934120e-01,2.158651891654533e-09
1.392542953858040e-01,2.159839969412367e-09
1.394672875781960e-01,2.161153443532110e-09
1.396802797705870e-01,2.162613933321912e-09
1.398932719629790e-01,2.164234491537363e-09
1.401062641553710e-01,2.165993894958796e-09
1.403192563477630e-01,2.167862348930814e-09
1.405322485401550e-01,2.169810058798021e-09
1.407452407325470e-01,2.171807229905018e-09
1.409582329249390e-01,2.173824067596410e-09
1.411712251173300e-01,2.175830777216789e-09
1.413842173097220e-01,2.177797564110778e-09
1.415972095021140e-01,2.179694633622969e-09
1.418102016945060e-01,2.181492191097967e-09
1.420231938868980e-01,2.183167864769587e-09
1.422361860792900e-01,2.184728973719847e-09
1.424491782716820e-01,2.186190259565663e-09
1.426621704640740e-01,2.187566463923948e-09
1.428751626564650e-01,2.188872328411611e-09
1.430881548488570e-01,2.190122594645578e-09
1.433011470412490e-01,2.191332004242757e-09
1.435141392336410e-01,2.192515298820062e-09
1.437271314260330e-01,2.193687219994406e-09
1.439401236184250e-01,2.194862509382706e-09
1.441531158108170e-01,2.196052655811362e-09
1.443661080032090e-01,2.197256141272392e-09
1.445791001956000e-01,2.198468197130759e-09
1.447920923879920e-01,2.199684054751443e-09
1.450050845803840e-01,2.200898945499411e-09
1.452180767727760e-01,2.202108100739631e-09
1.454310689651680e-01,2.203306751837075e-09
1.456440611575600e-01,2.204490130156712e-09
1.458570533499520e-01,2.205653467063512e-09
1.460700455423430e-01,2.206791993922441e-09
1.462830377347350e-01,2.207901936164177e-09
1.464960299271270e-01,2.208983492932355e-09
1.467090221195190e-01,2.210037856161817e-09
1.469220143119110e-01,2.211066217787402e-09
1.471350065043030e-01,2.212069769743951e-09
1.473479986966950e-01,2.213049703966303e-09
1.475609908890870e-01,2.214007212389300e-09
1.477739830814780e-01,2.214943486947776e-09
1.479869752738700e-01,2.215859719576581e-09
1.481999674662620e-01,2.216757102210551e-09
1.484129596586540e-01,2.217636702572345e-09
1.486259518510460e-01,2.218499091308175e-09
1.488389440434380e-01,2.219344714738182e-09
1.490519362358300e-01,2.220174019182506e-09
1.492649284282220e-01,2.220987450961288e-09
1.494779206206130e-01,2.221785456394667e-09
1.496909128130050e-01,2.222568481802790e-09
1.499039050053970e-01,2.223336973505794e-09
1.501168971977890e-01,2.224091377823822e-09
1.503298893901810e-01,2.224832141077012e-09
1.505428815825730e-01,2.225559856450052e-09
1.507558737749650e-01,2.226275704673592e-09
1.509688659673560e-01,2.226981013386730e-09
1.511818581597480e-01,2.227677110228569e-09
1.513948503521400e-01,2.228365322838206e-09
1.516078425445320e-01,2.229046978854738e-09
1.518208347369240e-01,2.229723405917264e-09
1.520338269293160e-01,2.230395931664882e-09
1.522468191217080e-01,2.231065883736691e-09
1.524598113141000e-01,2.231734589771790e-09
1.526728035064910e-01,2.232403371654634e-09
1.528857956988830e-01,2.233073528254798e-09
1.530987878912750e-01,2.233746352689044e-09
1.533117800836670e-01,2.234423138074135e-09
1.535247722760590e-01,2.235105177526835e-09
1.537377644684510e-01,2.235793764163908e-09
1.539507566608430e-01,2.236490191102118e-09
1.541637488532340e-01,2.237195751458226e-09
1.543767410456260e-01,2.237911738349000e-09
1.545897332380180e-01,2.238639444891203e-09
1.548027254304100e-01,2.239380111630988e-09
1.550157176228020e-01,2.240134768930492e-09
1.552287098151940e-01,2.240904394630442e-09
1.554417020075860e-01,2.241689966571563e-09
1.556546941999780e-01,2.242492462594583e-09
1.558676863923690e-01,2.243312860540225e-09
1.560806785847610e-01,2.244152138249223e-09
1.562936707771530e-01,2.245011273562298e-09
1.565066629695450e-01,2.245891244320179e-09
1.567196551619370e-01,2.246793028363592e-09
1.569326473543290e-01,2.247717424888601e-09
1.571456395467210e-01,2.248664518061192e-09
1.573586317391130e-01,2.249634213176899e-09
1.575716239315040e-01,2.250626415531256e-09
1.577846161238960e-01,2.251641030419806e-09
1.579976083162880e-01,2.252677963138082e-09
1.582106005086800e-01,2.253737118981619e-09
1.584235927010720e-01,2.254818403245954e-09
1.586365848934640e-01,2.255921721226623e-09
1.588495770858560e-01,2.257046978219161e-09
1.590625692782470e-01,2.258194081500746e-09
1.592755614706390e-01,2.259362946277715e-09
1.594885536630310e-01,2.260553489739318e-09
1.597015458554230e-01,2.261765629074807e-09
1.599145380478150e-01,2.262999281473437e-09
1.601275302402070e-01,2.264254364124460e-09
1.603405224325990e-01,2.265530794217130e-09
1.605535146249910e-01,2.266828488940700e-09
1.607665068173820e-01,2.268147365484418e-09
1.609794990097740e-01,2.269487341037550e-09
1.611924912021660e-01,2.270847628180355e-09
1.614054833945580e-01,2.272224621017837e-09
1.616184755869500e-01,2.273614009026356e-09
1.618314677793420e-01,2.275011481682274e-09
1.620444599717340e-01,2.276412728461951e-09
1.622574521641260e-01,2.277813438841748e-09
1.624704443565170e-01,2.279209302298020e-09
1.626834365489090e-01,2.280596008307140e-09
1.628964287413010e-01,2.281969246345461e-09
1.631094209336930e-01,2.283324705889347e-09
1.633224131260850e-01,2.284660250375426e-09
1.635354053184770e-01,2.285982436517807e-09
1.637483975108690e-01,2.287299993709255e-09
1.639613897032600e-01,2.288621651342526e-09
1.641743818956520e-01,2.289956138810399e-09
1.643873740880440e-01,2.291312185505632e-09
1.646003662804360e-01,2.292698520820989e-09
1.648133584728280e-01,2.294123874149235e-09
1.650263506652200e-01,2.295596974883134e-09
1.652393428576120e-01,2.297126552415451e-09
1.654523350500040e-01,2.298722517935759e-09
1.656653272423950e-01,2.300399506968150e-09
1.658783194347870e-01,2.302173335407625e-09
1.660913116271790e-01,2.304059819149161e-09
1.663043038195710e-01,2.306074774087745e-09
1.665172960119630e-01,2.308234016118361e-09
1.667302882043550e-01,2.310553361135995e-09
1.669432803967470e-01,2.313048625035632e-09
1.671562725891380e-01,2.315735623712245e-09
1.673692647815300e-01,2.318630173060843e-09
1.675822569739220e-01,2.321740935596965e-09
1.677952491663140e-01,2.325047946121071e-09
1.680082413587060e-01,2.328524078953757e-09
1.682212335510980e-01,2.332142208415616e-09
1.684342257434900e-01,2.335875208827244e-09
1.686472179358820e-01,2.339695954509234e-09
1.688602101282730e-01,2.343577319782161e-09
1.690732023206650e-01,2.347492178966659e-09
1.692861945130570e-01,2.351413406383300e-09
1.694991867054490e-01,2.355313876352681e-09
1.697121788978410e-01,2.359169835747496e-09
1.699251710902330e-01,2.362971024175186e-09
1.701381632826250e-01,2.366710555058573e-09
1.703511554750170e-01,2.370381541820484e-09
1.705641476674080e-01,2.373977097883724e-09
1.707771398598000e-01,2.377490336671153e-09
1.709901320521920e-01,2.380914371605579e-09
1.712031242445840e-01,2.384242316109826e-09
1.714161164369760e-01,2.387467283606719e-09
1.716291086293680e-01,2.390582387519082e-09
1.718421008217600e-01,2.393580617329700e-09
1.720550930141510e-01,2.396454466821444e-09
1.722680852065430e-01,2.399196305867307e-09
1.724810773989350e-01,2.401798504340244e-09
1.726940695913270e-01,2.404253432113221e-09
1.729070617837190e-01,2.406553459059208e-09
1.731200539761110e-01,2.408690955051172e-09
1.733330461685030e-01,2.410658289962081e-09
1.735460383608950e-01,2.412447833664902e-09
1.737590305532860e-01,2.414051956032597e-09
1.739720227456780e-01,2.415464537993637e-09
1.741850149380700e-01,2.416685502097899e-09
1.743980071304620e-01,2.417716280650771e-09
1.746109993228540e-01,2.418558305957639e-09
1.748239915152460e-01,2.419213010323890e-09
1.750369837076380e-01,2.419681826054912e-09
1.752499759000290e-01,2.419966185456090e-09
1.754629680924210e-01,2.420067520832814e-09
1.756759602848130e-01,2.419987264490469e-09
1.758889524772050e-01,2.419726848734443e-09
1.761019446695970e-01,2.419288795285946e-09
1.763149368619890e-01,2.418679986447304e-09
1.765279290543810e-01,2.417908395396065e-09
1.767409212467730e-01,2.416981995309777e-09
1.769539134391640e-01,2.415908759365995e-09
1.771669056315560e-01,2.414696660742256e-09
1.773798978239480e-01,2.413353672616113e-09
1.775928900163400e-01,2.411887768165115e-09
1.778058822087320e-01,2.410306920566809e-09
1.780188744011240e-01,2.408619102998745e-09
1.782318665935160e-01,2.406833558782663e-09
1.784448587859070e-01,2.404964613649271e-09
1.786578509782990e-01,2.403027864389704e-09
1.788708431706910e-01,2.401038907795122e-09
1.790838353630830e-01,2.399013340656675e-09
1.792968275554750e-01,2.396966759765515e-09
1.795098197478670e-01,2.394914761912794e-09
1.797228119402590e-01,2.392872943889662e-09
1.799358041326510e-01,2.390856902487270e-09
1.801487963250420e-01,2.388882234496780e-09
1.803617885174340e-01,2.386962475531158e-09
1.805747807098260e-01,2.385102916063967e-09
1.807877729022180e-01,2.383306785177199e-09
1.810007650946100e-01,2.381577311952852e-09
1.812137572870020e-01,2.379917725472917e-09
1.814267494793940e-01,2.378331254819392e-09
1.816397416717860e-01,2.376821129074270e-09
1.818527338641770e-01,2.375390577319553e-09
1.820657260565690e-01,2.374042828637221e-09
1.822787182489610e-01,2.372781112109277e-09
1.824917104413530e-01,2.371614654471492e-09
1.827047026337450e-01,2.370576666909055e-09
1.829176948261370e-01,2.369706355178487e-09
1.831306870185290e-01,2.369042925036308e-09
1.833436792109200e-01,2.368625582239040e-09
1.835566714033120e-01,2.368493532543200e-09
1.837696635957040e-01,2.368685981705310e-09
1.839826557880960e-01,2.369242135481891e-09
1.841956479804880e-01,2.370201199629463e-09
1.844086401728800e-01,2.371602379904546e-09
1.846216323652720e-01,2.373456924439684e-09
1.848346245576640e-01,2.375664314131331e-09
1.850476167500550e-01,2.378096103872913e-09
1.852606089424470e-01,2.380623848557892e-09
1.854736011348390e-01,2.383119103079696e-09
1.856865933272310e-01,2.385453422331763e-09
1.858995855196230e-01,2.387498361207532e-09
1.861125777120150e-01,2.389125474600441e-09
1.863255699044070e-01,2.390206317403930e-09
1.865385620967990e-01,2.390612444511434e-09
1.867515542891900e-01,2.390312382808833e-09
1.869645464815820e-01,2.389662754287796e-09
1.871775386739740e-01,2.389117256528112e-09
1.873905308663660e-01,2.389129587109571e-09
1.876035230587580e-01,2.390153443611965e-09
1.878165152511500e-01,2.392642523615083e-09
1.880295074435420e-01,2.397050524698715e-09
1.882424996359330e-01,2.403831144442616e-09
1.884554918283250e-01,2.413438080426634e-09
1.886684840207170e-01,2.426325030230537e-09
1.888814762131090e-01,2.442726528464736e-09
1.890944684055010e-01,2.462000260533131e-09
1.893074605978930e-01,2.483284650194639e-09
1.895204527902850e-01,2.505718121208188e-09
1.897334449826770e-01,2.528439097332696e-09
1.899464371750680e-01,2.550586002326981e-09
1.901594293674600e-01,2.571297259950176e-09
1.903724215598520e-01,2.589711293961096e-09
1.905854137522440e-01,2.604966528118659e-09
1.907984059446360e-01,2.616201386181791e-09
1.910113981370280e-01,2.622795247294274e-09
1.912243903294200e-01,2.625091231441630e-09
1.914373825218110e-01,2.623673373647086e-09
1.916503747142030e-01,2.619125708933841e-09
1.918633669065950e-01,2.612032272325105e-09
1.920763590989870e-01,2.602977098844091e-09
1.922893512913790e-01,2.592544223514012e-09
1.925023434837710e-01,2.581317681358085e-09
1.927153356761630e-01,2.569881507399517e-09
1.929283278685550e-01,2.558819736661524e-09
1.931413200609460e-01,2.548603346896991e-09
1.933543122533380e-01,2.539251264255467e-09
1.935673044457300e-01,2.530669446338009e-09
1.937802966381220e-01,2.522763850745631e-09
1.939932888305140e-01,2.515440435079341e-09
1.942062810229060e-01,2.508605156940149e-09
1.944192732152980e-01,2.502163973929066e-09
1.946322654076900e-01,2.496022843647101e-09
1.948452576000810e-01,2.490087723695291e-09
1.950582497924730e-01,2.484264571674592e-09
1.952712419848650e-01,2.478484553071342e-09
1.954842341772570e-01,2.472779594221852e-09
1.956972263696490e-01,2.467206794014517e-09
1.959102185620410e-01,2.461823251337737e-09
1.961232107544330e-01,2.456686065079909e-09
1.963362029468240e-01,2.451852334129453e-09
1.965491951392160e-01,2.447379157374720e-09
1.967621873316080e-01,2.443323633704132e-09
1.969751795240000e-01,2.439742862006086e-09
1.971881717163920e-01,2.436693941168981e-09
1.974011639087840e-01,2.434224646194409e-09
1.976141561011760e-01,2.432345441676160e-09
1.978271482935680e-01,2.431057460889447e-09
1.980401404859590e-01,2.430361837109487e-09
1.982531326783510e-01,2.430259703611486e-09
1.984661248707430e-01,2.430752193670660e-09
1.986791170631350e-01,2.431840440562226e-09
1.988921092555270e-01,2.433525577561394e-09
1.991051014479190e-01,2.435808737943379e-09
1.993180936403110e-01,2.438691054983395e-09
1.995310858327020e-01,2.442170115765533e-09
1.997440780250940e-01,2.446229321338850e-09
1.999570702174860e-01,2.450848525925884e-09
2.001700624098780e-01,2.456007583749188e-09
2.003830546022700e-01,2.461686349031316e-09
2.005960467946620e-01,2.467864675994821e-09
2.008090389870540e-01,2.474522418862256e-09
2.010220311794460e-01,2.481639431856176e-09
2.012350233718370e-01,2.489195569199096e-09
2.014480155642290e-01,2.497170685113641e-09
2.016610077566210e-01,2.505541315671776e-09
2.018739999490130e-01,2.514270727252610e-09
2.020869921414050e-01,2.523318869539205e-09
2.022999843337970e-01,2.532645692214629e-09
2.025129765261890e-01,2.542211144961943e-09
2.027259687185810e-01,2.551975177464210e-09
2.029389609109720e-01,2.561897739404446e-09
2.031519531033640e-01,2.571938780465809e-09
2.033649452957560e-01,2.582058250331315e-09
2.035779374881480e-01,2.592216098684029e-09
2.037909296805400e-01,2.602372028515913e-09
2.040039218729320e-01,2.612484756575419e-09
2.042169140653240e-01,2.622512753180278e-09
2.044299062577150e-01,2.632414488648177e-09
2.046428984501070e-01,2.642148433296936e-09
2.048558906424990e-01,2.651673057444244e-09
2.050688828348910e-01,2.660946831407829e-09
2.052818750272830e-01,2.669928225505422e-09
2.054948672196750e-01,2.678575710054753e-09
2.057078594120670e-01,2.686847755373556e-09
2.059208516044590e-01,2.694705983082529e-09
2.061338437968500e-01,2.702124627222451e-09
2.063468359892420e-01,2.709081076742319e-09
2.065598281816340e-01,2.715552720591024e-09
2.067728203740260e-01,2.721516947717495e-09
2.069858125664180e-01,2.726951147070661e-09
2.071988047588100e-01,2.731832707599448e-09
2.074117969512020e-01,2.736139018252785e-09
2.076247891435940e-01,2.739847467979598e-09
2.078377813359850e-01,2.742935445728804e-09
2.080507735283770e-01,2.745384736168053e-09
2.082637657207690e-01,2.747194711462567e-09
2.084767579131610e-01,2.748369141808006e-09
2.086897501055530e-01,2.748911797400032e-09
2.089027422979450e-01,2.748826448434305e-09
2.091157344903370e-01,2.748116865106485e-09
2.093287266827280e-01,2.746786817612239e-09
2.095417188751200e-01,2.744840076147217e-09
2.097547110675120e-01,2.742280410907081e-09
2.099677032599040e-01,2.739111592087494e-09
2.101806954522960e-01,2.735342155244920e-09
2.103936876446880e-01,2.730999696503843e-09
2.106066798370800e-01,2.726116576911955e-09
2.108196720294720e-01,2.720725157516959e-09
2.110326642218630e-01,2.714857799366575e-09
2.112456564142550e-01,2.708546863508447e-09
2.114586486066470e-01,2.701824710990296e-09
2.116716407990390e-01,2.694723702859820e-09
2.118846329914310e-01,2.687276200164715e-09
2.120976251838230e-01,2.679514563952676e-09
2.123106173762150e-01,2.671473588785032e-09
2.125236095686060e-01,2.663197799825474e-09
2.127366017609980e-01,2.654734154025408e-09
2.129495939533900e-01,2.646129608336364e-09
2.131625861457820e-01,2.637431119709825e-09
2.133755783381740e-01,2.628685645097280e-09
2.135885705305660e-01,2.619940141450216e-09
2.138015627229580e-01,2.611241565720122e-09
2.140145549153500e-01,2.602636874858482e-09
2.142275471077410e-01,2.594173025816826e-09
2.144405393001330e-01,2.585895553721969e-09
2.146535314925250e-01,2.577844310174840e-09
2.148665236849170e-01,2.570057726837285e-09
2.150795158773090e-01,2.562574235371149e-09
2.152925080697010e-01,2.555432267438278e-09
2.155055002620930e-01,2.548670254700519e-09
2.157184924544850e-01,2.542326628819719e-09
2.159314846468760e-01,2.536439821457748e-09
2.161444768392680e-01,2.531048264276398e-09
2.163574690316600e-01,2.526190388937544e-09
2.165704612240520e-01,2.521901089122133e-09
2.167834534164440e-01,2.518201100413251e-09
2.169964456088360e-01,2.515107617325278e-09
2.172094378012280e-01,2.512637834372589e-09
2.174224299936190e-01,2.510808946069573e-09
2.176354221860110e-01,2.509638146930589e-09
2.178484143784030e-01,2.509142631470027e-09
2.180614065707950e-01,2.509339594202264e-09
2.182743987631870e-01,2.510246229641679e-09
2.184873909555790e-01,2.511879732302652e-09
2.187003831479710e-01,2.514248800861361e-09
2.189133753403630e-01,2.517328146311748e-09
2.191263675327540e-01,2.521083981644673e-09
2.193393597251460e-01,2.525482519851058e-09
2.195523519175380e-01,2.530489973921765e-09
2.197653441099300e-01,2.536072556847677e-09
2.199783363023220e-01,2.542196481619676e-09
2.201913284947140e-01,2.548827961228645e-09
2.204043206871060e-01,2.555933208665464e-09
2.206173128794970e-01,2.563478436920980e-09
2.208303050718890e-01,2.571436226938599e-09
2.210432972642810e-01,2.579804626851077e-09
2.212562894566730e-01,2.588588050433679e-09
2.214692816490650e-01,2.597790911461677e-09
2.216822738414570e-01,2.607417623710334e-09
2.218952660338490e-01,2.617472600954918e-09
2.221082582262410e-01,2.627960256970698e-09
2.223212504186320e-01,2.638885005532887e-09
2.225342426110240e-01,2.650251260416858e-09
2.227472348034160e-01,2.662063435397826e-09
2.229602269958080e-01,2.674287187746019e-09
2.231732191882000e-01,2.686733224687713e-09
2.233862113805920e-01,2.699173534922940e-09
2.235992035729840e-01,2.711380107151730e-09
2.238121957653760e-01,2.723124930074114e-09
2.240251879577670e-01,2.734179992390073e-09
2.242381801501590e-01,2.744317282799742e-09
2.244511723425510e-01,2.753308790003097e-09
2.246641645349430e-01,2.760926502700171e-09
2.248771567273350e-01,2.766942409590994e-09
2.250901489197270e-01,2.771214073595032e-09
2.253031411121190e-01,2.773941563201831e-09
2.255161333045100e-01,2.775410625498351e-09
2.257291254969020e-01,2.775907007571564e-09
2.259421176892940e-01,2.775716456508423e-09
2.261551098816860e-01,2.775124719395889e-09
2.263681020740780e-01,2.774417543320924e-09
2.265810942664700e-01,2.773880675370489e-09
2.267940864588620e-01,2.773799862631546e-09
2.270070786512540e-01,2.774460852191056e-09
2.272200708436450e-01,2.776067333990822e-09
2.274330630360370e-01,2.778494670679697e-09
2.276460552284290e-01,2.781536118397749e-09
2.278590474208210e-01,2.784984933285050e-09
2.280720396132130e-01,2.788634371481678e-09
2.282850318056050e-01,2.792277689127704e-09
2.284980239979970e-01,2.795708142363203e-09
2.287110161903880e-01,2.798718987328236e-09
2.289240083827800e-01,2.801103480162906e-09
2.291370005751720e-01,2.802654877007272e-09
2.293499927675640e-01,2.803212247901380e-09
2.295629849599560e-01,2.802797917000554e-09
2.297759771523480e-01,2.801480021617794e-09
2.299889693447400e-01,2.799326699066097e-09
2.302019615371320e-01,2.796406086658461e-09
2.304149537295230e-01,2.792786321707902e-09
2.306279459219150e-01,2.788535541527385e-09
2.308409381143070e-01,2.783721883429921e-09
2.310539303066990e-01,2.778413484728510e-09
2.312669224990910e-01,2.772678482736150e-09
2.314799146914830e-01,2.766578587740563e-09
2.316929068838750e-01,2.760149810073978e-09
2.319058990762670e-01,2.753421737115516e-09
2.321188912686580e-01,2.746423956244325e-09
2.323318834610500e-01,2.739186054839457e-09
2.325448756534420e-01,2.731737620280060e-09
2.327578678458340e-01,2.724108239945253e-09
2.329708600382260e-01,2.716327501214148e-09
2.331838522306180e-01,2.708424991465868e-09
2.333968444230100e-01,2.700430298079527e-09
2.336098366154010e-01,2.692375881321676e-09
2.338228288077930e-01,2.684305685820337e-09
2.340358210001850e-01,2.676266525498166e-09
2.342488131925770e-01,2.668305214277776e-09
2.344618053849690e-01,2.660468566081787e-09
2.346747975773610e-01,2.652803394832814e-09
2.348877897697530e-01,2.645356514453474e-09
2.351007819621450e-01,2.638174738866380e-09
2.353137741545360e-01,2.631304881994186e-09
2.355267663469280e-01,2.624793757759439e-09
2.357397585393200e-01,2.618684683311596e-09
2.359527507317120e-01,2.613006982075790e-09
2.361657429241040e-01,2.607786477387417e-09
2.363787351164960e-01,2.603048992581870e-09
2.365917273088880e-01,2.598820350994548e-09
2.368047195012800e-01,2.595126375960845e-09
2.370177116936710e-01,2.591992890816169e-09
2.372307038860630e-01,2.589445718895888e-09
2.374436960784550e-01,2.587510683535413e-09
2.376566882708470e-01,2.586213608070138e-09
2.378696804632390e-01,2.585575040659572e-09
2.380826726556310e-01,2.585594425273423e-09
2.382956648480230e-01,2.586265928962248e-09
2.385086570404140e-01,2.587583718776596e-09
2.387216492328060e-01,2.589541961767040e-09
2.389346414251980e-01,2.592134824984128e-09
2.391476336175900e-01,2.595356475478420e-09
2.393606258099820e-01,2.599201080300472e-09
2.395736180023740e-01,2.603662806500842e-09
2.397866101947660e-01,2.608735821130086e-09
2.399996023871580e-01,2.614409227597402e-09
2.402125945795490e-01,2.620651877654725e-09
2.404255867719410e-01,2.627427560866726e-09
2.406385789643330e-01,2.634700066797986e-09
2.408515711567250e-01,2.642433185013116e-09
2.410645633491170e-01,2.650590705076726e-09
2.412775555415090e-01,2.659136416553427e-09
2.414905477339010e-01,2.668034109007826e-09
2.417035399262920e-01,2.677247572004495e-09
2.419165321186840e-01,2.686740595108125e-09
2.421295243110760e-01,2.696474768524117e-09
2.423425165034680e-01,2.706402889000217e-09
2.425555086958600e-01,2.716475555914047e-09
2.427685008882520e-01,2.726643368643229e-09
2.429814930806440e-01,2.736856926565389e-09
2.431944852730360e-01,2.747066829058148e-09
2.434074774654270e-01,2.757223675499082e-09
2.436204696578190e-01,2.767278065265908e-09
2.438334618502110e-01,2.777180597736205e-09
2.440464540426030e-01,2.786881872287593e-09
2.442594462349950e-01,2.796334463165479e-09
2.444724384273870e-01,2.805498849201488e-09
2.446854306197790e-01,2.814337486653381e-09
2.448984228121710e-01,2.822812831778931e-09
2.451114150045620e-01,2.830887340835865e-09
2.453244071969540e-01,2.838523470082031e-09
2.455373993893460e-01,2.845683675775154e-09
2.457503915817380e-01,2.852330414173004e-09
2.459633837741300e-01,2.858426141533349e-09
2.461763759665220e-01,2.863933314113956e-09
2.463893681589140e-01,2.868819568972867e-09
2.466023603513050e-01,2.873073273385444e-09
2.468153525436970e-01,2.876687978936096e-09
2.470283447360890e-01,2.879657237209169e-09
2.472413369284810e-01,2.881974599789032e-09
2.474543291208730e-01,2.883633618260056e-09
2.476673213132650e-01,2.884627844206607e-09
2.478803135056570e-01,2.884950829213055e-09
2.480933056980490e-01,2.884596124863770e-09
2.483062978904400e-01,2.883557282743126e-09
2.485192900828320e-01,2.881832747523615e-09
2.487322822752240e-01,2.879440536811846e-09
2.489452744676160e-01,2.876403561593347e-09
2.491582666600080e-01,2.872744732853640e-09
2.493712588524000e-01,2.868486961578253e-09
2.495842510447920e-01,2.863653158752712e-09
2.497972432371830e-01,2.858266235362569e-09
2.500102354295750e-01,2.852349102393299e-09
2.502232276219670e-01,2.845924670830452e-09
2.504362198143590e-01,2.839015851659556e-09
2.506492120067510e-01,2.831653010672376e-09
2.508622041991430e-01,2.823896324564692e-09
2.510751963915350e-01,2.815813420678626e-09
2.512881885839270e-01,2.807471926356304e-09
2.515011807763180e-01,2.798939468939885e-09
2.517141729687100e-01,2.790283675771412e-09
2.519271651611020e-01,2.781572174193049e-09
2.521401573534940e-01,2.772872591546916e-09
2.523531495458860e-01,2.764252555175136e-09
2.525661417382780e-01,2.755779692419833e-09
2.527791339306700e-01,2.747507078650314e-09
2.529921261230620e-01,2.739429615554084e-09
2.532051183154530e-01,2.731527669945583e-09
2.534181105078450e-01,2.723781608639136e-09
2.536311027002370e-01,2.716171798449182e-09
2.538440948926290e-01,2.708678606190119e-09
2.540570870850210e-01,2.701282398676345e-09
2.542700792774130e-01,2.693963542722263e-09
2.544830714698050e-01,2.686702405142275e-09
2.546960636621960e-01,2.679479352750810e-09
2.549090558545880e-01,2.672322821794764e-09
2.551220480469800e-01,2.665453624687934e-09
2.553350402393720e-01,2.659140692507515e-09
2.555480324317640e-01,2.653652956330702e-09
2.557610246241560e-01,2.649259347234693e-09
2.559740168165480e-01,2.646228796296683e-09
2.561870090089400e-01,2.644830234593870e-09
2.564000012013310e-01,2.645332593203441e-09
2.566129933937230e-01,2.648004803202598e-09
2.568259855861150e-01,2.653115795668539e-09
2.570389777785070e-01,2.660732106199695e-09
2.572519699708990e-01,2.670110524101530e-09
2.574649621632910e-01,2.680305361003432e-09
2.576779543556830e-01,2.690370928534784e-09
2.578909465480740e-01,2.699361538324936e-09
2.581039387404660e-01,2.706331502003369e-09
2.583169309328580e-01,2.710335131199421e-09
2.585299231252500e-01,2.710426737542480e-09
2.587429153176420e-01,2.705660632661937e-09
2.589559075100340e-01,2.695091128187176e-09
2.591688997024260e-01,2.678499594008607e-09
2.593818918948180e-01,2.658575325446998e-09
2.595948840872090e-01,2.638734522285489e-09
2.598078762796010e-01,2.622393384306939e-09
2.600208684719930e-01,2.612968111294502e-09
2.602338606643850e-01,2.613874903031238e-09
2.604468528567770e-01,2.628529959300201e-09
2.606598450491690e-01,2.660349479884452e-09
2.608728372415610e-01,2.712749664567058e-09
2.610858294339530e-01,2.789146713131026e-09
2.612988216263440e-01,2.890223481731675e-09
2.615118138187360e-01,3.005733983812675e-09
2.617248060111280e-01,3.122701154617507e-09
2.619377982035200e-01,3.228147929390034e-09
2.621507903959120e-01,3.309097243374230e-09
2.623637825883040e-01,3.352572031813925e-09
2.625767747806960e-01,3.345595229953030e-09
2.627897669730870e-01,3.275189773035957e-09
2.630027591654790e-01,3.128378596305965e-09
2.632157513578710e-01,2.892184635007126e-09
2.634287435502630e-01,2.563820461530955e-09
2.636417357426550e-01,2.181285131150411e-09
2.638547279350470e-01,1.792781308216929e-09
2.640677201274390e-01,1.446511657082251e-09
2.642807123198310e-01,1.190678842098054e-09
2.644937045122220e-01,1.073485527616180e-09
2.647066967046140e-01,1.143134377986987e-09
2.649196888970060e-01,1.447828057563101e-09
2.651326810893980e-01,2.035769230696196e-09
2.653456732817900e-01,2.955160561737618e-09
2.655586654741820e-01,4.229733115561252e-09
2.657716576665740e-01,5.785294714936199e-09
2.659846498589660e-01,7.523163157592490e-09
2.661976420513570e-01,9.344656241250954e-09
2.664106342437490e-01,1.115109176365970e-08
2.666236264361410e-01,1.284378752253972e-08
2.668366186285330e-01,1.432406131562063e-08
2.670496108209250e-01,1.549323094063270e-08
2.672626030133170e-01,1.625261419530551e-08
2.674755952057090e-01,1.650352887736887e-08
2.676885873981000e-01,1.618140456444562e-08
2.679015795904920e-01,1.535812716798388e-08
2.681145717828840e-01,1.413969898661666e-08
2.683275639752760e-01,1.263212231897742e-08
2.685405561676680e-01,1.094139946369956e-08
2.687535483600600e-01,9.173532719415089e-09
2.689665405524520e-01,7.434524384757285e-09
2.691795327448440e-01,5.830376758359749e-09
2.693925249372350e-01,4.467092138861190e-09
2.696055171296270e-01,3.450672824880821e-09
2.698185093220190e-01,2.858790295782725e-09
2.700315015144110e-01,2.655820092162601e-09
2.702444937068030e-01,2.777820602863219e-09
2.704574858991950e-01,3.160850216727433e-09
2.706704780915870e-01,3.740967322598057e-09
2.708834702839780e-01,4.454230309314406e-09
2.710964624763700e-01,5.236697565725860e-09
2.713094546687620e-01,6.024427480672699e-09
2.715224468611540e-01,6.753478442997496e-09
2.717354390535460e-01,7.359908841543222e-09
2.719484312459380e-01,7.792971106109591e-09
2.721614234383300e-01,8.054664807719558e-09
2.723744156307220e-01,8.160169051039305e-09
2.725874078231130e-01,8.124662940735636e-09
2.728004000155050e-01,7.963325581474542e-09
2.730133922078970e-01,7.691336077922159e-09
2.732263844002890e-01,7.323873534744844e-09
2.734393765926810e-01,6.876117056608938e-09
2.736523687850730e-01,6.363245748180865e-09
2.738653609774650e-01,5.800438714126802e-09
2.740783531698570e-01,5.205277616528027e-09
2.742913453622480e-01,4.604959630682452e-09
2.745043375546400e-01,4.029087131797230e-09
2.747173297470320e-01,3.507262495088510e-09
2.749303219394240e-01,3.069088095769475e-09
2.751433141318160e-01,2.744166309053352e-09
2.753563063242080e-01,2.562099510153222e-09
2.755692985166000e-01,2.552490074282330e-09
2.757822907089910e-01,2.744940376652464e-09
2.759952829013830e-01,3.169052792478302e-09
2.762082750937750e-01,3.844788195457299e-09
2.764212672861670e-01,4.753532164083541e-09
2.766342594785590e-01,5.867024130206350e-09
2.768472516709510e-01,7.157003525674533e-09
2.770602438633430e-01,8.595209782338351e-09
2.772732360557350e-01,1.015338233204622e-08
2.774862282481260e-01,1.180326060663955e-08
2.776992204405180e-01,1.351658403798312e-08
2.779122126329100e-01,1.526509205791904e-08
2.781252048253020e-01,1.702052409829627e-08
2.783381970176940e-01,1.875968563206932e-08
2.785511892100860e-01,2.047964491941667e-08
