7.791356504680618e-06,1.675948608920008e-09
8.610780621332552e-06,1.661286134426411e-09
9.516384324626089e-06,1.646732773414831e-09
1.051723120080771e-05,1.632289979223717e-09
1.162333806181051e-05,1.617960915738720e-09
1.284577519687474e-05,1.603749566758980e-09
1.419677716772344e-05,1.589659109986669e-09
1.568986525616830e-05,1.575690625169623e-09
1.733998278964274e-05,1.561843614732432e-09
1.916364469904539e-05,1.548118352406112e-09
2.117910280571951e-05,1.534517147252474e-09
2.340652849181556e-05,1.521041972130597e-09
2.586821458226360e-05,1.507692388340863e-09
2.858879845885812e-05,1.494468517438071e-09
3.159550863945590e-05,1.481371876003053e-09
3.491843729013453e-05,1.468401994082928e-09
3.859084139770492e-05,1.455559264691154e-09
4.264947561681323e-05,1.442843787657289e-09
4.713496012287843e-05,1.430255504402900e-09
5.209218715246060e-05,1.417794289262548e-09
5.757077029985334e-05,1.405460134247277e-09
6.362554106661115e-05,1.393252757829639e-09
7.031709763364645e-05,1.381171961698468e-09
7.771241134819200e-05,1.369217523978704e-09
8.588549699555374e-05,1.357389182410634e-09
9.491815356395940e-05,1.345686651300442e-09
1.049007829163263e-04,1.334109631121115e-09
1.159332945624905e-04,1.322657828405661e-09
1.281261055871622e-04,1.311330913267042e-09
1.416012457412214e-04,1.300127988461137e-09
1.564935787564811e-04,1.289047290658655e-09
1.729521521072439e-04,1.278087015714642e-09
1.911416887275217e-04,1.267245382195383e-09
2.112442356135248e-04,1.256520630029937e-09
2.334609858111876e-04,1.245911019603648e-09
2.580142920237960e-04,1.235414832275029e-09
2.851498919925769e-04,1.225030369795047e-09
3.151393679226079e-04,1.214755954763247e-09
3.482828645688079e-04,1.204589928902198e-09
3.849120931855259e-04,1.194530653978016e-09
4.253936514042669e-04,1.184576512466079e-09
4.701326922660057e-04,1.174725904223819e-09
5.195769791289974e-04,1.164977249142104e-09
5.742213670349657e-04,1.155328987157854e-09
6.346127553846864e-04,1.145779574510487e-09
7.013555614910102e-04,1.136327487176293e-09
7.751177697904812e-04,1.126971220203056e-09
8.566376172560946e-04,1.117709284654884e-09
9.467309819210534e-04,1.108540210574790e-09
1.046299548460350e-03,1.099462545846931e-09
1.156339832554060e-03,1.090474854939448e-09
1.277953154351212e-03,1.081533690864715e-09
1.405748469786333e-03,1.073092354632923e-09
1.533543785221454e-03,1.065492733640974e-09
1.661339100656575e-03,1.058596319193734e-09
1.789134416091696e-03,1.052264602596069e-09
1.916929731526817e-03,1.046377805114245e-09
2.000000000000000e-03,1.042767412682647e-09
2.044725046961939e-03,1.040890956085853e-09
2.172520362397060e-03,1.035771885409278e-09
2.300315677832181e-03,1.030979631630059e-09
2.428110993267302e-03,1.026472521795832e-09
2.555906308702423e-03,1.022212744877445e-09
2.683701624137544e-03,1.018177937541030e-09
2.811496939572665e-03,1.014349598377152e-09
2.939292255007787e-03,1.010709225976374e-09
3.067087570442908e-03,1.007238318929259e-09
3.194882885878029e-03,1.003919835301055e-09
3.322678201313150e-03,1.000742571114609e-09
3.450473516748271e-03,9.976967818968872e-10
3.578268832183392e-03,9.947727231748548e-10
3.706064147618514e-03,9.919606504754778e-10
3.833859463053635e-03,9.892514868688938e-10
3.961654778488756e-03,9.866388255886766e-10
4.089450093923877e-03,9.841169274069458e-10
4.217245409358998e-03,9.816800530958213e-10
4.345040724794119e-03,9.793224634274225e-10
4.472836040229241e-03,9.770387680825433e-10
4.600631355664362e-03,9.748249723856887e-10
4.728426671099482e-03,9.726774305745461e-10
4.856221986534604e-03,9.705924968868032e-10
4.984017301969726e-03,9.685665255601471e-10
5.111812617404846e-03,9.665960692761239e-10
5.239607932839968e-03,9.646784744860873e-10
5.367403248275089e-03,9.628112860824357e-10
5.495198563710209e-03,9.609920489575676e-10
5.622993879145331e-03,9.592183080038821e-10
5.750789194580453e-03,9.574877292306135e-10
5.878584510015573e-03,9.557984631157151e-10
6.006379825450694e-03,9.541487812546632e-10
6.134175140885816e-03,9.525369552429339e-10
6.261970456320937e-03,9.509612566760041e-10
6.389765771756058e-03,9.494200350345541e-10
6.517561087191179e-03,9.479119513367461e-10
6.645356402626300e-03,9.464357444842774e-10
6.773151718061422e-03,9.449901533788458e-10
6.900947033496543e-03,9.435739169221488e-10
7.028742348931663e-03,9.421858263035460e-10
7.156537664366785e-03,9.408248818628785e-10
7.284332979801906e-03,9.394901362275676e-10
7.412128295237027e-03,9.381806420250344e-10
7.539923610672148e-03,9.368954518826996e-10
7.667718926107269e-03,9.356336548577752e-10
7.795514241542391e-03,9.343944857279671e-10
7.923309556977513e-03,9.331772157014386e-10
8.051104872412632e-03,9.319811159863519e-10
8.178900187847754e-03,9.308054577908701e-10
8.306695503282877e-03,9.296495382122483e-10
8.434490818717996e-03,9.285127579036551e-10
8.562286134153118e-03,9.273945434071224e-10
8.690081449588239e-03,9.262943212646830e-10
8.817876765023359e-03,9.252115180183690e-10
8.945672080458482e-03,9.241455800299811e-10
9.073467395893601e-03,9.230960329408286e-10
9.201262711328723e-03,9.220624222122077e-10
9.329058026763846e-03,9.210442933054149e-10
9.456853342198965e-03,9.200411916817462e-10
9.584648657634087e-03,9.190526746923757e-10
9.712443973069206e-03,9.180783472476081e-10
9.840239288504329e-03,9.171178261474344e-10
9.968034603939451e-03,9.161707281918460e-10
1.009582991937457e-02,9.152366701808342e-10
1.022362523480969e-02,9.143152859404147e-10
1.035142055024482e-02,9.134062774008299e-10
1.047921586567993e-02,9.125093635184113e-10
1.060701118111506e-02,9.116242632494902e-10
1.073480649655018e-02,9.107506955503978e-10
1.086260181198530e-02,9.098883793774657e-10
1.099039712742042e-02,9.090370336870250e-10
1.111819244285554e-02,9.081963774354071e-10
1.124598775829066e-02,9.073661295789435e-10
1.137378307372578e-02,9.065460090739653e-10
1.150157838916090e-02,9.057357493121481e-10
1.162937370459603e-02,9.049351414223770e-10
1.175716902003114e-02,9.041439909667989e-10
1.188496433546627e-02,9.033621035075597e-10
1.201275965090139e-02,9.025892846068058e-10
1.214055496633651e-02,9.018253398266838e-10
1.226835028177163e-02,9.010700747293402e-10
1.239614559720675e-02,9.003232948769211e-10
1.252394091264187e-02,8.995848058315730e-10
1.265173622807700e-02,8.988544131554421e-10
1.277953154351211e-02,8.981319308880815e-10
1.290732685894724e-02,8.974172069816718e-10
1.303512217438236e-02,8.967100978673021e-10
1.316291748981748e-02,8.960104599760606e-10
1.329071280525260e-02,8.953181497390365e-10
1.341850812068772e-02,8.946330235873181e-10
1.354630343612284e-02,8.939549379519944e-10
1.367409875155796e-02,8.932837492641539e-10
1.380189406699308e-02,8.926193139548853e-10
1.392968938242821e-02,8.919614884552776e-10
1.405748469786333e-02,8.913101351501978e-10
1.418528001329845e-02,8.906651402399727e-10
1.431307532873357e-02,8.900263958788799e-10
1.444087064416869e-02,8.893937942211973e-10
1.456866595960381e-02,8.887672274212024e-10
1.469646127503893e-02,8.881465876331735e-10
1.482425659047405e-02,8.875317670113882e-10
1.495205190590917e-02,8.869226577101241e-10
1.507984722134430e-02,8.863191518836592e-10
1.520764253677942e-02,8.857211416862711e-10
1.533543785221454e-02,8.851285233634999e-10
1.546323316764966e-02,8.845412095249589e-10
1.559102848308478e-02,8.839591168710368e-10
1.571882379851990e-02,8.833821621021215e-10
1.584661911395502e-02,8.828102619186019e-10
1.597441442939014e-02,8.822433330208659e-10
1.610220974482527e-02,8.816812921093021e-10
1.623000506026039e-02,8.811240558842986e-10
1.635780037569551e-02,8.805715410462441e-10
1.648559569113063e-02,8.800236642955269e-10
1.661339100656575e-02,8.794803452908490e-10
1.674118632200087e-02,8.789415155253661e-10
1.686898163743599e-02,8.784071094511454e-10
1.699677695287111e-02,8.778770615202548e-10
1.712457226830624e-02,8.773513061847620e-10
1.725236758374135e-02,8.768297778967348e-10
1.738016289917648e-02,8.763124111082407e-10
1.750795821461160e-02,8.757991402713475e-10
1.763575353004672e-02,8.752898998381230e-10
1.776354884548184e-02,8.747846242606345e-10
1.789134416091696e-02,8.742832501647693e-10
1.801913947635208e-02,8.737857228719270e-10
1.814693479178720e-02,8.732919898774444e-10
1.827473010722232e-02,8.728019986766583e-10
1.840252542265745e-02,8.723156967649053e-10
1.853032073809257e-02,8.718330316375224e-10
1.865811605352769e-02,8.713539507898463e-10
1.878591136896281e-02,8.708784017172139e-10
1.891370668439793e-02,8.704063319149617e-10
1.904150199983305e-02,8.699376888784267e-10
1.916929731526817e-02,8.694724217410137e-10
1.929709263070329e-02,8.690104861880928e-10
1.942488794613842e-02,8.685518395429480e-10
1.955268326157353e-02,8.680964391288636e-10
1.968047857700866e-02,8.676442422691240e-10
1.980827389244378e-02,8.671952062870132e-10
1.993606920787890e-02,8.667492885058156e-10
2.006386452331402e-02,8.663064462488151e-10
2.019165983874914e-02,8.658666368392966e-10
2.031945515418426e-02,8.654298176005437e-10
2.044725046961939e-02,8.649959471105204e-10
2.057504578505450e-02,8.645649889664793e-10
2.070284110048963e-02,8.641369080206382e-10
2.083063641592475e-02,8.637116691252147e-10
2.095843173135987e-02,8.632892371324264e-10
2.108622704679499e-02,8.628695768944911e-10
2.121402236223011e-02,8.624526532636264e-10
2.134181767766523e-02,8.620384310920497e-10
2.146961299310035e-02,8.616268752319791e-10
2.159740830853547e-02,8.612179505356321e-10
2.172520362397060e-02,8.608116228330219e-10
2.185299893940572e-02,8.604078618654983e-10
2.198079425484084e-02,8.600066383522846e-10
2.210858957027596e-02,8.596079230126041e-10
2.223638488571108e-02,8.592116865656801e-10
2.236418020114620e-02,8.588178997307355e-10
2.249197551658132e-02,8.584265332269936e-10
2.261977083201644e-02,8.580375577736777e-10
2.274756614745157e-02,8.576509440900108e-10
2.287536146288669e-02,8.572666628952161e-10
2.300315677832181e-02,8.568846856817514e-10
2.313095209375693e-02,8.565049870349057e-10
2.325874740919205e-02,8.561275423131497e-10
2.338654272462717e-02,8.557523268749536e-10
2.351433804006229e-02,8.553793160787880e-10
2.364213335549741e-02,8.550084852831237e-10
2.376992867093253e-02,8.546398098464305e-10
2.389772398636766e-02,8.542732651271796e-10
2.402551930180278e-02,8.539088264838413e-10
2.415331461723790e-02,8.535464692748857e-10
2.428110993267302e-02,8.531861694771635e-10
2.440890524810814e-02,8.528279055407743e-10
2.453670056354326e-02,8.524716565340642e-10
2.466449587897838e-02,8.521174015253788e-10
2.479229119441350e-02,8.517651195830637e-10
2.492008650984863e-02,8.514147897754646e-10
2.504788182528375e-02,8.510663911709275e-10
2.517567714071887e-02,8.507199028377980e-10
2.530347245615399e-02,8.503753038444215e-10
2.543126777158911e-02,8.500325732591441e-10
2.555906308702423e-02,8.496916906517695e-10
2.568685840245935e-02,8.493526375980393e-10
2.581465371789447e-02,8.490153961752061e-10
2.594244903332960e-02,8.486799484605217e-10
2.607024434876471e-02,8.483462765312391e-10
2.619803966419984e-02,8.480143624646100e-10
2.632583497963496e-02,8.476841883378869e-10
2.645363029507008e-02,8.473557362283222e-10
2.658142561050520e-02,8.470289882131680e-10
2.670922092594032e-02,8.467039263696770e-10
2.683701624137544e-02,8.463805331850406e-10
2.696481155681056e-02,8.460587927861737e-10
2.709260687224568e-02,8.457386897099128e-10
2.722040218768081e-02,8.454202084930943e-10
2.734819750311593e-02,8.451033336725547e-10
2.747599281855105e-02,8.447880497851304e-10
2.760378813398617e-02,8.444743413676577e-10
2.773158344942129e-02,8.441621929569731e-10
2.785937876485641e-02,8.438515890899131e-10
2.798717408029153e-02,8.435425143033144e-10
2.811496939572665e-02,8.432349534728097e-10
2.824276471116178e-02,8.429288928290902e-10
2.837056002659689e-02,8.426243189415785e-10
2.849835534203202e-02,8.423212183796970e-10
2.862615065746714e-02,8.420195777128688e-10
2.875394597290226e-02,8.417193835105167e-10
2.888174128833738e-02,8.414206223420628e-10
2.900953660377250e-02,8.411232807769301e-10
2.913733191920762e-02,8.408273453845414e-10
2.926512723464274e-02,8.405328027343193e-10
2.939292255007787e-02,8.402396396777594e-10
2.952071786551299e-02,8.399478441947221e-10
2.964851318094811e-02,8.396574045471774e-10
2.977630849638323e-02,8.393683089970954e-10
2.990410381181835e-02,8.390805458064459e-10
3.003189912725347e-02,8.387941032371991e-10
3.015969444268859e-02,8.385089695513246e-10
3.028748975812371e-02,8.382251330107929e-10
3.041528507355883e-02,8.379425818775737e-10
3.054308038899396e-02,8.376613044136367e-10
3.067087570442908e-02,8.373812891179716e-10
3.079867101986420e-02,8.371025254376344e-10
3.092646633529932e-02,8.368250030566969e-10
3.105426165073444e-02,8.365487116592300e-10
3.118205696616956e-02,8.362736409293055e-10
3.130985228160468e-02,8.359997805509944e-10
3.143764759703981e-02,8.357271202083681e-10
3.156544291247493e-02,8.354556495854979e-10
3.169323822791005e-02,8.351853583664554e-10
3.182103354334517e-02,8.349162362353117e-10
3.194882885878029e-02,8.346482730766108e-10
3.207662417421541e-02,8.343814595767206e-10
3.220441948965053e-02,8.341157866224481e-10
3.233221480508566e-02,8.338512451006005e-10
3.246001012052077e-02,8.335878258979850e-10
3.258780543595589e-02,8.333255199014088e-10
3.271560075139102e-02,8.330643179976790e-10
3.284339606682614e-02,8.328042110736025e-10
3.297119138226126e-02,8.325451900159864e-10
3.309898669769638e-02,8.322872457116383e-10
3.322678201313150e-02,8.320303692176636e-10
3.335457732856662e-02,8.317745522724160e-10
3.348237264400174e-02,8.315197867845737e-10
3.361016795943687e-02,8.312660646628157e-10
3.373796327487198e-02,8.310133778158205e-10
3.386575859030710e-02,8.307617181522662e-10
3.399355390574223e-02,8.305110775808317e-10
3.412134922117735e-02,8.302614480101956e-10
3.424914453661247e-02,8.300128213490362e-10
3.437693985204759e-02,8.297651895060321e-10
3.450473516748271e-02,8.295185445361416e-10
3.463253048291783e-02,8.292728790794415e-10
3.476032579835295e-02,8.290281859222900e-10
3.488812111378808e-02,8.287844578510447e-10
3.501591642922319e-02,8.285416876520634e-10
3.514371174465832e-02,8.282998681117038e-10
3.527150706009344e-02,8.280589920163238e-10
3.539930237552856e-02,8.278190521522809e-10
3.552709769096368e-02,8.275800413059331e-10
3.565489300639881e-02,8.273419522636381e-10
3.578268832183392e-02,8.271047779375754e-10
3.591048363726904e-02,8.268685117431777e-10
3.603827895270417e-02,8.266331472216806e-10
3.616607426813929e-02,8.263986779143207e-10
3.629386958357441e-02,8.261650973623342e-10
3.642166489900953e-02,8.259323991069574e-10
3.654946021444465e-02,8.257005766894266e-10
3.667725552987977e-02,8.254696236509781e-10
3.680505084531489e-02,8.252395335328481e-10
3.693284616075002e-02,8.250102998762728e-10
3.706064147618514e-02,8.247819163314467e-10
3.718843679162025e-02,8.245543769844344e-10
3.731623210705538e-02,8.243276760302783e-10
3.744402742249050e-02,8.241018076640209e-10
3.757182273792562e-02,8.238767660807048e-10
3.769961805336074e-02,8.236525454753721e-10
3.782741336879586e-02,8.234291400430654e-10
3.795520868423098e-02,8.232065439788270e-10
3.808300399966610e-02,8.229847514776997e-10
3.821079931510123e-02,8.227637567347253e-10
3.833859463053635e-02,8.225435540397679e-10
3.846638994597146e-02,8.223241380619809e-10
3.859418526140659e-02,8.221055035653429e-10
3.872198057684171e-02,8.218876453138318e-10
3.884977589227683e-02,8.216705580714256e-10
3.897757120771195e-02,8.214542366021026e-10
3.910536652314707e-02,8.212386756698409e-10
3.923316183858219e-02,8.210238700386183e-10
3.936095715401731e-02,8.208098144724132e-10
3.948875246945244e-02,8.205965037352036e-10
3.961654778488756e-02,8.203839326738719e-10
3.974434310032268e-02,8.201720964668991e-10
3.987213841575780e-02,8.199609903756607e-10
3.999993373119292e-02,8.197506096615320e-10
4.012772904662804e-02,8.195409495858887e-10
4.025552436206317e-02,8.193320054101064e-10
4.038331967749829e-02,8.191237723955604e-10
4.051111499293340e-02,8.189162458036267e-10
4.063891030836853e-02,8.187094208956803e-10
4.076670562380365e-02,8.185032929330971e-10
4.089450093923877e-02,8.182978572500059e-10
4.102229625467389e-02,8.180931094715796e-10
4.115009157010902e-02,8.178890452957588e-10
4.127788688554413e-02,8.176856604204845e-10
4.140568220097925e-02,8.174829505436978e-10
4.153347751641438e-02,8.172809113633397e-10
4.166127283184950e-02,8.170795385773510e-10
4.178906814728462e-02,8.168788278836728e-10
4.191686346271974e-02,8.166787749802462e-10
4.204465877815486e-02,8.164793755650119e-10
4.217245409358998e-02,8.162806254000323e-10
4.230024940902510e-02,8.160825205038626e-10
4.242804472446023e-02,8.158850569591832e-10
4.255584003989534e-02,8.156882308486747e-10
4.268363535533046e-02,8.154920382550167e-10
4.281143067076559e-02,8.152964752608901e-10
4.293922598620071e-02,8.151015379489746e-10
4.306702130163583e-02,8.149072224019512e-10
4.319481661707095e-02,8.147135247024996e-10
4.332261193250607e-02,8.145204409333004e-10
4.345040724794119e-02,8.143279672339256e-10
4.357820256337631e-02,8.141360999715027e-10
4.370599787881144e-02,8.139448355700467e-10
4.383379319424656e-02,8.137541704535716e-10
4.396158850968167e-02,8.135641010460918e-10
4.408938382511680e-02,8.133746237716220e-10
4.421717914055192e-02,8.131857350541764e-10
4.434497445598704e-02,8.129974313177696e-10
4.447276977142216e-02,8.128097089864157e-10
4.460056508685728e-02,8.126225644841295e-10
4.472836040229240e-02,8.124359942852211e-10
4.485615571772752e-02,8.122499950652089e-10
4.498395103316265e-02,8.120645635499181e-10
4.511174634859777e-02,8.118796964651749e-10
4.523954166403289e-02,8.116953905368048e-10
4.536733697946801e-02,8.115116424906334e-10
4.549513229490313e-02,8.113284490524865e-10
4.562292761033825e-02,8.111458069481897e-10
4.575072292577338e-02,8.109637129035687e-10
4.587851824120850e-02,8.107821636444494e-10
4.600631355664361e-02,8.106011559415644e-10
4.613410887207874e-02,8.104206867452823e-10
4.626190418751386e-02,8.102407530508830e-10
4.638969950294898e-02,8.100613518536458e-10
4.651749481838410e-02,8.098824801488502e-10
4.664529013381922e-02,8.097041349317758e-10
4.677308544925434e-02,8.095263131977023e-10
4.690088076468946e-02,8.093490119419091e-10
4.702867608012459e-02,8.091722281596756e-10
4.715647139555971e-02,8.089959588462816e-10
4.728426671099482e-02,8.088202010369901e-10
4.741206202642995e-02,8.086449519269931e-10
4.753985734186507e-02,8.084702087514640e-10
4.766765265730019e-02,8.082959687455759e-10
4.779544797273531e-02,8.081222291445017e-10
4.792324328817044e-02,8.079489871834148e-10
4.805103860360555e-02,8.077762400974882e-10
4.817883391904067e-02,8.076039851218950e-10
4.830662923447580e-02,8.074322194918085e-10
4.843442454991092e-02,8.072609404424017e-10
4.856221986534604e-02,8.070901452456998e-10
4.869001518078116e-02,8.069198313211217e-10
4.881781049621628e-02,8.067499961249301e-10
4.894560581165140e-02,8.065806371133881e-10
4.907340112708652e-02,8.064117517427587e-10
4.920119644252165e-02,8.062433374693046e-10
4.932899175795677e-02,8.060753917492889e-10
4.945678707339188e-02,8.059079120389746e-10
4.958458238882701e-02,8.057408957946247e-10
4.971237770426213e-02,8.055743404725017e-10
4.984017301969725e-02,8.054082435545039e-10
4.996796833513237e-02,8.052426026250740e-10
5.000000000000000e-02,8.052011562144162e-10
5.009576365056749e-02,8.050774152974218e-10
5.022355896600261e-02,8.049126792120534e-10
5.035135428143774e-02,8.047483920235550e-10
5.047914959687286e-02,8.045845513866298e-10
5.060694491230798e-02,8.044211549559805e-10
5.073474022774310e-02,8.042582003863106e-10
5.086253554317822e-02,8.040956853323234e-10
5.099033085861334e-02,8.039336074487214e-10
5.111812617404846e-02,8.037719644176121e-10
5.124592148948359e-02,8.036107540307133e-10
5.137371680491870e-02,8.034499741071466e-10
5.150151212035382e-02,8.032896224660329e-10
5.162930743578895e-02,8.031296969264932e-10
5.175710275122407e-02,8.029701953076483e-10
5.188489806665919e-02,8.028111154286198e-10
5.201269338209431e-02,8.026524551085284e-10
5.214048869752943e-02,8.024942121664951e-10
5.226828401296455e-02,8.023363844216410e-10
5.239607932839967e-02,8.021789697198862e-10
5.252387464383480e-02,8.020219660143362e-10
5.265166995926992e-02,8.018653712848903e-10
5.277946527470503e-02,8.017091835114484e-10
5.290726059014016e-02,8.015534006739096e-10
5.303505590557528e-02,8.013980207521734e-10
5.316285122101040e-02,8.012430417261394e-10
5.329064653644552e-02,8.010884615757071e-10
5.341844185188065e-02,8.009342782807760e-10
5.354623716731576e-02,8.007804898212454e-10
5.367403248275088e-02,8.006270942007904e-10
5.380182779818601e-02,8.004740895181960e-10
5.392962311362113e-02,8.003214738960248e-10
5.405741842905625e-02,8.001692454568405e-10
5.418521374449137e-02,8.000174023232064e-10
5.431300905992649e-02,7.998659426176858e-10
5.444080437536161e-02,7.997148644628419e-10
5.456859969079673e-02,7.995641659812382e-10
5.469639500623186e-02,7.994138452954377e-10
5.482419032166697e-02,7.992639005280042e-10
5.495198563710210e-02,7.991143298232294e-10
5.507978095253722e-02,7.989651314123215e-10
5.520757626797234e-02,7.988163035482163e-10
5.533537158340746e-02,7.986678444838502e-10
5.546316689884258e-02,7.985197524721594e-10
5.559096221427770e-02,7.983720257660802e-10
5.571875752971282e-02,7.982246626185489e-10
5.584655284514795e-02,7.980776612825015e-10
5.597434816058307e-02,7.979310200108745e-10
5.610214347601819e-02,7.977847370566040e-10
5.622993879145331e-02,7.976388106922960e-10
5.635773410688843e-02,7.974932392692300e-10
5.648552942232355e-02,7.973480211583520e-10
5.661332473775867e-02,7.972031547306078e-10
5.674112005319380e-02,7.970586383569436e-10
5.686891536862891e-02,7.969144704083051e-10
5.699671068406403e-02,7.967706492556385e-10
5.712450599949916e-02,7.966271732698896e-10
5.725230131493428e-02,7.964840408220046e-10
5.738009663036940e-02,7.963412502829290e-10
5.750789194580452e-02,7.961988000417617e-10
5.763568726123964e-02,7.960566885602155e-10
5.776348257667476e-02,7.959149143181590e-10
5.789127789210988e-02,7.957734757954608e-10
5.801907320754501e-02,7.956323714719891e-10
5.814686852298013e-02,7.954915998276126e-10
5.827466383841524e-02,7.953511593421996e-10
5.840245915385037e-02,7.952110484956184e-10
5.853025446928549e-02,7.950712657677376e-10
5.865804978472061e-02,7.949318096384257e-10
5.878584510015573e-02,7.947926786037974e-10
5.891364041559085e-02,7.946538712249541e-10
5.904143573102597e-02,7.945153860792428e-10
5.916923104646109e-02,7.943772217440115e-10
5.929702636189622e-02,7.942393767966076e-10
5.942482167733134e-02,7.941018498143788e-10
5.955261699276646e-02,7.939646393746724e-10
5.968041230820158e-02,7.938277440548362e-10
5.980820762363670e-02,7.936911624322178e-10
5.993600293907182e-02,7.935548930841646e-10
6.006379825450694e-02,7.934189346033011e-10
6.019159356994207e-02,7.932832856433525e-10
6.031938888537718e-02,7.931479448733191e-10
6.044718420081231e-02,7.930129109622011e-10
6.057497951624743e-02,7.928781825789986e-10
6.070277483168255e-02,7.927437583927120e-10
6.083057014711767e-02,7.926096370723409e-10
6.095836546255279e-02,7.924758172868859e-10
6.108616077798791e-02,7.923422977053468e-10
6.121395609342303e-02,7.922090769967240e-10
6.134175140885816e-02,7.920761538437438e-10
6.146954672429328e-02,7.919435269840444e-10
6.159734203972840e-02,7.918111951689924e-10
6.172513735516352e-02,7.916791571499545e-10
6.185293267059864e-02,7.915474116782977e-10
6.198072798603376e-02,7.914159575053887e-10
6.210852330146888e-02,7.912847933825944e-10
6.223631861690401e-02,7.911539180612815e-10
6.236411393233912e-02,7.910233302928169e-10
6.249190924777424e-02,7.908930288285673e-10
6.261970456320937e-02,7.907630124326145e-10
6.274749987864449e-02,7.906332799199002e-10
6.287529519407961e-02,7.905038301180817e-10
6.300309050951473e-02,7.903746618548159e-10
6.313088582494986e-02,7.902457739577604e-10
6.325868114038498e-02,7.901171652545721e-10
6.338647645582010e-02,7.899888345729081e-10
6.351427177125522e-02,7.898607807404257e-10
6.364206708669033e-02,7.897330025847819e-10
6.376986240212545e-02,7.896054989336337e-10
6.389765771756058e-02,7.894782686263124e-10
6.402545303299570e-02,7.893513105488397e-10
6.415324834843082e-02,7.892246235989101e-10
6.428104366386594e-02,7.890982066742184e-10
6.440883897930107e-02,7.889720586724585e-10
6.453663429473619e-02,7.888461784913253e-10
6.466442961017131e-02,7.887205650285129e-10
6.479222492560642e-02,7.885952171817161e-10
6.492002024104154e-02,7.884701338486291e-10
6.504781555647667e-02,7.883453139269462e-10
6.517561087191179e-02,7.882207563251750e-10
6.530340618734691e-02,7.880964599950780e-10
6.543120150278203e-02,7.879724238992332e-10
6.555899681821716e-02,7.878486470002182e-10
6.568679213365228e-02,7.877251282606110e-10
6.581458744908740e-02,7.876018666429892e-10
6.594238276452252e-02,7.874788611099307e-10
6.607017807995763e-02,7.873561106240134e-10
6.619797339539275e-02,7.872336141478151e-10
6.632576871082788e-02,7.871113706439134e-10
6.645356402626300e-02,7.869893790848739e-10
6.658135934169812e-02,7.868676384832138e-10
6.670915465713324e-02,7.867461478614387e-10
6.683694997256837e-02,7.866249062420537e-10
6.696474528800349e-02,7.865039126475649e-10
6.709254060343861e-02,7.863831661004774e-10
6.722033591887373e-02,7.862626656232967e-10
6.734813123430886e-02,7.861424102385284e-10
6.747592654974396e-02,7.860223989686779e-10
6.760372186517909e-02,7.859026308362507e-10
6.773151718061421e-02,7.857831048728931e-10
6.785931249604933e-02,7.856638201468120e-10
6.798710781148445e-02,7.855447757353545e-10
6.811490312691958e-02,7.854259707158676e-10
6.824269844235470e-02,7.853074041656987e-10
6.837049375778982e-02,7.851890751621942e-10
6.849828907322494e-02,7.850709827827014e-10
6.862608438866007e-02,7.849531261045674e-10
6.875387970409517e-02,7.848355042051391e-10
6.888167501953030e-02,7.847181161617636e-10
6.900947033496542e-02,7.846009610605453e-10
6.913726565040054e-02,7.844840380226225e-10
6.926506096583566e-02,7.843673461778931e-10
6.939285628127079e-02,7.842508846562551e-10
6.952065159670591e-02,7.841346525876061e-10
6.964844691214103e-02,7.840186491018442e-10
6.977624222757615e-02,7.839028733288672e-10
6.990403754301128e-02,7.837873243985727e-10
7.003183285844640e-02,7.836720014408588e-10
7.015962817388151e-02,7.835569035856234e-10
7.028742348931663e-02,7.834420299700127e-10
7.041521880475175e-02,7.833273797601688e-10
7.054301412018688e-02,7.832129521294824e-10
7.067080943562200e-02,7.830987462513449e-10
7.079860475105712e-02,7.829847612991470e-10
7.092640006649224e-02,7.828709964462802e-10
7.105419538192737e-02,7.827574508661349e-10
7.118199069736249e-02,7.826441237321026e-10
7.130978601279761e-02,7.825310142175743e-10
7.152277820518949e-02,7.823429797138138e-10
7.173577039758135e-02,7.821555436337580e-10
7.194876258997322e-02,7.819687023910790e-10
7.216175478236508e-02,7.817824524475640e-10
7.237474697475696e-02,7.815967902649991e-10
7.258773916714882e-02,7.814117123051718e-10
7.280073135954070e-02,7.812272150298683e-10
7.301372355193256e-02,7.810432949008758e-10
7.322671574432443e-02,7.808599483799808e-10
7.343970793671629e-02,7.806771719289702e-10
7.365270012910817e-02,7.804949620096307e-10
7.386569232150003e-02,7.803133151356721e-10
7.407868451389191e-02,7.801322280284946e-10
7.429167670628377e-02,7.799516974614213e-10
7.450466889867564e-02,7.797717202077754e-10
7.471766109106751e-02,7.795922930408797e-10
7.493065328345938e-02,7.794134127340575e-10
7.514364547585124e-02,7.792350760606318e-10
7.535663766824312e-02,7.790572797939257e-10
7.556962986063498e-02,7.788800207072623e-10
7.578262205302685e-02,7.787032955739643e-10
7.599561424541872e-02,7.785271012114359e-10
7.620860643781059e-02,7.783514346133984e-10
7.642159863020245e-02,7.781762928176518e-10
7.663459082259433e-02,7.780016728619955e-10
7.684758301498619e-02,7.778275717842294e-10
7.706057520737807e-02,7.776539866221533e-10
7.727356739976993e-02,7.774809144135666e-10
7.748655959216180e-02,7.773083521962693e-10
7.769955178455366e-02,7.771362970080612e-10
7.791254397694554e-02,7.769647458867417e-10
7.812553616933740e-02,7.767936959102014e-10
7.833852836172928e-02,7.766231443166846e-10
7.855152055412114e-02,7.764530883845216e-10
7.876451274651301e-02,7.762835253920428e-10
7.897750493890487e-02,7.761144526175787e-10
7.919049713129675e-02,7.759458673394600e-10
7.940348932368861e-02,7.757777668360166e-10
7.961648151608049e-02,7.756101483855794e-10
7.982947370847235e-02,7.754430092664785e-10
8.004246590086422e-02,7.752763467570447e-10
8.025545809325609e-02,7.751101581710560e-10
8.046845028564796e-02,7.749444409640909e-10
8.068144247803982e-02,7.747791926271795e-10
8.089443467043170e-02,7.746144106513527e-10
8.110742686282357e-02,7.744500925276401e-10
8.132041905521543e-02,7.742862357470727e-10
8.153341124760730e-02,7.741228378006804e-10
8.174640343999917e-02,7.739598961794936e-10
8.195939563239105e-02,7.737974083745427e-10
8.217238782478291e-02,7.736353718768581e-10
8.238538001717477e-02,7.734737842097563e-10
8.259837220956665e-02,7.733126430257027e-10
8.281136440195852e-02,7.731519460094508e-10
8.302435659435038e-02,7.729916908457543e-10
8.323734878674224e-02,7.728318752193668e-10
8.345034097913412e-02,7.726724968150419e-10
8.366333317152599e-02,7.725135533175330e-10
8.387632536391786e-02,7.723550424115939e-10
8.408931755630973e-02,7.721969617819782e-10
8.430230974870159e-02,7.720393091134394e-10
8.451530194109347e-02,7.718820821194914e-10
8.472829413348533e-02,7.717252786286894e-10
8.494128632587720e-02,7.715688964983494e-10
8.515427851826907e-02,7.714129335857871e-10
8.536727071066094e-02,7.712573877483183e-10
8.558026290305280e-02,7.711022568432587e-10
8.579325509544468e-02,7.709475387279243e-10
8.600624728783654e-02,7.707932312596308e-10
8.621923948022842e-02,7.706393322956941e-10
8.643223167262028e-02,7.704858396934298e-10
8.664522386501215e-02,7.703327513362479e-10
8.685821605740401e-02,7.701800652119321e-10
8.707120824979589e-02,7.700277793343589e-10
8.728420044218775e-02,7.698758917174048e-10
8.749719263457963e-02,7.697244003749465e-10
8.771018482697149e-02,7.695733033208604e-10
8.792317701936336e-02,7.694225985690232e-10
8.813616921175522e-02,7.692722841333112e-10
8.834916140414710e-02,7.691223580276012e-10
8.856215359653896e-02,7.689728182657697e-10
8.877514578893084e-02,7.688236628852550e-10
8.898813798132270e-02,7.686748900177394e-10
8.920113017371457e-02,7.685264978184643e-10
8.941412236610644e-02,7.683784844426718e-10
8.962711455849831e-02,7.682308480456030e-10
8.984010675089017e-02,7.680835867824999e-10
9.005309894328205e-02,7.679366988086038e-10
9.026609113567391e-02,7.677901822791569e-10
9.047908332806578e-02,7.676440353494004e-10
9.069207552045766e-02,7.674982561745760e-10
9.090506771284952e-02,7.673528429314268e-10
9.111805990524138e-02,7.672077938827076e-10
9.133105209763326e-02,7.670631073126769e-10
9.154404429002513e-02,7.669187815055933e-10
9.175703648241700e-02,7.667748147457158e-10
9.197002867480886e-02,7.666312053173028e-10
9.218302086720073e-02,7.664879515046134e-10
9.239601305959261e-02,7.663450515919059e-10
9.260900525198447e-02,7.662025038634395e-10
9.282199744437633e-02,7.660603066034724e-10
9.303498963676821e-02,7.659184581157294e-10
9.324798182916008e-02,7.657769567818015e-10
9.346097402155194e-02,7.656358010027470e-10
9.367396621394380e-02,7.654949891796235e-10
9.388695840633568e-02,7.653545197134896e-10
9.409995059872756e-02,7.652143910054033e-10
9.431294279111942e-02,7.650746014564229e-10
9.452593498351128e-02,7.649351494676064e-10
9.473892717590315e-02,7.647960334400121e-10
9.495191936829503e-02,7.646572517746981e-10
9.516491156068689e-02,7.645188028904846e-10
9.537790375307875e-02,7.643806852772408e-10
9.559089594547063e-02,7.642428974425986e-10
9.580388813786250e-02,7.641054378941896e-10
9.601688033025436e-02,7.639683051396450e-10
9.622987252264624e-02,7.638314976865970e-10
9.644286471503810e-02,7.636950140426770e-10
9.665585690742998e-02,7.635588527155167e-10
9.686884909982184e-02,7.634230122127477e-10
9.708184129221371e-02,7.632874910420017e-10
9.729483348460558e-02,7.631522877271500e-10
9.750782567699745e-02,7.630174008570211e-10
9.772081786938931e-02,7.628828290366822e-10
9.793381006178119e-02,7.627485708712010e-10
9.814680225417305e-02,7.626146249656449e-10
9.835979444656492e-02,7.624809899250814e-10
9.857278663895679e-02,7.623476643545779e-10
9.878577883134866e-02,7.622146468592020e-10
9.899877102374052e-02,7.620819360440210e-10
9.921176321613240e-02,7.619495305141023e-10
9.942475540852426e-02,7.618174288893559e-10
9.963774760091614e-02,7.616856298490572e-10
9.985073979330800e-02,7.615541320873229e-10
1.000637319857000e-01,7.614229342982695e-10
1.002767241780920e-01,7.612920351760135e-10
1.004897163704840e-01,7.611614334146716e-10
1.007027085628750e-01,7.610311277083610e-10
1.009157007552670e-01,7.609011167511970e-10
1.011286929476590e-01,7.607713992372966e-10
1.013416851400510e-01,7.606419738607769e-10
1.015546773324430e-01,7.605128393293761e-10
1.017676695248350e-01,7.603839944053344e-10
1.019806617172270e-01,7.602554378645194e-10
1.021936539096190e-01,7.601271684827987e-10
1.024066461020100e-01,7.599991850360407e-10
1.026196382944020e-01,7.598714863001121e-10
1.028326304867940e-01,7.597440710508812e-10
1.030456226791860e-01,7.596169380642154e-10
1.032586148715780e-01,7.594900861159830e-10
1.034716070639700e-01,7.593635139820513e-10
1.036845992563620e-01,7.592372204507932e-10
1.038975914487540e-01,7.591112043605975e-10
1.041105836411450e-01,7.589854645623557e-10
1.043235758335370e-01,7.588599999069578e-10
1.045365680259290e-01,7.587348092452956e-10
1.047495602183210e-01,7.586098914282601e-10
1.049625524107130e-01,7.584852453067426e-10
1.051755446031050e-01,7.583608697316343e-10
1.053885367954970e-01,7.582367635538261e-10
1.056015289878880e-01,7.581129256242100e-10
1.058145211802800e-01,7.579893548052010e-10
1.060275133726720e-01,7.578660500052983e-10
1.062405055650640e-01,7.577430101445159e-10
1.064534977574560e-01,7.576202341428680e-10
1.066664899498480e-01,7.574977209203693e-10
1.068794821422400e-01,7.573754693970336e-10
1.070924743346320e-01,7.572534784928753e-10
1.073054665270230e-01,7.571317471279092e-10
1.075184587194150e-01,7.570102742221484e-10
1.077314509118070e-01,7.568890586956075e-10
1.079444431041990e-01,7.567680994788812e-10
1.081574352965910e-01,7.566473955449123e-10
1.083704274889830e-01,7.565269458772390e-10
1.085834196813750e-01,7.564067494593993e-10
1.087964118737660e-01,7.562868052749315e-10
1.090094040661580e-01,7.561671123073724e-10
1.092223962585500e-01,7.560476695402605e-10
1.094353884509420e-01,7.559284759571339e-10
1.096483806433340e-01,7.558095305415305e-10
1.098613728357260e-01,7.556908322769880e-10
1.100743650281180e-01,7.555723801568786e-10
1.102873572205100e-01,7.554541732139250e-10
1.105003494129010e-01,7.553362104906919e-10
1.107133416052930e-01,7.552184910297424e-10
1.109263337976850e-01,7.551010138736416e-10
1.111393259900770e-01,7.549837780649536e-10
1.113523181824690e-01,7.548667826462427e-10
1.115653103748610e-01,7.547500266600732e-10
1.117783025672530e-01,7.546335091490095e-10
1.119912947596450e-01,7.545172291556157e-10
1.122042869520360e-01,7.544011857314418e-10
1.124172791444280e-01,7.542853779639795e-10
1.126302713368200e-01,7.541698049497082e-10
1.128432635292120e-01,7.540544657851069e-10
1.130562557216040e-01,7.539393595666553e-10
1.132692479139960e-01,7.538244853908320e-10
1.134822401063880e-01,7.537098423541162e-10
1.136952322987790e-01,7.535954295529876e-10
1.139082244911710e-01,7.534812460839243e-10
1.141212166835630e-01,7.533672910434057e-10
1.143342088759550e-01,7.532535635363917e-10
1.145472010683470e-01,7.531400627017553e-10
1.147601932607390e-01,7.530267876868467e-10
1.149731854531310e-01,7.529137376390156e-10
1.151861776455230e-01,7.528009117056116e-10
1.153991698379140e-01,7.526883090339854e-10
1.156121620303060e-01,7.525759287714859e-10
1.158251542226980e-01,7.524637700654631e-10
1.160381464150900e-01,7.523518320632670e-10
1.162511386074820e-01,7.522401139122475e-10
1.164641307998740e-01,7.521286147674840e-10
1.166771229922660e-01,7.520173338149567e-10
1.168901151846570e-01,7.519062702483680e-10
1.171031073770490e-01,7.517954232614183e-10
1.173160995694410e-01,7.516847920478098e-10
1.175290917618330e-01,7.515743758012440e-10
1.177420839542250e-01,7.514641737154227e-10
1.179550761466170e-01,7.513541849840470e-10
1.181680683390090e-01,7.512444088008190e-10
1.183810605314010e-01,7.511348443594400e-10
1.185940527237920e-01,7.510254908608336e-10
1.188070449161840e-01,7.509163475348235e-10
1.190200371085760e-01,7.508074136184642e-10
1.192330293009680e-01,7.506986883488101e-10
1.194460214933600e-01,7.505901709629150e-10
1.196590136857520e-01,7.504818606978333e-10
1.198720058781440e-01,7.503737567906190e-10
1.200849980705360e-01,7.502658584783264e-10
1.202979902629270e-01,7.501581649980100e-10
1.205109824553190e-01,7.500506755867228e-10
1.207239746477110e-01,7.499433894882273e-10
1.209369668401030e-01,7.498363059731219e-10
1.211499590324950e-01,7.497294243187155e-10
1.213629512248870e-01,7.496227438023180e-10
1.215759434172790e-01,7.495162637012383e-10
1.217889356096700e-01,7.494099832927862e-10
1.220019278020620e-01,7.493039018542704e-10
1.222149199944540e-01,7.491980186630002e-10
1.224279121868460e-01,7.490923329962854e-10
1.226409043792380e-01,7.489868441314347e-10
1.228538965716300e-01,7.488815513519905e-10
1.230668887640220e-01,7.487764539664227e-10
1.232798809564140e-01,7.486715512894333e-10
1.234928731488050e-01,7.485668426357247e-10
1.237058653411970e-01,7.484623273199979e-10
1.239188575335890e-01,7.483580046569554e-10
1.241318497259810e-01,7.482538739612987e-10
1.243448419183730e-01,7.481499345477305e-10
1.245578341107650e-01,7.480461857309520e-10
1.247708263031570e-01,7.479426268256656e-10
1.249838184955480e-01,7.478392571524382e-10
1.251968106879400e-01,7.477360760552865e-10
1.254098028803320e-01,7.476330828840886e-10
1.256227950727240e-01,7.475302769887221e-10
1.258357872651160e-01,7.474276577190651e-10
1.260487794575080e-01,7.473252244249952e-10
1.262617716499000e-01,7.472229764563904e-10
1.264747638422920e-01,7.471209131631282e-10
1.266877560346830e-01,7.470190338950872e-10
1.269007482270750e-01,7.469173380021441e-10
1.271137404194670e-01,7.468158248395987e-10
1.273267326118590e-01,7.467144937844224e-10
1.275397248042510e-01,7.466133442190007e-10
1.277527169966430e-01,7.465123755257192e-10
1.279657091890350e-01,7.464115870869633e-10
1.281787013814270e-01,7.463109782851188e-10
1.283916935738180e-01,7.462105485025717e-10
1.286046857662100e-01,7.461102971217065e-10
1.288176779586020e-01,7.460102235249092e-10
1.290306701509940e-01,7.459103270945655e-10
1.292436623433860e-01,7.458106072181509e-10
1.294566545357780e-01,7.457110633035098e-10
1.296696467281700e-01,7.456116947635807e-10
1.298826389205610e-01,7.455125010113027e-10
1.300956311129530e-01,7.454134814596136e-10
1.303086233053450e-01,7.453146355214522e-10
1.305216154977370e-01,7.452159626097573e-10
1.307346076901290e-01,7.451174621374675e-10
1.309475998825210e-01,7.450191335175214e-10
1.311605920749130e-01,7.449209761628576e-10
1.313735842673050e-01,7.448229894911580e-10
1.315865764596960e-01,7.447251729390807e-10
1.317995686520880e-01,7.446275259480265e-10
1.320125608444800e-01,7.445300479593978e-10
1.322255530368720e-01,7.444327384145967e-10
1.324385452292640e-01,7.443355967550248e-10
1.326515374216560e-01,7.442386224220841e-10
1.328645296140480e-01,7.441418148571765e-10
1.330775218064400e-01,7.440451735017040e-10
1.332905139988310e-01,7.439486977970689e-10
1.335035061912230e-01,7.438523871891254e-10
1.337164983836150e-01,7.437562411415399e-10
1.339294905760070e-01,7.436602591224288e-10
1.341424827683990e-01,7.435644405999096e-10
1.343554749607910e-01,7.434687850420992e-10
1.345684671531830e-01,7.433732919171148e-10
1.347814593455740e-01,7.432779606930739e-10
1.349944515379660e-01,7.431827908380927e-10
1.352074437303580e-01,7.430877818202887e-10
1.354204359227500e-01,7.429929331077789e-10
1.356334281151420e-01,7.428982441728531e-10
1.358464203075340e-01,7.428037145044832e-10
1.360594124999260e-01,7.427093435958097e-10
1.362724046923180e-01,7.426151309399729e-10
1.364853968847090e-01,7.425210760301135e-10
1.366983890771010e-01,7.424271783593709e-10
1.369113812694930e-01,7.423334374208862e-10
1.371243734618850e-01,7.422398527077995e-10
1.373373656542770e-01,7.421464237132513e-10
1.375503578466690e-01,7.420531499303822e-10
1.377633500390610e-01,7.419600308562434e-10
1.379763422314520e-01,7.418670660035428e-10
1.381893344238440e-01,7.417742548889020e-10
1.384023266162360e-01,7.416815970289447e-10
1.386153188086280e-01,7.415890919402938e-10
1.388283110010200e-01,7.414967391395719e-10
1.390413031934120e-01,7.414045381434024e-10
1.392542953858040e-01,7.413124884684079e-10
1.394672875781960e-01,7.412205896312115e-10
1.396802797705870e-01,7.411288411484366e-10
1.398932719629790e-01,7.410372425403795e-10
1.401062641553710e-01,7.409457933420382e-10
1.403192563477630e-01,7.408544930920872e-10
1.405322485401550e-01,7.407633413292006e-10
1.407452407325470e-01,7.406723375920524e-10
1.409582329249390e-01,7.405814814193169e-10
1.411712251173300e-01,7.404907723496690e-10
1.413842173097220e-01,7.404002099217814e-10
1.415972095021140e-01,7.403097936743293e-10
1.418102016945060e-01,7.402195231459865e-10
1.420231938868980e-01,7.401293978788854e-10
1.422361860792900e-01,7.400394174289907e-10
1.424491782716820e-01,7.399495813557252e-10
1.426621704640740e-01,7.398598892185115e-10
1.428751626564650e-01,7.397703405767727e-10
1.430881548488570e-01,7.396809349899306e-10
1.433011470412490e-01,7.395916720174084e-10
1.435141392336410e-01,7.395025512186288e-10
1.437271314260330e-01,7.394135721530145e-10
1.439401236184250e-01,7.393247343799881e-10
1.441531158108170e-01,7.392360374622239e-10
1.443661080032090e-01,7.391474809753983e-10
1.445791001956000e-01,7.390590644984379e-10
1.447920923879920e-01,7.389707876102675e-10
1.450050845803840e-01,7.388826498898138e-10
1.452180767727760e-01,7.387946509160025e-10
1.454310689651680e-01,7.387067902677596e-10
1.456440611575600e-01,7.386190675240111e-10
1.458570533499520e-01,7.385314822636825e-10
1.460700455423430e-01,7.384440340657008e-10
1.462830377347350e-01,7.383567225120584e-10
1.464960299271270e-01,7.382695471970127e-10
1.467090221195190e-01,7.381825077178838e-10
1.469220143119110e-01,7.380956036719923e-10
1.471350065043030e-01,7.380088346566586e-10
1.473479986966950e-01,7.379222002692034e-10
1.475609908890870e-01,7.378357001069471e-10
1.477739830814780e-01,7.377493337672102e-10
1.479869752738700e-01,7.376631008473128e-10
1.481999674662620e-01,7.375770009445756e-10
1.484129596586540e-01,7.374910336591982e-10
1.486259518510460e-01,7.374051986029021e-10
1.488389440434380e-01,7.373194953902911e-10
1.490519362358300e-01,7.372339236359680e-10
1.492649284282220e-01,7.371484829545365e-10
1.494779206206130e-01,7.370631729606002e-10
1.496909128130050e-01,7.369779932687618e-10
1.499039050053970e-01,7.368929434936252e-10
1.501168971977890e-01,7.368080232497935e-10
1.503298893901810e-01,7.367232321518705e-10
1.505428815825730e-01,7.366385698172041e-10
1.507558737749650e-01,7.365540358741251e-10
1.509688659673560e-01,7.364696299537100e-10
1.511818581597480e-01,7.363853516870345e-10
1.513948503521400e-01,7.363012007051753e-10
1.516078425445320e-01,7.362171766392086e-10
1.518208347369240e-01,7.361332791202108e-10
1.520338269293160e-01,7.360495077792582e-10
1.522468191217080e-01,7.359658622474271e-10
1.524598113141000e-01,7.358823421557937e-10
1.526728035064910e-01,7.357989471379617e-10
1.528857956988830e-01,7.357156768376388e-10
1.530987878912750e-01,7.356325309010599e-10
1.533117800836670e-01,7.355495089744597e-10
1.535247722760590e-01,7.354666107040726e-10
1.537377644684510e-01,7.353838357361333e-10
1.539507566608430e-01,7.353011837168762e-10
1.541637488532340e-01,7.352186542925366e-10
1.543767410456260e-01,7.351362471093478e-10
1.545897332380180e-01,7.350539618135451e-10
1.548027254304100e-01,7.349717980538494e-10
1.550157176228020e-01,7.348897554889226e-10
1.552287098151940e-01,7.348078337799107e-10
1.554417020075860e-01,7.347260325879600e-10
1.556546941999780e-01,7.346443515742160e-10
1.558676863923690e-01,7.345627903998256e-10
1.560806785847610e-01,7.344813487259339e-10
1.562936707771530e-01,7.344000262136872e-10
1.565066629695450e-01,7.343188225242317e-10
1.567196551619370e-01,7.342377373187135e-10
1.569326473543290e-01,7.341567702605489e-10
1.571456395467210e-01,7.340759210222438e-10
1.573586317391130e-01,7.339951892785765e-10
1.575716239315040e-01,7.339145747043266e-10
1.577846161238960e-01,7.338340769742717e-10
1.579976083162880e-01,7.337536957631915e-10
1.582106005086800e-01,7.336734307458643e-10
1.584235927010720e-01,7.335932815970694e-10
1.586365848934640e-01,7.335132479915856e-10
1.588495770858560e-01,7.334333296041916e-10
1.590625692782470e-01,7.333535261118599e-10
1.592755614706390e-01,7.332738372003407e-10
1.594885536630310e-01,7.331942625575791e-10
1.597015458554230e-01,7.331148018715205e-10
1.599145380478150e-01,7.330354548301101e-10
1.601275302402070e-01,7.329562211212935e-10
1.603405224325990e-01,7.328771004330155e-10
1.605535146249910e-01,7.327980924532218e-10
1.607665068173820e-01,7.327191968698577e-10
1.609794990097740e-01,7.326404133708679e-10
1.611924912021660e-01,7.325617416462521e-10
1.614054833945580e-01,7.324831813942243e-10
1.616184755869500e-01,7.324047323150537e-10
1.618314677793420e-01,7.323263941090084e-10
1.620444599717340e-01,7.322481664763570e-10
1.622574521641260e-01,7.321700491173683e-10
1.624704443565170e-01,7.320920417323108e-10
1.626834365489090e-01,7.320141440214524e-10
1.628964287413010e-01,7.319363556850621e-10
1.631094209336930e-01,7.318586764234085e-10
1.633224131260850e-01,7.317811059387123e-10
1.635354053184770e-01,7.317036439410019e-10
1.637483975108690e-01,7.316262901422568e-10
1.639613897032600e-01,7.315490442544571e-10
1.641743818956520e-01,7.314719059895814e-10
1.643873740880440e-01,7.313948750596098e-10
1.646003662804360e-01,7.313179511765219e-10
1.648133584728280e-01,7.312411340522972e-10
1.650263506652200e-01,7.311644233989154e-10
1.652393428576120e-01,7.310878189283559e-10
1.654523350500040e-01,7.310113203544527e-10
1.656653272423950e-01,7.309349273984547e-10
1.658783194347870e-01,7.308586397834613e-10
1.660913116271790e-01,7.307824572325735e-10
1.663043038195710e-01,7.307063794688917e-10
1.665172960119630e-01,7.306304062155165e-10
1.667302882043550e-01,7.305545371955480e-10
1.669432803967470e-01,7.304787721320870e-10
1.671562725891380e-01,7.304031107482342e-10
1.673692647815300e-01,7.303275527670894e-10
1.675822569739220e-01,7.302520979135165e-10
1.677952491663140e-01,7.301767459194353e-10
1.680082413587060e-01,7.301014965185301e-10
1.682212335510980e-01,7.300263494444855e-10
1.684342257434900e-01,7.299513044309864e-10
1.686472179358820e-01,7.298763612117170e-10
1.688602101282730e-01,7.298015195203623e-10
1.690732023206650e-01,7.297267790906061e-10
1.692861945130570e-01,7.296521396561333e-10
1.694991867054490e-01,7.295776009506286e-10
1.697121788978410e-01,7.295031627094371e-10
1.699251710902330e-01,7.294288246745475e-10
1.701381632826250e-01,7.293545865896107e-10
1.703511554750170e-01,7.292804481982766e-10
1.705641476674080e-01,7.292064092441958e-10
1.707771398598000e-01,7.291324694710182e-10
1.709901320521920e-01,7.290586286223940e-10
1.712031242445840e-01,7.289848864419738e-10
1.714161164369760e-01,7.289112426734078e-10
1.716291086293680e-01,7.288376970603462e-10
1.718421008217600e-01,7.287642493480402e-10
1.720550930141510e-01,7.286908992881438e-10
1.722680852065430e-01,7.286176466339106e-10
1.724810773989350e-01,7.285444911385948e-10
1.726940695913270e-01,7.284714325554508e-10
1.729070617837190e-01,7.283984706377323e-10
1.731200539761110e-01,7.283256051386939e-10
1.733330461685030e-01,7.282528358115896e-10
1.735460383608950e-01,7.281801624096733e-10
1.737590305532860e-01,7.281075846861996e-10
1.739720227456780e-01,7.280351023959391e-10
1.741850149380700e-01,7.279627152997279e-10
1.743980071304620e-01,7.278904231599178e-10
1.746109993228540e-01,7.278182257388605e-10
1.748239915152460e-01,7.277461227989079e-10
1.750369837076380e-01,7.276741141024114e-10
1.752499759000290e-01,7.276021994117232e-10
1.754629680924210e-01,7.275303784891944e-10
1.756759602848130e-01,7.274586510971771e-10
1.758889524772050e-01,7.273870169980229e-10
1.761019446695970e-01,7.273154759555189e-10
1.763149368619890e-01,7.272440277391976e-10
1.765279290543810e-01,7.271726721200299e-10
1.767409212467730e-01,7.271014088689849e-10
1.769539134391640e-01,7.270302377570338e-10
1.771669056315560e-01,7.269591585551456e-10
1.773798978239480e-01,7.268881710342908e-10
1.775928900163400e-01,7.268172749654396e-10
1.778058822087320e-01,7.267464701195620e-10
1.780188744011240e-01,7.266757562676284e-10
1.782318665935160e-01,7.266051331819747e-10
1.784448587859070e-01,7.265346006404057e-10
1.786578509782990e-01,7.264641584220919e-10
1.788708431706910e-01,7.263938063062048e-10
1.790838353630830e-01,7.263235440719161e-10
1.792968275554750e-01,7.262533714983969e-10
1.795098197478670e-01,7.261832883648184e-10
1.797228119402590e-01,7.261132944503524e-10
1.799358041326510e-01,7.260433895341699e-10
1.801487963250420e-01,7.259735733954425e-10
1.803617885174340e-01,7.259038458146629e-10
1.805747807098260e-01,7.258342065776109e-10
1.807877729022180e-01,7.257646554713888e-10
1.810007650946100e-01,7.256951922830982e-10
1.812137572870020e-01,7.256258167998410e-10
1.814267494793940e-01,7.255565288087188e-10
1.816397416717860e-01,7.254873280968335e-10
1.818527338641770e-01,7.254182144512873e-10
1.820657260565690e-01,7.253491876591814e-10
1.822787182489610e-01,7.252802475076177e-10
1.824917104413530e-01,7.252113937848891e-10
1.827047026337450e-01,7.251426262840493e-10
1.829176948261370e-01,7.250739447993423e-10
1.831306870185290e-01,7.250053491250125e-10
1.833436792109200e-01,7.249368390553043e-10
1.835566714033120e-01,7.248684143844610e-10
1.837696635957040e-01,7.248000749067271e-10
1.839826557880960e-01,7.247318204163468e-10
1.841956479804880e-01,7.246636507075640e-10
1.844086401728800e-01,7.245955655746230e-10
1.846216323652720e-01,7.245275648131610e-10
1.848346245576640e-01,7.244596482243844e-10
1.850476167500550e-01,7.243918156108918e-10
1.852606089424470e-01,7.243240667752809e-10
1.854736011348390e-01,7.242564015201500e-10
1.856865933272310e-01,7.241888196480971e-10
1.858995855196230e-01,7.241213209617203e-10
1.861125777120150e-01,7.240539052636179e-10
1.863255699044070e-01,7.239865723563881e-10
1.865385620967990e-01,7.239193220426288e-10
1.867515542891900e-01,7.238521541253211e-10
1.869645464815820e-01,7.237850684089755e-10
1.871775386739740e-01,7.237180646984862e-10
1.873905308663660e-01,7.236511427987472e-10
1.876035230587580e-01,7.235843025146524e-10
1.878165152511500e-01,7.235175436510958e-10
1.880295074435420e-01,7.234508660129716e-10
1.882424996359330e-01,7.233842694051739e-10
1.884554918283250e-01,7.233177536325961e-10
1.886684840207170e-01,7.232513185001324e-10
1.888814762131090e-01,7.231849638165549e-10
1.890944684055010e-01,7.231186894061523e-10
1.893074605978930e-01,7.230524950970921e-10
1.895204527902850e-01,7.229863807175432e-10
1.897334449826770e-01,7.229203460956734e-10
1.899464371750680e-01,7.228543910596511e-10
1.901594293674600e-01,7.227885154376441e-10
1.903724215598520e-01,7.227227190578208e-10
1.905854137522440e-01,7.226570017483495e-10
1.907984059446360e-01,7.225913633373981e-10
1.910113981370280e-01,7.225258036437408e-10
1.912243903294200e-01,7.224603224485771e-10
1.914373825218110e-01,7.223949195237147e-10
1.916503747142030e-01,7.223295946409601e-10
1.918633669065950e-01,7.222643475721204e-10
1.920763590989870e-01,7.221991780890028e-10
1.922893512913790e-01,7.221340859634146e-10
1.925023434837710e-01,7.220690709671626e-10
1.927153356761630e-01,7.220041328720541e-10
1.929283278685550e-01,7.219392714498962e-10
1.931413200609460e-01,7.218744865124312e-10
1.933543122533380e-01,7.218097780310788e-10
1.935673044457300e-01,7.217451460171628e-10
1.937802966381220e-01,7.216805904820073e-10
1.939932888305140e-01,7.216161114369362e-10
1.942062810229060e-01,7.215517088932728e-10
1.944192732152980e-01,7.214873828623415e-10
1.946322654076900e-01,7.214231333554659e-10
1.948452576000810e-01,7.213589603839698e-10
1.950582497924730e-01,7.212948639591769e-10
1.952712419848650e-01,7.212308439479671e-10
1.954842341772570e-01,7.211668996398501e-10
1.956972263696490e-01,7.211030301800932e-10
1.959102185620410e-01,7.210392347139648e-10
1.961232107544330e-01,7.209755123867327e-10
1.963362029468240e-01,7.209118623436648e-10
1.965491951392160e-01,7.208482837300287e-10
1.967621873316080e-01,7.207847756910927e-10
1.969751795240000e-01,7.207213373721243e-10
1.971881717163920e-01,7.206579679183915e-10
1.974011639087840e-01,7.205946670181099e-10
1.976141561011760e-01,7.205314365321495e-10
1.978271482935680e-01,7.204682788647610e-10
1.980401404859590e-01,7.204051964201950e-10
1.982531326783510e-01,7.203421916027013e-10
1.984661248707430e-01,7.202792668165311e-10
1.986791170631350e-01,7.202164244659345e-10
1.988921092555270e-01,7.201536669551622e-10
1.991051014479190e-01,7.200909966884647e-10
1.993180936403110e-01,7.200284160700922e-10
1.995310858327020e-01,7.199659254815686e-10
1.997440780250940e-01,7.199035172127837e-10
1.999570702174860e-01,7.198411815305385e-10
2.001700624098780e-01,7.197789087016336e-10
2.003830546022700e-01,7.197166889928702e-10
2.005960467946620e-01,7.196545126710487e-10
2.008090389870540e-01,7.195923700029700e-10
2.010220311794460e-01,7.195302512554349e-10
2.012350233718370e-01,7.194681466952445e-10
2.014480155642290e-01,7.194060465891991e-10
2.016610077566210e-01,7.193439487594618e-10
2.018739999490130e-01,7.192818812430192e-10
2.020869921414050e-01,7.192198796289084e-10
2.022999843337970e-01,7.191579795061663e-10
2.025129765261890e-01,7.190962164638298e-10
2.027259687185810e-01,7.190346260909359e-10
2.029389609109720e-01,7.189732439765219e-10
2.031519531033640e-01,7.189121057096241e-10
2.033649452957560e-01,7.188512468792796e-10
2.035779374881480e-01,7.187907030745258e-10
2.037909296805400e-01,7.187304816839758e-10
2.040039218729320e-01,7.186704773540954e-10
2.042169140653240e-01,7.186105565606927e-10
2.044299062577150e-01,7.185505857795751e-10
2.046428984501070e-01,7.184904314865500e-10
2.048558906424990e-01,7.184299601574249e-10
2.050688828348910e-01,7.183690382680075e-10
2.052818750272830e-01,7.183075322941058e-10
2.054948672196750e-01,7.182453087115269e-10
2.057078594120670e-01,7.181822339960786e-10
2.059208516044590e-01,7.181182797605029e-10
2.061338437968500e-01,7.180538384057679e-10
2.063468359892420e-01,7.179894075900540e-10
2.065598281816340e-01,7.179254849715420e-10
2.067728203740260e-01,7.178625682084128e-10
2.069858125664180e-01,7.178011549588473e-10
2.071988047588100e-01,7.177417428810263e-10
2.074117969512020e-01,7.176848296331305e-10
2.076247891435940e-01,7.176309128733406e-10
2.078377813359850e-01,7.175804902598378e-10
2.080507735283770e-01,7.175336669502511e-10
2.082637657207690e-01,7.174889776872228e-10
2.084767579131610e-01,7.174445645064262e-10
2.086897501055530e-01,7.173985694435347e-10
2.089027422979450e-01,7.173491345342210e-10
2.091157344903370e-01,7.172944018141586e-10
2.093287266827280e-01,7.172325133190210e-10
2.095417188751200e-01,7.171616110844806e-10
2.097547110675120e-01,7.170798371462109e-10
2.099677032599040e-01,7.169853335398852e-10
2.101806954522960e-01,7.168777075912830e-10
2.103936876446880e-01,7.167624275174963e-10
2.106066798370800e-01,7.166464266911702e-10
2.108196720294720e-01,7.165366384849490e-10
2.110326642218630e-01,7.164399962714782e-10
2.112456564142550e-01,7.163634334234013e-10
2.114586486066470e-01,7.163138833133638e-10
2.116716407990390e-01,7.162982793140101e-10
2.118846329914310e-01,7.163235547979852e-10
2.120976251838230e-01,7.163966431379338e-10
2.123106173762150e-01,7.165190074830140e-10
2.125236095686060e-01,7.166702378485364e-10
2.127366017609980e-01,7.168244579056887e-10
2.129495939533900e-01,7.169557913256563e-10
2.131625861457820e-01,7.170383617796256e-10
2.133755783381740e-01,7.170462929387826e-10
2.135885705305660e-01,7.169537084743135e-10
2.138015627229580e-01,7.167347320574047e-10
2.140145549153500e-01,7.163634873592423e-10
2.142275471077410e-01,7.158140980510156e-10
2.144405393001330e-01,7.150811082306883e-10
2.146535314925250e-01,7.142406895244126e-10
2.148665236849170e-01,7.133894069046304e-10
2.150795158773090e-01,7.126238253437835e-10
2.152925080697010e-01,7.120405098143141e-10
2.155055002620930e-01,7.117360252886638e-10
2.157184924544850e-01,7.118069367392747e-10
2.159314846468760e-01,7.123498091385849e-10
2.161444768392680e-01,7.134612074590407e-10
2.163574690316600e-01,7.152376966730831e-10
2.165704612240520e-01,7.176997129766487e-10
2.167834534164440e-01,7.205630446042985e-10
2.169964456088360e-01,7.234672845719205e-10
2.172094378012280e-01,7.260520258954042e-10
2.174224299936190e-01,7.279568615906309e-10
2.176354221860110e-01,7.288213846735084e-10
2.178484143784030e-01,7.282851881599142e-10
2.180614065707950e-01,7.259878650657370e-10
2.182743987631870e-01,7.215690084068658e-10
2.184873909555790e-01,7.146682111991879e-10
2.187003831479710e-01,7.050792292385440e-10
2.189133753403630e-01,6.932125480013153e-10
2.191263675327540e-01,6.796328550267735e-10
2.193393597251460e-01,6.649048378539821e-10
2.195523519175380e-01,6.495931840222128e-10
2.197653441099300e-01,6.342625810706602e-10
2.199783363023220e-01,6.194777165385308e-10
2.201913284947140e-01,6.058032779650193e-10
2.204043206871060e-01,5.938039528893359e-10
2.206173128794970e-01,5.840444288507152e-10
2.208303050718890e-01,5.769360197377837e-10
2.210432972642810e-01,5.722766561201052e-10
2.212562894566730e-01,5.697109505530371e-10
2.214692816490650e-01,5.688835155919341e-10
2.216822738414570e-01,5.694389637921521e-10
2.218952660338490e-01,5.710219077090466e-10
2.221082582262410e-01,5.732769598979734e-10
2.223212504186320e-01,5.758487329142755e-10
2.225342426110240e-01,5.783818393133345e-10
2.227472348034160e-01,5.805208916504943e-10
2.229602269958080e-01,5.819856415363062e-10
2.231732191882000e-01,5.827962495034742e-10
2.233862113805920e-01,5.830479415086281e-10
2.235992035729840e-01,5.828359435083978e-10
2.238121957653760e-01,5.822554814594130e-10
2.240251879577670e-01,5.814017813183083e-10
2.242381801501590e-01,5.803700690417049e-10
2.244511723425510e-01,5.792555705862365e-10
2.246641645349430e-01,5.781535119085325e-10
2.248771567273350e-01,5.771591189652228e-10
2.250901489197270e-01,5.763475069283713e-10
2.253031411121190e-01,5.757132987870202e-10
2.255161333045100e-01,5.752309822157939e-10
2.257291254969020e-01,5.748750448893113e-10
2.259421176892940e-01,5.746199744821972e-10
2.261551098816860e-01,5.744402586690746e-10
2.263681020740780e-01,5.743103851245665e-10
2.265810942664700e-01,5.742048415232953e-10
2.267940864588620e-01,5.740981155398839e-10
2.270070786512540e-01,5.739646948489551e-10
2.272200708436450e-01,5.737844576164926e-10
2.274330630360370e-01,5.735588504585227e-10
2.276460552284290e-01,5.732947137252249e-10
2.278590474208210e-01,5.729988877667778e-10
2.280720396132130e-01,5.726782129333598e-10
2.282850318056050e-01,5.723395295751497e-10
2.284980239979970e-01,5.719896780423259e-10
2.287110161903880e-01,5.716354986850689e-10
2.289240083827800e-01,5.712838318535539e-10
2.291370005751720e-01,5.709415178979609e-10
2.293499927675640e-01,5.706139522329883e-10
2.295629849599560e-01,5.703007505782345e-10
2.297759771523480e-01,5.700000837412297e-10
2.299889693447400e-01,5.697101225295036e-10
2.302019615371320e-01,5.694290377505861e-10
2.304149537295230e-01,5.691550002120079e-10
2.306279459219150e-01,5.688861807212969e-10
2.308409381143070e-01,5.686207500859836e-10
2.310539303066990e-01,5.683568791135984e-10
2.312669224990910e-01,5.680927386116707e-10
2.314799146914830e-01,5.678268865670619e-10
2.316929068838750e-01,5.675594291932480e-10
2.319058990762670e-01,5.672908596377196e-10
2.321188912686580e-01,5.670216710479688e-10
2.323318834610500e-01,5.667523565714840e-10
2.325448756534420e-01,5.664834093557569e-10
2.327578678458340e-01,5.662153225482783e-10
2.329708600382260e-01,5.659485892965390e-10
2.331838522306180e-01,5.656837027480296e-10
2.333968444230100e-01,5.654211560502411e-10
2.336098366154010e-01,5.651613384698794e-10
2.338228288077930e-01,5.649042240104148e-10
2.340358210001850e-01,5.646496829244501e-10
2.342488131925770e-01,5.643975854645874e-10
2.344618053849690e-01,5.641478018834283e-10
2.346747975773610e-01,5.639002024335745e-10
2.348877897697530e-01,5.636546573676279e-10
2.351007819621450e-01,5.634110369381901e-10
2.353137741545360e-01,5.631692113978642e-10
2.355267663469280e-01,5.629290509992496e-10
2.357397585393200e-01,5.626904536953510e-10
2.359527507317120e-01,5.624534282933116e-10
2.361657429241040e-01,5.622180113269495e-10
2.363787351164960e-01,5.619842393300821e-10
2.365917273088880e-01,5.617521488365276e-10
2.368047195012800e-01,5.615217763801036e-10
2.370177116936710e-01,5.612931584946288e-10
2.372307038860630e-01,5.610663317139192e-10
2.374436960784550e-01,5.608413325717935e-10
2.376566882708470e-01,5.606181976020694e-10
2.378696804632390e-01,5.603969558138942e-10
2.380826726556310e-01,5.601776061127589e-10
2.382956648480230e-01,5.599601398769976e-10
2.385086570404140e-01,5.597445484849454e-10
2.387216492328060e-01,5.595308233149338e-10
2.389346414251980e-01,5.593189557452980e-10
2.391476336175900e-01,5.591089371543718e-10
2.393606258099820e-01,5.589007589204892e-10
2.395736180023740e-01,5.586944124219841e-10
2.397866101947660e-01,5.584898890371903e-10
2.399996023871580e-01,5.582871820648901e-10
2.402125945795490e-01,5.580862924845559e-10
2.404255867719410e-01,5.578872231955542e-10
2.406385789643330e-01,5.576899770972544e-10
2.408515711567250e-01,5.574945570890245e-10
2.410645633491170e-01,5.573009660702332e-10
2.412775555415090e-01,5.571092069402487e-10
2.414905477339010e-01,5.569192825984395e-10
2.417035399262920e-01,5.567311959441744e-10
2.419165321186840e-01,5.565449498768205e-10
2.421295243110760e-01,5.563605466879926e-10
2.423425165034680e-01,5.561779862393883e-10
2.425555086958600e-01,5.559972677855010e-10
2.427685008882520e-01,5.558183905808236e-10
2.429814930806440e-01,5.556413538798494e-10
2.431944852730360e-01,5.554661569370715e-10
2.434074774654270e-01,5.552927990069838e-10
2.436204696578190e-01,5.551212793440779e-10
2.438334618502110e-01,5.549515972028477e-10
2.440464540426030e-01,5.547837518377865e-10
2.442594462349950e-01,5.546177425766270e-10
2.444724384273870e-01,5.544535690402500e-10
2.446854306197790e-01,5.542912309228710e-10
2.448984228121710e-01,5.541307279187053e-10
2.451114150045620e-01,5.539720597219691e-10
2.453244071969540e-01,5.538152260268763e-10
2.455373993893460e-01,5.536602265276429e-10
2.457503915817380e-01,5.535070609184845e-10
2.459633837741300e-01,5.533557288936163e-10
2.461763759665220e-01,5.532062301472539e-10
2.463893681589140e-01,5.530585642680885e-10
2.466023603513050e-01,5.529127304225737e-10
2.468153525436970e-01,5.527687276715651e-10
2.470283447360890e-01,5.526265550759210e-10
2.472413369284810e-01,5.524862116964983e-10
2.474543291208730e-01,5.523476965941545e-10
2.476673213132650e-01,5.522110088297469e-10
2.478803135056570e-01,5.520761474641327e-10
2.480933056980490e-01,5.519431115581691e-10
2.483062978904400e-01,5.518119001727139e-10
2.485192900828320e-01,5.516825123145927e-10
2.487322822752240e-01,5.515549467745040e-10
2.489452744676160e-01,5.514292022891118e-10
2.491582666600080e-01,5.513052775950800e-10
2.493712588524000e-01,5.511831714290729e-10
2.495842510447920e-01,5.510628825277544e-10
2.497972432371830e-01,5.509444096277893e-10
2.500102354295750e-01,5.508277514658402e-10
2.502232276219670e-01,5.507129067785720e-10
2.504362198143590e-01,5.505998743026487e-10
2.506492120067510e-01,5.504886527105242e-10
2.508622041991430e-01,5.503792404178836e-10
2.510751963915350e-01,5.502716357762379e-10
2.512881885839270e-01,5.501658371370981e-10
2.515011807763180e-01,5.500618428519753e-10
2.517141729687100e-01,5.499596512723796e-10
2.519271651611020e-01,5.498592607498224e-10
2.521401573534940e-01,5.497606696358146e-10
2.523531495458860e-01,5.496638762818669e-10
2.525661417382780e-01,5.495688790394904e-10
2.527791339306700e-01,5.494756762023605e-10
2.529921261230620e-01,5.493842658329475e-10
2.532051183154530e-01,5.492946459359542e-10
2.534181105078450e-01,5.492068145160828e-10
2.536311027002370e-01,5.491207695780361e-10
2.538440948926290e-01,5.490365091265169e-10
2.540570870850210e-01,5.489540311662278e-10
2.542700792774130e-01,5.488733337018717e-10
2.544830714698050e-01,5.487944147381513e-10
2.546960636621960e-01,5.487172722797692e-10
2.549090558545880e-01,5.486419042756229e-10
2.551220480469800e-01,5.485683084512770e-10
2.553350402393720e-01,5.484964824764335e-10
2.555480324317640e-01,5.484264240207947e-10
2.557610246241560e-01,5.483581307540626e-10
2.559740168165480e-01,5.482916003459396e-10
2.561870090089400e-01,5.482268304661278e-10
2.564000012013310e-01,5.481638187843296e-10
2.566129933937230e-01,5.481025629702468e-10
2.568259855861150e-01,5.480430606935816e-10
2.570389777785070e-01,5.479853095712907e-10
2.572519699708990e-01,5.479293070093042e-10
2.574649621632910e-01,5.478750503607853e-10
2.576779543556830e-01,5.478225369788973e-10
2.578909465480740e-01,5.477717642168033e-10
2.581039387404660e-01,5.477227294276661e-10
2.583169309328580e-01,5.476754299646491e-10
2.585299231252500e-01,5.476298631809154e-10
2.587429153176420e-01,5.475860264296282e-10
2.589559075100340e-01,5.475439170639504e-10
2.591688997024260e-01,5.475035323874268e-10
2.593818918948180e-01,5.474648695051484e-10
2.595948840872090e-01,5.474279254725983e-10
2.598078762796010e-01,5.473926973452591e-10
2.600208684719930e-01,5.473591821786142e-10
2.602338606643850e-01,5.473273770281464e-10
2.604468528567770e-01,5.472972789493386e-10
2.606598450491690e-01,5.472688849976740e-10
2.608728372415610e-01,5.472421922286355e-10
2.610858294339530e-01,5.472171976977062e-10
2.612988216263440e-01,5.471938984124233e-10
2.615118138187360e-01,5.471722911886212e-10
2.617248060111280e-01,5.471523727942283e-10
2.619377982035200e-01,5.471341399971735e-10
2.621507903959120e-01,5.471175895653848e-10
2.623637825883040e-01,5.471027182667910e-10
2.625767747806960e-01,5.470895228693204e-10
2.627897669730870e-01,5.470780001409018e-10
2.630027591654790e-01,5.470681468494633e-10
2.632157513578710e-01,5.470599597629337e-10
2.634287435502630e-01,5.470534356086825e-10
2.636417357426550e-01,5.470485709517326e-10
2.638547279350470e-01,5.470453623164929e-10
2.640677201274390e-01,5.470438062273716e-10
2.642807123198310e-01,5.470438992087773e-10
2.644937045122220e-01,5.470456377851188e-10
2.647066967046140e-01,5.470490184808044e-10
2.649196888970060e-01,5.470540378202427e-10
2.651326810893980e-01,5.470606923278423e-10
2.653456732817900e-01,5.470689785280116e-10
2.655586654741820e-01,5.470788928907198e-10
2.657716576665740e-01,5.470904316680955e-10
2.659846498589660e-01,5.471035910577871e-10
2.661976420513570e-01,5.471183672574425e-10
2.664106342437490e-01,5.471347564647103e-10
2.666236264361410e-01,5.471527548772384e-10
2.668366186285330e-01,5.471723586926752e-10
2.670496108209250e-01,5.471935641086690e-10
2.672626030133170e-01,5.472163673228677e-10
2.674755952057090e-01,5.472407645329199e-10
2.676885873981000e-01,5.472667519470207e-10
2.679015795904920e-01,5.472943258155588e-10
2.681145717828840e-01,5.473234823994705e-10
2.683275639752760e-01,5.473542179596929e-10
2.685405561676680e-01,5.473865287571627e-10
2.687535483600600e-01,5.474204110528167e-10
2.689665405524520e-01,5.474558611075918e-10
2.691795327448440e-01,5.474928751824248e-10
2.693925249372350e-01,5.475314495382523e-10
2.696055171296270e-01,5.475715804360115e-10
2.698185093220190e-01,5.476132639179589e-10
2.700315015144110e-01,5.476564951518417e-10
2.702444937068030e-01,5.477012690868319e-10
2.704574858991950e-01,5.477475806721024e-10
2.706704780915870e-01,5.477954248568252e-10
2.708834702839780e-01,5.478447965901725e-10
2.710964624763700e-01,5.478956908213173e-10
2.713094546687620e-01,5.479481024994317e-10
2.715224468611540e-01,5.480020265736881e-10
2.717354390535460e-01,5.480574579932587e-10
2.719484312459380e-01,5.481143923568419e-10
2.721614234383300e-01,5.481728278598092e-10
2.723744156307220e-01,5.482327633463444e-10
2.725874078231130e-01,5.482941976606302e-10
2.728004000155050e-01,5.483571296468507e-10
2.730133922078970e-01,5.484215581491892e-10
2.732263844002890e-01,5.484874820118289e-10
2.734393765926810e-01,5.485549000789532e-10
2.736523687850730e-01,5.486238111947455e-10
2.738653609774650e-01,5.486942142033891e-10
2.740783531698570e-01,5.487661053740702e-10
2.742913453622480e-01,5.488394706703214e-10
2.745043375546400e-01,5.489142934778472e-10
2.747173297470320e-01,5.489905571823508e-10
2.749303219394240e-01,5.490682451695358e-10
2.751433141318160e-01,5.491473408251060e-10
2.753563063242080e-01,5.492278275347649e-10
2.755692985166000e-01,5.493096886842163e-10
2.757822907089910e-01,5.493929076591633e-10
2.759952829013830e-01,5.494774678453103e-10
2.762082750937750e-01,5.495633621002699e-10
2.764212672861670e-01,5.496506211784186e-10
2.766342594785590e-01,5.497392853106057e-10
2.768472516709510e-01,5.498293947276803e-10
2.770602438633430e-01,5.499209896604915e-10
2.772732360557350e-01,5.500141103398887e-10
2.774862282481260e-01,5.501087969967207e-10
2.776992204405180e-01,5.502050898618374e-10
2.779122126329100e-01,5.503030291660877e-10
2.781252048253020e-01,5.504026551403208e-10
2.783381970176940e-01,5.505039725258709e-10
2.785511892100860e-01,5.506068441156596e-10
