7.791356504680618e-06,4.854721543666198e-09
8.610780621332552e-06,4.772191238186682e-09
9.516384324626089e-06,4.690919653576878e-09
1.051723120080771e-05,4.610881280586933e-09
1.162333806181051e-05,4.532044578902709e-09
1.284577519687474e-05,4.454387605359933e-09
1.419677716772344e-05,4.377888818708717e-09
1.568986525616830e-05,4.302522577267832e-09
1.733998278964274e-05,4.228270057822566e-09
1.916364469904539e-05,4.155109918494069e-09
2.117910280571951e-05,4.083024622686760e-09
2.340652849181556e-05,4.011996355568754e-09
2.586821458226360e-05,3.942009467075444e-09
2.858879845885812e-05,3.873049433572623e-09
3.159550863945590e-05,3.805103175376933e-09
3.491843729013453e-05,3.738157964623831e-09
3.859084139770492e-05,3.672203209018576e-09
4.264947561681323e-05,3.607228438887415e-09
4.713496012287843e-05,3.543224650915278e-09
5.209218715246060e-05,3.480182796008509e-09
5.757077029985334e-05,3.418095263922800e-09
6.362554106661115e-05,3.356951373386035e-09
7.031709763364645e-05,3.296740526798447e-09
7.771241134819200e-05,3.237451241149913e-09
8.588549699555374e-05,3.179072739157263e-09
9.491815356395940e-05,3.121593566366289e-09
1.049007829163263e-04,3.065002923318014e-09
1.159332945624905e-04,3.009289681855659e-09
1.281261055871622e-04,2.954442439896301e-09
1.416012457412214e-04,2.900450297407948e-09
1.564935787564811e-04,2.847302083751297e-09
1.729521521072439e-04,2.794986767268439e-09
1.911416887275217e-04,2.743493340176649e-09
2.112442356135248e-04,2.692810823113327e-09
2.334609858111876e-04,2.642928225680740e-09
2.580142920237960e-04,2.593834981426361e-09
2.851498919925769e-04,2.545519930994323e-09
3.151393679226079e-04,2.497972583333277e-09
3.482828645688079e-04,2.451182129415419e-09
3.849120931855259e-04,2.405138183673419e-09
4.253936514042669e-04,2.359830059900292e-09
4.701326922660057e-04,2.315247681036955e-09
5.195769791289974e-04,2.271380521663878e-09
5.742213670349657e-04,2.228218655092563e-09
6.346127553846864e-04,2.185752007441432e-09
7.013555614910102e-04,2.143970675146110e-09
7.751177697904812e-04,2.102864988120498e-09
8.566376172560946e-04,2.062425437997801e-09
9.467309819210534e-04,2.022642588451580e-09
1.046299548460350e-03,1.983507422157781e-09
1.156339832554060e-03,1.945010893424557e-09
1.277953154351212e-03,1.906947691823753e-09
1.405748469786333e-03,1.871245677146997e-09
1.533543785221454e-03,1.839320053067527e-09
1.661339100656575e-03,1.810534402301421e-09
1.789134416091696e-03,1.784252307564757e-09
1.916929731526817e-03,1.759924572785591e-09
2.000000000000000e-03,1.745058648906127e-09
2.044725046961939e-03,1.737350351204494e-09
2.172520362397060e-03,1.716387602996984e-09
2.300315677832181e-03,1.696852159228515e-09
2.428110993267302e-03,1.678556441389941e-09
2.555906308702423e-03,1.661330492685429e-09
2.683701624137544e-03,1.645074843183531e-09
2.811496939572665e-03,1.629707644671684e-09
2.939292255007787e-03,1.615147048937321e-09
3.067087570442908e-03,1.601311207767879e-09
3.194882885878029e-03,1.588124814566049e-09
3.322678201313150e-03,1.575538729459409e-09
3.450473516748271e-03,1.563510354322726e-09
3.578268832183392e-03,1.551997091030765e-09
3.706064147618514e-03,1.540956341458292e-09
3.833859463053635e-03,1.530348475958078e-09
3.961654778488756e-03,1.520145738753764e-09
4.089450093923877e-03,1.510323342526418e-09
4.217245409358998e-03,1.500856499957114e-09
4.345040724794119e-03,1.491720423726920e-09
4.472836040229241e-03,1.482891853395356e-09
4.600631355664362e-03,1.474353636075183e-09
4.728426671099482e-03,1.466090145777339e-09
4.856221986534604e-03,1.458085756512764e-09
4.984017301969726e-03,1.450324842292395e-09
5.111812617404846e-03,1.442792645652742e-09
5.239607932839968e-03,1.435477883207974e-09
5.367403248275089e-03,1.428370140085520e-09
5.495198563710209e-03,1.421459001412806e-09
5.622993879145331e-03,1.414734052317261e-09
5.750789194580453e-03,1.408185399762502e-09
5.878584510015573e-03,1.401805238062841e-09
6.006379825450694e-03,1.395586283371736e-09
6.134175140885816e-03,1.389521251842651e-09
6.261970456320937e-03,1.383602859629047e-09
6.389765771756058e-03,1.377824158019518e-09
6.517561087191179e-03,1.372179538828837e-09
6.645356402626300e-03,1.366663728999729e-09
6.773151718061422e-03,1.361271455474918e-09
6.900947033496543e-03,1.355997445197129e-09
7.028742348931663e-03,1.350836647372254e-09
7.156537664366785e-03,1.345784900258143e-09
7.284332979801906e-03,1.340838264375463e-09
7.412128295237027e-03,1.335992800244881e-09
7.539923610672148e-03,1.331244568387062e-09
7.667718926107269e-03,1.326589784332894e-09
7.795514241542391e-03,1.322025283659806e-09
7.923309556977513e-03,1.317548056958281e-09
8.051104872412632e-03,1.313155094818803e-09
8.178900187847754e-03,1.308843387831853e-09
8.306695503282877e-03,1.304610035563131e-09
8.434490818717996e-03,1.300452573477277e-09
8.562286134153118e-03,1.296368646013185e-09
8.690081449588239e-03,1.292355897609751e-09
8.817876765023359e-03,1.288411972705869e-09
8.945672080458482e-03,1.284534599034512e-09
9.073467395893601e-03,1.280721837506793e-09
9.201262711328723e-03,1.276971832328823e-09
9.329058026763846e-03,1.273282727706713e-09
9.456853342198965e-03,1.269652667846574e-09
9.584648657634087e-03,1.266079846288147e-09
9.712443973069206e-03,1.262562653904111e-09
9.840239288504329e-03,1.259099530899985e-09
9.968034603939451e-03,1.255688917481289e-09
1.009582991937457e-02,1.252329253853542e-09
1.022362523480969e-02,1.249019051139277e-09
1.035142055024482e-02,1.245757104129637e-09
1.047921586567993e-02,1.242542278533047e-09
1.060701118111506e-02,1.239373440057932e-09
1.073480649655018e-02,1.236249454412720e-09
1.086260181198530e-02,1.233169187305836e-09
1.099039712742042e-02,1.230131504445705e-09
1.111819244285554e-02,1.227135271540755e-09
1.124598775829066e-02,1.224179354299410e-09
1.137378307372578e-02,1.221262618430096e-09
1.150157838916090e-02,1.218383988982972e-09
1.162937370459603e-02,1.215542628357993e-09
1.175716902003114e-02,1.212737758288285e-09
1.188496433546627e-02,1.209968600506970e-09
1.201275965090139e-02,1.207234376747176e-09
1.214055496633651e-02,1.204534308742025e-09
1.226835028177163e-02,1.201867618224643e-09
1.239614559720675e-02,1.199233526928155e-09
1.252394091264187e-02,1.196631256585684e-09
1.265173622807700e-02,1.194060028930356e-09
1.277953154351211e-02,1.191519100506167e-09
1.290732685894724e-02,1.189007867112934e-09
1.303512217438236e-02,1.186525759367509e-09
1.316291748981748e-02,1.184072207886747e-09
1.329071280525260e-02,1.181646643287499e-09
1.341850812068772e-02,1.179248496186621e-09
1.354630343612284e-02,1.176877197200964e-09
1.367409875155796e-02,1.174532176947382e-09
1.380189406699308e-02,1.172212866042729e-09
1.392968938242821e-02,1.169918695103858e-09
1.405748469786333e-02,1.167649118722555e-09
1.418528001329845e-02,1.165403687391731e-09
1.431307532873357e-02,1.163181975579924e-09
1.444087064416869e-02,1.160983557755673e-09
1.456866595960381e-02,1.158808008387516e-09
1.469646127503893e-02,1.156654901943993e-09
1.482425659047405e-02,1.154523812893642e-09
1.495205190590917e-02,1.152414315705001e-09
1.507984722134430e-02,1.150325984846609e-09
1.520764253677942e-02,1.148258394787005e-09
1.533543785221454e-02,1.146211136621778e-09
1.546323316764966e-02,1.144183867950755e-09
1.559102848308478e-02,1.142176262998835e-09
1.571882379851990e-02,1.140187995990917e-09
1.584661911395502e-02,1.138218741151897e-09
1.597441442939014e-02,1.136268172706675e-09
1.610220974482527e-02,1.134335964880149e-09
1.623000506026039e-02,1.132421791897216e-09
1.635780037569551e-02,1.130525327982775e-09
1.648559569113063e-02,1.128646247361725e-09
1.661339100656575e-02,1.126784236045279e-09
1.674118632200087e-02,1.124939027194688e-09
1.686898163743599e-02,1.123110365759902e-09
1.699677695287111e-02,1.121297996690874e-09
1.712457226830624e-02,1.119501664937553e-09
1.725236758374135e-02,1.117721115449891e-09
1.738016289917648e-02,1.115956093177840e-09
1.750795821461160e-02,1.114206343071350e-09
1.763575353004672e-02,1.112471610080372e-09
1.776354884548184e-02,1.110751639154858e-09
1.789134416091696e-02,1.109046183887077e-09
1.801913947635208e-02,1.107355032439513e-09
1.814693479178720e-02,1.105677981617434e-09
1.827473010722232e-02,1.104014828226111e-09
1.840252542265745e-02,1.102365369070814e-09
1.853032073809257e-02,1.100729400956812e-09
1.865811605352769e-02,1.099106720689377e-09
1.878591136896281e-02,1.097497125073777e-09
1.891370668439793e-02,1.095900410915282e-09
1.904150199983305e-02,1.094316375019164e-09
1.916929731526817e-02,1.092744820697772e-09
1.929709263070329e-02,1.091185577290563e-09
1.942488794613842e-02,1.089638480643463e-09
1.955268326157353e-02,1.088103366602400e-09
1.968047857700866e-02,1.086580071013300e-09
1.980827389244378e-02,1.085068429722089e-09
1.993606920787890e-02,1.083568278574693e-09
2.006386452331402e-02,1.082079453417040e-09
2.019165983874914e-02,1.080601790095057e-09
2.031945515418426e-02,1.079135124454669e-09
2.044725046961939e-02,1.077679297369565e-09
2.057504578505450e-02,1.076234169826770e-09
2.070284110048963e-02,1.074799607842213e-09
2.083063641592475e-02,1.073375477431825e-09
2.095843173135987e-02,1.071961644611535e-09
2.108622704679499e-02,1.070557975397274e-09
2.121402236223011e-02,1.069164335804972e-09
2.134181767766523e-02,1.067780591850558e-09
2.146961299310035e-02,1.066406609549964e-09
2.159740830853547e-02,1.065042254919119e-09
2.172520362397060e-02,1.063687397608288e-09
2.185299893940572e-02,1.062341921805656e-09
2.198079425484084e-02,1.061005715334032e-09
2.210858957027596e-02,1.059678666016224e-09
2.223638488571108e-02,1.058360661675039e-09
2.236418020114620e-02,1.057051590133287e-09
2.249197551658132e-02,1.055751339213777e-09
2.261977083201644e-02,1.054459796739316e-09
2.274756614745157e-02,1.053176850532713e-09
2.287536146288669e-02,1.051902388416776e-09
2.300315677832181e-02,1.050636301464546e-09
2.313095209375693e-02,1.049378493749548e-09
2.325874740919205e-02,1.048128872595314e-09
2.338654272462717e-02,1.046887345325378e-09
2.351433804006229e-02,1.045653819263273e-09
2.364213335549741e-02,1.044428201732532e-09
2.376992867093253e-02,1.043210400056689e-09
2.389772398636766e-02,1.042000321559276e-09
2.402551930180278e-02,1.040797873563827e-09
2.415331461723790e-02,1.039602963393875e-09
2.428110993267302e-02,1.038415500558365e-09
2.440890524810814e-02,1.037235403306930e-09
2.453670056354326e-02,1.036062592074146e-09
2.466449587897838e-02,1.034896987294585e-09
2.479229119441350e-02,1.033738509402819e-09
2.492008650984863e-02,1.032587078833422e-09
2.504788182528375e-02,1.031442616020966e-09
2.517567714071887e-02,1.030305041400025e-09
2.530347245615399e-02,1.029174275405170e-09
2.543126777158911e-02,1.028050238470977e-09
2.555906308702423e-02,1.026932853177324e-09
2.568685840245935e-02,1.025822050685777e-09
2.581465371789447e-02,1.024717764303431e-09
2.594244903332960e-02,1.023619927337384e-09
2.607024434876471e-02,1.022528473094732e-09
2.619803966419984e-02,1.021443334882572e-09
2.632583497963496e-02,1.020364446008000e-09
2.645363029507008e-02,1.019291739778114e-09
2.658142561050520e-02,1.018225149500009e-09
2.670922092594032e-02,1.017164608480782e-09
2.683701624137544e-02,1.016110051429434e-09
2.696481155681056e-02,1.015061418662455e-09
2.709260687224568e-02,1.014018651898178e-09
2.722040218768081e-02,1.012981692854937e-09
2.734819750311593e-02,1.011950483251065e-09
2.747599281855105e-02,1.010924964804895e-09
2.760378813398617e-02,1.009905079234761e-09
2.773158344942129e-02,1.008890768258995e-09
2.785937876485641e-02,1.007881973595930e-09
2.798717408029153e-02,1.006878636963901e-09
2.811496939572665e-02,1.005880701504826e-09
2.824276471116178e-02,1.004888116054422e-09
2.837056002659689e-02,1.003900830871720e-09
2.849835534203202e-02,1.002918796215749e-09
2.862615065746714e-02,1.001941962345539e-09
2.875394597290226e-02,1.000970279520121e-09
2.888174128833738e-02,1.000003697998524e-09
2.900953660377250e-02,9.990421680397793e-10
2.913733191920762e-02,9.980856399029165e-10
2.926512723464274e-02,9.971340638469657e-10
2.939292255007787e-02,9.961873911506155e-10
2.952071786551299e-02,9.952455771714538e-10
2.964851318094811e-02,9.943085782868590e-10
2.977630849638323e-02,9.933763508742100e-10
2.990410381181835e-02,9.924488513108853e-10
3.003189912725347e-02,9.915260359742633e-10
3.015969444268859e-02,9.906078612417229e-10
3.028748975812371e-02,9.896942834906428e-10
3.041528507355883e-02,9.887852590984013e-10
3.054308038899396e-02,9.878807444423773e-10
3.067087570442908e-02,9.869806968209692e-10
3.079867101986420e-02,9.860850772166206e-10
3.092646633529932e-02,9.851938475327781e-10
3.105426165073444e-02,9.843069696728886e-10
3.118205696616956e-02,9.834244055403985e-10
3.130985228160468e-02,9.825461170387546e-10
3.143764759703981e-02,9.816720660714032e-10
3.156544291247493e-02,9.808022145417914e-10
3.169323822791005e-02,9.799365243533658e-10
3.182103354334517e-02,9.790749574095726e-10
3.194882885878029e-02,9.782174763455040e-10
3.207662417421541e-02,9.773640467225864e-10
3.220441948965053e-02,9.765146348337707e-10
3.233221480508566e-02,9.756692069720069e-10
3.246001012052077e-02,9.748277294302457e-10
3.258780543595589e-02,9.739901685014372e-10
3.271560075139102e-02,9.731564904785317e-10
3.284339606682614e-02,9.723266616544798e-10
3.297119138226126e-02,9.715006483222314e-10
3.309898669769638e-02,9.706784167747372e-10
3.322678201313150e-02,9.698599340219311e-10
3.335457732856662e-02,9.690451699419041e-10
3.348237264400174e-02,9.682340951298426e-10
3.361016795943687e-02,9.674266801809316e-10
3.373796327487198e-02,9.666228956903582e-10
3.386575859030710e-02,9.658227122533074e-10
3.399355390574223e-02,9.650261004649656e-10
3.412134922117735e-02,9.642330309205188e-10
3.424914453661247e-02,9.634434742151526e-10
3.437693985204759e-02,9.626574009440532e-10
3.450473516748271e-02,9.618747821425015e-10
3.463253048291783e-02,9.610955906061637e-10
3.476032579835295e-02,9.603197995708043e-10
3.488812111378808e-02,9.595473822721878e-10
3.501591642922319e-02,9.587783119460778e-10
3.514371174465832e-02,9.580125618282397e-10
3.527150706009344e-02,9.572501051544370e-10
3.539930237552856e-02,9.564909151604347e-10
3.552709769096368e-02,9.557349650819966e-10
3.565489300639881e-02,9.549822281548874e-10
3.578268832183392e-02,9.542326782151040e-10
3.591048363726904e-02,9.534862914994040e-10
3.603827895270417e-02,9.527430448446929e-10
3.616607426813929e-02,9.520029150878769e-10
3.629386958357441e-02,9.512658790658608e-10
3.642166489900953e-02,9.505319136155511e-10
3.654946021444465e-02,9.498009955738528e-10
3.667725552987977e-02,9.490731017776718e-10
3.680505084531489e-02,9.483482090639136e-10
3.693284616075002e-02,9.476262942694840e-10
3.706064147618514e-02,9.469073345511774e-10
3.718843679162025e-02,9.461913083454593e-10
3.731623210705538e-02,9.454781944087419e-10
3.744402742249050e-02,9.447679714974377e-10
3.757182273792562e-02,9.440606183679584e-10
3.769961805336074e-02,9.433561137767168e-10
3.782741336879586e-02,9.426544364801246e-10
3.795520868423098e-02,9.419555652345939e-10
3.808300399966610e-02,9.412594787965371e-10
3.821079931510123e-02,9.405661559223665e-10
3.833859463053635e-02,9.398755757245340e-10
3.846638994597146e-02,9.391877187396742e-10
3.859418526140659e-02,9.385025658604734e-10
3.872198057684171e-02,9.378200979796171e-10
3.884977589227683e-02,9.371402959897916e-10
3.897757120771195e-02,9.364631407836829e-10
3.910536652314707e-02,9.357886132539771e-10
3.923316183858219e-02,9.351166942933597e-10
3.936095715401731e-02,9.344473647945175e-10
3.948875246945244e-02,9.337806056501358e-10
3.961654778488756e-02,9.331163981553069e-10
3.974434310032268e-02,9.324547252146534e-10
3.987213841575780e-02,9.317955701351577e-10
3.999993373119292e-02,9.311389162238019e-10
4.012772904662804e-02,9.304847467875681e-10
4.025552436206317e-02,9.298330451334384e-10
4.038331967749829e-02,9.291837945683950e-10
4.051111499293340e-02,9.285369783994202e-10
4.063891030836853e-02,9.278925799334958e-10
4.076670562380365e-02,9.272505824776044e-10
4.089450093923877e-02,9.266109694292659e-10
4.102229625467389e-02,9.259737245481912e-10
4.115009157010902e-02,9.253388316846468e-10
4.127788688554413e-02,9.247062746889004e-10
4.140568220097925e-02,9.240760374112189e-10
4.153347751641438e-02,9.234481037018696e-10
4.166127283184950e-02,9.228224574111196e-10
4.178906814728462e-02,9.221990823892360e-10
4.191686346271974e-02,9.215779624864860e-10
4.204465877815486e-02,9.209590815531369e-10
4.217245409358998e-02,9.203424239032251e-10
4.230024940902510e-02,9.197279757059189e-10
4.242804472446023e-02,9.191157235941819e-10
4.255584003989534e-02,9.185056542009788e-10
4.268363535533046e-02,9.178977541592733e-10
4.281143067076559e-02,9.172920101020295e-10
4.293922598620071e-02,9.166884086622116e-10
4.306702130163583e-02,9.160869364727836e-10
4.319481661707095e-02,9.154875801667097e-10
4.332261193250607e-02,9.148903263769537e-10
4.345040724794119e-02,9.142951617413830e-10
4.357820256337631e-02,9.137020729174753e-10
4.370599787881144e-02,9.131110465676110e-10
4.383379319424656e-02,9.125220693541707e-10
4.396158850968167e-02,9.119351279395345e-10
4.408938382511680e-02,9.113502089860833e-10
4.421717914055192e-02,9.107672991561970e-10
4.434497445598704e-02,9.101863851122562e-10
4.447276977142216e-02,9.096074535166415e-10
4.460056508685728e-02,9.090304910317332e-10
4.472836040229240e-02,9.084554846488078e-10
4.485615571772752e-02,9.078824226748787e-10
4.498395103316265e-02,9.073112937459309e-10
4.511174634859777e-02,9.067420864979502e-10
4.523954166403289e-02,9.061747895669213e-10
4.536733697946801e-02,9.056093915888300e-10
4.549513229490313e-02,9.050458811996613e-10
4.562292761033825e-02,9.044842470354009e-10
4.575072292577338e-02,9.039244777320335e-10
4.587851824120850e-02,9.033665619255448e-10
4.600631355664361e-02,9.028104883341633e-10
4.613410887207874e-02,9.022562460051044e-10
4.626190418751386e-02,9.017038240678337e-10
4.638969950294898e-02,9.011532116518165e-10
4.651749481838410e-02,9.006043978865184e-10
4.664529013381922e-02,9.000573719014048e-10
4.677308544925434e-02,8.995121228259413e-10
4.690088076468946e-02,8.989686397895934e-10
4.702867608012459e-02,8.984269119218265e-10
4.715647139555971e-02,8.978869283521062e-10
4.728426671099482e-02,8.973486783746235e-10
4.741206202642995e-02,8.968121519424502e-10
4.753985734186507e-02,8.962773391733734e-10
4.766765265730019e-02,8.957442301851793e-10
4.779544797273531e-02,8.952128150956551e-10
4.792324328817044e-02,8.946830840225873e-10
4.805103860360555e-02,8.941550270837628e-10
4.817883391904067e-02,8.936286343969681e-10
4.830662923447580e-02,8.931038960799901e-10
4.843442454991092e-02,8.925808022506154e-10
4.856221986534604e-02,8.920593432502699e-10
4.869001518078116e-02,8.915395103148407e-10
4.881781049621628e-02,8.910212949038057e-10
4.894560581165140e-02,8.905046884766435e-10
4.907340112708652e-02,8.899896824928322e-10
4.920119644252165e-02,8.894762684118501e-10
4.932899175795677e-02,8.889644376931755e-10
4.945678707339188e-02,8.884541817962867e-10
4.958458238882701e-02,8.879454921806619e-10
4.971237770426213e-02,8.874383603057795e-10
4.984017301969725e-02,8.869327771599648e-10
4.996796833513237e-02,8.864287318468300e-10
5.000000000000000e-02,8.863026334975988e-10
5.009576365056749e-02,8.859262132391253e-10
5.022355896600261e-02,8.854252123059987e-10
5.035135428143774e-02,8.849257210979419e-10
5.047914959687286e-02,8.844277316744409e-10
5.060694491230798e-02,8.839312360949820e-10
5.073474022774310e-02,8.834362264190511e-10
5.086253554317822e-02,8.829426947061346e-10
5.099033085861334e-02,8.824506330157187e-10
5.111812617404846e-02,8.819600334640050e-10
5.124592148948359e-02,8.814708883940538e-10
5.137371680491870e-02,8.809831902056384e-10
5.150151212035382e-02,8.804969312985324e-10
5.162930743578895e-02,8.800121040725096e-10
5.175710275122407e-02,8.795287009273430e-10
5.188489806665919e-02,8.790467142628065e-10
5.201269338209431e-02,8.785661364786735e-10
5.214048869752943e-02,8.780869599747176e-10
5.226828401296455e-02,8.776091771507120e-10
5.239607932839967e-02,8.771327804530140e-10
5.252387464383480e-02,8.766577625142960e-10
5.265166995926992e-02,8.761841160138060e-10
5.277946527470503e-02,8.757118336307911e-10
5.290726059014016e-02,8.752409080444986e-10
5.303505590557528e-02,8.747713319341762e-10
5.316285122101040e-02,8.743030979790713e-10
5.329064653644552e-02,8.738361988584313e-10
5.341844185188065e-02,8.733706272515037e-10
5.354623716731576e-02,8.729063758375359e-10
5.367403248275088e-02,8.724434374605159e-10
5.380182779818601e-02,8.719818056234366e-10
5.392962311362113e-02,8.715214739940541e-10
5.405741842905625e-02,8.710624362401240e-10
5.418521374449137e-02,8.706046860294019e-10
5.431300905992649e-02,8.701482170296435e-10
5.444080437536161e-02,8.696930229086044e-10
5.456859969079673e-02,8.692390973340401e-10
5.469639500623186e-02,8.687864339737066e-10
5.482419032166697e-02,8.683350264953593e-10
5.495198563710210e-02,8.678848685791143e-10
5.507978095253722e-02,8.674359539545299e-10
5.520757626797234e-02,8.669882763635235e-10
5.533537158340746e-02,8.665418295480134e-10
5.546316689884258e-02,8.660966072499177e-10
5.559096221427770e-02,8.656526032111543e-10
5.571875752971282e-02,8.652098111736416e-10
5.584655284514795e-02,8.647682248792972e-10
5.597434816058307e-02,8.643278380700395e-10
5.610214347601819e-02,8.638886444877864e-10
5.622993879145331e-02,8.634506379521423e-10
5.635773410688843e-02,8.630138125934325e-10
5.648552942232355e-02,8.625781626196555e-10
5.661332473775867e-02,8.621436822388099e-10
5.674112005319380e-02,8.617103656588947e-10
5.686891536862891e-02,8.612782070879087e-10
5.699671068406403e-02,8.608472007338505e-10
5.712450599949916e-02,8.604173408047188e-10
5.725230131493428e-02,8.599886215085125e-10
5.738009663036940e-02,8.595610370532300e-10
5.750789194580452e-02,8.591345817684766e-10
5.763568726123964e-02,8.587092504703191e-10
5.776348257667476e-02,8.582850380964500e-10
5.789127789210988e-02,8.578619395845619e-10
5.801907320754501e-02,8.574399498723471e-10
5.814686852298013e-02,8.570190638974981e-10
5.827466383841524e-02,8.565992765977075e-10
5.840245915385037e-02,8.561805829106674e-10
5.853025446928549e-02,8.557629777740707e-10
5.865804978472061e-02,8.553464561256095e-10
5.878584510015573e-02,8.549310128958655e-10
5.891364041559085e-02,8.545166429869760e-10
5.904143573102597e-02,8.541033412939674e-10
5.916923104646109e-02,8.536911027118661e-10
5.929702636189622e-02,8.532799221356984e-10
5.942482167733134e-02,8.528697944604908e-10
5.955261699276646e-02,8.524607145812695e-10
5.968041230820158e-02,8.520526773930611e-10
5.980820762363670e-02,8.516456777908919e-10
5.993600293907182e-02,8.512397106697880e-10
6.006379825450694e-02,8.508347709944453e-10
6.019159356994207e-02,8.504308540082165e-10
6.031938888537718e-02,8.500279550241139e-10
6.044718420081231e-02,8.496260693551499e-10
6.057497951624743e-02,8.492251923143369e-10
6.070277483168255e-02,8.488253192146872e-10
6.083057014711767e-02,8.484264453692134e-10
6.095836546255279e-02,8.480285660909277e-10
6.108616077798791e-02,8.476316766928424e-10
6.121395609342303e-02,8.472357724879700e-10
6.134175140885816e-02,8.468408488846392e-10
6.146954672429328e-02,8.464469016724798e-10
6.159734203972840e-02,8.460539267364555e-10
6.172513735516352e-02,8.456619199615296e-10
6.185293267059864e-02,8.452708772326660e-10
6.198072798603376e-02,8.448807944348284e-10
6.210852330146888e-02,8.444916674529802e-10
6.223631861690401e-02,8.441034921720851e-10
6.236411393233912e-02,8.437162644771068e-10
6.249190924777424e-02,8.433299802530089e-10
6.261970456320937e-02,8.429446353577172e-10
6.274749987864449e-02,8.425602255410049e-10
6.287529519407961e-02,8.421767465256060e-10
6.300309050951473e-02,8.417941940342552e-10
6.313088582494986e-02,8.414125637896865e-10
6.325868114038498e-02,8.410318515146346e-10
6.338647645582010e-02,8.406520529318334e-10
6.351427177125522e-02,8.402731637640177e-10
6.364206708669033e-02,8.398951797339214e-10
6.376986240212545e-02,8.395180965642792e-10
6.389765771756058e-02,8.391419100851744e-10
6.402545303299570e-02,8.387666165560635e-10
6.415324834843082e-02,8.383922123437402e-10
6.428104366386594e-02,8.380186938149982e-10
6.440883897930107e-02,8.376460573366309e-10
6.453663429473619e-02,8.372742992754318e-10
6.466442961017131e-02,8.369034159981948e-10
6.479222492560642e-02,8.365334038717135e-10
6.492002024104154e-02,8.361642592627813e-10
6.504781555647667e-02,8.357959785381919e-10
6.517561087191179e-02,8.354285580567367e-10
6.530340618734691e-02,8.350619941451952e-10
6.543120150278203e-02,8.346962831223430e-10
6.555899681821716e-02,8.343314213069559e-10
6.568679213365228e-02,8.339674050178093e-10
6.581458744908740e-02,8.336042305736789e-10
6.594238276452252e-02,8.332418942933404e-10
6.607017807995763e-02,8.328803924955693e-10
6.619797339539275e-02,8.325197214991413e-10
6.632576871082788e-02,8.321598776228321e-10
6.645356402626300e-02,8.318008572514002e-10
6.658135934169812e-02,8.314426570335431e-10
6.670915465713324e-02,8.310852736839455e-10
6.683694997256837e-02,8.307287039172923e-10
6.696474528800349e-02,8.303729444482679e-10
6.709254060343861e-02,8.300179919915569e-10
6.722033591887373e-02,8.296638432618438e-10
6.734813123430886e-02,8.293104949738136e-10
6.747592654974396e-02,8.289579438421505e-10
6.760372186517909e-02,8.286061865815392e-10
6.773151718061421e-02,8.282552199058059e-10
6.785931249604933e-02,8.279050405253429e-10
6.798710781148445e-02,8.275556451496848e-10
6.811490312691958e-02,8.272070304883648e-10
6.824269844235470e-02,8.268591932509175e-10
6.837049375778982e-02,8.265121301468767e-10
6.849828907322494e-02,8.261658378857766e-10
6.862608438866007e-02,8.258203131771512e-10
6.875387970409517e-02,8.254755527305345e-10
6.888167501953030e-02,8.251315532554606e-10
6.900947033496542e-02,8.247883115378778e-10
6.913726565040054e-02,8.244458246694279e-10
6.926506096583566e-02,8.241040898181851e-10
6.939285628127079e-02,8.237631041522232e-10
6.952065159670591e-02,8.234228648396167e-10
6.964844691214103e-02,8.230833690484392e-10
6.977624222757615e-02,8.227446139467651e-10
6.990403754301128e-02,8.224065967026682e-10
7.003183285844640e-02,8.220693144842228e-10
7.015962817388151e-02,8.217327644595028e-10
7.028742348931663e-02,8.213969437837614e-10
7.041521880475175e-02,8.210618495609664e-10
7.054301412018688e-02,8.207274788822631e-10
7.067080943562200e-02,8.203938288387974e-10
7.079860475105712e-02,8.200608965217149e-10
7.092640006649224e-02,8.197286790221612e-10
7.105419538192737e-02,8.193971734312821e-10
7.118199069736249e-02,8.190663768402231e-10
7.130978601279761e-02,8.187362863401297e-10
7.152277820518949e-02,8.181876966970841e-10
7.173577039758135e-02,8.176410471140128e-10
7.194876258997322e-02,8.170963253402721e-10
7.216175478236508e-02,8.165535193684801e-10
7.237474697475696e-02,8.160126171912549e-10
7.258773916714882e-02,8.154736068012150e-10
7.280073135954070e-02,8.149364761909783e-10
7.301372355193256e-02,8.144012133531631e-10
7.322671574432443e-02,8.138678062803877e-10
7.343970793671629e-02,8.133362429652703e-10
7.365270012910817e-02,8.128065114004291e-10
7.386569232150003e-02,8.122785997512724e-10
7.407868451389191e-02,8.117524968743684e-10
7.429167670628377e-02,8.112281917990744e-10
7.450466889867564e-02,8.107056735547485e-10
7.471766109106751e-02,8.101849311707479e-10
7.493065328345938e-02,8.096659536764305e-10
7.514364547585124e-02,8.091487301011537e-10
7.535663766824312e-02,8.086332494742755e-10
7.556962986063498e-02,8.081195008251529e-10
7.578262205302685e-02,8.076074731831439e-10
7.599561424541872e-02,8.070971557358087e-10
7.620860643781059e-02,8.065885383034988e-10
7.642159863020245e-02,8.060816108647590e-10
7.663459082259433e-02,8.055763633981343e-10
7.684758301498619e-02,8.050727858821698e-10
7.706057520737807e-02,8.045708682954103e-10
7.727356739976993e-02,8.040706006164009e-10
7.748655959216180e-02,8.035719728236863e-10
7.769955178455366e-02,8.030749748958118e-10
7.791254397694554e-02,8.025795968113218e-10
7.812553616933740e-02,8.020858286528599e-10
7.833852836172928e-02,8.015936609194376e-10
7.855152055412114e-02,8.011030842141532e-10
7.876451274651301e-02,8.006140891401050e-10
7.897750493890487e-02,8.001266663003914e-10
7.919049713129675e-02,7.996408062981103e-10
7.940348932368861e-02,7.991564997363604e-10
7.961648151608049e-02,7.986737372182394e-10
7.982947370847235e-02,7.981925093468460e-10
8.004246590086422e-02,7.977128067252783e-10
8.025545809325609e-02,7.972346201825960e-10
8.046845028564796e-02,7.967579414517571e-10
8.068144247803982e-02,7.962827624917067e-10
8.089443467043170e-02,7.958090752613904e-10
8.110742686282357e-02,7.953368717197535e-10
8.132041905521543e-02,7.948661438257417e-10
8.153341124760730e-02,7.943968835383001e-10
8.174640343999917e-02,7.939290828163742e-10
8.195939563239105e-02,7.934627336189094e-10
8.217238782478291e-02,7.929978279048512e-10
8.238538001717477e-02,7.925343576084156e-10
8.259837220956665e-02,7.920723145648996e-10
8.281136440195852e-02,7.916116905848688e-10
8.302435659435038e-02,7.911524774788896e-10
8.323734878674224e-02,7.906946670575275e-10
8.345034097913412e-02,7.902382511313486e-10
8.366333317152599e-02,7.897832215109190e-10
8.387632536391786e-02,7.893295700068046e-10
8.408931755630973e-02,7.888772884295713e-10
8.430230974870159e-02,7.884263685897852e-10
8.451530194109347e-02,7.879768024887552e-10
8.472829413348533e-02,7.875285828907656e-10
8.494128632587720e-02,7.870817027508449e-10
8.515427851826907e-02,7.866361550240220e-10
8.536727071066094e-02,7.861919326653252e-10
8.558026290305280e-02,7.857490286297834e-10
8.579325509544468e-02,7.853074358724251e-10
8.600624728783654e-02,7.848671473482791e-10
8.621923948022842e-02,7.844281560123739e-10
8.643223167262028e-02,7.839904548197382e-10
8.664522386501215e-02,7.835540367932645e-10
8.685821605740401e-02,7.831188952272955e-10
8.707120824979589e-02,7.826850234840347e-10
8.728420044218775e-02,7.822524149256849e-10
8.749719263457963e-02,7.818210629144502e-10
8.771018482697149e-02,7.813909608125333e-10
8.792317701936336e-02,7.809621019821379e-10
8.813616921175522e-02,7.805344797854673e-10
8.834916140414710e-02,7.801080875847247e-10
8.856215359653896e-02,7.796829187421138e-10
8.877514578893084e-02,7.792589666778903e-10
8.898813798132270e-02,7.788362250445093e-10
8.920113017371457e-02,7.784146875524725e-10
8.941412236610644e-02,7.779943479122817e-10
8.962711455849831e-02,7.775751998344387e-10
8.984010675089017e-02,7.771572370294453e-10
9.005309894328205e-02,7.767404532078031e-10
9.026609113567391e-02,7.763248420800140e-10
9.047908332806578e-02,7.759103973565798e-10
9.069207552045766e-02,7.754971127480022e-10
9.090506771284952e-02,7.750849822108562e-10
9.111805990524138e-02,7.746740006860726e-10
9.133105209763326e-02,7.742641633606862e-10
9.154404429002513e-02,7.738554654217324e-10
9.175703648241700e-02,7.734479020562456e-10
9.197002867480886e-02,7.730414684512615e-10
9.218302086720073e-02,7.726361597938145e-10
9.239601305959261e-02,7.722319712709400e-10
9.260900525198447e-02,7.718288980696728e-10
9.282199744437633e-02,7.714269353770481e-10
9.303498963676821e-02,7.710260775955008e-10
9.324798182916008e-02,7.706263159889531e-10
9.346097402155194e-02,7.702276410366708e-10
9.367396621394380e-02,7.698300432179194e-10
9.388695840633568e-02,7.694335130119647e-10
9.409995059872756e-02,7.690380408980725e-10
9.431294279111942e-02,7.686436173555085e-10
9.452593498351128e-02,7.682502328635382e-10
9.473892717590315e-02,7.678578779014275e-10
9.495191936829503e-02,7.674665429484421e-10
9.516491156068689e-02,7.670762220197509e-10
9.537790375307875e-02,7.666869232742614e-10
9.559089594547063e-02,7.662986584068476e-10
9.580388813786250e-02,7.659114391123833e-10
9.601688033025436e-02,7.655252770857423e-10
9.622987252264624e-02,7.651401840217981e-10
9.644286471503810e-02,7.647561716154251e-10
9.665585690742998e-02,7.643732515614964e-10
9.686884909982184e-02,7.639914355548863e-10
9.708184129221371e-02,7.636107352904686e-10
9.729483348460558e-02,7.632311493095343e-10
9.750782567699745e-02,7.628526235400022e-10
9.772081786938931e-02,7.624750907566877e-10
9.793381006178119e-02,7.620984837344056e-10
9.814680225417305e-02,7.617227352479710e-10
9.835979444656492e-02,7.613477780721989e-10
9.857278663895679e-02,7.609735449819045e-10
9.878577883134866e-02,7.605999687519025e-10
9.899877102374052e-02,7.602269821570085e-10
9.921176321613240e-02,7.598545179720374e-10
9.942475540852426e-02,7.594825584259982e-10
9.963774760091614e-02,7.591112835557169e-10
9.985073979330800e-02,7.587409228477331e-10
1.000637319857000e-01,7.583717057885865e-10
1.002767241780920e-01,7.580038618648169e-10
1.004897163704840e-01,7.576376205629640e-10
1.007027085628750e-01,7.572732113695692e-10
1.009157007552670e-01,7.569108637711688e-10
1.011286929476590e-01,7.565508072543043e-10
1.013416851400510e-01,7.561932713055152e-10
1.015546773324430e-01,7.558383859479675e-10
1.017676695248350e-01,7.554858832680492e-10
1.019806617172270e-01,7.551353958471305e-10
1.021936539096190e-01,7.547865562665807e-10
1.024066461020100e-01,7.544389971077716e-10
1.026196382944020e-01,7.540923509520692e-10
1.028326304867940e-01,7.537462503808452e-10
1.030456226791860e-01,7.534003279754692e-10
1.032586148715780e-01,7.530542163173108e-10
1.034716070639700e-01,7.527075479877401e-10
1.036845992563620e-01,7.523600540170204e-10
1.038975914487540e-01,7.520118591918119e-10
1.041105836411450e-01,7.516631867280816e-10
1.043235758335370e-01,7.513142598417917e-10
1.045365680259290e-01,7.509653017489088e-10
1.047495602183210e-01,7.506165356653988e-10
1.049625524107130e-01,7.502681848072265e-10
1.051755446031050e-01,7.499204723903577e-10
1.053885367954970e-01,7.495736216307577e-10
1.056015289878880e-01,7.492278557443932e-10
1.058145211802800e-01,7.488833500036454e-10
1.060275133726720e-01,7.485400879848604e-10
1.062405055650640e-01,7.481980053599357e-10
1.064534977574560e-01,7.478570378007691e-10
1.066664899498480e-01,7.475171209792580e-10
1.068794821422400e-01,7.471781905673002e-10
1.070924743346320e-01,7.468401822367932e-10
1.073054665270230e-01,7.465030316596363e-10
1.075184587194150e-01,7.461666745077238e-10
1.077314509118070e-01,7.458310464529549e-10
1.079444431041990e-01,7.454960960359577e-10
1.081574352965910e-01,7.451618233078834e-10
1.083704274889830e-01,7.448282412064208e-10
1.085834196813750e-01,7.444953626692590e-10
1.087964118737660e-01,7.441632006340883e-10
1.090094040661580e-01,7.438317680385947e-10
1.092223962585500e-01,7.435010778204686e-10
1.094353884509420e-01,7.431711429173990e-10
1.096483806433340e-01,7.428419762670747e-10
1.098613728357260e-01,7.425135908071850e-10
1.100743650281180e-01,7.421859960702362e-10
1.102873572205100e-01,7.418591879627941e-10
1.105003494129010e-01,7.415331589836371e-10
1.107133416052930e-01,7.412079016315386e-10
1.109263337976850e-01,7.408834084052772e-10
1.111393259900770e-01,7.405596718036293e-10
1.113523181824690e-01,7.402366843253720e-10
1.115653103748610e-01,7.399144384692818e-10
1.117783025672530e-01,7.395929267341355e-10
1.119912947596450e-01,7.392721416187096e-10
1.122042869520360e-01,7.389520765970679e-10
1.124172791444280e-01,7.386327290446979e-10
1.126302713368200e-01,7.383140973125212e-10
1.128432635292120e-01,7.379961797514576e-10
1.130562557216040e-01,7.376789747124272e-10
1.132692479139960e-01,7.373624805463498e-10
1.134822401063880e-01,7.370466956041453e-10
1.136952322987790e-01,7.367316182367350e-10
1.139082244911710e-01,7.364172467950362e-10
1.141212166835630e-01,7.361035796299701e-10
1.143342088759550e-01,7.357906148286773e-10
1.145472010683470e-01,7.354783494234294e-10
1.147601932607390e-01,7.351667801828426e-10
1.149731854531310e-01,7.348559038755328e-10
1.151861776455230e-01,7.345457172701165e-10
1.153991698379140e-01,7.342362171352110e-10
1.156121620303060e-01,7.339274002394296e-10
1.158251542226980e-01,7.336192633513900e-10
1.160381464150900e-01,7.333118032397083e-10
1.162511386074820e-01,7.330050166730006e-10
1.164641307998740e-01,7.326989005468338e-10
1.166771229922660e-01,7.323934522643022e-10
1.168901151846570e-01,7.320886693553140e-10
1.171031073770490e-01,7.317845493497732e-10
1.173160995694410e-01,7.314810897775881e-10
1.175290917618330e-01,7.311782881686657e-10
1.177420839542250e-01,7.308761420529129e-10
1.179550761466170e-01,7.305746489602365e-10
1.181680683390090e-01,7.302738064205433e-10
1.183810605314010e-01,7.299736119637403e-10
1.185940527237920e-01,7.296740631011490e-10
1.188070449161840e-01,7.293751572696977e-10
1.190200371085760e-01,7.290768918877114e-10
1.192330293009680e-01,7.287792643735140e-10
1.194460214933600e-01,7.284822721454288e-10
1.196590136857520e-01,7.281859126217798e-10
1.198720058781440e-01,7.278901832208904e-10
1.200849980705360e-01,7.275950813610845e-10
1.202979902629270e-01,7.273006044606869e-10
1.205109824553190e-01,7.270067499380186e-10
1.207239746477110e-01,7.267135152971434e-10
1.209369668401030e-01,7.264208983851647e-10
1.211499590324950e-01,7.261288971349660e-10
1.213629512248870e-01,7.258375094794318e-10
1.215759434172790e-01,7.255467333514462e-10
1.217889356096700e-01,7.252565666838949e-10
1.220019278020620e-01,7.249670074096590e-10
1.222149199944540e-01,7.246780534616244e-10
1.224279121868460e-01,7.243897027726751e-10
1.226409043792380e-01,7.241019532756953e-10
1.228538965716300e-01,7.238148028235445e-10
1.230668887640220e-01,7.235282489490040e-10
1.232798809564140e-01,7.232422891048401e-10
1.234928731488050e-01,7.229569207438202e-10
1.237058653411970e-01,7.226721413187087e-10
1.239188575335890e-01,7.223879482822727e-10
1.241318497259810e-01,7.221043390872790e-10
1.243448419183730e-01,7.218213111864937e-10
1.245578341107650e-01,7.215388620326834e-10
1.247708263031570e-01,7.212569890786145e-10
1.249838184955480e-01,7.209756898937276e-10
1.251968106879400e-01,7.206949625139797e-10
1.254098028803320e-01,7.204148050919182e-10
1.256227950727240e-01,7.201352157800886e-10
1.258357872651160e-01,7.198561927310375e-10
1.260487794575080e-01,7.195777340973107e-10
1.262617716499000e-01,7.192998380314542e-10
1.264747638422920e-01,7.190225026860141e-10
1.266877560346830e-01,7.187457262135378e-10
1.269007482270750e-01,7.184695067665686e-10
1.271137404194670e-01,7.181938424549913e-10
1.273267326118590e-01,7.179187312181557e-10
1.275397248042510e-01,7.176441709528065e-10
1.277527169966430e-01,7.173701595556886e-10
1.279657091890350e-01,7.170966949235472e-10
1.281787013814270e-01,7.168237749531273e-10
1.283916935738180e-01,7.165513975411747e-10
1.286046857662100e-01,7.162795605844322e-10
1.288176779586020e-01,7.160082619796458e-10
1.290306701509940e-01,7.157374996235604e-10
1.292436623433860e-01,7.154672714457946e-10
1.294566545357780e-01,7.151975755075144e-10
1.296696467281700e-01,7.149284099027872e-10
1.298826389205610e-01,7.146597727256814e-10
1.300956311129530e-01,7.143916620702622e-10
1.303086233053450e-01,7.141240760305978e-10
1.305216154977370e-01,7.138570127007557e-10
1.307346076901290e-01,7.135904701748031e-10
1.309475998825210e-01,7.133244465468073e-10
1.311605920749130e-01,7.130589399108356e-10
1.313735842673050e-01,7.127939484076617e-10
1.315865764596960e-01,7.125294703649082e-10
1.317995686520880e-01,7.122655041569101e-10
1.320125608444800e-01,7.120020481580069e-10
1.322255530368720e-01,7.117391007425363e-10
1.324385452292640e-01,7.114766602848363e-10
1.326515374216560e-01,7.112147251592450e-10
1.328645296140480e-01,7.109532937401000e-10
1.330775218064400e-01,7.106923644017395e-10
1.332905139988310e-01,7.104319355185024e-10
1.335035061912230e-01,7.101720054109737e-10
1.337164983836150e-01,7.099125721847810e-10
1.339294905760070e-01,7.096536338918214e-10
1.341424827683990e-01,7.093951885839918e-10
1.343554749607910e-01,7.091372343131891e-10
1.345684671531830e-01,7.088797691313105e-10
1.347814593455740e-01,7.086227910902540e-10
1.349944515379660e-01,7.083662982419143e-10
1.352074437303580e-01,7.081102886381895e-10
1.354204359227500e-01,7.078547603309767e-10
1.356334281151420e-01,7.075997114858795e-10
1.358464203075340e-01,7.073451407230995e-10
1.360594124999260e-01,7.070910467764295e-10
1.362724046923180e-01,7.068374283796627e-10
1.364853968847090e-01,7.065842842665938e-10
1.366983890771010e-01,7.063316131710129e-10
1.369113812694930e-01,7.060794138267149e-10
1.371243734618850e-01,7.058276849674925e-10
1.373373656542770e-01,7.055764253271391e-10
1.375503578466690e-01,7.053256336394477e-10
1.377633500390610e-01,7.050753085203700e-10
1.379763422314520e-01,7.048254481142135e-10
1.381893344238440e-01,7.045760504473003e-10
1.384023266162360e-01,7.043271135459567e-10
1.386153188086280e-01,7.040786354365073e-10
1.388283110010200e-01,7.038306141452768e-10
1.390413031934120e-01,7.035830476985901e-10
1.392542953858040e-01,7.033359341227717e-10
1.394672875781960e-01,7.030892714441466e-10
1.396802797705870e-01,7.028430576890406e-10
1.398932719629790e-01,7.025972910316916e-10
1.401062641553710e-01,7.023519702381720e-10
1.403192563477630e-01,7.021070942225521e-10
1.405322485401550e-01,7.018626618989033e-10
1.407452407325470e-01,7.016186721812960e-10
1.409582329249390e-01,7.013751239838011e-10
1.411712251173300e-01,7.011320162204904e-10
1.413842173097220e-01,7.008893478054326e-10
1.415972095021140e-01,7.006471176526997e-10
1.418102016945060e-01,7.004053246763622e-10
1.420231938868980e-01,7.001639677079558e-10
1.422361860792900e-01,6.999230452488825e-10
1.424491782716820e-01,6.996825557180129e-10
1.426621704640740e-01,6.994424975342179e-10
1.428751626564650e-01,6.992028691163688e-10
1.430881548488570e-01,6.989636688833344e-10
1.433011470412490e-01,6.987248952539867e-10
1.435141392336410e-01,6.984865466471957e-10
1.437271314260330e-01,6.982486214818328e-10
1.439401236184250e-01,6.980111181767681e-10
1.441531158108170e-01,6.977740352056650e-10
1.443661080032090e-01,6.975373712612836e-10
1.445791001956000e-01,6.973011250911416e-10
1.447920923879920e-01,6.970652954427526e-10
1.450050845803840e-01,6.968298810636345e-10
1.452180767727760e-01,6.965948807013035e-10
1.454310689651680e-01,6.963602931032755e-10
1.456440611575600e-01,6.961261170170672e-10
1.458570533499520e-01,6.958923511901948e-10
1.460700455423430e-01,6.956589943701756e-10
1.462830377347350e-01,6.954260452741181e-10
1.464960299271270e-01,6.951935024975890e-10
1.467090221195190e-01,6.949613646057872e-10
1.469220143119110e-01,6.947296301639118e-10
1.471350065043030e-01,6.944982977371615e-10
1.473479986966950e-01,6.942673658907355e-10
1.475609908890870e-01,6.940368331898326e-10
1.477739830814780e-01,6.938066981996531e-10
1.479869752738700e-01,6.935769594853933e-10
1.481999674662620e-01,6.933476156122536e-10
1.484129596586540e-01,6.931186652369502e-10
1.486259518510460e-01,6.928901073824360e-10
1.488389440434380e-01,6.926619411632656e-10
1.490519362358300e-01,6.924341656939934e-10
1.492649284282220e-01,6.922067800891735e-10
1.494779206206130e-01,6.919797834633615e-10
1.496909128130050e-01,6.917531749311096e-10
1.499039050053970e-01,6.915269536069732e-10
1.501168971977890e-01,6.913011186055066e-10
1.503298893901810e-01,6.910756690412641e-10
1.505428815825730e-01,6.908506039128226e-10
1.507558737749650e-01,6.906259217547798e-10
1.509688659673560e-01,6.904016209857218e-10
1.511818581597480e-01,6.901777000242317e-10
1.513948503521400e-01,6.899541572888960e-10
1.516078425445320e-01,6.897309911983002e-10
1.518208347369240e-01,6.895082001710293e-10
1.520338269293160e-01,6.892857826256687e-10
1.522468191217080e-01,6.890637369808038e-10
1.524598113141000e-01,6.888420616550197e-10
1.526728035064910e-01,6.886207552013975e-10
1.528857956988830e-01,6.883998167109078e-10
1.530987878912750e-01,6.881792454089761e-10
1.533117800836670e-01,6.879590405210269e-10
1.535247722760590e-01,6.877392012724847e-10
1.537377644684510e-01,6.875197268887739e-10
1.539507566608430e-01,6.873006165953189e-10
1.541637488532340e-01,6.870818696175453e-10
1.543767410456260e-01,6.868634851808756e-10
1.545897332380180e-01,6.866454625107352e-10
1.548027254304100e-01,6.864278007548986e-10
1.550157176228020e-01,6.862104987506869e-10
1.552287098151940e-01,6.859935552578442e-10
1.554417020075860e-01,6.857769690361141e-10
1.556546941999780e-01,6.855607388452405e-10
1.558676863923690e-01,6.853448634449683e-10
1.560806785847610e-01,6.851293415950394e-10
1.562936707771530e-01,6.849141720551985e-10
1.565066629695450e-01,6.846993535851897e-10
1.567196551619370e-01,6.844848849447566e-10
1.569326473543290e-01,6.842707649384972e-10
1.571456395467210e-01,6.840569925505385e-10
1.573586317391130e-01,6.838435668099182e-10
1.575716239315040e-01,6.836304867456746e-10
1.577846161238960e-01,6.834177513868439e-10
1.579976083162880e-01,6.832053597624644e-10
1.582106005086800e-01,6.829933109015739e-10
1.584235927010720e-01,6.827816038332101e-10
1.586365848934640e-01,6.825702375864104e-10
1.588495770858560e-01,6.823592111902128e-10
1.590625692782470e-01,6.821485236772651e-10
1.592755614706390e-01,6.819381740946539e-10
1.594885536630310e-01,6.817281614930804e-10
1.597015458554230e-01,6.815184849232450e-10
1.599145380478150e-01,6.813091434358479e-10
1.601275302402070e-01,6.811001360815895e-10
1.603405224325990e-01,6.808914619111696e-10
1.605535146249910e-01,6.806831199752889e-10
1.607665068173820e-01,6.804751093246487e-10
1.609794990097740e-01,6.802674290099469e-10
1.611924912021660e-01,6.800600780832450e-10
1.614054833945580e-01,6.798530556020434e-10
1.616184755869500e-01,6.796463606252027e-10
1.618314677793420e-01,6.794399922115832e-10
1.620444599717340e-01,6.792339494200456e-10
1.622574521641260e-01,6.790282313094506e-10
1.624704443565170e-01,6.788228369386593e-10
1.626834365489090e-01,6.786177653665307e-10
1.628964287413010e-01,6.784130156519259e-10
1.631094209336930e-01,6.782085868537056e-10
1.633224131260850e-01,6.780044780409560e-10
1.635354053184770e-01,6.778006883236534e-10
1.637483975108690e-01,6.775972168219936e-10
1.639613897032600e-01,6.773940626561735e-10
1.641743818956520e-01,6.771912249463871e-10
1.643873740880440e-01,6.769887028128313e-10
1.646003662804360e-01,6.767864953757021e-10
1.648133584728280e-01,6.765846017551952e-10
1.650263506652200e-01,6.763830210715066e-10
1.652393428576120e-01,6.761817524448323e-10
1.654523350500040e-01,6.759807949910783e-10
1.656653272423950e-01,6.757801478090045e-10
1.658783194347870e-01,6.755798099930826e-10
1.660913116271790e-01,6.753797806377880e-10
1.663043038195710e-01,6.751800588375945e-10
1.665172960119630e-01,6.749806436869763e-10
1.667302882043550e-01,6.747815342804074e-10
1.669432803967470e-01,6.745827297123620e-10
1.671562725891380e-01,6.743842290773149e-10
1.673692647815300e-01,6.741860314697385e-10
1.675822569739220e-01,6.739881359869085e-10
1.677952491663140e-01,6.737905417373083e-10
1.680082413587060e-01,6.735932478322253e-10
1.682212335510980e-01,6.733962533829463e-10
1.684342257434900e-01,6.731995575007586e-10
1.686472179358820e-01,6.730031592969493e-10
1.688602101282730e-01,6.728070578828064e-10
1.690732023206650e-01,6.726112523696150e-10
1.692861945130570e-01,6.724157418686634e-10
1.694991867054490e-01,6.722205254912385e-10
1.697121788978410e-01,6.720256024026094e-10
1.699251710902330e-01,6.718309719840121e-10
1.701381632826250e-01,6.716366336706853e-10
1.703511554750170e-01,6.714425868978672e-10
1.705641476674080e-01,6.712488311007971e-10
1.707771398598000e-01,6.710553657147114e-10
1.709901320521920e-01,6.708621901748498e-10
1.712031242445840e-01,6.706693039164501e-10
1.714161164369760e-01,6.704767063747511e-10
1.716291086293680e-01,6.702843969849907e-10
1.718421008217600e-01,6.700923750976931e-10
1.720550930141510e-01,6.699006397245652e-10
1.722680852065430e-01,6.697091897926176e-10
1.724810773989350e-01,6.695180242288634e-10
1.726940695913270e-01,6.693271419603149e-10
1.729070617837190e-01,6.691365419139844e-10
1.731200539761110e-01,6.689462230168842e-10
1.733330461685030e-01,6.687561841960262e-10
1.735460383608950e-01,6.685664243784231e-10
1.737590305532860e-01,6.683769424910879e-10
1.739720227456780e-01,6.681877375565564e-10
1.741850149380700e-01,6.679988089793049e-10
1.743980071304620e-01,6.678101562592516e-10
1.746109993228540e-01,6.676217788963149e-10
1.748239915152460e-01,6.674336763904138e-10
1.750369837076380e-01,6.672458482414661e-10
1.752499759000290e-01,6.670582939493912e-10
1.754629680924210e-01,6.668710130141061e-10
1.756759602848130e-01,6.666840049355300e-10
1.758889524772050e-01,6.664972692135813e-10
1.761019446695970e-01,6.663108053033633e-10
1.763149368619890e-01,6.661246124805998e-10
1.765279290543810e-01,6.659386899761394e-10
1.767409212467730e-01,6.657530370208308e-10
1.769539134391640e-01,6.655676528455234e-10
1.771669056315560e-01,6.653825366810640e-10
1.773798978239480e-01,6.651976877583023e-10
1.775928900163400e-01,6.650131053080867e-10
1.778058822087320e-01,6.648287885612659e-10
1.780188744011240e-01,6.646447367486886e-10
1.782318665935160e-01,6.644609491141957e-10
1.784448587859070e-01,6.642774249536191e-10
1.786578509782990e-01,6.640941635757888e-10
1.788708431706910e-01,6.639111642895385e-10
1.790838353630830e-01,6.637284264037001e-10
1.792968275554750e-01,6.635459492271064e-10
1.795098197478670e-01,6.633637320685895e-10
1.797228119402590e-01,6.631817742369822e-10
1.799358041326510e-01,6.630000750411163e-10
1.801487963250420e-01,6.628186337898251e-10
1.803617885174340e-01,6.626374497894498e-10
1.805747807098260e-01,6.624565223363731e-10
1.807877729022180e-01,6.622758507244874e-10
1.810007650946100e-01,6.620954342476847e-10
1.812137572870020e-01,6.619152721998569e-10
1.814267494793940e-01,6.617353638748965e-10
1.816397416717860e-01,6.615557085666953e-10
1.818527338641770e-01,6.613763055691465e-10
1.820657260565690e-01,6.611971541761404e-10
1.822787182489610e-01,6.610182536815699e-10
1.824917104413530e-01,6.608396034138003e-10
1.827047026337450e-01,6.606612028390540e-10
1.829176948261370e-01,6.604830514580089e-10
1.831306870185290e-01,6.603051487713425e-10
1.833436792109200e-01,6.601274942797335e-10
1.835566714033120e-01,6.599500874838583e-10
1.837696635957040e-01,6.597729278843950e-10
1.839826557880960e-01,6.595960149820219e-10
1.841956479804880e-01,6.594193482774165e-10
1.844086401728800e-01,6.592429272712566e-10
1.846216323652720e-01,6.590667514277913e-10
1.848346245576640e-01,6.588908200656375e-10
1.850476167500550e-01,6.587151324670256e-10
1.852606089424470e-01,6.585396879141833e-10
1.854736011348390e-01,6.583644856893407e-10
1.856865933272310e-01,6.581895250747273e-10
1.858995855196230e-01,6.580148053525726e-10
1.861125777120150e-01,6.578403258051059e-10
1.863255699044070e-01,6.576660857145568e-10
1.865385620967990e-01,6.574920843631546e-10
1.867515542891900e-01,6.573183210503845e-10
1.869645464815820e-01,6.571447951447854e-10
1.871775386739740e-01,6.569715060321720e-10
1.873905308663660e-01,6.567984530983585e-10
1.876035230587580e-01,6.566256357291585e-10
1.878165152511500e-01,6.564530533103861e-10
1.880295074435420e-01,6.562807052278553e-10
1.882424996359330e-01,6.561085908673808e-10
1.884554918283250e-01,6.559367096147749e-10
1.886684840207170e-01,6.557650608558524e-10
1.888814762131090e-01,6.555936440072795e-10
1.890944684055010e-01,6.554224586091603e-10
1.893074605978930e-01,6.552515042324652e-10
1.895204527902850e-01,6.550807804481645e-10
1.897334449826770e-01,6.549102868272286e-10
1.899464371750680e-01,6.547400229406285e-10
1.901594293674600e-01,6.545699883593331e-10
1.903724215598520e-01,6.544001826543133e-10
1.905854137522440e-01,6.542306053965397e-10
1.907984059446360e-01,6.540612561569826e-10
1.910113981370280e-01,6.538921344657892e-10
1.912243903294200e-01,6.537232396898293e-10
1.914373825218110e-01,6.535545711551572e-10
1.916503747142030e-01,6.533861281878249e-10
1.918633669065950e-01,6.532179101138864e-10
1.920763590989870e-01,6.530499162593956e-10
1.922893512913790e-01,6.528821459504059e-10
1.925023434837710e-01,6.527145985129707e-10
1.927153356761630e-01,6.525472732731437e-10
1.929283278685550e-01,6.523801695569782e-10
1.931413200609460e-01,6.522132867272921e-10
1.933543122533380e-01,6.520466242938961e-10
1.935673044457300e-01,6.518801818033376e-10
1.937802966381220e-01,6.517139588021635e-10
1.939932888305140e-01,6.515479548369204e-10
1.942062810229060e-01,6.513821694541554e-10
1.944192732152980e-01,6.512166022004151e-10
1.946322654076900e-01,6.510512526222462e-10
1.948452576000810e-01,6.508861202661964e-10
1.950582497924730e-01,6.507212046788109e-10
1.952712419848650e-01,6.505565053998757e-10
1.954842341772570e-01,6.503920219421480e-10
1.956972263696490e-01,6.502277538116335e-10
1.959102185620410e-01,6.500637005143373e-10
1.961232107544330e-01,6.498998615562648e-10
1.963362029468240e-01,6.497362364434223e-10
1.965491951392160e-01,6.495728246818132e-10
1.967621873316080e-01,6.494096257774440e-10
1.969751795240000e-01,6.492466392363198e-10
1.971881717163920e-01,6.490838645644460e-10
1.974011639087840e-01,6.489213012426116e-10
1.976141561011760e-01,6.487589486506988e-10
1.978271482935680e-01,6.485968061433531e-10
1.980401404859590e-01,6.484348730752214e-10
1.982531326783510e-01,6.482731488009480e-10
1.984661248707430e-01,6.481116326751791e-10
1.986791170631350e-01,6.479503240525605e-10
1.988921092555270e-01,6.477892222877381e-10
1.991051014479190e-01,6.476283267353576e-10
1.993180936403110e-01,6.474676367500647e-10
1.995310858327020e-01,6.473071517557833e-10
1.997440780250940e-01,6.471468714535694e-10
1.999570702174860e-01,6.469867956137709e-10
2.001700624098780e-01,6.468269240067347e-10
2.003830546022700e-01,6.466672564028085e-10
2.005960467946620e-01,6.465077925723391e-10
2.008090389870540e-01,6.463485322856741e-10
2.010220311794460e-01,6.461894753131604e-10
2.012350233718370e-01,6.460306214251459e-10
2.014480155642290e-01,6.458719703919765e-10
2.016610077566210e-01,6.457135219150193e-10
2.018739999490130e-01,6.455552754197780e-10
2.020869921414050e-01,6.453972302628059e-10
2.022999843337970e-01,6.452393858006560e-10
2.025129765261890e-01,6.450817413898817e-10
2.027259687185810e-01,6.449242963870362e-10
2.029389609109720e-01,6.447670501486733e-10
2.031519531033640e-01,6.446100020313448e-10
2.033649452957560e-01,6.444531513916047e-10
2.035779374881480e-01,6.442964975860061e-10
2.037909296805400e-01,6.441400400144070e-10
2.040039218729320e-01,6.439837782497924e-10
2.042169140653240e-01,6.438277119084067e-10
2.044299062577150e-01,6.436718406064947e-10
2.046428984501070e-01,6.435161639602989e-10
2.048558906424990e-01,6.433606815860645e-10
2.050688828348910e-01,6.432053931000354e-10
2.052818750272830e-01,6.430502981184560e-10
2.054948672196750e-01,6.428953962575702e-10
2.057078594120670e-01,6.427406871336223e-10
2.059208516044590e-01,6.425861703599119e-10
2.061338437968500e-01,6.424318455379537e-10
2.063468359892420e-01,6.422777122663126e-10
2.065598281816340e-01,6.421237701435552e-10
2.067728203740260e-01,6.419700187682477e-10
2.069858125664180e-01,6.418164577389563e-10
2.071988047588100e-01,6.416630866542472e-10
2.074117969512020e-01,6.415099051126864e-10
2.076247891435940e-01,6.413569127128402e-10
2.078377813359850e-01,6.412041090532753e-10
2.080507735283770e-01,6.410514937034872e-10
2.082637657207690e-01,6.408990661166658e-10
2.084767579131610e-01,6.407468257169161e-10
2.086897501055530e-01,6.405947719283428e-10
2.089027422979450e-01,6.404429041750507e-10
2.091157344903370e-01,6.402912218811447e-10
2.093287266827280e-01,6.401397244707299e-10
2.095417188751200e-01,6.399884113679101e-10
2.097547110675120e-01,6.398372819967904e-10
2.099677032599040e-01,6.396863357814760e-10
2.101806954522960e-01,6.395355722565084e-10
2.103936876446880e-01,6.393849913981582e-10
2.106066798370800e-01,6.392345932931220e-10
2.108196720294720e-01,6.390843780280974e-10
2.110326642218630e-01,6.389343456897821e-10
2.112456564142550e-01,6.387844963648718e-10
2.114586486066470e-01,6.386348301400644e-10
2.116716407990390e-01,6.384853471020571e-10
2.118846329914310e-01,6.383360473375468e-10
2.120976251838230e-01,6.381869309332309e-10
2.123106173762150e-01,6.380379976426377e-10
2.125236095686060e-01,6.378892458870941e-10
2.127366017609980e-01,6.377406737549925e-10
2.129495939533900e-01,6.375922793347272e-10
2.131625861457820e-01,6.374440607146919e-10
2.133755783381740e-01,6.372960159832803e-10
2.135885705305660e-01,6.371481432288864e-10
2.138015627229580e-01,6.370004405399036e-10
2.140145549153500e-01,6.368529060047257e-10
2.142275471077410e-01,6.367055377117472e-10
2.144405393001330e-01,6.365583348613642e-10
2.146535314925250e-01,6.364113010990402e-10
2.148665236849170e-01,6.362644411807673e-10
2.150795158773090e-01,6.361177598625375e-10
2.152925080697010e-01,6.359712619003428e-10
2.155055002620930e-01,6.358249520501751e-10
2.157184924544850e-01,6.356788350680266e-10
2.159314846468760e-01,6.355329157098897e-10
2.161444768392680e-01,6.353871987317556e-10
2.163574690316600e-01,6.352416888896165e-10
2.165704612240520e-01,6.350963870079146e-10
2.167834534164440e-01,6.349512781780318e-10
2.169964456088360e-01,6.348063435563688e-10
2.172094378012280e-01,6.346615642993260e-10
2.174224299936190e-01,6.345169215633048e-10
2.176354221860110e-01,6.343723965047045e-10
2.178484143784030e-01,6.342279702799262e-10
2.180614065707950e-01,6.340836240453708e-10
2.182743987631870e-01,6.339393389574388e-10
2.184873909555790e-01,6.337950961725306e-10
2.187003831479710e-01,6.336508913635675e-10
2.189133753403630e-01,6.335067782769506e-10
2.191263675327540e-01,6.333628251793004e-10
2.193393597251460e-01,6.332191003372366e-10
2.195523519175380e-01,6.330756720173801e-10
2.197653441099300e-01,6.329326084863509e-10
2.199783363023220e-01,6.327899780107700e-10
2.201913284947140e-01,6.326478488572573e-10
2.204043206871060e-01,6.325062892924336e-10
2.206173128794970e-01,6.323653675829196e-10
2.208303050718890e-01,6.322250978294713e-10
2.210432972642810e-01,6.320852775086933e-10
2.212562894566730e-01,6.319456499509754e-10
2.214692816490650e-01,6.318059584867068e-10
2.216822738414570e-01,6.316659464462772e-10
2.218952660338490e-01,6.315253571600760e-10
2.221082582262410e-01,6.313839339584926e-10
2.223212504186320e-01,6.312414201719173e-10
2.225342426110240e-01,6.310975591307381e-10
2.227472348034160e-01,6.309520941653455e-10
2.229602269958080e-01,6.308049708977523e-10
2.231732191882000e-01,6.306569437199055e-10
2.233862113805920e-01,6.305089691171431e-10
2.235992035729840e-01,6.303620035748033e-10
2.238121957653760e-01,6.302170035782239e-10
2.240251879577670e-01,6.300749256127442e-10
2.242381801501590e-01,6.299367261637006e-10
2.244511723425510e-01,6.298033617164320e-10
2.246641645349430e-01,6.296757887562767e-10
2.248771567273350e-01,6.295549637685725e-10
2.250901489197270e-01,6.294410891131898e-10
2.253031411121190e-01,6.293313488090199e-10
2.255161333045100e-01,6.292221718296521e-10
2.257291254969020e-01,6.291099871486749e-10
2.259421176892940e-01,6.289912237396775e-10
2.261551098816860e-01,6.288623105762492e-10
2.263681020740780e-01,6.287196766319788e-10
2.265810942664700e-01,6.285597508804559e-10
2.267940864588620e-01,6.283789622952692e-10
2.270070786512540e-01,6.281737398500078e-10
2.272200708436450e-01,6.279433276324211e-10
2.274330630360370e-01,6.276982335733910e-10
2.276460552284290e-01,6.274517824114676e-10
2.278590474208210e-01,6.272172988851995e-10
2.280720396132130e-01,6.270081077331351e-10
2.282850318056050e-01,6.268375336938234e-10
2.284980239979970e-01,6.267189015058130e-10
2.287110161903880e-01,6.266655359076526e-10
2.289240083827800e-01,6.266907616378903e-10
2.291370005751720e-01,6.268079034350754e-10
2.293499927675640e-01,6.270197769753615e-10
2.295629849599560e-01,6.272871620258695e-10
2.297759771523480e-01,6.275603294615990e-10
2.299889693447400e-01,6.277895501575489e-10
2.302019615371320e-01,6.279250949887184e-10
2.304149537295230e-01,6.279172348301071e-10
2.306279459219150e-01,6.277162405567143e-10
2.308409381143070e-01,6.272723830435389e-10
2.310539303066990e-01,6.265359331655800e-10
2.312669224990910e-01,6.254571617978369e-10
2.314799146914830e-01,6.240255720776670e-10
2.316929068838750e-01,6.223875464688885e-10
2.319058990762670e-01,6.207286748401326e-10
2.321188912686580e-01,6.192345470600348e-10
2.323318834610500e-01,6.180907529972110e-10
2.325448756534420e-01,6.174828825202984e-10
2.327578678458340e-01,6.175965254979270e-10
2.329708600382260e-01,6.186172717987273e-10
2.331838522306180e-01,6.207307112913289e-10
2.333968444230100e-01,6.241224338443608e-10
2.336098366154010e-01,6.288315747532336e-10
2.338228288077930e-01,6.343118174519862e-10
2.340358210001850e-01,6.398705739597663e-10
2.342488131925770e-01,6.448152562957441e-10
2.344618053849690e-01,6.484532764790853e-10
2.346747975773610e-01,6.500920465289596e-10
2.348877897697530e-01,6.490389784645351e-10
2.351007819621450e-01,6.446014843049787e-10
2.353137741545360e-01,6.360869760695124e-10
2.355267663469280e-01,6.228028657772231e-10
2.357397585393200e-01,6.043559510631470e-10
2.359527507317120e-01,5.815511398004783e-10
2.361657429241040e-01,5.554930094329654e-10
2.363787351164960e-01,5.272861374043416e-10
2.365917273088880e-01,4.980351011583692e-10
2.368047195012800e-01,4.688444781387850e-10
2.370177116936710e-01,4.408188457894545e-10
2.372307038860630e-01,4.150627815538691e-10
2.374436960784550e-01,3.926808628758989e-10
2.376566882708470e-01,3.747776671992935e-10
2.378696804632390e-01,3.621560402986527e-10
2.380826726556310e-01,3.544117018647245e-10
2.382956648480230e-01,3.508385402072377e-10
2.385086570404140e-01,3.507304436359184e-10
2.387216492328060e-01,3.533813004604990e-10
2.389346414251980e-01,3.580849989907189e-10
2.391476336175900e-01,3.641354275363091e-10
2.393606258099820e-01,3.708264744069995e-10
2.395736180023740e-01,3.774520279125230e-10
2.397866101947660e-01,3.833059763626099e-10
2.399996023871580e-01,3.878314099066940e-10
2.402125945795490e-01,3.910681403614931e-10
2.404255867719410e-01,3.932051385407891e-10
2.406385789643330e-01,3.944313752583155e-10
2.408515711567250e-01,3.949358213278242e-10
2.410645633491170e-01,3.949074475630668e-10
2.412775555415090e-01,3.945352247777952e-10
2.414905477339010e-01,3.940081237857611e-10
2.417035399262920e-01,3.935151154007181e-10
2.419165321186840e-01,3.932451704364127e-10
2.421295243110760e-01,3.933472669324803e-10
2.423425165034680e-01,3.938104841854209e-10
2.425555086958600e-01,3.945839448861060e-10
2.427685008882520e-01,3.956167717254068e-10
2.429814930806440e-01,3.968580873941951e-10
2.431944852730360e-01,3.982570145833421e-10
2.434074774654270e-01,3.997626759837121e-10
2.436204696578190e-01,4.013241942861906e-10
2.438334618502110e-01,4.028906921816427e-10
2.440464540426030e-01,4.044112923609396e-10
2.442594462349950e-01,4.058458195044339e-10
2.444724384273870e-01,4.071969339694385e-10
2.446854306197790e-01,4.084780119667494e-10
2.448984228121710e-01,4.097024297071645e-10
2.451114150045620e-01,4.108835634014750e-10
2.453244071969540e-01,4.120347892604891e-10
2.455373993893460e-01,4.131694834949983e-10
2.457503915817380e-01,4.143010223157998e-10
2.459633837741300e-01,4.154427819336905e-10
2.461763759665220e-01,4.166081385594677e-10
2.463893681589140e-01,4.178075985816750e-10
2.466023603513050e-01,4.190401852133026e-10
2.468153525436970e-01,4.203020499015069e-10
2.470283447360890e-01,4.215893440934282e-10
2.472413369284810e-01,4.228982192362115e-10
2.474543291208730e-01,4.242248267770025e-10
2.476673213132650e-01,4.255653181629463e-10
2.478803135056570e-01,4.269158448411887e-10
2.480933056980490e-01,4.282725582588750e-10
2.483062978904400e-01,4.296316098631441e-10
2.485192900828320e-01,4.309899196809720e-10
2.487322822752240e-01,4.323474821499349e-10
2.489452744676160e-01,4.337050603331078e-10
2.491582666600080e-01,4.350634172935668e-10
2.493712588524000e-01,4.364233160943870e-10
2.495842510447920e-01,4.377855197986439e-10
2.497972432371830e-01,4.391507914694065e-10
2.500102354295750e-01,4.405198941697632e-10
2.502232276219670e-01,4.418935909627829e-10
2.504362198143590e-01,4.432726449115410e-10
2.506492120067510e-01,4.446576131712534e-10
2.508622041991430e-01,4.460482294955277e-10
2.510751963915350e-01,4.474440218450117e-10
2.512881885839270e-01,4.488445181803529e-10
2.515011807763180e-01,4.502492464621929e-10
2.517141729687100e-01,4.516577346511926e-10
2.519271651611020e-01,4.530695107079928e-10
2.521401573534940e-01,4.544841025932418e-10
2.523531495458860e-01,4.559010382675871e-10
2.525661417382780e-01,4.573198456916764e-10
2.527791339306700e-01,4.587401086075341e-10
2.529921261230620e-01,4.601616337515577e-10
2.532051183154530e-01,4.615842835759672e-10
2.534181105078450e-01,4.630079205330022e-10
2.536311027002370e-01,4.644324070748822e-10
2.538440948926290e-01,4.658576056538346e-10
2.540570870850210e-01,4.672833787220858e-10
2.542700792774130e-01,4.687095887318619e-10
2.544830714698050e-01,4.701360981353890e-10
2.546960636621960e-01,4.715627693848881e-10
2.549090558545880e-01,4.729894512540247e-10
2.551220480469800e-01,4.744159377741393e-10
2.553350402393720e-01,4.758420092839958e-10
2.555480324317640e-01,4.772674461223589e-10
2.557610246241560e-01,4.786920286279926e-10
2.559740168165480e-01,4.801155371396611e-10
2.561870090089400e-01,4.815377519961285e-10
2.564000012013310e-01,4.829584535361526e-10
2.566129933937230e-01,4.843774220985111e-10
2.568259855861150e-01,4.857944380219611e-10
2.570389777785070e-01,4.872092869707618e-10
2.572519699708990e-01,4.886217759154793e-10
2.574649621632910e-01,4.900317171543369e-10
2.576779543556830e-01,4.914389229855573e-10
2.578909465480740e-01,4.928432057073571e-10
2.581039387404660e-01,4.942443776179736e-10
2.583169309328580e-01,4.956422510156231e-10
2.585299231252500e-01,4.970366381985289e-10
2.587429153176420e-01,4.984273514649141e-10
2.589559075100340e-01,4.998142031130026e-10
2.591688997024260e-01,5.011970062041241e-10
2.593818918948180e-01,5.025755768517125e-10
2.595948840872090e-01,5.039497319321416e-10
2.598078762796010e-01,5.053192883218035e-10
2.600208684719930e-01,5.066840628970715e-10
2.602338606643850e-01,5.080438725343243e-10
2.604468528567770e-01,5.093985341099425e-10
2.606598450491690e-01,5.107478645003054e-10
2.608728372415610e-01,5.120916805817925e-10
2.610858294339530e-01,5.134297992307825e-10
2.612988216263440e-01,5.147620397218175e-10
2.615118138187360e-01,5.160882309181492e-10
2.617248060111280e-01,5.174082040791914e-10
2.619377982035200e-01,5.187217904643633e-10
2.621507903959120e-01,5.200288213330860e-10
2.623637825883040e-01,5.213291279447783e-10
2.625767747806960e-01,5.226225415588603e-10
2.627897669730870e-01,5.239088934347454e-10
2.630027591654790e-01,5.251880148318663e-10
2.632157513578710e-01,5.264597370096361e-10
2.634287435502630e-01,5.277238934485553e-10
2.636417357426550e-01,5.289803265195346e-10
2.638547279350470e-01,5.302288808176113e-10
2.640677201274390e-01,5.314694009378219e-10
2.642807123198310e-01,5.327017314752033e-10
2.644937045122220e-01,5.339257170247865e-10
2.647066967046140e-01,5.351412021816206e-10
2.649196888970060e-01,5.363480315407359e-10
2.651326810893980e-01,5.375460496971695e-10
2.653456732817900e-01,5.387351012459580e-10
2.655586654741820e-01,5.399150336259592e-10
2.657716576665740e-01,5.410857056555910e-10
2.659846498589660e-01,5.422469789992334e-10
2.661976420513570e-01,5.433987153212608e-10
2.664106342437490e-01,5.445407762860641e-10
2.666236264361410e-01,5.456730235580179e-10
2.668366186285330e-01,5.467953188015017e-10
2.670496108209250e-01,5.479075236808957e-10
2.672626030133170e-01,5.490094998605797e-10
2.674755952057090e-01,5.501011090049338e-10
2.676885873981000e-01,5.511822149432690e-10
2.679015795904920e-01,5.522526901652448e-10
2.681145717828840e-01,5.533124093257340e-10
2.683275639752760e-01,5.543612470796143e-10
2.685405561676680e-01,5.553990780817634e-10
2.687535483600600e-01,5.564257769870600e-10
2.689665405524520e-01,5.574412184503817e-10
2.691795327448440e-01,5.584452771266063e-10
2.693925249372350e-01,5.594378276706070e-10
2.696055171296270e-01,5.604187447372714e-10
2.698185093220190e-01,5.613879080355347e-10
2.700315015144110e-01,5.623452174857079e-10
2.702444937068030e-01,5.632905780597260e-10
2.704574858991950e-01,5.642238947295241e-10
2.706704780915870e-01,5.651450724670370e-10
2.708834702839780e-01,5.660540162441956e-10
2.710964624763700e-01,5.669506310329427e-10
2.713094546687620e-01,5.678348218052099e-10
2.715224468611540e-01,5.687064935329316e-10
2.717354390535460e-01,5.695655511880431e-10
2.719484312459380e-01,5.704118949719730e-10
2.721614234383300e-01,5.712454060146223e-10
2.723744156307220e-01,5.720659606806305e-10
2.725874078231130e-01,5.728734353346340e-10
2.728004000155050e-01,5.736677063412798e-10
2.730133922078970e-01,5.744486500652045e-10
2.732263844002890e-01,5.752161428710476e-10
2.734393765926810e-01,5.759700611234493e-10
2.736523687850730e-01,5.767102811870492e-10
2.738653609774650e-01,5.774366794264876e-10
2.740783531698570e-01,5.781491644146298e-10
2.742913453622480e-01,5.788477736280715e-10
2.745043375546400e-01,5.795325767870692e-10
2.747173297470320e-01,5.802036436118687e-10
2.749303219394240e-01,5.808610438227201e-10
2.751433141318160e-01,5.815048471398724e-10
2.753563063242080e-01,5.821351232835756e-10
2.755692985166000e-01,5.827519419740793e-10
2.757822907089910e-01,5.833553729316301e-10
2.759952829013830e-01,5.839454858764831e-10
2.762082750937750e-01,5.845222449675399e-10
2.764212672861670e-01,5.850851920166180e-10
2.766342594785590e-01,5.856337632233319e-10
2.768472516709510e-01,5.861673947872959e-10
2.770602438633430e-01,5.866855229081249e-10
2.772732360557350e-01,5.871875837854329e-10
2.774862282481260e-01,5.876730136188321e-10
2.776992204405180e-01,5.881412486079416e-10
2.779122126329100e-01,5.885917249523734e-10
2.781252048253020e-01,5.890238788517420e-10
2.783381970176940e-01,5.894375552739579e-10
2.785511892100860e-01,5.898342341489926e-10
